9.010715551936505641e-01 8.986782246521900497e-01
7.321300947002146176e-01 7.323112467745315213e-01
7.785766709198315150e-01 7.812305049667248591e-01
8.680863967046690277e-01 9.827612614649533507e-01
9.937445921290937179e-01 1.075836890473399254e+00
1.101806621395919894e+00 1.291690957138243334e+00
1.279514189483203612e+00 1.421785537296784252e+00
1.404904856070575025e+00 1.532141524236480645e+00
1.552811848610511580e+00 1.644539181585024101e+00
1.702014162893129567e+00 1.760749519286275211e+00
1.838043914820346458e+00 1.866372448764301417e+00
1.953045128546040177e+00 1.978924459087133325e+00
2.079404331076882162e+00 2.068474351857595206e+00
2.188136258230809261e+00 2.176092789698088836e+00
2.298613751183581577e+00 2.320923492183958103e+00
2.399698948726185055e+00 2.442493459534862854e+00
2.555202041777112854e+00 2.505683381234334650e+00
2.610204321476392142e+00 2.671565426394092224e+00
2.785214275532370554e+00 2.719690462414383170e+00
2.896445462710730112e+00 2.827962556148322815e+00
3.017260430640912094e+00 2.946116251038185307e+00
3.137676967231052050e+00 3.047743979483352295e+00
3.156475718648380280e+00 3.252098907446979936e+00
3.304291534623041926e+00 3.371763984413413517e+00
3.492955155907333964e+00 3.397269499663793102e+00
3.613357293811113813e+00 3.518135597927783298e+00
3.735609571004006479e+00 3.642590824718971110e+00
3.755742643771927902e+00 3.852296087655973089e+00
3.873444430853544063e+00 3.968823417700000356e+00
4.095960347607874752e+00 4.013508908904319661e+00
4.208785454520330482e+00 4.120361521290634599e+00
4.331191654440293526e+00 4.227896594451221901e+00
4.460571439716959574e+00 4.383117957227626427e+00
4.572603277694194723e+00 4.479229106715572506e+00
4.698647244486803487e+00 4.592224587347821796e+00
4.830017944344117353e+00 4.704973593082499406e+00
4.952479420045587055e+00 4.858299375806971909e+00
5.084193666981550841e+00 4.994701521416242684e+00
5.220323675187644952e+00 5.080695915368581339e+00
5.339505482867204833e+00 5.201560656249108128e+00
5.475410469601576402e+00 5.330322909846578305e+00
5.587872069674155284e+00 5.462236933526428473e+00
5.727433882862466241e+00 5.590979574807949604e+00
5.835332335758344868e+00 5.723240446548023108e+00
5.965186349497201057e+00 5.836938856251247643e+00
6.096410100923217001e+00 5.971570881189401270e+00
6.213252846632641102e+00 6.101593314598379614e+00
6.336376570846894651e+00 6.206882241052074534e+00
6.465400798699150187e+00 6.333821935835965533e+00
6.584119707249364239e+00 6.473590551876188925e+00
6.709935324191285133e+00 6.594871259739382374e+00
6.832189529018013019e+00 6.737201934507223378e+00
6.951176346390524508e+00 6.848874753182054853e+00
7.075024820607608511e+00 6.953425422205809170e+00
7.194226891932522960e+00 7.076122531580685049e+00
7.196616413055105355e+00 7.277970365885166437e+00
7.308380865376436830e+00 7.392451121088385868e+00
7.544254747458881916e+00 7.446547974699875283e+00
7.661784744759462917e+00 7.574800016497092336e+00
7.782749268273852827e+00 7.702773374341377988e+00
7.902783788679098365e+00 7.836926455955740778e+00
8.036351380526443933e+00 7.931962230462803909e+00
8.150682022557834472e+00 8.061827156557454188e+00
8.284082613694165431e+00 8.127530847809087078e+00
8.410237010074485653e+00 8.293637353537722134e+00
8.531074876063135193e+00 8.476484162152853941e+00
8.658398372132937837e+00 8.556935306677273090e+00
8.795013553859771349e+00 8.665019179448044895e+00
8.932296494561557054e+00 8.824186329177203802e+00
9.051457400246260221e+00 8.928498834643939119e+00
9.174577065398983322e+00 9.049441145042139922e+00
9.318944200326395588e+00 9.171617044638185945e+00
9.435297320225336293e+00 9.344541232143093623e+00
9.560775057883867944e+00 9.437758733294696611e+00
9.693817003947053479e+00 9.533265034873371846e+00
9.817613474185696631e+00 9.689495733138366873e+00
9.956032390717327374e+00 9.789116165695137539e+00
1.008824253273853344e+01 9.911309828026123370e+00
1.019783462043493927e+01 1.000424088782255438e+01
1.032240665955954917e+01 1.020465143939966168e+01
1.046200882913308838e+01 1.030080304758449650e+01
1.059133927935845065e+01 1.044092411553229027e+01
1.070985589089799994e+01 1.050049381704583062e+01
1.083222228931739473e+01 1.064821161745910594e+01
1.097912536705960740e+01 1.080978717149187673e+01
1.109790689586727019e+01 1.099003651342484389e+01
1.122102359387103121e+01 1.107375724942470718e+01
1.134470920243504999e+01 1.123635224667260424e+01
1.149961245569297574e+01 1.134502470304718535e+01
1.160745933962000898e+01 1.140004542810380350e+01
1.174126221704246831e+01 1.159296579589451959e+01
1.184950946373330893e+01 1.169525936108087194e+01
1.198035097304616947e+01 1.180977804659774932e+01
1.212284031963062958e+01 1.201136521725795880e+01
1.223782486474262043e+01 1.202356078387902372e+01
1.236586740642823834e+01 1.219344350378996111e+01
1.250773834450052036e+01 1.229184260368922388e+01
1.262409191795783237e+01 1.246444946762004591e+01
1.277574962541366688e+01 1.262443921298577010e+01
1.285825102179341073e+01 1.276033896930571387e+01
1.301435705626080619e+01 1.286405842639825536e+01
