0.000000000000000000e+00 0.000000000000000000e+00
4.968632255447198720e-03 0.000000000000000000e+00
6.068426816436568727e-02 3.573791098741995742e-01
1.892649694118352155e+00 2.020842866272039018e+00
1.874576916384125047e+00 1.901735187563994067e+00
1.957162780356342502e+00 1.968929401679696545e+00
2.019756949480837616e+00 2.091058395074208764e+00
2.102846962289304678e+00 2.363975256789305757e+00
2.321364611264732147e+00 2.553825794113895320e+00
2.539958725656659144e+00 2.686958178383897611e+00
2.716976187537507581e+00 2.806663802379039563e+00
2.878500642499121298e+00 2.939689728355896925e+00
3.032206375774568752e+00 3.093520583931738788e+00
3.144476176114993748e+00 3.245461655909979370e+00
3.284063877943024234e+00 3.403528579876486937e+00
3.404942431760080712e+00 3.550195784832768098e+00
3.546853303407862423e+00 3.688080627456022054e+00
3.667570169355663268e+00 3.831390619966671185e+00
3.940193806488390571e+00 3.810295013311186807e+00
3.955532452124022047e+00 4.109266437544946804e+00
4.089986534391293560e+00 4.270360629726285495e+00
4.241574904672614998e+00 4.417273966078546721e+00
4.394723518978568499e+00 4.569081096477016324e+00
4.561754588040686897e+00 4.716514589580371286e+00
4.719948107832166784e+00 4.867745661908515764e+00
4.887166854277379180e+00 5.002072132073052124e+00
4.999014939929161017e+00 5.139722960152022679e+00
5.151187264223724860e+00 5.286403910244198201e+00
5.276279755395014703e+00 5.430215867018570286e+00
5.435856846151057908e+00 5.563385666706203381e+00
5.545263149963203020e+00 5.703104458778855523e+00
5.832442752596241675e+00 5.672958952002649546e+00
5.968493182448336931e+00 5.825761995454347364e+00
5.964174273253894931e+00 6.109583032017372517e+00
6.247091084468325839e+00 6.103863952510427460e+00
6.255018130945277477e+00 6.384670099187445658e+00
6.530425092359402939e+00 6.379076654676070213e+00
6.686593626775824362e+00 6.527050192834786380e+00
6.671650237316094412e+00 6.819703639623015512e+00
6.973161087959170779e+00 6.817079744479046965e+00
7.123517367231945840e+00 6.956579120639569958e+00
7.259586014011023991e+00 7.103160723163232326e+00
7.402622899604199169e+00 7.266201878698703709e+00
7.547078613817129522e+00 7.364048726889036445e+00
7.700405039045270961e+00 7.556172006237240169e+00
7.838407846449295668e+00 7.684005524796098108e+00
7.833612851728982918e+00 7.962042060933526066e+00
8.125172872521826406e+00 7.983665176713088840e+00
8.264386063824010975e+00 8.140751537952731098e+00
8.409146544222123154e+00 8.285080546430297233e+00
8.548045282706453918e+00 8.433036357817394801e+00
8.701465736730844114e+00 8.593761878016803024e+00
8.844187601870713067e+00 8.735190951310126906e+00
8.987175568332014919e+00 8.866389626467960028e+00
9.133796813957967942e+00 9.037073909607601152e+00
9.283629955599483452e+00 9.167378311730328022e+00
9.428771565607936722e+00 9.341085084538969241e+00
9.585789897132446669e+00 9.506911423655241222e+00
9.725325230738096849e+00 9.620799081028710731e+00
9.870927016798260567e+00 9.807838753675365950e+00
1.002006670730541238e+01 9.915424342005987768e+00
1.017076320376155252e+01 1.007524097035903132e+01
1.032554941960908579e+01 1.021875095059115068e+01
1.048186351332260990e+01 1.040055591819769099e+01
1.063064445153054649e+01 1.056686714563818441e+01
1.079018734353597608e+01 1.062632486238811502e+01
1.093818723839215146e+01 1.076003531407311442e+01
1.108964525794220179e+01 1.094573312299240087e+01
1.111284020676813356e+01 1.118920274834151840e+01
1.138038024527176972e+01 1.126821860501009454e+01
1.151658772870595548e+01 1.143706176381914652e+01
1.167975752980181881e+01 1.156715160915699059e+01
1.183179686545559406e+01 1.175060255780534924e+01
1.197745407024993902e+01 1.185144420383148400e+01
1.212181052178832452e+01 1.196648219147395054e+01
1.227950594505809967e+01 1.215482597297608613e+01
1.242840777326155788e+01 1.232244706028008174e+01
1.259009849740021636e+01 1.244361461141539493e+01
1.274729644804920348e+01 1.263735565346455658e+01
1.289643437397969805e+01 1.275537171871351738e+01
1.305609836885466102e+01 1.291043098933098854e+01
1.321783853634432937e+01 1.308565679854694253e+01
1.336501112950453951e+01 1.323669989947066128e+01
1.353116044944372831e+01 1.338219210588317765e+01
1.367918450852140211e+01 1.356075896114488621e+01
1.383978476256340784e+01 1.372045870583727378e+01
1.399295492946558106e+01 1.384606002385654655e+01
1.415716689441466158e+01 1.395216932764691897e+01
1.431337679652650507e+01 1.409329495294697310e+01
1.447697352283964456e+01 1.434141562913633905e+01
1.462469146285928723e+01 1.445594437551690170e+01
1.477861316583151030e+01 1.458286926050356769e+01
1.493432584582330414e+01 1.473957679302415968e+01
1.508919844251963482e+01 1.484553151415048333e+01
1.524814556287231682e+01 1.506911549158834163e+01
1.539800140499604986e+01 1.520507154021292173e+01
1.556221389979816294e+01 1.532332277827116762e+01
1.571287712418789972e+01 1.546556265353864923e+01
1.587069337174849792e+01 1.565146248396562534e+01
1.602221768468200480e+01 1.582033864080444019e+01
1.618038126987421066e+01 1.601471264418335849e+01
