0.000000000000000000e+00 0.000000000000000000e+00
0.000000000000000000e+00 0.000000000000000000e+00
0.000000000000000000e+00 0.000000000000000000e+00
0.000000000000000000e+00 0.000000000000000000e+00
0.000000000000000000e+00 0.000000000000000000e+00
0.000000000000000000e+00 0.000000000000000000e+00
0.000000000000000000e+00 0.000000000000000000e+00
0.000000000000000000e+00 0.000000000000000000e+00
0.000000000000000000e+00 0.000000000000000000e+00
0.000000000000000000e+00 0.000000000000000000e+00
0.000000000000000000e+00 0.000000000000000000e+00
0.000000000000000000e+00 0.000000000000000000e+00
0.000000000000000000e+00 0.000000000000000000e+00
0.000000000000000000e+00 0.000000000000000000e+00
0.000000000000000000e+00 0.000000000000000000e+00
2.462976104131695820e-01 4.912630298583678723e+00
2.371339686579794659e+00 6.490547808620021009e+00
6.350479767735690118e+00 6.555531391695438082e+00
6.383231308389052394e+00 6.748294620877270056e+00
6.855676558672667120e+00 6.858192049875005303e+00
6.969245753348356054e+00 6.969262602556676178e+00
7.078222862434434326e+00 7.078198027550016924e+00
7.195229717441620210e+00 7.192890308999064786e+00
7.344232268647437500e+00 7.385773776342306363e+00
7.463075905211037586e+00 7.716536576355436772e+00
7.735021822511201073e+00 7.934653134418998555e+00
7.974459646399864710e+00 8.150819319376603644e+00
8.235865534626704232e+00 8.368759047435814225e+00
8.454520034092773528e+00 8.603524009251849236e+00
8.604358091832454036e+00 8.846319059213813674e+00
8.794748659278790015e+00 9.077541402517919522e+00
9.034872058814972462e+00 9.276112635459099920e+00
9.302993958207348868e+00 9.487303710058160533e+00
9.558027589774999555e+00 9.684414444352038132e+00
9.783442251495994668e+00 9.895154055148237759e+00
9.987606539960056651e+00 1.008852806677062652e+01
1.019508051332272736e+01 1.027636630563305431e+01
1.039531213847207880e+01 1.046738375132032139e+01
1.056833873821534198e+01 1.066412333132368495e+01
1.077274697594145003e+01 1.085633829245503357e+01
1.095676577907399007e+01 1.102248575025741140e+01
1.119039109958267275e+01 1.111669133085739780e+01
1.129053176469522057e+01 1.140209745611973879e+01
1.146311494482977622e+01 1.159304056703762953e+01
1.169173071441700351e+01 1.177652196797166795e+01
1.196035915742810474e+01 1.185883745803491252e+01
1.214233075059308398e+01 1.202140481569667507e+01
1.233397823170184893e+01 1.215962752287618542e+01
1.251794001367670539e+01 1.239586754064254670e+01
1.270483667779840431e+01 1.259817871477491913e+01
1.276857573687505010e+01 1.290098831651089917e+01
1.309136029235619247e+01 1.294701176307066959e+01
1.327673412170313583e+01 1.320508766749803264e+01
1.348369206180771585e+01 1.334355936763164152e+01
1.368025206056567811e+01 1.357454427096957161e+01
1.389728496540783276e+01 1.372802275087301815e+01
1.409736185815791032e+01 1.395381467704581091e+01
1.429734009211228063e+01 1.417724008600775498e+01
1.449259055550241726e+01 1.435962046305759188e+01
1.458508100392662143e+01 1.468318371406021861e+01
1.490965786734858334e+01 1.479789008617969337e+01
1.494894328632296876e+01 1.509488335163507422e+01
1.531850477663624943e+01 1.512376106356874139e+01
1.538623740288017672e+01 1.549083637268007507e+01
1.571526937633022314e+01 1.557369533552309271e+01
1.594367010784166894e+01 1.577752359271443616e+01
1.615958832283545021e+01 1.598536141997690763e+01
1.637057043882977680e+01 1.614169349291550404e+01
1.658689546898462908e+01 1.638197684289428224e+01
1.679729214222010114e+01 1.660913782028993424e+01
1.701141694561203010e+01 1.685732276976798616e+01
1.702202116693833744e+01 1.717210000318626584e+01
1.740119506699139507e+01 1.724561892046275347e+01
1.761213918801325207e+01 1.743089473029092318e+01
1.780664188731377351e+01 1.767121943654296246e+01
1.801796075378933537e+01 1.792968112147596926e+01
1.823752543011346461e+01 1.809303918125829114e+01
1.844446825615209207e+01 1.825560142119781304e+01
1.865663519953057303e+01 1.855286426333560712e+01
1.888607189142572906e+01 1.875177801810686162e+01
1.910191937117867766e+01 1.890449719268623952e+01
1.932876916883022744e+01 1.913946565885165541e+01
1.955188115721258413e+01 1.933692412033428099e+01
1.978073499162908888e+01 1.953848342255864168e+01
2.000337976995024647e+01 1.981023801938767903e+01
2.023468127017147111e+01 2.005238333953564478e+01
2.044738351929100517e+01 2.022985239724822293e+01
2.066821044251537032e+01 2.042069085485980651e+01
2.090187290815676491e+01 2.066577629308584108e+01
2.112955099275381343e+01 2.094049380138887884e+01
2.135795367663578403e+01 2.105433545879091639e+01
2.156328255925631865e+01 2.134769671404080427e+01
2.179875192654977312e+01 2.152128648243183662e+01
2.201602896548384791e+01 2.176402107143884024e+01
2.225107355718513702e+01 2.195455465034152098e+01
2.247811934176572990e+01 2.222390034796196545e+01
2.270676243067664402e+01 2.249472260239481614e+01
2.292147590926099809e+01 2.264716682967940642e+01
2.315773357709631242e+01 2.289343756429605037e+01
2.336451877137899302e+01 2.306312483926417656e+01
2.358962503643923370e+01 2.328741546114686400e+01
