0.000000000000000000e+00 0.000000000000000000e+00
0.000000000000000000e+00 0.000000000000000000e+00
0.000000000000000000e+00 0.000000000000000000e+00
0.000000000000000000e+00 0.000000000000000000e+00
0.000000000000000000e+00 0.000000000000000000e+00
0.000000000000000000e+00 0.000000000000000000e+00
0.000000000000000000e+00 0.000000000000000000e+00
0.000000000000000000e+00 0.000000000000000000e+00
0.000000000000000000e+00 0.000000000000000000e+00
0.000000000000000000e+00 0.000000000000000000e+00
6.639821582314965609e-02 0.000000000000000000e+00
1.815866686743080605e-01 6.419090840889195293e-02
3.343419118446803728e-01 1.570691482259964356e-01
5.600941344078603779e-01 3.061491189558800396e+00
4.149102455032134706e+00 4.558291457412666503e+00
4.763238174175326911e+00 5.486485013356547924e+00
5.554764800825875426e+00 5.808316874377014827e+00
5.727404960461614181e+00 6.002629073586191133e+00
6.079465153957825052e+00 6.191325317372200487e+00
6.270987994312817726e+00 6.363877962800266630e+00
6.390730740468338666e+00 6.459404979198103192e+00
6.526729821482295968e+00 6.746149328532373701e+00
6.755096576432079836e+00 6.978878690550832431e+00
6.943005442338336941e+00 7.192897654158038279e+00
7.097420801151861802e+00 7.410868837986147817e+00
7.426598840032064608e+00 7.625337402319534164e+00
7.577706494065371778e+00 7.824259873389364905e+00
7.781208533279606598e+00 8.021553904075041430e+00
8.014010836840283147e+00 8.217911192167287382e+00
8.260687449953477923e+00 8.402525581571980595e+00
8.418351319392689547e+00 8.595399534931949859e+00
8.646419410981087239e+00 8.777567573198352235e+00
8.834038241973834360e+00 8.971725552205777277e+00
9.021125393185110752e+00 9.146279267769374499e+00
9.189131696762594004e+00 9.326322015942590582e+00
9.373666492627119595e+00 9.513105463519218929e+00
9.564388294348200148e+00 9.699373962615837286e+00
9.731913261973380358e+00 9.873051387571505799e+00
9.890903886797495659e+00 1.005907114407772696e+01
1.007334682589625707e+01 1.023124049647297618e+01
1.025314372265206586e+01 1.040366921791819088e+01
1.055904864795323306e+01 1.041794418591950766e+01
1.072715375290265172e+01 1.049786027493444607e+01
1.089916154892077138e+01 1.068056773874937804e+01
1.092776245424453663e+01 1.108854092730956786e+01
1.126755198158112847e+01 1.113007917101444377e+01
1.126461448825962108e+01 1.145908105321903747e+01
1.162866177182226579e+01 1.141592420066902491e+01
1.180826418549108681e+01 1.162225930491781511e+01
1.179458782042166121e+01 1.198632678837534549e+01
1.216742135242033740e+01 1.198084112894816400e+01
1.218929349962663800e+01 1.235342689272434491e+01
1.235123675743875538e+01 1.253655572207788715e+01
1.272566771626905080e+01 1.255480231346794362e+01
1.291587527767221921e+01 1.275159279452842398e+01
1.310414904954070714e+01 1.288314175126978789e+01
1.312269827831608993e+01 1.326762910129805384e+01
1.346992695420178521e+01 1.336754605809236374e+01
1.366139493201435684e+01 1.348160934023007584e+01
1.385010839899204527e+01 1.373509647099451314e+01
1.390316956531129655e+01 1.402553559827573082e+01
1.423137931777200826e+01 1.407705468493510459e+01
1.442845654227791918e+01 1.427126630518415062e+01
1.462287484144180638e+01 1.448497555717466589e+01
1.469279487101410986e+01 1.478743644212790187e+01
1.500598050228082769e+01 1.486099006990069959e+01
1.520817876087383347e+01 1.505871124980666842e+01
1.541507011272151395e+01 1.526474724937321348e+01
1.561279404760272449e+01 1.544895762904781478e+01
1.581309674900871087e+01 1.563889905609438635e+01
1.602508102340037510e+01 1.586346066399899080e+01
1.622370750784158133e+01 1.608101800784146818e+01
1.642103620543160503e+01 1.625031824106167022e+01
1.663790323446167463e+01 1.644202396215833772e+01
1.683801637399694329e+01 1.662531074342848214e+01
1.704806730971766981e+01 1.680785769572243282e+01
1.726028001545241608e+01 1.709740732802614716e+01
1.747745610288670903e+01 1.722359572725870080e+01
1.767357575050604623e+01 1.740754403751177293e+01
1.788095595598560550e+01 1.768365688085249943e+01
1.810939687219317307e+01 1.785257309624975974e+01
1.831609845324414820e+01 1.818273353612041632e+01
1.852690970309106788e+01 1.830915840974351383e+01
1.873211730671948061e+01 1.849342078961604230e+01
1.894357989007745502e+01 1.876911905978805351e+01
1.915337227744224791e+01 1.892074244020816209e+01
1.936564746527728431e+01 1.914977944120244757e+01
1.957731770762013568e+01 1.934426883571244460e+01
1.976892348664716792e+01 1.958658340144221199e+01
1.998092643401266599e+01 1.975929017714337732e+01
2.018125476435913157e+01 1.996595274813644494e+01
2.038312367566803474e+01 2.016474608727520490e+01
2.060282967024969381e+01 2.040682291283831873e+01
2.080747007532170301e+01 2.064072622353848274e+01
2.101998248835075955e+01 2.070294574047852265e+01
2.122630400080908686e+01 2.095713574313557359e+01
2.143842538267780995e+01 2.117094458696847425e+01
2.163646321380393189e+01 2.136484020141834961e+01
2.184460338102234189e+01 2.147875620181563150e+01
2.205026006354579238e+01 2.178383241709304485e+01
2.227266121076437599e+01 2.209974775112912937e+01
