0.000000000000000000e+00 0.000000000000000000e+00
0.000000000000000000e+00 0.000000000000000000e+00
0.000000000000000000e+00 0.000000000000000000e+00
0.000000000000000000e+00 0.000000000000000000e+00
0.000000000000000000e+00 0.000000000000000000e+00
0.000000000000000000e+00 0.000000000000000000e+00
0.000000000000000000e+00 0.000000000000000000e+00
0.000000000000000000e+00 0.000000000000000000e+00
0.000000000000000000e+00 0.000000000000000000e+00
0.000000000000000000e+00 0.000000000000000000e+00
1.082245355281475085e-01 0.000000000000000000e+00
1.215286300808974124e-01 2.773226770236176364e+00
1.416592732798653609e+00 3.636713937382251682e+00
5.063774888287603915e+00 5.493061509846923762e+00
5.442922645844610052e+00 5.594459449670206475e+00
5.600893256309335655e+00 5.647463960457532295e+00
5.733246939893543725e+00 5.735261502114124887e+00
5.826227013501712904e+00 5.853837051338688369e+00
5.939063434464511460e+00 5.931097738388870333e+00
6.102887328455263827e+00 6.174746439446635371e+00
6.251202386573540437e+00 6.443504877944871367e+00
6.464361219572714035e+00 6.698830839385283120e+00
6.616200008381219355e+00 6.935189611540613974e+00
6.915325633343796241e+00 7.195491165250976984e+00
7.175559876914272550e+00 7.438344549288427032e+00
7.352076588568070115e+00 7.648963100911571722e+00
7.507904536852409549e+00 7.848753421546060594e+00
7.775769274321724822e+00 8.052916068488668699e+00
8.070903603076768462e+00 8.234273284186873099e+00
8.274018066421017892e+00 8.416824642648784049e+00
8.503095790998195014e+00 8.604126954600086918e+00
8.704996983673261468e+00 8.778174080314997241e+00
8.897868236257593821e+00 8.966481087440296704e+00
9.060126443414405983e+00 9.141630453967483305e+00
9.229491492548159925e+00 9.313779449135173749e+00
9.399320206607161055e+00 9.477469769212570228e+00
9.578458634624205104e+00 9.639884266025632087e+00
9.797625675909737097e+00 9.719683884899671611e+00
9.841530095428133507e+00 9.971946759666403537e+00
1.012993800830706626e+01 9.992899678887621207e+00
1.028974790690815766e+01 1.018213946294070738e+01
1.035717319755316623e+01 1.048274703877867964e+01
1.056872064039122527e+01 1.066907292951295538e+01
1.075624675718684031e+01 1.084654675985002648e+01
1.094299699236933066e+01 1.102481548565445912e+01
1.120979507809158093e+01 1.107667900385409254e+01
1.140741810932126121e+01 1.126934216635844344e+01
1.158781011054945331e+01 1.141200222793756858e+01
1.176460582351171880e+01 1.163693915704444315e+01
1.195869507518017194e+01 1.178538735596127118e+01
1.201909542858386359e+01 1.213787117261538917e+01
1.232869352734510748e+01 1.218711812740903611e+01
1.250998190547793776e+01 1.237931913188266542e+01
1.269623261096874600e+01 1.254491869178131402e+01
1.287839969918305805e+01 1.276154639123006795e+01
1.307948058708656447e+01 1.293869300988805904e+01
1.313280002695050719e+01 1.325562688680820145e+01
1.345665575970276784e+01 1.331791089051565180e+01
1.364819512120802791e+01 1.351823095024975530e+01
1.385371961975441302e+01 1.371276422920306537e+01
1.405768726550834202e+01 1.391308308513061398e+01
1.425535747458435232e+01 1.406800935260052121e+01
1.427306438312290204e+01 1.443822417864085494e+01
1.464750790101258104e+01 1.450910151819303451e+01
1.484389143363556407e+01 1.465434912884878571e+01
1.504417026599471363e+01 1.486970493949456440e+01
1.505885283731991287e+01 1.520836945863243983e+01
1.542529418610014780e+01 1.524509517608829690e+01
1.562031797731919625e+01 1.547641653672573980e+01
1.583876977991604562e+01 1.564727440196899089e+01
1.603148354452105195e+01 1.587502392261508000e+01
1.624539331274988285e+01 1.604350364617561553e+01
1.644685703669841459e+01 1.624921102148753249e+01
1.665134250384184966e+01 1.642948477614873326e+01
1.685127000117138252e+01 1.667371683168633112e+01
1.705422391543361371e+01 1.688088736652086652e+01
1.726068287004638435e+01 1.705505405469395086e+01
1.746290182170744387e+01 1.728451834005538146e+01
1.766113182850118690e+01 1.749071741650568157e+01
1.787381707814853016e+01 1.764510081184241130e+01
1.808879567251778653e+01 1.790197863612911888e+01
1.828191824169391211e+01 1.810563633113173765e+01
1.849224114926082052e+01 1.830472217457598916e+01
1.870726678084072248e+01 1.854413014159013429e+01
1.891646936505139820e+01 1.869382963491607796e+01
1.911003466181900023e+01 1.884764440994058177e+01
1.931754376700104814e+01 1.910099883557137446e+01
1.952653409995579636e+01 1.932626330893851474e+01
1.972977394941341345e+01 1.953651795771083854e+01
1.993158363634010044e+01 1.967659370487229253e+01
2.013688867308119512e+01 1.998977993681090126e+01
2.035074947196381245e+01 2.009506586096487624e+01
2.055934252267718421e+01 2.031481153817258800e+01
2.075729759204966385e+01 2.047977106995294250e+01
2.095594052844757371e+01 2.075040508180057230e+01
2.117241375546378279e+01 2.092666011105037782e+01
2.137370944196739231e+01 2.112609282667631661e+01
2.157803839866937423e+01 2.134876042400345497e+01
2.179445550928702602e+01 2.147636259118471003e+01
2.200750097103194491e+01 2.175144375421592358e+01
2.221644741255761346e+01 2.204191803953879614e+01
