0.000000000000000000e+00 0.000000000000000000e+00
0.000000000000000000e+00 0.000000000000000000e+00
2.738012448859316206e-03 0.000000000000000000e+00
0.000000000000000000e+00 0.000000000000000000e+00
8.762893224758170341e-01 2.548000427122329992e+00
2.762510931527747182e+00 2.766211996193212563e+00
2.786997073173374417e+00 2.786369071870784975e+00
2.824071384861984502e+00 2.838542931962899196e+00
2.884909940059412037e+00 2.925346904529234848e+00
2.966508858672136206e+00 3.041359939417531244e+00
3.107820873822047414e+00 3.289338224892448537e+00
3.242788904598816746e+00 3.464845909716091743e+00
3.387688139120111686e+00 3.660027366993307218e+00
3.638332092452602140e+00 3.883785956991530952e+00
3.819149223870901722e+00 4.055924464776875737e+00
4.016676782883020991e+00 4.254185546985320698e+00
4.239966963423086099e+00 4.440916763078431195e+00
4.381499102969013570e+00 4.592572548980654368e+00
4.579911290059642148e+00 4.754693345324442433e+00
4.735690064312433556e+00 4.905526228938272837e+00
4.921567650032290686e+00 5.052511553543790335e+00
5.081582749958291956e+00 5.200382720101353939e+00
5.250737947343656842e+00 5.348438083072472260e+00
5.419839154054167274e+00 5.497562717550554368e+00
5.573340772706130153e+00 5.652722939933713775e+00
5.737337883285843709e+00 5.788206563157745066e+00
5.867013900960166950e+00 5.936752505953752035e+00
6.031317071660475371e+00 6.080486065946143270e+00
6.212168947980105216e+00 6.159319901594153990e+00
6.270847752518942997e+00 6.362133447935036656e+00
6.498722443358918355e+00 6.430101249751395187e+00
6.637766793164840529e+00 6.505596228729698893e+00
6.781928950640196518e+00 6.639615275919484638e+00
6.935333838921454053e+00 6.775170616305841165e+00
6.932411015570378865e+00 7.094366212803494776e+00
7.242416224653272394e+00 7.072569572269392424e+00
7.401923553982118875e+00 7.249435027086194694e+00
7.393504202512633405e+00 7.549020486279792941e+00
7.693399687755251293e+00 7.535223503423683411e+00
7.834315837560871465e+00 7.645724920426499871e+00
7.995183015038902496e+00 7.819274136539420716e+00
8.144632389576390352e+00 7.919970847220263899e+00
8.297242325764202064e+00 8.113003838482184094e+00
8.272393793854153188e+00 8.448078266207534881e+00
8.606766027482063208e+00 8.394213662132381515e+00
8.758940143894545116e+00 8.591318189169225406e+00
8.724730951576400884e+00 8.906034641321321388e+00
9.075234604159795992e+00 8.879802101816805404e+00
9.229984966878147290e+00 9.083382935897001076e+00
9.387682423997548042e+00 9.186375759306461219e+00
9.545495470986328002e+00 9.400716625902592938e+00
9.698125713373048740e+00 9.486443277532702112e+00
9.869492619945155809e+00 9.687604291240036858e+00
1.001881690754770027e+01 9.853552693959059638e+00
1.002657797359013792e+01 1.015702591391643317e+01
1.034020750096066976e+01 1.018243568315408609e+01
1.049670323929637661e+01 1.029938848213547153e+01
1.047076827581538261e+01 1.062495903342727743e+01
1.081409611890088485e+01 1.067767583807421516e+01
1.097142768776795663e+01 1.079214760939534656e+01
1.113575455214832211e+01 1.094162491638607548e+01
1.131207583846429721e+01 1.111613735384880641e+01
1.147786827775609275e+01 1.129482465611038045e+01
1.163013370456399365e+01 1.143142302386616471e+01
1.180589628796399460e+01 1.160021466081999897e+01
1.197555008364323292e+01 1.170123198257214980e+01
1.214478301783736036e+01 1.192839050998120420e+01
1.231521988760019326e+01 1.211932463686486727e+01
1.225563707984927397e+01 1.243231924392298993e+01
1.262820738455420511e+01 1.245159077482619381e+01
1.279728337344486455e+01 1.253532982449516808e+01
1.296295259367198760e+01 1.271712582078428611e+01
1.314178220441855238e+01 1.294049872342855778e+01
1.330288389080294742e+01 1.305159330398478090e+01
1.347531851109077117e+01 1.323471459438971110e+01
1.364248537057629029e+01 1.338776570163047808e+01
1.380743759195886078e+01 1.355578037847058859e+01
1.396651133449507931e+01 1.376455960861674477e+01
1.412828672381059825e+01 1.387677843499857744e+01
1.405420192330928053e+01 1.423531606156979201e+01
1.444376306643375152e+01 1.425771958838489262e+01
1.461215127713747819e+01 1.443049991149688260e+01
1.476927097828464852e+01 1.457155726380061900e+01
1.493126460050631366e+01 1.473097802962930380e+01
1.510654874078761090e+01 1.484109532283010857e+01
1.527241955966543863e+01 1.508665032438474896e+01
1.544375845508608158e+01 1.520250855840808946e+01
1.561648106946593195e+01 1.541398004201718663e+01
1.579111556645102077e+01 1.556996990138356018e+01
1.595653459951539155e+01 1.574031851414723349e+01
1.612581837686927955e+01 1.590873268893225223e+01
1.629553426124972049e+01 1.605954976064976591e+01
1.646334877196599322e+01 1.631021767448711302e+01
1.662891755164866936e+01 1.640346273523416087e+01
1.679314494537018376e+01 1.656175651107698954e+01
1.697045215586495814e+01 1.670312041673365044e+01
1.713468395544369827e+01 1.697052311474507746e+01
1.730117902592471424e+01 1.706243154120626215e+01
1.746335211076944560e+01 1.728832276547050739e+01
1.761730530440360099e+01 1.740797347997661859e+01
1.779896605206272397e+01 1.758093718443835840e+01
