0.000000000000000000e+00 0.000000000000000000e+00
0.000000000000000000e+00 0.000000000000000000e+00
0.000000000000000000e+00 0.000000000000000000e+00
0.000000000000000000e+00 0.000000000000000000e+00
0.000000000000000000e+00 0.000000000000000000e+00
0.000000000000000000e+00 0.000000000000000000e+00
0.000000000000000000e+00 0.000000000000000000e+00
0.000000000000000000e+00 0.000000000000000000e+00
0.000000000000000000e+00 0.000000000000000000e+00
0.000000000000000000e+00 0.000000000000000000e+00
0.000000000000000000e+00 0.000000000000000000e+00
0.000000000000000000e+00 0.000000000000000000e+00
0.000000000000000000e+00 0.000000000000000000e+00
0.000000000000000000e+00 0.000000000000000000e+00
0.000000000000000000e+00 0.000000000000000000e+00
0.000000000000000000e+00 0.000000000000000000e+00
0.000000000000000000e+00 0.000000000000000000e+00
0.000000000000000000e+00 0.000000000000000000e+00
0.000000000000000000e+00 0.000000000000000000e+00
0.000000000000000000e+00 0.000000000000000000e+00
5.313309473574560904e-02 0.000000000000000000e+00
1.636584878444942992e-01 0.000000000000000000e+00
2.649906675798573419e-01 0.000000000000000000e+00
4.949391406045981490e-01 2.086263357216531500e-01
4.388926736134514117e-01 0.000000000000000000e+00
2.891343249412937633e-01 4.528032621919749978e+00
6.715846931841726430e+00 7.752644206034717378e+00
8.755292455125692541e+00 8.812798331369002369e+00
9.435797713466079983e+00 9.592920021390167307e+00
9.880945845812235007e+00 9.919546959217768745e+00
1.003171384923857445e+01 1.010690197029343906e+01
1.034021539343014062e+01 1.045953828516757511e+01
1.055263947498495014e+01 1.065963553121444995e+01
1.083251564399343003e+01 1.100893135179799209e+01
1.107484516327453861e+01 1.130961195528234065e+01
1.127884455197186497e+01 1.153027946768666645e+01
1.156215389494995982e+01 1.180240133246264200e+01
1.178167234344431158e+01 1.204915574797792388e+01
1.202420727305504755e+01 1.226291651809497552e+01
1.226296278181412447e+01 1.249276523342559209e+01
1.249862396794954833e+01 1.271499442719650652e+01
1.278775205363456280e+01 1.291728211123322723e+01
1.301256788401673603e+01 1.313971342213925730e+01
1.321498299403547882e+01 1.334527431450950807e+01
1.342396062615349450e+01 1.355743445779292600e+01
1.363350410923618128e+01 1.376809430951382041e+01
1.384109365933933589e+01 1.397450528450922214e+01
1.403363764164655692e+01 1.416679362685394317e+01
1.425726687996178832e+01 1.436995243972737946e+01
1.457115181742331878e+01 1.446969706708228287e+01
1.465858881307258699e+01 1.477774637026697313e+01
1.485454580100841149e+01 1.499347977815057398e+01
1.520548328002898408e+01 1.508594446861538430e+01
1.530296401553067298e+01 1.541580951212948847e+01
1.563015630340941975e+01 1.552087811990334032e+01
1.585656650708533988e+01 1.566859568799752722e+01
1.590415631479665848e+01 1.607751237133861721e+01
1.629398514194451764e+01 1.614633464273686414e+01
1.650867803641021681e+01 1.635344033194548885e+01
1.672871603679740460e+01 1.657569743903142978e+01
1.695724483533795635e+01 1.679741076350066109e+01
1.717182212763715299e+01 1.699181851801662901e+01
1.727092928724012211e+01 1.736299603649721490e+01
1.760378176697522079e+01 1.750594200401834755e+01
1.783199101766878059e+01 1.773454696377805817e+01
1.805710060468713252e+01 1.794573879326793531e+01
1.829594996618322611e+01 1.810620260245636359e+01
1.854185944675559838e+01 1.837542891175150572e+01
1.876648733601724217e+01 1.859832826051352228e+01
1.880220103717942237e+01 1.897461511440081239e+01
1.923302597891573740e+01 1.903014856949406663e+01
1.948518198114801692e+01 1.928153380206071432e+01
1.972234591251486435e+01 1.953265651335428643e+01
1.996177384799686649e+01 1.980745602479949952e+01
2.018589013994094117e+01 2.000177757174995463e+01
2.043391508587572503e+01 2.021864360024171958e+01
2.067270871611668781e+01 2.046513598337420703e+01
2.090654795452649495e+01 2.059245135333371834e+01
2.114169490081597758e+01 2.087612998519149698e+01
2.140749736057733088e+01 2.113278274695906234e+01
2.163725677930353797e+01 2.142336332926449671e+01
2.163200952528260856e+01 2.180458505327782603e+01
2.208799504067006936e+01 2.183753319123544046e+01
2.234246144767642761e+01 2.211444238706785370e+01
2.258715318215724110e+01 2.236905481017506858e+01
2.284126443592014510e+01 2.261177554003990764e+01
2.310912071944326485e+01 2.291575695587581762e+01
2.335092118742003464e+01 2.309810842943478448e+01
2.360882942777753613e+01 2.334984215706767330e+01
2.386535304145202119e+01 2.358877848565274604e+01
2.410083619063573224e+01 2.385711384471154162e+01
2.436531807540891137e+01 2.411705701320616413e+01
2.461000659170554172e+01 2.438867820932990327e+01
2.485981138137245239e+01 2.460273509712502715e+01
2.512530476142846680e+01 2.486421264993860447e+01
2.538159338961971301e+01 2.505563510636088509e+01
2.562732492291871722e+01 2.533358040414079326e+01
2.589258748733973192e+01 2.557724428190591581e+01
2.615338416077483430e+01 2.584494167186381830e+01
2.640457429908144249e+01 2.607864423098681428e+01
2.664744064746188101e+01 2.644212349932432815e+01
