0.000000000000000000e+00 0.000000000000000000e+00
0.000000000000000000e+00 0.000000000000000000e+00
0.000000000000000000e+00 0.000000000000000000e+00
0.000000000000000000e+00 0.000000000000000000e+00
0.000000000000000000e+00 0.000000000000000000e+00
0.000000000000000000e+00 0.000000000000000000e+00
0.000000000000000000e+00 0.000000000000000000e+00
2.285063133946053648e-01 8.489761352553981677e-01
1.006666054852327630e+00 1.522892794092411739e+00
1.707717820703023248e+00 1.742331087919887889e+00
1.934831183031691770e+00 2.088862587292473094e+00
2.072539923183039257e+00 2.193221389426397216e+00
2.257953446593712332e+00 2.352181379803626626e+00
2.418400374710846457e+00 2.484542663771883930e+00
2.533862435415354497e+00 2.623522174796768525e+00
2.672833373821892344e+00 2.796453191597342069e+00
2.846175131066159825e+00 2.955201189791606620e+00
2.983716131512210268e+00 3.098473167614184121e+00
3.135750242053951808e+00 3.236450900844474177e+00
3.271174994473678321e+00 3.369990718323008672e+00
3.426754268789189872e+00 3.503478589833801671e+00
3.562900920654980652e+00 3.637962387374308992e+00
3.753233164189309079e+00 3.700506720151155449e+00
3.804817760163603513e+00 3.901635193476344465e+00
4.020941332808057211e+00 3.942879829811653192e+00
4.083058150467785197e+00 4.164574298487471182e+00
4.289025512389669892e+00 4.236542837509933435e+00
4.368762175520097379e+00 4.433754391224979940e+00
4.566376156439847733e+00 4.495560185488123750e+00
4.703544967315094638e+00 4.655405726535208899e+00
4.784982795478109452e+00 4.850138945775054999e+00
4.989917445951072672e+00 4.930734308860691861e+00
5.128416934749814970e+00 5.060663221418826296e+00
5.273408353096568746e+00 5.191327566577472297e+00
5.413653425367587424e+00 5.330970783521765455e+00
5.550256308352480517e+00 5.478368032533060372e+00
5.687301627321232012e+00 5.637246221270265423e+00
5.831778130947827599e+00 5.759179233148309152e+00
5.976918493873094818e+00 5.910192880441255348e+00
6.114405819533148545e+00 6.037787702564905601e+00
6.257755022223680186e+00 6.203305709367191945e+00
6.408835858957973919e+00 6.338364697100188572e+00
6.561373284831928387e+00 6.481532906066680866e+00
6.702923919421064802e+00 6.597765693171039558e+00
6.855113119036963631e+00 6.776200266838702468e+00
6.998055541463084950e+00 6.888036805002608176e+00
7.132228041222330006e+00 7.023100836741952513e+00
7.292485659329472014e+00 7.248854534175780628e+00
7.432384262928366958e+00 7.327558458217723114e+00
7.581268186912956786e+00 7.524225356715065871e+00
7.728429871893968794e+00 7.656119854135412517e+00
7.874507741894575474e+00 7.845092794931376901e+00
8.022102236963347011e+00 7.889709940736318039e+00
8.169861243792910344e+00 8.093178423113862152e+00
8.323172219081600431e+00 8.245783596310541697e+00
8.476967522785518128e+00 8.354227832269616627e+00
8.616059290166280249e+00 8.508763415530207652e+00
8.772844671053173116e+00 8.656898631947054668e+00
8.915419821109386689e+00 8.789609861696877857e+00
9.064328568204579994e+00 8.971857944786711059e+00
9.222003971532069855e+00 9.068798647936354485e+00
9.374371673184352716e+00 9.228809764482004852e+00
9.515469853145058110e+00 9.430254484189363851e+00
9.670692329660381503e+00 9.547913916440952775e+00
9.814264243067409410e+00 9.734885395257029117e+00
9.961769191317838334e+00 9.867029551842254165e+00
1.011464580452450335e+01 1.004959785839224473e+01
1.025887049581043442e+01 1.014619368124622056e+01
1.041644507902205419e+01 1.029645168486370466e+01
1.055374314804179825e+01 1.045621051240698662e+01
1.070272233341183288e+01 1.061195702521789386e+01
1.085559699680668899e+01 1.076836082704600095e+01
1.100063182210345403e+01 1.087894668512449847e+01
1.115871835403896917e+01 1.101212788988251567e+01
1.130352115042181715e+01 1.116918596360865301e+01
1.146003656728188957e+01 1.132140906104105760e+01
1.160270573189772847e+01 1.139562109076532792e+01
1.176392075508282886e+01 1.165546173374120009e+01
1.191576223423560421e+01 1.179149064585989493e+01
1.206673419520833157e+01 1.190401864382376829e+01
1.221544896772599031e+01 1.207584446841573467e+01
1.235815908483444048e+01 1.217661945561420289e+01
1.251202495801387649e+01 1.235594990432226226e+01
1.266010892935985588e+01 1.253154315984381384e+01
1.281242237527701988e+01 1.266250035673942165e+01
1.295605483711069716e+01 1.284490448425420439e+01
1.311670275316495093e+01 1.296787065826308805e+01
1.325433744177956541e+01 1.308935787432400488e+01
1.340844425561898312e+01 1.320500661977941448e+01
1.356670309843597444e+01 1.336003092232748379e+01
1.371272320566682090e+01 1.350593570030628321e+01
1.385881163130460259e+01 1.367966181670869652e+01
1.401547354111975352e+01 1.381206920481902500e+01
1.415868965297811499e+01 1.398432128989509593e+01
1.430831157135109954e+01 1.413010680882499948e+01
1.447405592981120037e+01 1.427819573038588175e+01
1.461136626243921732e+01 1.442545372732199738e+01
1.476611368588057971e+01 1.455283199385420190e+01
1.491969979711153549e+01 1.468376689507758748e+01
1.507435811762199407e+01 1.488408339718866102e+01
1.522265397888987870e+01 1.502520067441419016e+01
