0.000000000000000000e+00 0.000000000000000000e+00
6.410128811898526888e-04 0.000000000000000000e+00
2.077928001134336441e-02 0.000000000000000000e+00
8.032838096643439563e-02 0.000000000000000000e+00
2.362845798177279355e-01 8.280750550200810522e-02
2.642328187490595726e-01 3.881374205841124359e-01
4.936078260002061957e-01 4.725774522196606875e-01
5.881544527211842732e-01 5.748222263007768396e-01
6.832577051247914479e-01 6.769880740708070777e-01
7.744478784423188822e-01 7.546356381843766226e-01
8.647738394260585659e-01 8.466779985066663627e-01
9.539476531820155758e-01 9.352002238140582069e-01
1.039571960766860981e+00 1.018860503040692755e+00
1.131801671511992069e+00 1.097687256320113880e+00
1.219432161878343690e+00 1.186067722037950967e+00
1.305448528686618204e+00 1.279286599272114078e+00
1.393516903820675612e+00 1.341020516886415770e+00
1.482146357820946170e+00 1.454760273141966653e+00
1.567759472794996833e+00 1.537606915494211357e+00
1.656539697010323664e+00 1.617954322388327260e+00
1.744644095770930381e+00 1.717251214820700200e+00
1.828090745691885122e+00 1.797359853352137771e+00
1.920346153073705375e+00 1.860918029154402742e+00
2.004918391494365792e+00 1.949688012984525765e+00
2.096498196713578288e+00 2.045898449516817763e+00
2.177962765204178641e+00 2.141279716121722743e+00
2.267613648929206693e+00 2.215639989165834933e+00
2.356666842986696597e+00 2.291792594993643295e+00
2.440279227207970525e+00 2.392615074811090814e+00
2.526268145714072322e+00 2.490194505307326001e+00
2.616278150600993335e+00 2.544907266197407480e+00
2.702801500633667864e+00 2.648189202109058282e+00
2.791995544468118595e+00 2.747591371575244690e+00
2.880531387088392847e+00 2.820302821286664319e+00
2.968864446485207864e+00 2.906328307561208302e+00
3.059316397009095745e+00 2.992055987871983902e+00
3.143868708820185986e+00 3.098574816264809240e+00
3.231785318209130953e+00 3.183842731596282949e+00
3.313291679412231794e+00 3.266549736123739667e+00
3.404284390226520962e+00 3.340585946435202125e+00
3.489136245611053067e+00 3.416555712200475714e+00
3.574732389287697210e+00 3.523454951081341768e+00
3.659707893473442830e+00 3.592094321831131420e+00
3.750411135303067134e+00 3.677501921068313973e+00
3.839323912133053351e+00 3.763443886226193413e+00
3.929435970343449824e+00 3.827388498754869417e+00
4.016004959647933248e+00 3.944667948426229476e+00
4.107128408693958121e+00 4.004603063465594026e+00
4.193319695947164583e+00 4.133479957324273535e+00
4.278429940630587680e+00 4.192385983369183222e+00
4.370467168629244448e+00 4.294458690871385542e+00
4.456458841212299404e+00 4.370860989536561547e+00
4.541811483478059408e+00 4.438086826063766921e+00
4.626634721112836246e+00 4.553467914507112191e+00
4.712575873523882741e+00 4.637222355703443988e+00
4.801536458042607869e+00 4.725989049963688515e+00
4.887907791693782755e+00 4.837512542682690153e+00
4.974642722577542919e+00 4.891404591632874777e+00
5.062899100469466340e+00 4.975244869617764465e+00
5.152027592068109563e+00 5.070303985183102213e+00
5.234058067739804976e+00 5.150837168812892664e+00
5.318536655906854094e+00 5.239817824610614849e+00
5.404222524070585010e+00 5.312404660868649486e+00
5.494418011015627989e+00 5.406701471767374478e+00
5.579024396135737973e+00 5.527981580510014759e+00
5.664988182260749738e+00 5.556987441972752961e+00
5.763037166893754559e+00 5.648786350353187657e+00
5.844000352690687627e+00 5.748828616091913979e+00
5.930311577740447149e+00 5.835908549234261500e+00
6.018904942558465976e+00 5.914124594634951215e+00
6.106970078547774072e+00 6.032882754305786577e+00
6.193263260662956959e+00 6.098812501561845067e+00
6.277168806245750687e+00 6.199869510203147804e+00
6.358616557886805687e+00 6.275504726074287554e+00
6.447585781900661672e+00 6.329932166084477174e+00
6.538569781858744712e+00 6.458210893289493271e+00
6.629121318356750336e+00 6.536192469698059782e+00
6.712859835344726633e+00 6.622367599678247174e+00
6.801441857230601684e+00 6.715037175474130926e+00
6.892456943860391760e+00 6.765718889763673971e+00
6.976035138409583780e+00 6.876120986832794379e+00
7.062696453898466231e+00 6.976790703173977981e+00
7.150767256719835707e+00 7.029443300592707722e+00
7.243042470836988933e+00 7.135778610069493766e+00
7.330742636274363733e+00 7.208542371731407883e+00
7.410271443847752160e+00 7.316081440906118338e+00
7.498863580782145100e+00 7.394327989699865711e+00
7.590639303369978386e+00 7.498106631001662414e+00
7.676663184431935072e+00 7.601445906040819267e+00
7.762157362922063264e+00 7.637920995388228107e+00
7.856849868468997578e+00 7.758575624509110646e+00
7.940733023576013849e+00 7.810511281559396224e+00
8.029175758223923154e+00 7.922544471789649378e+00
8.113034535248583978e+00 8.006000455086853762e+00
8.201103496764945433e+00 8.078571727807698721e+00
8.285891202230565966e+00 8.160708077653600512e+00
8.376157686094700239e+00 8.266595028922260724e+00
8.463447051676556754e+00 8.347553143959368427e+00
8.548608006739893739e+00 8.442293500177802557e+00
8.641010732470405742e+00 8.541058442084517921e+00
8.729693704092241546e+00 8.635853558105123895e+00
