0.000000000000000000e+00 0.000000000000000000e+00
0.000000000000000000e+00 0.000000000000000000e+00
0.000000000000000000e+00 0.000000000000000000e+00
8.056246077359448254e-03 0.000000000000000000e+00
1.203757471570108747e-02 0.000000000000000000e+00
7.023098519480860946e-02 -2.483322035880154016e-02
3.192347531638997649e-02 4.983230194161767934e-01
2.709101647366843335e-01 7.895375323687927605e-01
8.924817273055449807e-01 9.535635744436976591e-01
1.027300083872649594e+00 1.069686261242959624e+00
1.175276706700257634e+00 1.142596681727925167e+00
1.264848589001999590e+00 1.304498452710672884e+00
1.389812092295080070e+00 1.414853773820290206e+00
1.524091976044892993e+00 1.504479839157895293e+00
1.635377554265376121e+00 1.614909457023461670e+00
1.749137415247516758e+00 1.730315271036467983e+00
1.863182994600703690e+00 1.848569287289138607e+00
1.973045286139326393e+00 1.952790985622615993e+00
2.083497516388258308e+00 2.061819454037186361e+00
2.195381904248924876e+00 2.178359123718857759e+00
2.311472398284773799e+00 2.283247339834745482e+00
2.426765882069678693e+00 2.402107567952292744e+00
2.540259827421332162e+00 2.501256948139445768e+00
2.652926559486640024e+00 2.635709291673371091e+00
2.770666811057843404e+00 2.734224388583427423e+00
2.883609828422792010e+00 2.836453318496413356e+00
2.998779265834456975e+00 2.951718364795495209e+00
3.112818284870941365e+00 3.071850500813388507e+00
3.226546668543009755e+00 3.176668361347033454e+00
3.337037571049119133e+00 3.286571430792486481e+00
3.449288353208311175e+00 3.393192737383265989e+00
3.569076882097260928e+00 3.524161161814638898e+00
3.682975624087217348e+00 3.631634187712426964e+00
3.790756334381551795e+00 3.735168607192264290e+00
3.910385040314343197e+00 3.872121186287600825e+00
4.027802953097093130e+00 3.979672075975058565e+00
4.142323991181447340e+00 4.080299679303014848e+00
4.262792715433509905e+00 4.209827646257304323e+00
4.374043933373320314e+00 4.307915639082257719e+00
4.490164016659361934e+00 4.403304702267369919e+00
4.612389293410702251e+00 4.542086550140322032e+00
4.722416252539106019e+00 4.648688735026580865e+00
4.836417805298145467e+00 4.768389700731074932e+00
4.950479338636691651e+00 4.909891794306527224e+00
5.071888855161642340e+00 4.986995782976095803e+00
5.184784140447545653e+00 5.128246397411498236e+00
5.305610670007602003e+00 5.214154366704228494e+00
5.418971548132673455e+00 5.304723512035789845e+00
5.529129096644114227e+00 5.475864389504272012e+00
5.645700834775905008e+00 5.573892207898186513e+00
5.758648652360615294e+00 5.640416076161178793e+00
5.876607766270181443e+00 5.764651245853237072e+00
5.983452920140110542e+00 5.889648400088209002e+00
6.103348220422868842e+00 6.021635936990462845e+00
6.208140502487595747e+00 6.139095706267985619e+00
6.322351369667548404e+00 6.272496202645027275e+00
6.443454360814021342e+00 6.394119226749491069e+00
6.560942841484994403e+00 6.476067973375573494e+00
6.679389497491317051e+00 6.608888255868313522e+00
6.787095117717989012e+00 6.676030927905304502e+00
6.907495710211449591e+00 6.819164856261586749e+00
7.022668187055668199e+00 6.935847257837362889e+00
7.139769902142091951e+00 7.025705527919908988e+00
7.255777092523580052e+00 7.170971816847098168e+00
7.364109860070075619e+00 7.277877332900939855e+00
7.485810099169117215e+00 7.402759368635029702e+00
7.596103770543573219e+00 7.495493091263084828e+00
7.720581643732693067e+00 7.626825544183603256e+00
7.833364625627601718e+00 7.693810580881273786e+00
7.943351504929101914e+00 7.853764527879308233e+00
8.062833913486851856e+00 7.958981153650261042e+00
8.187278158770764591e+00 8.065119064739002752e+00
8.292388240040375891e+00 8.177319522553544218e+00
8.410709100933571492e+00 8.314609932076695742e+00
8.525541831774724244e+00 8.419119685123888530e+00
8.635734812357023671e+00 8.497110567955541427e+00
8.755070327100455074e+00 8.680850559967646873e+00
8.864795930971132165e+00 8.761677097087110511e+00
8.978915222750426750e+00 8.869336872069531807e+00
9.091548807187587400e+00 9.000815633482844191e+00
9.209684529324867697e+00 9.079402465264605482e+00
9.323658136190234202e+00 9.181854228288072406e+00
9.439913067609623454e+00 9.333807207251835436e+00
9.556508894732660409e+00 9.441438403452091066e+00
9.665168110250554889e+00 9.562651654350451835e+00
9.784511185659797050e+00 9.677634332995703303e+00
9.891385491324101054e+00 9.787199452027218527e+00
1.000822243111873533e+01 9.890890172317821083e+00
1.012511457647217661e+01 1.003167186215431705e+01
1.023885839408820786e+01 1.012449379780806780e+01
1.035045810153354928e+01 1.023480617860822228e+01
1.045902690935120560e+01 1.032085092657857928e+01
1.058241453323241821e+01 1.040853179852761379e+01
1.069795376749850746e+01 1.055101411180648263e+01
1.081352383282340490e+01 1.066259516193621337e+01
1.093014616866538269e+01 1.074533037192014007e+01
1.104323842146222390e+01 1.087818659149512612e+01
1.117035826132509158e+01 1.104849613978135459e+01
1.127483070179021496e+01 1.111987586959213026e+01
1.139570402160095064e+01 1.125754384803365937e+01
1.151468091049795994e+01 1.142463554941683945e+01
