0.000000000000000000e+00 0.000000000000000000e+00
0.000000000000000000e+00 0.000000000000000000e+00
0.000000000000000000e+00 0.000000000000000000e+00
0.000000000000000000e+00 0.000000000000000000e+00
6.977710851604566195e-03 4.351996463855906105e-02
2.442008569356504503e-03 0.000000000000000000e+00
3.752208358390244063e-03 1.840095520316946676e-01
0.000000000000000000e+00 1.114498315191064348e+00
1.346851159142838927e+00 1.395422737359888199e+00
1.564011595196181048e+00 1.563306796951784428e+00
1.658274273720012459e+00 1.696716064228103171e+00
1.790740803910272572e+00 1.788451063819950448e+00
1.903577860423503187e+00 2.001960203944005201e+00
2.039031951649200813e+00 2.152605640920611130e+00
2.188216474466185169e+00 2.288036888124757251e+00
2.355278454011369593e+00 2.421211625022009706e+00
2.493960439829842723e+00 2.558254839176237194e+00
2.633720494872648032e+00 2.680595335571005045e+00
2.755553726345429499e+00 2.799646774676159744e+00
2.915281057829915312e+00 2.869863320704572285e+00
3.043420387973154728e+00 3.003150716420592392e+00
3.160034409679694178e+00 3.130762376053920271e+00
3.261462296297068519e+00 3.301959850293753718e+00
3.397533136799081088e+00 3.431547709866278772e+00
3.561855687381111135e+00 3.539765780264150230e+00
3.691317389792119208e+00 3.671257852719515657e+00
3.824102471250315993e+00 3.791278234032597449e+00
3.958388800149990061e+00 3.915763206357604442e+00
4.096181239928765372e+00 4.050123987143697590e+00
4.228376740579173010e+00 4.201537861676543528e+00
4.362189051601021994e+00 4.306034585006463189e+00
4.504506686564802465e+00 4.433192990028120839e+00
4.637620260843038800e+00 4.572127671883481348e+00
4.768112463027920356e+00 4.704357275643278768e+00
4.899758097434760096e+00 4.841418837421450405e+00
5.040927959827636862e+00 4.990467599411726241e+00
5.169553881665127193e+00 5.107482113742399576e+00
5.306864200128348585e+00 5.252088525188161938e+00
5.439985263497598922e+00 5.389847438432191495e+00
5.582148154771442883e+00 5.528359444758456753e+00
5.721436667889446603e+00 5.673427092979276054e+00
5.852152263945482602e+00 5.775708504310459901e+00
5.995261882536123466e+00 5.924188638154848974e+00
6.134691343394695018e+00 6.066795740765741130e+00
6.280045069628892307e+00 6.215344840376991087e+00
6.419546667796872441e+00 6.350226442062841592e+00
6.557230672562975649e+00 6.461529117092210228e+00
6.693546696756718539e+00 6.616357193518857649e+00
6.840038218346174759e+00 6.763320201673804988e+00
6.972546258904343652e+00 6.871691075258590686e+00
7.115286805497300193e+00 7.010495444673068732e+00
7.251204796261175645e+00 7.165941381767276575e+00
7.391396910903305972e+00 7.308619906155935375e+00
7.525005485407268324e+00 7.437730480331516958e+00
7.672442567461966512e+00 7.539181846540921050e+00
7.809526759854540146e+00 7.709097933682010684e+00
7.955389340054588310e+00 7.820325787765271208e+00
8.097291485850343307e+00 7.979717721284896648e+00
8.237211389283237040e+00 8.096738341004396489e+00
8.386683654970722657e+00 8.262791107334500396e+00
8.534868749356835593e+00 8.394580672307020208e+00
8.667605348365000850e+00 8.531447776426052343e+00
8.808602599423318580e+00 8.660041926481749641e+00
8.951229471630430368e+00 8.797534835797597097e+00
9.095788349897945935e+00 8.904865459373457526e+00
9.235407025480434129e+00 9.076075691721422700e+00
9.369058653957253568e+00 9.215426255807772193e+00
9.508228387936425108e+00 9.354294870266850026e+00
9.650683889946790828e+00 9.490122173415848295e+00
9.785489493899367730e+00 9.651563015049910987e+00
9.927370793699095586e+00 9.751689377246909984e+00
1.006651591087580222e+01 9.920743232078731211e+00
1.020838395891682993e+01 1.003545966773588027e+01
1.035052783995802628e+01 1.014508507423919248e+01
1.048869063266177548e+01 1.030181225389958399e+01
1.062928718933120820e+01 1.042856901141467674e+01
1.076191426352526115e+01 1.059307201601007620e+01
1.090331289668234938e+01 1.072175313443089983e+01
1.105000193413805931e+01 1.092477221316282154e+01
1.119382552318361945e+01 1.102329865032028877e+01
1.132795606797814614e+01 1.122041292741048224e+01
1.147094798034043173e+01 1.130842210052648866e+01
1.160198876434112059e+01 1.144963830717894560e+01
1.175092908654630186e+01 1.161759897665329078e+01
1.188453925106234799e+01 1.175933571600304006e+01
1.201897291469849449e+01 1.187588304799646188e+01
1.216934377681201518e+01 1.201595061653987884e+01
1.230015832144301768e+01 1.214724731608263397e+01
1.244730501969649161e+01 1.223034486953884503e+01
1.258558462472111650e+01 1.238286329897211147e+01
1.272986667492945934e+01 1.255624131644526109e+01
1.287118965149651473e+01 1.271748586271815462e+01
1.301899660367010192e+01 1.284743014525414218e+01
1.316628691285554531e+01 1.298143877742224461e+01
1.329536938662507595e+01 1.305365477905775862e+01
1.344599302966553189e+01 1.328764230392663848e+01
1.359161740932873741e+01 1.342088978737157134e+01
1.372291509072966065e+01 1.349053817639538977e+01
1.386107806227192363e+01 1.362784792139575174e+01
1.398940112082724063e+01 1.379599090083742574e+01
1.414762938306811080e+01 1.395421931950526151e+01
