0.000000000000000000e+00 0.000000000000000000e+00
0.000000000000000000e+00 0.000000000000000000e+00
9.069016773055188496e-03 -8.487867631378315583e-03
1.904634309081525145e-02 0.000000000000000000e+00
5.311964694791874997e-02 9.580467368975172093e-03
2.298450258497172771e-01 1.398410864570191203e-01
2.871924156581351362e-01 5.679263970566578168e-02
6.775690505376800177e-01 8.072210173917738762e-01
9.415087180284258395e-01 1.017449720084974141e+00
1.105888048198470308e+00 1.170207001415037640e+00
1.277614292571797039e+00 1.237096043756300112e+00
1.394085359300379467e+00 1.349549810594425470e+00
1.473155335990627979e+00 1.560180353980268109e+00
1.610862876300769964e+00 1.682795580456818429e+00
1.757174639417021567e+00 1.803439104486492583e+00
1.915366744692765355e+00 1.881577081572544108e+00
2.032699773827608247e+00 2.003016895455051127e+00
2.116445443298506479e+00 2.145948597786528911e+00
2.235474823574150172e+00 2.269391446860404393e+00
2.383155773308612613e+00 2.351983099969777502e+00
2.501582947559994885e+00 2.445886993449580160e+00
2.620049794003115551e+00 2.587948581946646343e+00
2.694915437432481298e+00 2.727600647428692238e+00
2.855317192171121121e+00 2.824671635085956201e+00
2.972512786632471649e+00 2.938781306486209832e+00
3.094963110447875643e+00 3.058435194727130213e+00
3.215059076914960290e+00 3.173157145288447278e+00
3.341077397909347546e+00 3.305591507742249746e+00
3.459099802067661322e+00 3.410234074372890500e+00
3.583930852093162311e+00 3.535192056040489472e+00
3.704827912292229186e+00 3.643720678970914673e+00
3.826784631524879021e+00 3.791523686002489679e+00
3.950323220985545891e+00 3.900312723330515485e+00
4.074716171435402323e+00 4.017491783974952213e+00
4.193352732000423799e+00 4.128996770986791631e+00
4.315959825250080151e+00 4.252858380047271680e+00
4.445205626251086173e+00 4.380320050546408162e+00
4.570536543015000674e+00 4.513645751293624997e+00
4.693579951305691722e+00 4.609109630957299863e+00
4.816303372165186225e+00 4.755107802831306962e+00
4.940545900507649080e+00 4.870716424804240496e+00
5.061776207271832639e+00 4.997724203913969987e+00
5.180049760698344663e+00 5.093917440705034494e+00
5.303569391385355658e+00 5.221551463881795918e+00
5.424960294022081797e+00 5.359919945064801183e+00
5.550787452404366995e+00 5.483366640422819849e+00
5.668373658908988588e+00 5.579225752414413542e+00
5.787170292973884855e+00 5.729436212403952844e+00
5.905518585218112015e+00 5.825838117784718051e+00
6.031453881407172091e+00 5.920196742876167484e+00
6.151099370255983523e+00 6.063609299422989984e+00
6.271075565632281190e+00 6.161141870702159018e+00
6.389527760971982495e+00 6.333842567382282240e+00
6.515084674627185990e+00 6.390150903537809235e+00
6.640120886213444429e+00 6.517654923890034979e+00
6.760449152530755512e+00 6.679460595930692079e+00
6.881099563064953628e+00 6.768861513497095750e+00
6.999767251997847772e+00 6.911855163369536648e+00
7.122597820183984574e+00 7.033448177437885640e+00
7.257557603995214102e+00 7.159150538191586755e+00
7.378838957069326021e+00 7.308550176609618809e+00
7.496303882582837197e+00 7.347906074390729181e+00
7.626866960863303291e+00 7.554881904158263772e+00
7.753810547810780385e+00 7.649309517638941180e+00
7.869771687438392505e+00 7.752690259173083298e+00
8.000521210100071556e+00 7.883544662697597794e+00
8.130347086596156458e+00 7.997658741529914295e+00
8.258413333041213278e+00 8.125776538003462335e+00
8.379076669496701157e+00 8.222002819507357785e+00
8.507141671290721519e+00 8.385602089171689144e+00
8.624448138765249183e+00 8.523423760775720837e+00
8.751163155107725800e+00 8.611190549840301856e+00
8.872667751982650231e+00 8.767713846498407904e+00
8.986444630199395434e+00 8.791208530380632880e+00
9.113121717420803236e+00 8.939591749979214796e+00
9.233835298179027262e+00 9.120743740170896174e+00
9.356320104475965849e+00 9.237323506680988672e+00
9.480711164242846323e+00 9.327843409990526524e+00
9.596639100265484501e+00 9.470336585105510352e+00
9.722144096799807400e+00 9.598726547930573005e+00
9.839581588549117797e+00 9.663490515637002787e+00
9.967188024391914425e+00 9.808613598307662329e+00
1.009524883734532352e+01 9.972372225436849646e+00
1.021112307284024467e+01 1.008070423797658677e+01
1.033610886085464031e+01 1.016849074790821916e+01
1.046141870389412354e+01 1.032298912782595046e+01
1.058158861806224493e+01 1.041625750829150476e+01
1.070264560100419438e+01 1.062973376225287581e+01
1.082533890384812381e+01 1.071960459206023053e+01
1.095044400697535281e+01 1.081887803652523949e+01
1.107628153534465554e+01 1.080453150042346522e+01
1.120041071811314026e+01 1.107931832537641981e+01
1.132043847034013773e+01 1.117535025281481609e+01
1.145000637288075929e+01 1.133379276248240153e+01
1.157518619073338151e+01 1.143829790857082074e+01
1.169244160851124903e+01 1.146403908049417275e+01
1.181652482950559779e+01 1.164391571871817987e+01
1.194170430505987568e+01 1.176461563369784002e+01
1.205771846900656818e+01 1.194884416158915741e+01
1.218719225798679417e+01 1.198555549594517267e+01
1.230703784518273913e+01 1.219444884553004904e+01
