0.000000000000000000e+00 0.000000000000000000e+00
0.000000000000000000e+00 0.000000000000000000e+00
0.000000000000000000e+00 0.000000000000000000e+00
0.000000000000000000e+00 0.000000000000000000e+00
0.000000000000000000e+00 0.000000000000000000e+00
8.482650885947431302e-03 0.000000000000000000e+00
5.024500100720653839e-02 0.000000000000000000e+00
1.076387044426519168e-01 1.484562559747951704e+00
6.391663247747677579e-01 2.410827611497138090e+00
2.428528526374053698e+00 2.476200246141166073e+00
2.565281404154691636e+00 2.564344058176336816e+00
2.652436577461580569e+00 2.692830889344973055e+00
2.740680150095269330e+00 2.678762905715451392e+00
2.866257550154717837e+00 2.925528024823166540e+00
2.962500673628191805e+00 3.085583133600765304e+00
3.086657983809986572e+00 3.258867443095458061e+00
3.266595585658787382e+00 3.435783292933967115e+00
3.516852393291480361e+00 3.639220398257470013e+00
3.687136831002080228e+00 3.806627188406960904e+00
3.820911974901612052e+00 3.958792445515006087e+00
3.990141839115082245e+00 4.118085410652081890e+00
4.093822390660919019e+00 4.246027963938176164e+00
4.261504912360411623e+00 4.393768312763821626e+00
4.445877320479388217e+00 4.534806624393684871e+00
4.606476373284033698e+00 4.674947149753592157e+00
4.729112747216013268e+00 4.823399474537745313e+00
4.910906678741945086e+00 4.959179108760018551e+00
5.047602728679176032e+00 5.104513287720966908e+00
5.204292433032320808e+00 5.244590087211474128e+00
5.382707039896157397e+00 5.317092291752330446e+00
5.516489223819995402e+00 5.433253186311222116e+00
5.651468109556103236e+00 5.534432007874678483e+00
5.789553882652932693e+00 5.672802070783130368e+00
5.938286432146031579e+00 5.837300617938264935e+00
6.080845531251530822e+00 5.975465911390331009e+00
6.225806554685378025e+00 6.130793867938009178e+00
6.373689787353253422e+00 6.269154431492005131e+00
6.522426068957338785e+00 6.427167986108790032e+00
6.674946956595433356e+00 6.565360459334715237e+00
6.816640909140704530e+00 6.732462437733111038e+00
6.969223621125427037e+00 6.880474580694966313e+00
7.118918436644252168e+00 7.018372603053606440e+00
7.179209396703681634e+00 7.264997579178203324e+00
7.414433690624593787e+00 7.353800780491329014e+00
7.566369875439021619e+00 7.503997849916192564e+00
7.723756040380396648e+00 7.634528622862456260e+00
7.873543847390001460e+00 7.798090268526840063e+00
8.021597793584918534e+00 7.967921141861506129e+00
8.186752646069990647e+00 8.110339265366446782e+00
8.339313119059060142e+00 8.263292515919893333e+00
8.495016589673115348e+00 8.370148039015399277e+00
8.657690181954578179e+00 8.577282676480852075e+00
8.814193200602936429e+00 8.734196432694268708e+00
8.988453459607720575e+00 8.862377083247270804e+00
9.137315390652483771e+00 9.016281975623039457e+00
9.295448270369943700e+00 9.205792663261334496e+00
9.341678111690921327e+00 9.424911758157119124e+00
9.602079756911996000e+00 9.487754333949636631e+00
9.768967126040987381e+00 9.694090441043238471e+00
9.927054399869312817e+00 9.824670907528686215e+00
1.008320083321492078e+01 9.943166357998849847e+00
1.010747371247854431e+01 1.019522034460817927e+01
1.037514320923464162e+01 1.021446495306562952e+01
1.054269977017425930e+01 1.038694516814760505e+01
1.069325490999976758e+01 1.054661073537669935e+01
1.085531004719532966e+01 1.074013360719967558e+01
1.102386746292231123e+01 1.088010029270605550e+01
1.118818632219150899e+01 1.104660954638535486e+01
1.134503474519900479e+01 1.121355273222538607e+01
1.149731159091674115e+01 1.134734402624052052e+01
1.166590475588082931e+01 1.149362394535446796e+01
1.182764992002988613e+01 1.166954669397478028e+01
1.198566710176152839e+01 1.184472868144791313e+01
1.215648900134340593e+01 1.197866485241369361e+01
1.231731166968155122e+01 1.213865525374840715e+01
1.247136293087266878e+01 1.232197862606722971e+01
1.263829683838743634e+01 1.246789930755845610e+01
1.279990740338771182e+01 1.263563408892178153e+01
1.296199583113521214e+01 1.275662006701457507e+01
1.312063776977920426e+01 1.293899544269284085e+01
1.329358603707850506e+01 1.308517464227679383e+01
1.345613634002895331e+01 1.330631601026698796e+01
1.361245609899546416e+01 1.341838254628450855e+01
1.377068492708517589e+01 1.360941980990062383e+01
1.393176976159336355e+01 1.379439074359789075e+01
1.410419565962403610e+01 1.394032361849858859e+01
1.425418091720902325e+01 1.415759477040011127e+01
1.441607415258767411e+01 1.430420630083199818e+01
1.459256279729700800e+01 1.438743623113821712e+01
1.475337419410089979e+01 1.452603158838939201e+01
1.491110154816719380e+01 1.478121120219293338e+01
1.509034877909653183e+01 1.488436735335573324e+01
1.524062954487120791e+01 1.503136789040160792e+01
1.540305881276675493e+01 1.523201640736219531e+01
1.558395808253866122e+01 1.540196842939622179e+01
1.573669000021817688e+01 1.554557502453377182e+01
1.590568690165799026e+01 1.570596698153052095e+01
1.608006005013525197e+01 1.590454371418823065e+01
1.623145281333968626e+01 1.599373266883703693e+01
1.611968194530152587e+01 1.629775373240842029e+01
1.653553992227411129e+01 1.635529466213971261e+01
