0.000000000000000000e+00 0.000000000000000000e+00
2.818330372479877638e-03 0.000000000000000000e+00
2.811924394346778256e-03 0.000000000000000000e+00
1.817561937023343815e-02 0.000000000000000000e+00
6.263924819844651770e-02 -1.464766527259425948e-03
7.181503953591047984e-02 3.407300135167675159e-01
4.574158163724317272e-01 1.313445580925574896e-01
4.633190402177552181e-01 7.497860596701794167e-01
7.986705517489538497e-01 8.693778626654002917e-01
9.742123273136705786e-01 9.305806674413822366e-01
1.081508167155834865e+00 1.052003133732693385e+00
1.194094365192281071e+00 1.162186338880506264e+00
1.297833792030056221e+00 1.268066379427475132e+00
1.408567955998541565e+00 1.377247242742495104e+00
1.515848597630377048e+00 1.449864344585698461e+00
1.622593289120142224e+00 1.600402466106266797e+00
1.732041095656879914e+00 1.680989855680664169e+00
1.842198888573814530e+00 1.792259658978536896e+00
1.949864980033097162e+00 1.906668405605687067e+00
2.060054603291785913e+00 2.009359358894832415e+00
2.165343984703205216e+00 2.108652938390755960e+00
2.271555246795834204e+00 2.209106963394779299e+00
2.382210810130218626e+00 2.331478297603872818e+00
2.494377152678892262e+00 2.426287632860000709e+00
2.598782209374061125e+00 2.554043263619964144e+00
2.709636352313178342e+00 2.630786843069940595e+00
2.815803546885493169e+00 2.756890911409751510e+00
2.924881945741048650e+00 2.880667077684454291e+00
3.031383511684186072e+00 2.974367797849026829e+00
3.139062318529960649e+00 3.088840054773981159e+00
3.253176829091904310e+00 3.184005948002496034e+00
3.361738735533422062e+00 3.305649978097659147e+00
3.469468184240287911e+00 3.408147035029950533e+00
3.570054451191131406e+00 3.515228318576354649e+00
3.678100842787630942e+00 3.618161438822202758e+00
3.791557443995908105e+00 3.723933530564929484e+00
3.901798773730047021e+00 3.843561555928516782e+00
4.005896612744445306e+00 3.952349600601149149e+00
4.113220046585766454e+00 4.036970787817065087e+00
4.219242974483417008e+00 4.164775966618881498e+00
4.328668041043649772e+00 4.272408369048756427e+00
4.434039141777026849e+00 4.377869524377723920e+00
4.540873749078717658e+00 4.471149893583922896e+00
4.649498270331216432e+00 4.592677567314370712e+00
4.752705103311494206e+00 4.681635408803878740e+00
4.859328470305333880e+00 4.801576500488155652e+00
4.968962830399418884e+00 4.923556426304012135e+00
5.080407187856054385e+00 5.028734043955803479e+00
5.185931901298636681e+00 5.087138860733086965e+00
5.286038112028536240e+00 5.191394821240178814e+00
5.401949005416149419e+00 5.346570796634011025e+00
5.510444908858748825e+00 5.453891258255693764e+00
5.618307765777402984e+00 5.535445379388219678e+00
5.724833447968103783e+00 5.654530340251765708e+00
5.840629228556474928e+00 5.765946038513712679e+00
5.942281661685747451e+00 5.828402747842567955e+00
6.050768163705227742e+00 5.987710870210753988e+00
6.161369414002013656e+00 6.105498400143824611e+00
6.267844947034419967e+00 6.194312611323569584e+00
6.376331528564356255e+00 6.324523123242395961e+00
6.492028317890197187e+00 6.408342927232011377e+00
6.600043329616912757e+00 6.487813048565092444e+00
6.705729493104219507e+00 6.623387346158229327e+00
6.819732288242248863e+00 6.738308748950978533e+00
6.925977834143351330e+00 6.804843029334815441e+00
7.035517232408940558e+00 6.903839574013565183e+00
7.141945070221029646e+00 7.051396662372131807e+00
7.249404285017762462e+00 7.142438567580014386e+00
7.357582810615374669e+00 7.266111686175068307e+00
7.466122746306352198e+00 7.390687234018179730e+00
7.576009293177827786e+00 7.480913024697581015e+00
7.679827786114789667e+00 7.568491799599865288e+00
7.787412104874952057e+00 7.709975150001102229e+00
7.897025108424152506e+00 7.792520011490987386e+00
8.004065661877179494e+00 7.919342808479065354e+00
8.119426826158589350e+00 7.984057317518883146e+00
8.220065322867476709e+00 8.095687772700113527e+00
8.329730277404529204e+00 8.226567634685157060e+00
8.435378268385219869e+00 8.332941686145840521e+00
8.547637944157319367e+00 8.436013331545966665e+00
8.649622141195514757e+00 8.478168173871631907e+00
8.765694296074705960e+00 8.661363320910618668e+00
8.872876934391900505e+00 8.730462531561776984e+00
8.998268484726047234e+00 8.872280703313236927e+00
9.088405083878953405e+00 8.980041626323753690e+00
9.206561792299602587e+00 9.117822860824531972e+00
9.305184583127326547e+00 9.178678777513511022e+00
9.417157335069417101e+00 9.299650448389089163e+00
9.525980224072680969e+00 9.403576853987980044e+00
9.632241913976887560e+00 9.490975557016101405e+00
9.746333056349342883e+00 9.589421031144977903e+00
9.849070714959148987e+00 9.715978850390291299e+00
9.965060313055470687e+00 9.808780889059322661e+00
1.007576996166247696e+01 9.937055219090037639e+00
1.017524574042366403e+01 1.005560715811606443e+01
1.029272782334349046e+01 1.014947757545289697e+01
1.039700006689012213e+01 1.025587669090628928e+01
1.050802958882741400e+01 1.034872637084098379e+01
1.060859145873302012e+01 1.052025032957386408e+01
1.071684933258959838e+01 1.056617818431917932e+01
1.082863243983078760e+01 1.071513764898422671e+01
