0.000000000000000000e+00 0.000000000000000000e+00
9.358172515593768739e-03 0.000000000000000000e+00
3.047330583105366947e-02 0.000000000000000000e+00
1.107163988570148416e-01 0.000000000000000000e+00
1.209306622223308286e-01 2.503578442003686622e-01
3.600537566972389913e-01 3.042897772762322983e-01
4.537036378922698621e-01 4.119916329692139834e-01
5.438363297347718062e-01 5.129565005318271753e-01
6.246755457723680571e-01 5.940820001715595433e-01
7.056742002024636307e-01 6.797764510125955395e-01
7.921854685550610009e-01 7.561424158221612402e-01
8.706206068133450771e-01 8.515896450651962990e-01
9.484617083033666241e-01 9.219887409524282207e-01
1.026859272747689733e+00 9.969116896141988482e-01
1.113169071966377377e+00 1.081570730905409006e+00
1.190592434286475321e+00 1.157088849294610089e+00
1.271559499934179271e+00 1.234728131519082783e+00
1.351667323146088284e+00 1.301966358985174654e+00
1.433633886555438330e+00 1.377824065861309677e+00
1.514023257956537583e+00 1.475155981221981660e+00
1.592496057386330044e+00 1.535449389601552195e+00
1.664733650389051078e+00 1.621675740020586565e+00
1.748601978108025756e+00 1.702896389393386833e+00
1.829009695065974661e+00 1.771831916139730012e+00
1.906001918942945572e+00 1.860393774391134958e+00
1.990537393937278132e+00 1.938251976884336925e+00
2.068273052946661750e+00 2.024422176385094918e+00
2.150145270418946986e+00 2.093297112624718626e+00
2.226181145977628173e+00 2.164618730672879909e+00
2.305860794941670289e+00 2.238063116698944643e+00
2.386323014253646235e+00 2.350352634725585421e+00
2.465296593036768513e+00 2.411913181912985316e+00
2.548407882458519680e+00 2.484757835220055888e+00
2.625299733828229343e+00 2.574203008168644224e+00
2.704612281034177279e+00 2.652249967577469558e+00
2.782258319910936084e+00 2.734168427692018621e+00
2.858827929743392282e+00 2.801485501455861726e+00
2.937860248426776177e+00 2.894200409914544636e+00
3.022157119176176909e+00 2.958340621807711290e+00
3.101615824356254603e+00 3.035498725131346998e+00
3.175766965728503255e+00 3.126968915472256860e+00
3.259514613171547115e+00 3.185558076210965428e+00
3.340641947060466688e+00 3.273841990709438043e+00
3.420974375205875884e+00 3.339303067503022859e+00
3.498612878655768199e+00 3.440372129192860839e+00
3.581976164599121493e+00 3.511365494552955546e+00
3.656877657724140640e+00 3.617384134967748910e+00
3.740937974679306777e+00 3.675934304952193976e+00
3.827011385914687036e+00 3.723779452991993644e+00
3.900289881263575786e+00 3.835816012183030477e+00
3.980476724897115570e+00 3.884676444445015697e+00
4.059408222644312225e+00 3.967237360480175834e+00
4.143395142469548986e+00 4.041539928196336895e+00
4.217757983685592293e+00 4.153671175398554460e+00
4.297752000488322288e+00 4.228134044118573520e+00
4.377395295785336593e+00 4.301613535632912821e+00
4.454336499743135391e+00 4.384231096011855122e+00
4.533501877889328568e+00 4.461022323972528625e+00
4.614771944851788099e+00 4.500830848027399966e+00
4.692013151320620246e+00 4.611237049754987716e+00
4.777154418224935029e+00 4.697932885824884330e+00
4.854206434916681800e+00 4.766407475840614083e+00
4.927863719096346351e+00 4.863432622954791285e+00
5.015574608761371955e+00 4.909092613704950203e+00
5.095573287492361381e+00 5.004556232469068000e+00
5.173163432889551494e+00 5.077608640735110868e+00
5.255488929707354373e+00 5.180469777793626385e+00
5.334110056447359582e+00 5.237934137388193356e+00
5.414778433967533999e+00 5.312231493199952581e+00
5.490769375286290277e+00 5.392006545756685476e+00
5.573639346079193757e+00 5.484754375938940107e+00
5.653267374504197917e+00 5.547190279629655052e+00
5.731724146473831993e+00 5.633283685822095599e+00
5.813403421255134873e+00 5.709453884798688428e+00
5.889795345845610264e+00 5.794613714171412688e+00
5.969566797746377773e+00 5.864165324500616450e+00
6.046155474608177371e+00 5.963097986126191685e+00
6.123936036788137471e+00 6.039599828182989683e+00
6.206162787966993832e+00 6.105505948776754011e+00
6.286199178703093970e+00 6.196705031223025628e+00
6.363834245863634109e+00 6.267556779068308437e+00
6.442898930805641022e+00 6.365553166873255009e+00
6.520322164185464509e+00 6.430259628391724824e+00
6.599445414870475091e+00 6.474146468165271173e+00
6.674357495208937507e+00 6.589684355101889324e+00
6.754611812305081564e+00 6.686931917315121154e+00
6.832387877338912396e+00 6.735267982744270299e+00
6.912728488369901392e+00 6.843076582504478367e+00
6.991915243728289653e+00 6.913759247109432238e+00
7.069427628261953700e+00 7.002175705213153023e+00
7.153407820275801576e+00 7.057017855037473808e+00
7.229250957197404404e+00 7.144966113031458121e+00
7.314037197109699129e+00 7.199445913224472804e+00
7.388852557870545290e+00 7.303568146459970656e+00
7.468770269023236708e+00 7.357390889372872778e+00
7.550400971610704559e+00 7.469094974235368944e+00
7.628972469327965023e+00 7.533192594703490563e+00
7.713116415678541671e+00 7.600898770768959700e+00
7.791471895488146338e+00 7.668678451268853280e+00
7.874777134425468006e+00 7.723527824270847830e+00
7.949618431071250768e+00 7.848995473307520676e+00
