0.000000000000000000e+00 0.000000000000000000e+00
9.309879865718964087e-01 1.388034228845500984e+00
1.487732013031186185e+00 1.482849582226254403e+00
1.514127242881250224e+00 1.521663707354847350e+00
1.549547108046534838e+00 1.560724228402497138e+00
1.694279392747246815e+00 1.760332238785650372e+00
1.814170110530654467e+00 1.957149371600426013e+00
1.989917799840456691e+00 2.140144457790277510e+00
2.185927995613809571e+00 2.377663456209063053e+00
2.324530345687834565e+00 2.545221757169168875e+00
2.552686012549263417e+00 2.696013050171510717e+00
2.704515841926839137e+00 2.842982104959140610e+00
2.872967066565097927e+00 2.990942517112390675e+00
2.995172361847552978e+00 3.133712580809226100e+00
3.128077536127939595e+00 3.261542875602740477e+00
3.273411112475475004e+00 3.381964862808352290e+00
3.417602193509486685e+00 3.509942775679274707e+00
3.561526350693615672e+00 3.630026813608986380e+00
3.703394365716434322e+00 3.756554774318979550e+00
3.837167456251234565e+00 3.882379800941555992e+00
4.002226015219922495e+00 3.959420806280196103e+00
4.062528061568842830e+00 4.137105949707434505e+00
4.256156776698824196e+00 4.210085022147830536e+00
4.380809217287229274e+00 4.282298802706188567e+00
4.513985155654515857e+00 4.402577260363409017e+00
4.539911976383971037e+00 4.655099018534602173e+00
4.674296113373541672e+00 4.785333593005530517e+00
4.824927580228051127e+00 4.922221440262698700e+00
5.052148283877944124e+00 4.957820778047051569e+00
5.185259982696704739e+00 5.076693349192061611e+00
5.326367288157841884e+00 5.253394353238200587e+00
5.468828559292704838e+00 5.379436325152797238e+00
5.596829835921226959e+00 5.507115096828132828e+00
5.747010945078875110e+00 5.616697469864196712e+00
5.774933081858018902e+00 5.877838607095731582e+00
6.014376215920273161e+00 5.874455943231395416e+00
6.157623790824532151e+00 6.047473567240950310e+00
6.299879007574644696e+00 6.188756919812042234e+00
6.309871069627888573e+00 6.421207235470760111e+00
6.569081877453869289e+00 6.460265840326582243e+00
6.705523697342369971e+00 6.594443943470201575e+00
6.859270278879136207e+00 6.740297917777168024e+00
6.991384763368054145e+00 6.855999631293988372e+00
7.129771426916665433e+00 7.015393168239849153e+00
7.268794350160927564e+00 7.148694894716616233e+00
7.411320551516102917e+00 7.289302224270679531e+00
7.559147621654904725e+00 7.439125104541128408e+00
7.700155822718333098e+00 7.535021421596763247e+00
7.839572418870965897e+00 7.719392368419405237e+00
7.883694723442146390e+00 7.966744408298371383e+00
8.133377818144227334e+00 8.008498173410648846e+00
8.264489849919149478e+00 8.151701841474794819e+00
8.402682885302747096e+00 8.302155206270002807e+00
8.542612090910274958e+00 8.447202275038341313e+00
8.685416757407768529e+00 8.584479318886000243e+00
8.828585855064348564e+00 8.719698071851739840e+00
8.972581272407076369e+00 8.895095990171885347e+00
9.121641466897743911e+00 9.022560382565037784e+00
9.254988425376623695e+00 9.118016625954417975e+00
9.396142931408144605e+00 9.286309355558360679e+00
9.559196965746714625e+00 9.450989577885493986e+00
9.680745981190540306e+00 9.592008998887671112e+00
9.828491328138911243e+00 9.774304256588116857e+00
9.976269676706685630e+00 9.882455817071683413e+00
1.011479804706963748e+01 1.003323012486030841e+01
1.025786741080433195e+01 1.012406988955680731e+01
1.040450905885790256e+01 1.033636696149231149e+01
1.055391923183803904e+01 1.044578157359628534e+01
1.070053593777890732e+01 1.059838859018994306e+01
1.084904829040057272e+01 1.077541117819805017e+01
1.098738234318706652e+01 1.088318551280507940e+01
1.112824531599143718e+01 1.104436021622334430e+01
1.128847423712810460e+01 1.118226506068432435e+01
1.144623819602654180e+01 1.126575363328582213e+01
1.158077300640839447e+01 1.148517255124711411e+01
1.172639242786604896e+01 1.161672588478840673e+01
1.189421822823456587e+01 1.174439370982060282e+01
1.203035472910088366e+01 1.188441854193884595e+01
1.217960167171252372e+01 1.204894510786434658e+01
1.233841861854505062e+01 1.224179976338783149e+01
1.247640518966002254e+01 1.229317479636204169e+01
1.263556989298121636e+01 1.250011325846776522e+01
1.277971007380280177e+01 1.258719208513660881e+01
1.292657761230603874e+01 1.272796656202661936e+01
1.309092562214140898e+01 1.289416499946561245e+01
1.323200536663372340e+01 1.307307339836191495e+01
1.337120891734238448e+01 1.317701007278845360e+01
1.352494515701202893e+01 1.335858690401025228e+01
1.366833844065756765e+01 1.350261804158265377e+01
1.382580581002130238e+01 1.360580739124429606e+01
1.397964651319419893e+01 1.375004934761388675e+01
1.411308419516013579e+01 1.387291021092642751e+01
1.425972141684008321e+01 1.409585490785748441e+01
1.441817956041098903e+01 1.415857135847745951e+01
1.456051436441220659e+01 1.433384230124873149e+01
1.471513218324092342e+01 1.449561333956826559e+01
1.486562288861896342e+01 1.462194291723933581e+01
1.501658664671882093e+01 1.476938864691905628e+01
1.497735600493086494e+01 1.508935708494192873e+01
1.530693736269455485e+01 1.511109798018550876e+01
1.545292593702328432e+01 1.528328872713037789e+01
