0.000000000000000000e+00 0.000000000000000000e+00
0.000000000000000000e+00 0.000000000000000000e+00
0.000000000000000000e+00 0.000000000000000000e+00
0.000000000000000000e+00 0.000000000000000000e+00
0.000000000000000000e+00 0.000000000000000000e+00
0.000000000000000000e+00 0.000000000000000000e+00
0.000000000000000000e+00 0.000000000000000000e+00
0.000000000000000000e+00 0.000000000000000000e+00
0.000000000000000000e+00 0.000000000000000000e+00
0.000000000000000000e+00 0.000000000000000000e+00
0.000000000000000000e+00 0.000000000000000000e+00
0.000000000000000000e+00 0.000000000000000000e+00
0.000000000000000000e+00 0.000000000000000000e+00
0.000000000000000000e+00 0.000000000000000000e+00
0.000000000000000000e+00 0.000000000000000000e+00
0.000000000000000000e+00 0.000000000000000000e+00
0.000000000000000000e+00 0.000000000000000000e+00
0.000000000000000000e+00 0.000000000000000000e+00
0.000000000000000000e+00 0.000000000000000000e+00
0.000000000000000000e+00 0.000000000000000000e+00
0.000000000000000000e+00 0.000000000000000000e+00
0.000000000000000000e+00 0.000000000000000000e+00
0.000000000000000000e+00 0.000000000000000000e+00
0.000000000000000000e+00 0.000000000000000000e+00
0.000000000000000000e+00 0.000000000000000000e+00
0.000000000000000000e+00 0.000000000000000000e+00
0.000000000000000000e+00 0.000000000000000000e+00
0.000000000000000000e+00 0.000000000000000000e+00
0.000000000000000000e+00 0.000000000000000000e+00
0.000000000000000000e+00 0.000000000000000000e+00
0.000000000000000000e+00 0.000000000000000000e+00
0.000000000000000000e+00 0.000000000000000000e+00
0.000000000000000000e+00 0.000000000000000000e+00
0.000000000000000000e+00 0.000000000000000000e+00
0.000000000000000000e+00 0.000000000000000000e+00
0.000000000000000000e+00 0.000000000000000000e+00
0.000000000000000000e+00 0.000000000000000000e+00
0.000000000000000000e+00 0.000000000000000000e+00
0.000000000000000000e+00 0.000000000000000000e+00
0.000000000000000000e+00 0.000000000000000000e+00
0.000000000000000000e+00 0.000000000000000000e+00
0.000000000000000000e+00 0.000000000000000000e+00
0.000000000000000000e+00 0.000000000000000000e+00
0.000000000000000000e+00 0.000000000000000000e+00
0.000000000000000000e+00 0.000000000000000000e+00
0.000000000000000000e+00 0.000000000000000000e+00
0.000000000000000000e+00 0.000000000000000000e+00
0.000000000000000000e+00 0.000000000000000000e+00
0.000000000000000000e+00 0.000000000000000000e+00
0.000000000000000000e+00 0.000000000000000000e+00
0.000000000000000000e+00 0.000000000000000000e+00
0.000000000000000000e+00 0.000000000000000000e+00
0.000000000000000000e+00 0.000000000000000000e+00
0.000000000000000000e+00 0.000000000000000000e+00
0.000000000000000000e+00 0.000000000000000000e+00
0.000000000000000000e+00 0.000000000000000000e+00
0.000000000000000000e+00 0.000000000000000000e+00
0.000000000000000000e+00 0.000000000000000000e+00
0.000000000000000000e+00 0.000000000000000000e+00
0.000000000000000000e+00 0.000000000000000000e+00
0.000000000000000000e+00 0.000000000000000000e+00
0.000000000000000000e+00 0.000000000000000000e+00
0.000000000000000000e+00 0.000000000000000000e+00
0.000000000000000000e+00 0.000000000000000000e+00
0.000000000000000000e+00 0.000000000000000000e+00
0.000000000000000000e+00 3.079332047734648636e-01
2.492539765781191519e-01 3.862626621995576270e-01
3.224343780032521423e-01 2.147418875134565197e-01
9.993947539373362332e-01 0.000000000000000000e+00
2.607580062663400478e-01 5.012544635288193717e+00
7.604083237987630639e+00 1.304538382501053917e+01
1.656196291563525946e+01 1.848582199343621824e+01
2.094550540895231805e+01 2.165651120938145979e+01
2.258193212859557875e+01 2.335171101122125492e+01
2.415106947892715183e+01 2.483073548494667548e+01
2.524836599257041314e+01 2.573365255527065898e+01
2.598106795727942142e+01 2.637809617672049001e+01
2.675440283741906455e+01 2.692827826450710305e+01
2.726760581669072181e+01 2.743127037494709342e+01
2.780469787789852631e+01 2.785263730918048353e+01
2.832781593286633282e+01 2.821973210828500456e+01
2.877023307970356569e+01 2.868502328174030680e+01
2.918888049605091339e+01 2.902404965782258373e+01
2.961047198265535840e+01 2.949580658731544247e+01
3.001293282428024156e+01 2.989152505758023182e+01
3.041883326394816578e+01 3.033954473603136748e+01
3.082818906335841191e+01 3.078860803743361529e+01
3.122055475222175147e+01 3.110904084801295255e+01
3.163021662533575196e+01 3.147524705317772487e+01
3.201246275934192909e+01 3.187238929654445130e+01
3.238285067655014160e+01 3.225918054135310342e+01
3.277250174590707843e+01 3.267918431549253455e+01
3.315322999290853545e+01 3.305358853595549817e+01
3.353557460515713018e+01 3.343539483707452575e+01
3.391540862601689810e+01 3.377281869785397816e+01
3.429118839421879272e+01 3.416369597943820935e+01
3.468746557375492756e+01 3.456490923068808030e+01
3.506844118910861141e+01 3.490067484160427114e+01
3.542731496128425306e+01 3.527088427888121203e+01
3.580621653030286211e+01 3.562457095726659162e+01
3.619657288293221598e+01 3.600545273179152872e+01
