0.000000000000000000e+00 0.000000000000000000e+00
0.000000000000000000e+00 0.000000000000000000e+00
0.000000000000000000e+00 0.000000000000000000e+00
5.900818854516476364e-02 9.244238383866107966e-01
1.275094499459215047e-01 1.600531727375959168e+00
1.969783295433005677e+00 2.482056278901981994e+00
2.719978781017319491e+00 2.755763836110807219e+00
2.754573717745193218e+00 2.779922773846120077e+00
2.828474143749942105e+00 2.943991073627481025e+00
2.997637065515488697e+00 2.926201069130191623e+00
3.095635768430291535e+00 3.179238905397622439e+00
3.285817052280563644e+00 3.361447102662109554e+00
3.434052507108255714e+00 3.658082146472487306e+00
3.574232555439174508e+00 3.857124289617496871e+00
3.769796596254815668e+00 4.066947747389468404e+00
3.955844541140651316e+00 4.242847952275137224e+00
4.114133178990489803e+00 4.394762239483279487e+00
4.344076075866360576e+00 4.560103082701966848e+00
4.545230612540130721e+00 4.698473266168703866e+00
4.710766990890279615e+00 4.850346174827423695e+00
4.892562159286060641e+00 4.997776521890857637e+00
5.042939992649058567e+00 5.155924110278851558e+00
5.190987959635132931e+00 5.296553792878976097e+00
5.338405816629302691e+00 5.440262476210510734e+00
5.488034101653132879e+00 5.579622157446148201e+00
5.701262920426032110e+00 5.582681794195269553e+00
5.838237088839142608e+00 5.676074622294342120e+00
5.831974592683936365e+00 6.009771349216490144e+00
6.030859090759746799e+00 6.169635485365559724e+00
6.184775107350420242e+00 6.317010932673660761e+00
6.342294791516330577e+00 6.472956584822620485e+00
6.495415966247799489e+00 6.625567211487720876e+00
6.629541034131122501e+00 6.781849781400157262e+00
6.797245041357243167e+00 6.934455980870682268e+00
6.940457032829056239e+00 7.093097794059454841e+00
7.109362114169315738e+00 7.240035743264411572e+00
7.237866693214114022e+00 7.390839295000120046e+00
7.537225173524958244e+00 7.357569671710312065e+00
7.675438236713287843e+00 7.534375957805509394e+00
7.823905615517721124e+00 7.672837379570061955e+00
7.977111488865158861e+00 7.808020618083304498e+00
8.130697484317517265e+00 7.976475758786283343e+00
8.128508608447614137e+00 8.275551569677453756e+00
8.440429693724292193e+00 8.287561588188365747e+00
8.454943330024374148e+00 8.588605862657948009e+00
8.742963293526139879e+00 8.622887538744029357e+00
8.893605648242361994e+00 8.762378735938259666e+00
9.055173569006779388e+00 8.938737970260191901e+00
9.211086057664140014e+00 9.063305630765043475e+00
9.369662517872432872e+00 9.234278362644808169e+00
9.382200555693936295e+00 9.501492645519787672e+00
9.678470573736584370e+00 9.539713656490786065e+00
9.682156347313902955e+00 9.815939254280404924e+00
9.998733209924559162e+00 9.843808023360660187e+00
1.015149400905964328e+01 1.000751200880537972e+01
1.031835849709963249e+01 1.016555127181795548e+01
1.048483374478939822e+01 1.034928790156849132e+01
1.064581682061237977e+01 1.047653933436159512e+01
1.067642274906583388e+01 1.076866026998388470e+01
1.094466536358877029e+01 1.081061929485151296e+01
1.110504469410752293e+01 1.098918897152623053e+01
1.126931942350739924e+01 1.113367309241011327e+01
1.143689826218684402e+01 1.121907977010110358e+01
1.159484050912701569e+01 1.143826229149185281e+01
1.177219200736503879e+01 1.158099587023876786e+01
1.192787592543377784e+01 1.177098648978782869e+01
1.207898245737057508e+01 1.195174287533743041e+01
1.225968830607796711e+01 1.214342753923247287e+01
1.242396470409998521e+01 1.225087808546981449e+01
1.259374879764455279e+01 1.242754240799161636e+01
1.276014971568194589e+01 1.257372928647236243e+01
1.292642049334970622e+01 1.272359656696503194e+01
1.309989942009331365e+01 1.294137380062047704e+01
1.311842531582659888e+01 1.319730982875586989e+01
1.342555385238997445e+01 1.328290555047248667e+01
1.359091609022637037e+01 1.343478590790638982e+01
1.373992228566588025e+01 1.360984840213936309e+01
1.391860208333792315e+01 1.378580697275720190e+01
1.408070237531305224e+01 1.392978646025941103e+01
1.426945174842746944e+01 1.409375432474979384e+01
1.442508619159961825e+01 1.424813390227064858e+01
1.460515607963737850e+01 1.439883989623983318e+01
1.476883047154700712e+01 1.462015890316456179e+01
1.494472187737873092e+01 1.479473032293501866e+01
1.511892370706484634e+01 1.492040365526413481e+01
1.527913914923840721e+01 1.508377695680726838e+01
1.546132248369397111e+01 1.525193116218455991e+01
1.562035784616380596e+01 1.541899314133536514e+01
1.579267224844300266e+01 1.561407891329038478e+01
1.596448562512957281e+01 1.572935479011876403e+01
1.613841704636490704e+01 1.593861610038440091e+01
1.631798600486298056e+01 1.602175745565330445e+01
1.647591283869213541e+01 1.629233347343995675e+01
1.665265583489011547e+01 1.641861835380156620e+01
1.681707082585963775e+01 1.660045454963363554e+01
1.699579361822575052e+01 1.673230191353722418e+01
1.717138203843682831e+01 1.701519106885517374e+01
1.733290284873939413e+01 1.712968669254576426e+01
1.750679673759716337e+01 1.731011324029551446e+01
1.768718515729127816e+01 1.749885611259891149e+01
1.785439273726894172e+01 1.759994851943897132e+01
