0.000000000000000000e+00 0.000000000000000000e+00
0.000000000000000000e+00 0.000000000000000000e+00
0.000000000000000000e+00 0.000000000000000000e+00
0.000000000000000000e+00 0.000000000000000000e+00
0.000000000000000000e+00 0.000000000000000000e+00
0.000000000000000000e+00 0.000000000000000000e+00
0.000000000000000000e+00 0.000000000000000000e+00
0.000000000000000000e+00 0.000000000000000000e+00
0.000000000000000000e+00 0.000000000000000000e+00
0.000000000000000000e+00 0.000000000000000000e+00
0.000000000000000000e+00 0.000000000000000000e+00
0.000000000000000000e+00 0.000000000000000000e+00
0.000000000000000000e+00 0.000000000000000000e+00
0.000000000000000000e+00 0.000000000000000000e+00
0.000000000000000000e+00 0.000000000000000000e+00
0.000000000000000000e+00 0.000000000000000000e+00
0.000000000000000000e+00 0.000000000000000000e+00
0.000000000000000000e+00 0.000000000000000000e+00
0.000000000000000000e+00 0.000000000000000000e+00
0.000000000000000000e+00 0.000000000000000000e+00
0.000000000000000000e+00 0.000000000000000000e+00
0.000000000000000000e+00 0.000000000000000000e+00
6.960200303576575820e-01 0.000000000000000000e+00
1.438293527285663953e-01 8.499007206688015403e-02
1.762439776328046381e-01 3.139394343104943280e-02
3.391682388691287242e-01 4.115161244288515263e+00
5.214418607334618372e+00 7.609417505034914875e+00
9.162956343501832635e+00 9.341149400510316170e+00
9.885073469692287063e+00 9.814105104397192747e+00
1.000827824162659319e+01 1.018631007194986715e+01
1.032978891176013647e+01 1.037109565138399603e+01
1.049970941354519915e+01 1.056546996686121886e+01
1.073120493383645524e+01 1.081790628925507392e+01
1.091538574288791708e+01 1.101448342120865576e+01
1.110920021579973138e+01 1.123928924735801260e+01
1.126002886688518423e+01 1.146435416361945769e+01
1.153189279970159831e+01 1.170427593649128362e+01
1.173227222565566130e+01 1.193407426685975992e+01
1.199713025161586799e+01 1.215663640112191679e+01
1.227755139753598890e+01 1.237657138777165322e+01
1.246656041902985557e+01 1.259811987658294719e+01
1.267585804063707222e+01 1.283720581292742757e+01
1.287244425579798701e+01 1.306148040071399485e+01
1.307836171654218305e+01 1.329598658557424251e+01
1.330574482096242583e+01 1.350387546588664733e+01
1.350283046691788691e+01 1.372092268023488337e+01
1.373637494017170724e+01 1.393139518720474967e+01
1.394783204494748929e+01 1.415454859675219090e+01
1.414460863718418260e+01 1.436314244965366527e+01
1.438467741532282673e+01 1.457572125758710158e+01
1.459456746488848466e+01 1.478555246491402997e+01
1.479111756004191314e+01 1.499070119537465473e+01
1.519185249495720136e+01 1.501753904265907735e+01
1.522229953767111432e+01 1.541448320274087358e+01
1.561900881045339595e+01 1.543851781219325403e+01
1.583708696587772558e+01 1.563366892520812534e+01
1.587529693423054056e+01 1.603853441366080546e+01
1.626432022730075033e+01 1.610176964598776905e+01
1.632676668185828106e+01 1.645649356106104122e+01
1.669004911734511509e+01 1.655454003870552526e+01
1.690649500719878517e+01 1.680196971740608092e+01
1.712797945190260052e+01 1.701703777296852493e+01
1.735073967004603901e+01 1.726446003977491372e+01
1.758917013050876932e+01 1.744464420606275468e+01
1.780601404947983468e+01 1.767964438961103468e+01
1.804145672729007543e+01 1.794084226877187049e+01
1.827266078740924016e+01 1.812553117153346349e+01
1.851411202636251119e+01 1.841991910330287396e+01
1.873549157654354147e+01 1.865957479660667317e+01
1.899098946020406586e+01 1.884613330118256869e+01
1.921948974833050272e+01 1.907451028921810021e+01
1.946423267190181861e+01 1.935187368275577313e+01
1.970133028761520322e+01 1.958936223007833277e+01
1.994833777512970840e+01 1.980472922408065628e+01
2.006183625449363461e+01 2.012400136723855937e+01
2.039489097108134175e+01 2.026410763078361299e+01
2.062869335001711946e+01 2.052484406936957839e+01
2.087325422677383102e+01 2.077821855598320511e+01
2.112929645729114725e+01 2.104288812477716775e+01
2.137564397543427219e+01 2.123273215718784002e+01
2.162921194266633407e+01 2.140875764422316152e+01
2.188176418088557185e+01 2.172080105606962519e+01
2.213214912593344508e+01 2.192896335879208536e+01
2.237843532661024426e+01 2.220736110977949807e+01
2.262445762772636826e+01 2.241783495028059292e+01
2.287806171641958031e+01 2.272096749262243875e+01
2.313311574501337020e+01 2.295816833306324156e+01
2.338756024439099690e+01 2.317307857363887535e+01
2.364057647143087237e+01 2.338816138561320912e+01
2.389054554113430129e+01 2.365090087615499215e+01
2.413206838564770607e+01 2.396784864180266084e+01
2.439474547656042702e+01 2.421710074451013028e+01
2.464430558397230797e+01 2.440937060040234030e+01
2.489314035651790036e+01 2.471986011611036815e+01
2.514095550392667633e+01 2.491107515907889081e+01
2.540241067430744693e+01 2.513613583633240012e+01
2.565782277778972542e+01 2.543926373949268793e+01
2.591857604310571617e+01 2.573776347963127975e+01
2.617739830608049090e+01 2.588799400686474428e+01
2.642807293501694232e+01 2.619726970062074045e+01
2.669150355789485829e+01 2.644340848758412221e+01
