0.000000000000000000e+00 0.000000000000000000e+00
0.000000000000000000e+00 0.000000000000000000e+00
0.000000000000000000e+00 0.000000000000000000e+00
0.000000000000000000e+00 0.000000000000000000e+00
0.000000000000000000e+00 0.000000000000000000e+00
0.000000000000000000e+00 0.000000000000000000e+00
0.000000000000000000e+00 0.000000000000000000e+00
0.000000000000000000e+00 0.000000000000000000e+00
0.000000000000000000e+00 0.000000000000000000e+00
2.177602666301138926e-02 0.000000000000000000e+00
2.177602666301138926e-02 0.000000000000000000e+00
4.437103911553273716e-02 0.000000000000000000e+00
1.081027647521886959e+00 1.781351255752666285e+00
2.579622564137814322e+00 4.856009223398174868e+00
4.536059052591378205e+00 5.261956838517970247e+00
5.378838016652363940e+00 5.548101450695553716e+00
5.651750960331953344e+00 5.701894111829070688e+00
5.751626833799298844e+00 5.859291683172118681e+00
5.898108590349570690e+00 6.124737199922049236e+00
6.169722459256518299e+00 6.343174308920462856e+00
6.364651921036411863e+00 6.550963218876614924e+00
6.584725705520449779e+00 6.756864547387006148e+00
6.830346700079735989e+00 6.973107584082066879e+00
7.035116190737070951e+00 7.165803569765131442e+00
7.259062807025910224e+00 7.184642162025490109e+00
7.427675549405762467e+00 7.610931321632559587e+00
7.607953264164245333e+00 7.869449447887155280e+00
7.852293882069526276e+00 8.081641782644405581e+00
8.043280311438714136e+00 8.265661754415068785e+00
8.239296765398885114e+00 8.460591172226751056e+00
8.477600484909764589e+00 8.634750560704398836e+00
8.662599163641152344e+00 8.822973572188811175e+00
8.847771449442534575e+00 8.998125491993432590e+00
9.041193480989990761e+00 9.170219124085877027e+00
9.230474598016737531e+00 9.348745525193441708e+00
9.405347869297862928e+00 9.519176240584990012e+00
9.532959515149741492e+00 9.694621741439904739e+00
9.727893995598037691e+00 9.866917012030745227e+00
1.001566431995382622e+01 9.901866654237943877e+00
1.001776267724064340e+01 1.018904978837014852e+01
1.035272977564265595e+01 1.022658334158981752e+01
1.035522972331047065e+01 1.053850594031354326e+01
1.070343890311522550e+01 1.056793760030386764e+01
1.086711024260307568e+01 1.072150650825432017e+01
1.087964987418630436e+01 1.104179141778728024e+01
1.122225896761039721e+01 1.105541364173471663e+01
1.139955921674068406e+01 1.125500153761016620e+01
1.157606419213038862e+01 1.145020962867178582e+01
1.175976957194493977e+01 1.164507516269598675e+01
1.180764751409329882e+01 1.193705137408478123e+01
1.213384261189485258e+01 1.200502715446472202e+01
1.218804412591665631e+01 1.232036794222676157e+01
1.251493652862112960e+01 1.237748929022019340e+01
1.270439529941076984e+01 1.254919884109696149e+01
1.289262027767783891e+01 1.275600102339527808e+01
1.308952098704124900e+01 1.296539072688663907e+01
1.313086138488595545e+01 1.325331228017534713e+01
1.346708549124906718e+01 1.333807504304837011e+01
1.364209597211060832e+01 1.350120559488538063e+01
1.384548792596057787e+01 1.371031301448483930e+01
1.404996013444160852e+01 1.391214202885790918e+01
1.423554244572949834e+01 1.409338120826252627e+01
1.443071899412103143e+01 1.429529752124202879e+01
1.462925834251161383e+01 1.447288338348828773e+01
1.482037548088343293e+01 1.462896587486120481e+01
1.502187025575653756e+01 1.489047666412698057e+01
1.521924275836561513e+01 1.499858873254632741e+01
1.542228050572146536e+01 1.528666262399226561e+01
1.561366370689265182e+01 1.548710551330868412e+01
1.581530830880955563e+01 1.561571719469903741e+01
1.601466731153975687e+01 1.587164853072295045e+01
1.622265463027108723e+01 1.605989993281835027e+01
1.642993924909044878e+01 1.631564316190920394e+01
1.663142027819597857e+01 1.646282402879483442e+01
1.683671504762579829e+01 1.669223394012920636e+01
1.704005417330391126e+01 1.685607390879833645e+01
1.725057825131273148e+01 1.710314656739203798e+01
1.745665764580730084e+01 1.728915142252199644e+01
1.765874387480323193e+01 1.744887791847250469e+01
1.785586621140686248e+01 1.765825160225130830e+01
1.807201488150522906e+01 1.784392156686539366e+01
1.828691333050498002e+01 1.805586468078034912e+01
1.849607438471971932e+01 1.830379185246178508e+01
1.870301648248207371e+01 1.847837366163418693e+01
1.890730386742191627e+01 1.865625074078183587e+01
1.911452399474646668e+01 1.887340062314936517e+01
1.932182338994997295e+01 1.906316949484587653e+01
1.954391457917343189e+01 1.926895637911712100e+01
1.975364217788554910e+01 1.950026362451800921e+01
1.996432557572359912e+01 1.966179047202088981e+01
2.016723962446754470e+01 1.991218253113964920e+01
2.037330956904608215e+01 2.014470065189576786e+01
2.059825699998020099e+01 2.033300119806356321e+01
2.080386898783651972e+01 2.055368647976765573e+01
2.101444008302167177e+01 2.074520030109723479e+01
2.123188310457346972e+01 2.095452801478695548e+01
2.144438674140263501e+01 2.114401433177949485e+01
2.164522065623483371e+01 2.134495681097056874e+01
2.185528401011784894e+01 2.158130002223737520e+01
2.208814987532252161e+01 2.183967602580692002e+01
2.228102777714340732e+01 2.205260772066687380e+01
