0.000000000000000000e+00 0.000000000000000000e+00
0.000000000000000000e+00 0.000000000000000000e+00
0.000000000000000000e+00 -3.257439774798867593e-02
1.554430765005849757e+00 2.290806977436673275e+00
2.199062682857690909e+00 2.171739498648294298e+00
2.206317926405880758e+00 2.208948371010496459e+00
2.255313696801414913e+00 2.270470399928454341e+00
2.331407477647217341e+00 2.500788811094398323e+00
2.470802786914584992e+00 2.740172554050335663e+00
2.695934014961345326e+00 2.880712837344253874e+00
2.922477557599711950e+00 3.109139372731299034e+00
3.094261919218658452e+00 3.292432845182310608e+00
3.224917659383003343e+00 3.484660804241432430e+00
3.407823485436108690e+00 3.643356818472455405e+00
3.600086394051270844e+00 3.817770470739791921e+00
3.764569530216949289e+00 3.974026410909222040e+00
3.968115784306789795e+00 4.141406786355601888e+00
4.105762603215437956e+00 4.276425830601080058e+00
4.282926999698863035e+00 4.416316628802449351e+00
4.443032807331941392e+00 4.566093161375869514e+00
4.609594027937953697e+00 4.705711625051309355e+00
4.767424496159894609e+00 4.841715299121936766e+00
4.897457526117149129e+00 4.980436147331531060e+00
5.037932097602823234e+00 5.116832064124639423e+00
5.205439771496494394e+00 5.265271629754267657e+00
5.334993933181631398e+00 5.393099918414098859e+00
5.523211186843376197e+00 5.429044472001290700e+00
5.527842711355622995e+00 5.663853457530232838e+00
5.800711001979306225e+00 5.692783518510107221e+00
5.937290620044731071e+00 5.781164280672337341e+00
5.919195253034886584e+00 6.073877682660385524e+00
6.086290671643976857e+00 6.224130571635205555e+00
6.365149081961533284e+00 6.232270500169838634e+00
6.365626430049919904e+00 6.508206098039124754e+00
6.651131747259787730e+00 6.545753455362330442e+00
6.793298807629905234e+00 6.638993182162292506e+00
6.944949527328400762e+00 6.809005386088252010e+00
7.085977543670403556e+00 6.920699927596846379e+00
7.240759083902435833e+00 7.089456676551409764e+00
7.225859743203495000e+00 7.375443086470053089e+00
7.535363146161986769e+00 7.363100301042428519e+00
7.524358669513929954e+00 7.663869241668181509e+00
7.810994090877773743e+00 7.673673456755984112e+00
7.965091676088034589e+00 7.834408449889661341e+00
7.981435172594918193e+00 8.103722223601048213e+00
8.126218213251734213e+00 8.233164605677551151e+00
8.270198092690673519e+00 8.381954838744270830e+00
8.423731176778629148e+00 8.528273631898855456e+00
8.695442869326518220e+00 8.574319319184953159e+00
8.842220574110136511e+00 8.740063939425354533e+00
8.992328805914619139e+00 8.867138186747446582e+00
9.149073400949690793e+00 9.033462845626845095e+00
9.309738702318561820e+00 9.191520746598405012e+00
9.473420897082638348e+00 9.337802162455723476e+00
9.628835405109054335e+00 9.497092766636827221e+00
9.787535052316645334e+00 9.665978787425599350e+00
9.947335817949232606e+00 9.823014216871284177e+00
1.009349611095563404e+01 9.929336038199972236e+00
1.025979926982509660e+01 1.009376771561508157e+01
1.028689697231196476e+01 1.036476391027817279e+01
1.043683888062614251e+01 1.050675094028248147e+01
1.070884478113129745e+01 1.058760136294339738e+01
1.085988748138796289e+01 1.072353554766559292e+01
1.102638840401353093e+01 1.088695357962905597e+01
1.118936638884767376e+01 1.103785144670464646e+01
1.135490395845067901e+01 1.123174659575799517e+01
1.150400081178472078e+01 1.134177170624283093e+01
1.167395453525889693e+01 1.154175467027517854e+01
1.183386057259964197e+01 1.163891539846715339e+01
1.197767298293695681e+01 1.177967487631057075e+01
1.215056662532410314e+01 1.198495619065693596e+01
1.230539884216182500e+01 1.211554579592418257e+01
1.245780669565938936e+01 1.226652421533628257e+01
1.262768280197025739e+01 1.243940221156806025e+01
1.277130603962509703e+01 1.259545315869357651e+01
1.293560098969594918e+01 1.279560808800062333e+01
1.310257383931685737e+01 1.296601009403882010e+01
1.326857321114014887e+01 1.312631838375632753e+01
1.342456712245329165e+01 1.329158251083353903e+01
1.357302093167139745e+01 1.343689059646588291e+01
1.374123584085190508e+01 1.359027265630813375e+01
1.390324707554313299e+01 1.374577549328173554e+01
1.405747216090649054e+01 1.394721596453955392e+01
1.424155374255028583e+01 1.403494470695139285e+01
1.437700004204203275e+01 1.412290875955942582e+01
1.453707003252833729e+01 1.432826498305919927e+01
1.469578125084650821e+01 1.454070067336285810e+01
1.485922386074027912e+01 1.474901346160522309e+01
1.501839577005836546e+01 1.486885073113344724e+01
1.517755001419324756e+01 1.498645004118400159e+01
1.531719520127066758e+01 1.513313551111715860e+01
1.549077669662278289e+01 1.528720731699212365e+01
1.541336667936079863e+01 1.557682859483401394e+01
1.579141947594298045e+01 1.562057757887587606e+01
1.596829310251051126e+01 1.579280612940655537e+01
1.611838050934171918e+01 1.591279231051526111e+01
1.627523715319024333e+01 1.603914974979688424e+01
1.643404396556115543e+01 1.623084658513121425e+01
1.660683414234244992e+01 1.630724556927665247e+01
1.678539884313140007e+01 1.647221763905291070e+01
1.694693073006475714e+01 1.678686750847172959e+01
