0.000000000000000000e+00 0.000000000000000000e+00
0.000000000000000000e+00 0.000000000000000000e+00
0.000000000000000000e+00 0.000000000000000000e+00
0.000000000000000000e+00 0.000000000000000000e+00
0.000000000000000000e+00 0.000000000000000000e+00
0.000000000000000000e+00 0.000000000000000000e+00
0.000000000000000000e+00 0.000000000000000000e+00
0.000000000000000000e+00 0.000000000000000000e+00
0.000000000000000000e+00 0.000000000000000000e+00
0.000000000000000000e+00 0.000000000000000000e+00
0.000000000000000000e+00 0.000000000000000000e+00
0.000000000000000000e+00 0.000000000000000000e+00
0.000000000000000000e+00 0.000000000000000000e+00
0.000000000000000000e+00 0.000000000000000000e+00
1.317811276625767969e-01 0.000000000000000000e+00
1.317811276625767969e-01 0.000000000000000000e+00
0.000000000000000000e+00 0.000000000000000000e+00
0.000000000000000000e+00 2.221636303239915844e-01
1.735398542306973990e-01 1.347769657244274111e+00
5.180220788329729764e+00 4.933968457878778580e+00
6.596422734344742800e+00 6.785915629257006643e+00
7.413218613653526745e+00 7.783759432732362704e+00
7.521451120086615205e+00 7.956810228956499920e+00
8.118047714781779334e+00 8.223541473404377911e+00
8.343961330946845223e+00 8.419135339945407637e+00
8.502135517091641503e+00 8.553449812861307677e+00
8.632836199074459316e+00 8.815058235048732982e+00
8.758732495074779578e+00 8.997269978488127151e+00
9.019932096268313160e+00 9.298932014171294114e+00
9.221155289743538930e+00 9.501459998881147229e+00
9.438158729048600648e+00 9.733420107912644781e+00
9.729084760044536040e+00 9.947393938713627648e+00
9.991580433386673121e+00 1.017282057846849419e+01
1.023858406226858619e+01 1.039645205869888223e+01
1.047582881830672363e+01 1.060825993762449215e+01
1.066261360669908598e+01 1.080993630549276574e+01
1.088362788554080751e+01 1.102734175773952074e+01
1.108841137588832737e+01 1.123381567599904152e+01
1.130901422954226554e+01 1.142781258288412438e+01
1.149290559007652313e+01 1.162903084386472763e+01
1.168521641235000530e+01 1.182828369507202027e+01
1.187795140556479012e+01 1.202118237759527197e+01
1.218921198900364367e+01 1.206243870551050357e+01
1.223934779326179978e+01 1.238937139427285494e+01
1.244824680619536927e+01 1.257018171500855530e+01
1.274866655007237881e+01 1.263907710390119910e+01
1.282051833821137876e+01 1.295712889719543348e+01
1.313975517041750329e+01 1.300516533417363263e+01
1.320708788456860105e+01 1.333448613596910981e+01
1.352713326645443459e+01 1.339605364325545445e+01
1.362411146356974001e+01 1.374088876617157240e+01
1.393314311692996554e+01 1.382205427656655949e+01
1.413104261171744191e+01 1.400560594731453889e+01
1.434314022545810552e+01 1.421563192784125285e+01
1.441295798864235955e+01 1.453725455494662988e+01
1.464670105123904698e+01 1.475740701164762569e+01
1.495939460045291369e+01 1.484852950805922589e+01
1.506605608568873222e+01 1.516490309407050496e+01
1.527784341891358011e+01 1.536477540350866633e+01
1.547866252685894750e+01 1.557403993247194940e+01
1.579231888079064561e+01 1.567897088943595563e+01
1.600114305198928477e+01 1.590436736838383780e+01
1.622919086858816584e+01 1.616048519929813665e+01
1.646474898084824190e+01 1.638691933091586961e+01
1.669064116146340382e+01 1.660839232414108224e+01
1.691136535353534853e+01 1.676783631785249185e+01
1.713653378230026192e+01 1.702804670546917976e+01
1.717761757242937293e+01 1.732111438960216532e+01
1.755065648818708013e+01 1.749004311910371712e+01
1.779471803052387813e+01 1.767512038555530651e+01
1.801532606559342753e+01 1.788665356475641133e+01
1.823572934581254401e+01 1.807474861739292749e+01
1.846327618246562707e+01 1.834127350712684290e+01
1.869958618781248205e+01 1.850033174492913801e+01
1.891558111559625743e+01 1.880802977042407420e+01
1.914088522954950022e+01 1.900773467039331877e+01
1.936752719921198107e+01 1.923713082710285249e+01
1.959832690505281860e+01 1.944076786445777572e+01
1.983044195310149860e+01 1.965878280082393204e+01
2.004458914612366272e+01 1.990039386346591144e+01
2.029725415907941155e+01 2.008978835851581124e+01
2.051009275614087102e+01 2.039396847713713257e+01
2.074193677923457457e+01 2.056990107541349033e+01
2.098539212044269675e+01 2.079609457658549232e+01
2.102500199000410674e+01 2.113270174723014705e+01
2.142167348393854098e+01 2.129637922416182505e+01
2.165951399412407241e+01 2.145557416871398004e+01
2.189228208455737601e+01 2.168847997594543031e+01
2.211449588280854783e+01 2.191840219467098194e+01
2.235693958888401056e+01 2.225737187065215394e+01
2.257732253993919969e+01 2.241224706798290001e+01
2.282751460197689752e+01 2.267276398852772701e+01
2.304613331854695701e+01 2.288699371909488178e+01
2.331357610592196039e+01 2.314289939732983115e+01
2.355834895716441579e+01 2.337965704239222475e+01
2.380171310537292229e+01 2.356019059593689136e+01
2.404476379012303155e+01 2.378228901331708656e+01
2.427424197622479340e+01 2.394339953785369701e+01
2.452916213728225614e+01 2.430914318907561977e+01
2.476377646184326409e+01 2.447548858676253403e+01
2.501053854644133523e+01 2.474051018302321481e+01
