0.000000000000000000e+00 0.000000000000000000e+00
0.000000000000000000e+00 0.000000000000000000e+00
0.000000000000000000e+00 0.000000000000000000e+00
0.000000000000000000e+00 0.000000000000000000e+00
0.000000000000000000e+00 0.000000000000000000e+00
2.881881485084586067e-02 0.000000000000000000e+00
1.325930480902106079e-01 0.000000000000000000e+00
1.442131140008545975e-01 0.000000000000000000e+00
7.217799435705366307e+00 8.369287349774891638e+00
7.203546205659068669e+00 8.256580634388290818e+00
8.352517701304075004e+00 8.350388341171463225e+00
8.418866185030951854e+00 8.452558731280651827e+00
8.452194855373010185e+00 8.449177280285356417e+00
8.479363069938584019e+00 8.514560360820620843e+00
8.558087664349475432e+00 8.825027494116220339e+00
8.859790761077681154e+00 9.004903770321329048e+00
9.044224648486823170e+00 9.322355162206424239e+00
9.202796780355912531e+00 9.698448264862500778e+00
9.323827344095901637e+00 9.994583093955064612e+00
9.641966579461398013e+00 1.022959608726039349e+01
1.003345431724520687e+01 1.047035298037404161e+01
1.040173081815747658e+01 1.072156968962004520e+01
1.065794707282678466e+01 1.097886913583591983e+01
1.094755558683297458e+01 1.118608030077968962e+01
1.117656352658067931e+01 1.140820091089420529e+01
1.139750772822132419e+01 1.162055741769422212e+01
1.163508161671341590e+01 1.182348647676754005e+01
1.183653753508166950e+01 1.202560912404026539e+01
1.206745149873048639e+01 1.221687532618273941e+01
1.227037340109943031e+01 1.241787948979537681e+01
1.246577034711763687e+01 1.260992977833837081e+01
1.267493656683771519e+01 1.280736929249883005e+01
1.284776288893603535e+01 1.300857749373759020e+01
1.303325499838992840e+01 1.318772365594967866e+01
1.317106942931486380e+01 1.337992181275806303e+01
1.339437090196642899e+01 1.355768037993903441e+01
1.371276502848907342e+01 1.354362346577110898e+01
1.368099762299847555e+01 1.391671037385776977e+01
1.406903257589000766e+01 1.379909839695409524e+01
1.400155980568002789e+01 1.426010901930634134e+01
1.443105668891301008e+01 1.422363279220746080e+01
1.437271224973097539e+01 1.462538478859248947e+01
1.479418199059181305e+01 1.455299149377771251e+01
1.497131512946366350e+01 1.472281071502069238e+01
1.516623218036771803e+01 1.487439760984427117e+01
1.535023157051747056e+01 1.507268199856950730e+01
1.526276505150101848e+01 1.555077879418233344e+01
1.573089571313078139e+01 1.543162501633286254e+01
1.592305150417135273e+01 1.562594186326117551e+01
1.612892047006888419e+01 1.582799003142677918e+01
1.612980181829790283e+01 1.633201093277182281e+01
1.651449826905415819e+01 1.625003879054222011e+01
1.672604472085272320e+01 1.647503488228129953e+01
1.666695454377137509e+01 1.693021340245461204e+01
1.713031820086421320e+01 1.689526411435810616e+01
1.702751164371171200e+01 1.735087985429538193e+01
1.753833619308085900e+01 1.722134291159678199e+01
1.774753246088051384e+01 1.738991460526580823e+01
1.794875964614744390e+01 1.760940955503530958e+01
1.816178637274571628e+01 1.783665037275397225e+01
1.835088414729456119e+01 1.801256876326525713e+01
1.856231116501028922e+01 1.821962154644140597e+01
1.876973465905717475e+01 1.850414326722257385e+01
1.898990926761734244e+01 1.864385361163901678e+01
1.888344671795159257e+01 1.916993562736597667e+01
1.939742263196452399e+01 1.895951976646507475e+01
1.962080973548048135e+01 1.927179928425528033e+01
1.982864613607274151e+01 1.955589671287489395e+01
1.966888199187893704e+01 2.000043958102472175e+01
2.023407265751303896e+01 1.993876787650254911e+01
2.016986222810002616e+01 2.042376437998336058e+01
2.067200084183710729e+01 2.030721500714692951e+01
2.088401148452417289e+01 2.056533640438522070e+01
2.067332016104696990e+01 2.106101077913460173e+01
2.129315288543123330e+01 2.097160975163722441e+01
2.152808353744782366e+01 2.113516308019693568e+01
2.173829783230296897e+01 2.134649200856949847e+01
2.196210474073119556e+01 2.156534131525878450e+01
2.217301008171366306e+01 2.184151070021102115e+01
2.239631616025834049e+01 2.202243157590273270e+01
2.263626850491517217e+01 2.224126447239271798e+01
2.282576129141008181e+01 2.249515239703854874e+01
2.305193717553516564e+01 2.266751097877415333e+01
2.327361131832992669e+01 2.295719645900129180e+01
2.348690367617188457e+01 2.315594136374823364e+01
2.371179920958411103e+01 2.339114142361902182e+01
2.394618978133159359e+01 2.363572769066742296e+01
2.415551201678405491e+01 2.375455511514757490e+01
2.439087928384490311e+01 2.404904764247014626e+01
2.461750374893671278e+01 2.424149608081878071e+01
2.484646733895839432e+01 2.449001754212535786e+01
2.504339670484268865e+01 2.465248400853143451e+01
2.528681738366462994e+01 2.486237848972990605e+01
2.549856028658758689e+01 2.503853542372075225e+01
2.573025073198668267e+01 2.541121420770280537e+01
2.595097882539179324e+01 2.560778739916852587e+01
2.616914828387168868e+01 2.584451797334266843e+01
2.640512979423245099e+01 2.604983217360633674e+01
2.662520502929703881e+01 2.621452895915873782e+01
2.685560006533280486e+01 2.645316245564729840e+01
2.708947039842031046e+01 2.682999426481437766e+01
