0.000000000000000000e+00 0.000000000000000000e+00
0.000000000000000000e+00 0.000000000000000000e+00
0.000000000000000000e+00 0.000000000000000000e+00
8.099815509874519134e-03 0.000000000000000000e+00
3.328742540465510352e-02 -2.354248959062116286e-02
3.541576248086595463e-02 0.000000000000000000e+00
8.738958778790627269e-02 0.000000000000000000e+00
1.860313588311034438e-01 6.565770122184896307e-01
8.678638366158648587e-01 1.040577515873421399e+00
1.078764503261084640e+00 1.195233046173140190e+00
1.294051281719785562e+00 1.277765740073302236e+00
1.403528242885835553e+00 1.432075919791468088e+00
1.527364050977285892e+00 1.544890645156536291e+00
1.653441143894101906e+00 1.643845976759405136e+00
1.769769442689979932e+00 1.761007547352297253e+00
1.892939409869087486e+00 1.880347156958096067e+00
2.002898641789941259e+00 1.993313042234625909e+00
2.115274160030998996e+00 2.131427531699842781e+00
2.234419129299593187e+00 2.252467173457350036e+00
2.355262987138143416e+00 2.377123978333266052e+00
2.493913071231526946e+00 2.473739317630316847e+00
2.610799124857237530e+00 2.584726332359527756e+00
2.732551879498953173e+00 2.706424870656899184e+00
2.851224683884314270e+00 2.798989459693059789e+00
2.978035723166219118e+00 2.931556360986601995e+00
3.104697890262557269e+00 3.057318340874900287e+00
3.224429957220038556e+00 3.165579130710589606e+00
3.344995564222556617e+00 3.296854687477884127e+00
3.471316902732705323e+00 3.421385880580729566e+00
3.598483502905453157e+00 3.527070510937914349e+00
3.716734225700126348e+00 3.656076956753502749e+00
3.835295615092347621e+00 3.773004210576481832e+00
3.956384621535909307e+00 3.900410430669501327e+00
4.078147980177493359e+00 4.014365788631491405e+00
4.197658223804043409e+00 4.132174425163534615e+00
4.317966208749663970e+00 4.251064177726485482e+00
4.435905957608600403e+00 4.380320988338563204e+00
4.561601522533730524e+00 4.502050712787792008e+00
4.678638010544062809e+00 4.604883221144530303e+00
4.803900348708491919e+00 4.748638142272927354e+00
4.928017032499106165e+00 4.872134241899051865e+00
5.050933395571099105e+00 4.974638659625615134e+00
5.175090292131057979e+00 5.057535338468271746e+00
5.294681735548887325e+00 5.199748653571026225e+00
5.428248694678160291e+00 5.307408110253481581e+00
5.539973257075116564e+00 5.420549014165620960e+00
5.667561253252733522e+00 5.570813054406694498e+00
5.787413130819768270e+00 5.717310550844944217e+00
5.918632546696223073e+00 5.832819740251652618e+00
6.038020771065313319e+00 5.925327070625753478e+00
6.155650209433073172e+00 6.028172356293613809e+00
6.278451279887802272e+00 6.169501230666563529e+00
6.398075229907541406e+00 6.283685883526748839e+00
6.522825667765432378e+00 6.414017697299227549e+00
6.640434281165674690e+00 6.513448367906135239e+00
6.756398726661854148e+00 6.643010691927906386e+00
6.880048059102056968e+00 6.778200533128316607e+00
6.991420735821625598e+00 6.892478209844811410e+00
7.112639363083432364e+00 7.009184808810968725e+00
7.246942450899426902e+00 7.121897663268351053e+00
7.366452255068075772e+00 7.256264181567222415e+00
7.483621735158505928e+00 7.351639659965830020e+00
7.614951693341735606e+00 7.542811946300977510e+00
7.731343149366291634e+00 7.617666125944055011e+00
7.850312172136531430e+00 7.746483568431535183e+00
7.980432859924101230e+00 7.825449407705717952e+00
8.101478692202920939e+00 7.989623787667168742e+00
8.227315784842765822e+00 8.109422456571019566e+00
8.344594987458409108e+00 8.229882996290690755e+00
8.466847670107359392e+00 8.355441805489899565e+00
8.595145810098863137e+00 8.464024805530037554e+00
8.715271375372127594e+00 8.613255429906372385e+00
8.842141524313184675e+00 8.695374442416531124e+00
8.962284977182541468e+00 8.835815052184644358e+00
9.085538330893610848e+00 8.945307924127797961e+00
9.213073629890514482e+00 9.086125812212944908e+00
9.337099514785828447e+00 9.191983186829347119e+00
9.471238301941243165e+00 9.343187060870802085e+00
9.584231434307742603e+00 9.410629201941587141e+00
9.715508157489907148e+00 9.581304572251365670e+00
9.836910368242026692e+00 9.675234858728138931e+00
9.957864576625597763e+00 9.828293451799895664e+00
1.008009586726834428e+01 9.946383352637642616e+00
1.020382027052509777e+01 1.008420115265194994e+01
1.032753179978013414e+01 1.019714395125832418e+01
1.045235619069591770e+01 1.032933233322760458e+01
1.056857200995525581e+01 1.043472950621005424e+01
1.069921498533748583e+01 1.051020004223578042e+01
1.081838317078735834e+01 1.066432323533525839e+01
1.094061517463813615e+01 1.079149483214827221e+01
1.107133317801815764e+01 1.087052587422331129e+01
1.118582028527973549e+01 1.102525554404169306e+01
1.131612516729330586e+01 1.116603809689940618e+01
1.143823039876807179e+01 1.130030576622551308e+01
1.155677960940577798e+01 1.139307247578563498e+01
1.168100234180624675e+01 1.149625387349530925e+01
1.180591472541125420e+01 1.167192852036626149e+01
1.192735337517460081e+01 1.177911173600759653e+01
1.204610221983689300e+01 1.187594852229474185e+01
1.217791619666198066e+01 1.203699073929836771e+01
1.230012046774754708e+01 1.216059680945694765e+01
