0.000000000000000000e+00 0.000000000000000000e+00
0.000000000000000000e+00 0.000000000000000000e+00
0.000000000000000000e+00 0.000000000000000000e+00
0.000000000000000000e+00 0.000000000000000000e+00
0.000000000000000000e+00 0.000000000000000000e+00
0.000000000000000000e+00 0.000000000000000000e+00
0.000000000000000000e+00 -1.132428163871970067e-02
7.503322302524944032e-01 1.249324894504275196e+00
1.865862124009944611e-01 4.513512166715823781e+00
2.291703255124054373e+00 4.552949004928914967e+00
4.921146326063943199e+00 4.957795483281040028e+00
5.012737972956373689e+00 5.021586047362266214e+00
5.069286496729269231e+00 5.074096006380111490e+00
5.161540396428766719e+00 5.159875377635752436e+00
5.221539156875788734e+00 5.322328036400721274e+00
5.346096708219807425e+00 5.668052843604777458e+00
5.626263608049259624e+00 5.913518027240659336e+00
5.791797265140974815e+00 6.197821152475086137e+00
6.162846614894005981e+00 6.487583797045349598e+00
6.383972510235269127e+00 6.679817794888159632e+00
6.638333200855115912e+00 6.865964163030008116e+00
6.825626341316376688e+00 7.075971657539757764e+00
7.024069425096978847e+00 7.236863763457589194e+00
7.211942476310809980e+00 7.411700670663599944e+00
7.455544975120893980e+00 7.578288834398686724e+00
7.607023177722779472e+00 7.740589149374803135e+00
7.762790335342642400e+00 7.912988901239482509e+00
7.945292833498937668e+00 8.092710090456137095e+00
8.131498377633610275e+00 8.255097699286917390e+00
8.295829303378525310e+00 8.424392663354455024e+00
8.449611120024670186e+00 8.590645697914638390e+00
8.632031363872911811e+00 8.752476328235324843e+00
8.805436886502278071e+00 8.918157814816810358e+00
8.974308295328418339e+00 9.090306105204385645e+00
9.135821780427404448e+00 9.248461203229288330e+00
9.301638704331484320e+00 9.417585835313108333e+00
9.456352064707754579e+00 9.577891117806954568e+00
9.638095679997153553e+00 9.742860238272282203e+00
9.775806692104445972e+00 9.907049296870219735e+00
9.936183107369028988e+00 1.006363300609987554e+01
1.009965920135696926e+01 1.021544621697938737e+01
1.021504696190884864e+01 1.037107803863971967e+01
1.050317723924289837e+01 1.036466467325151086e+01
1.047850790719296121e+01 1.067716241038468716e+01
1.082056665264233963e+01 1.065555022985203593e+01
1.097100762014875741e+01 1.079584056045302631e+01
1.112115544867251593e+01 1.096425982633368079e+01
1.127980066359311628e+01 1.105386701910263625e+01
1.141990615997340619e+01 1.128335887203412291e+01
1.138928382904074965e+01 1.158461776226154605e+01
1.158315296717615439e+01 1.174870887031271849e+01
1.179389424644444162e+01 1.191222411605675902e+01
1.194092478307478267e+01 1.207025858893110914e+01
1.223078354413684643e+01 1.206363337496607890e+01
1.220533113445106288e+01 1.240035384016968045e+01
1.238389936878709641e+01 1.256606863360554271e+01
1.273816975988382438e+01 1.258049082583386458e+01
1.290129940522993479e+01 1.275656361411504491e+01
1.290439354010262463e+01 1.306219669190249277e+01
1.323152496420537894e+01 1.305076522560209007e+01
1.325305330713972474e+01 1.339693140505411506e+01
1.358562535386837311e+01 1.341387147591948192e+01
1.356598448237471288e+01 1.374649090267230456e+01
1.392488592663966429e+01 1.371519697634996859e+01
1.411006250247438842e+01 1.387187884769160995e+01
1.409969812075427953e+01 1.427241181333018183e+01
1.444759841851933402e+01 1.424535893982428547e+01
1.442838623613257809e+01 1.461089589941425970e+01
1.479287753779001768e+01 1.459047226819601129e+01
1.497449980768220712e+01 1.478270221642538651e+01
1.512858082194213694e+01 1.497325270826228660e+01
1.530919119110172844e+01 1.510918759788890497e+01
1.549629713667523490e+01 1.530843252181398739e+01
1.567154687602204000e+01 1.548323444297393081e+01
1.584982834048872391e+01 1.566574151007899296e+01
1.604974455490481589e+01 1.579301533513026534e+01
1.622788464787415919e+01 1.602417247188144600e+01
1.639955636623109214e+01 1.613557374772537045e+01
1.659107021986452679e+01 1.633202044690164456e+01
1.676886553807046809e+01 1.655840278562555667e+01
1.696311779734564595e+01 1.674516741849867429e+01
1.690956252491761092e+01 1.708969635522286978e+01
1.729884708333562315e+01 1.709786492505601885e+01
1.746995948152083855e+01 1.723863226880233412e+01
1.766101286167589990e+01 1.745803273258462340e+01
1.783361118480217300e+01 1.762444099154899391e+01
1.801322591211065927e+01 1.776776107942713523e+01
1.820171552257407299e+01 1.794937739427965084e+01
1.838470760113854041e+01 1.809078817997058053e+01
1.855817071325493473e+01 1.830473942748037786e+01
1.874933209248741761e+01 1.852271658678681021e+01
1.893879079582029945e+01 1.869390964605884875e+01
1.912457407795014319e+01 1.887965367445850262e+01
1.928697891550602606e+01 1.905640996023320355e+01
1.948856379764543334e+01 1.923652832237969079e+01
1.967597953318469806e+01 1.945237690770998285e+01
1.984136904243729305e+01 1.961702696581385652e+01
2.002614263435293651e+01 1.975341865998951008e+01
2.021753112080032722e+01 1.996273419072000976e+01
2.040029278098369403e+01 2.010834565933297213e+01
2.059902087130224402e+01 2.038877007717232104e+01
