0.000000000000000000e+00 0.000000000000000000e+00
0.000000000000000000e+00 0.000000000000000000e+00
0.000000000000000000e+00 0.000000000000000000e+00
0.000000000000000000e+00 0.000000000000000000e+00
0.000000000000000000e+00 0.000000000000000000e+00
0.000000000000000000e+00 0.000000000000000000e+00
0.000000000000000000e+00 0.000000000000000000e+00
0.000000000000000000e+00 0.000000000000000000e+00
0.000000000000000000e+00 0.000000000000000000e+00
0.000000000000000000e+00 0.000000000000000000e+00
0.000000000000000000e+00 0.000000000000000000e+00
0.000000000000000000e+00 0.000000000000000000e+00
0.000000000000000000e+00 0.000000000000000000e+00
0.000000000000000000e+00 0.000000000000000000e+00
0.000000000000000000e+00 0.000000000000000000e+00
0.000000000000000000e+00 0.000000000000000000e+00
0.000000000000000000e+00 0.000000000000000000e+00
0.000000000000000000e+00 0.000000000000000000e+00
0.000000000000000000e+00 0.000000000000000000e+00
0.000000000000000000e+00 0.000000000000000000e+00
0.000000000000000000e+00 0.000000000000000000e+00
0.000000000000000000e+00 0.000000000000000000e+00
0.000000000000000000e+00 0.000000000000000000e+00
0.000000000000000000e+00 0.000000000000000000e+00
0.000000000000000000e+00 0.000000000000000000e+00
0.000000000000000000e+00 0.000000000000000000e+00
0.000000000000000000e+00 0.000000000000000000e+00
0.000000000000000000e+00 0.000000000000000000e+00
0.000000000000000000e+00 0.000000000000000000e+00
0.000000000000000000e+00 0.000000000000000000e+00
0.000000000000000000e+00 0.000000000000000000e+00
0.000000000000000000e+00 0.000000000000000000e+00
0.000000000000000000e+00 0.000000000000000000e+00
0.000000000000000000e+00 0.000000000000000000e+00
0.000000000000000000e+00 0.000000000000000000e+00
0.000000000000000000e+00 0.000000000000000000e+00
0.000000000000000000e+00 0.000000000000000000e+00
0.000000000000000000e+00 0.000000000000000000e+00
0.000000000000000000e+00 0.000000000000000000e+00
0.000000000000000000e+00 0.000000000000000000e+00
0.000000000000000000e+00 0.000000000000000000e+00
0.000000000000000000e+00 0.000000000000000000e+00
0.000000000000000000e+00 0.000000000000000000e+00
0.000000000000000000e+00 0.000000000000000000e+00
0.000000000000000000e+00 0.000000000000000000e+00
0.000000000000000000e+00 0.000000000000000000e+00
0.000000000000000000e+00 0.000000000000000000e+00
0.000000000000000000e+00 0.000000000000000000e+00
0.000000000000000000e+00 0.000000000000000000e+00
0.000000000000000000e+00 0.000000000000000000e+00
0.000000000000000000e+00 0.000000000000000000e+00
0.000000000000000000e+00 0.000000000000000000e+00
0.000000000000000000e+00 0.000000000000000000e+00
0.000000000000000000e+00 0.000000000000000000e+00
0.000000000000000000e+00 0.000000000000000000e+00
0.000000000000000000e+00 0.000000000000000000e+00
0.000000000000000000e+00 0.000000000000000000e+00
0.000000000000000000e+00 0.000000000000000000e+00
0.000000000000000000e+00 0.000000000000000000e+00
0.000000000000000000e+00 0.000000000000000000e+00
0.000000000000000000e+00 0.000000000000000000e+00
0.000000000000000000e+00 0.000000000000000000e+00
0.000000000000000000e+00 0.000000000000000000e+00
0.000000000000000000e+00 0.000000000000000000e+00
0.000000000000000000e+00 0.000000000000000000e+00
0.000000000000000000e+00 0.000000000000000000e+00
0.000000000000000000e+00 0.000000000000000000e+00
5.758589806028827779e-02 1.688787467015421262e-01
1.008779558651251129e+00 0.000000000000000000e+00
4.602180690412613906e+00 2.809817338197350800e+00
2.875362792613371354e+00 1.223987991093965988e+01
1.326991713390498973e+01 1.720373363499218655e+01
1.839605837457599691e+01 2.034882724413899524e+01
2.061220701205854766e+01 2.248514186385464697e+01
2.295093469010401677e+01 2.417378922409073283e+01
2.435093392027760473e+01 2.520472614119956134e+01
2.569501670140950367e+01 2.602776274824768521e+01
2.639091481956941010e+01 2.669454131087997339e+01
2.699661122633429144e+01 2.723591206977253876e+01
2.770603420345711143e+01 2.754237012731151779e+01
2.819300726834056903e+01 2.797992034450854604e+01
2.864218178630570577e+01 2.842087139787591710e+01
2.907495674806971664e+01 2.885619545580237855e+01
2.951777075137657746e+01 2.932343460433646953e+01
2.994354332993162515e+01 2.971554941885385404e+01
3.033996081854883897e+01 3.011853135731240272e+01
3.074475038406288618e+01 3.053664916492200732e+01
3.115339159350132192e+01 3.096449602672617019e+01
3.155406930362049422e+01 3.134621271948387999e+01
3.195473994599571554e+01 3.177476283543282420e+01
3.235713297285529677e+01 3.216938820867088111e+01
3.274548512567595537e+01 3.257744103513118006e+01
3.315052489202228969e+01 3.297224574987276213e+01
3.353409932967169738e+01 3.337004370496068617e+01
3.390433919905139248e+01 3.376294728536360878e+01
3.427219625953917870e+01 3.415540841743803924e+01
3.463409589693181090e+01 3.452797734399649698e+01
3.501978117969166959e+01 3.487900634372619635e+01
3.539082573337493898e+01 3.527134951144998354e+01
3.576422117687421576e+01 3.561605330256245594e+01
3.613076907479931776e+01 3.601415569296043628e+01
