7.329926930050918443e-01 7.276055234523863824e-01
7.214784411990637913e-01 7.190657608883193053e-01
7.805899042538185784e-01 8.712822262701460652e-01
8.927893966858686525e-01 9.858345551585334654e-01
1.027747437800759611e+00 1.118020455668797153e+00
1.141664558457908818e+00 1.261988458698427573e+00
1.285517331835163812e+00 1.404802372483172856e+00
1.430113551387075965e+00 1.519944292393484053e+00
1.559105103474362375e+00 1.632950514525542074e+00
1.684737760597962763e+00 1.745146666277604064e+00
1.806666249745982000e+00 1.858773438817064028e+00
1.935111883795086030e+00 1.965187222229855202e+00
2.074536034963798237e+00 2.046211955385616399e+00
2.185421077481352725e+00 2.148860625142676284e+00
2.259557052397789256e+00 2.304706247710894385e+00
2.411627325103886221e+00 2.367643882813650347e+00
2.502104955669835373e+00 2.531459203654696566e+00
2.603378888407748448e+00 2.656961428651042567e+00
2.767982228235698283e+00 2.734245944997849787e+00
2.870226523640403204e+00 2.881537359894316808e+00
2.999734224622293777e+00 2.971501014749814207e+00
3.121043767634565036e+00 3.095682587069122693e+00
3.242863995028019364e+00 3.219505953830808842e+00
3.330515447883505953e+00 3.357093273142001788e+00
3.477525715828510666e+00 3.459291531921509399e+00
3.607722694324757562e+00 3.530461162450135859e+00
3.729115722975579139e+00 3.650300401288047336e+00
3.811723549299415925e+00 3.837267833045927556e+00
3.975009299739495017e+00 3.891072641668772647e+00
4.105162034568187401e+00 4.013935277080885378e+00
4.226685570793009106e+00 4.136631358144223114e+00
4.360551415620316895e+00 4.259353760651568344e+00
4.478479060221415509e+00 4.418923075445326809e+00
4.602010068004542376e+00 4.495179430156145628e+00
4.725375723486904711e+00 4.640295387680305694e+00
4.735246020416497004e+00 4.836429512531585040e+00
4.970666346855429296e+00 4.850347569046184582e+00
5.089451129008152996e+00 5.017382273075159382e+00
5.207180152493476655e+00 5.139696105508145152e+00
5.327824255971432166e+00 5.241613016480814125e+00
5.447805614442823519e+00 5.362474765398897780e+00
5.578188570592094386e+00 5.489108607602837253e+00
5.699183981768107365e+00 5.613638282315587702e+00
5.829918367197739038e+00 5.766558960625316033e+00
5.880026041329947439e+00 5.927927089642436087e+00
6.076163274054483310e+00 5.944117781638644793e+00
6.182524647057229039e+00 6.074548031734468445e+00
6.313489559605698354e+00 6.234160925359890193e+00
6.443499295845202646e+00 6.351660867334774530e+00
6.564395974459744210e+00 6.500446702905755103e+00
6.690599484188298973e+00 6.590434693029339819e+00
6.825918803872419005e+00 6.702569680274454100e+00
6.952704323791848218e+00 6.850574746304943119e+00
7.069437628456068268e+00 6.972697228752226195e+00
7.206009152450908672e+00 7.099009806956270374e+00
7.320625456439970868e+00 7.190471283567496208e+00
7.454367993843579399e+00 7.310072730234252525e+00
7.456585886329824220e+00 7.529419071990159473e+00
7.692237880209325418e+00 7.567739219074970158e+00
7.703537504702820726e+00 7.762270018314803899e+00
7.935804396033669050e+00 7.833552242559612466e+00
8.060410450652462089e+00 7.978098658450849534e+00
8.178641506575322850e+00 8.017042608528880621e+00
8.312287566132603445e+00 8.207221872484604219e+00
8.435812379584103127e+00 8.290077097850568677e+00
8.571643933106628310e+00 8.444427278124615910e+00
8.696215775712396123e+00 8.623458312737739107e+00
8.818315588837624119e+00 8.666745153640956545e+00
8.942315446839280924e+00 8.838749736221201303e+00
9.079130677434948282e+00 8.990546879029402305e+00
9.203041868550727145e+00 9.025489528275969064e+00
9.333941134462863332e+00 9.248941261502750422e+00
9.463227968029592319e+00 9.326143511727355673e+00
9.588864376672930234e+00 9.430180346118850920e+00
9.719060476355025457e+00 9.588517749697807346e+00
9.842443538981454410e+00 9.715942798547414938e+00
9.973609168328191998e+00 9.782183767234636562e+00
1.009599008265553621e+01 9.908894705391736224e+00
1.022901739533124044e+01 1.010783624428216143e+01
1.035079175040567101e+01 1.019652440953381145e+01
1.048706256350966548e+01 1.036653238839167912e+01
1.060835613450671921e+01 1.043512589856087658e+01
1.074860121285561654e+01 1.062380233128095419e+01
1.086586018805078346e+01 1.073980628580175534e+01
1.098904111206674727e+01 1.080613330303993713e+01
1.113440484779235362e+01 1.093983497331797139e+01
1.124359457507431337e+01 1.111476784368960047e+01
1.137501953828861012e+01 1.118278046449349183e+01
1.150118444088529301e+01 1.136671643215776051e+01
1.163357264656469781e+01 1.150083241384368371e+01
1.177436043755684025e+01 1.156813508902165744e+01
1.187241559736037644e+01 1.167071553152153918e+01
1.200126512371475940e+01 1.176040259848279312e+01
1.215471808693268052e+01 1.201142594350042891e+01
1.227055439757957878e+01 1.207962221136623349e+01
1.239070765860757639e+01 1.225294504915132876e+01
1.251256483159315280e+01 1.235335819460231832e+01
1.264350108530959282e+01 1.248353572515946830e+01
1.276549194568277201e+01 1.269112285682104080e+01
1.291272426313984489e+01 1.277082970615771629e+01
1.303200493843326058e+01 1.283487414444190833e+01
