5.931491079113382359e-01 9.396175895982191717e-01
9.163850564110525010e-01 8.805463874703240990e-01
9.043106436587646790e-01 9.346808090413840642e-01
9.808665932408400234e-01 1.064273721799054551e+00
1.110788503058566246e+00 1.254115095627298393e+00
1.247736991294832176e+00 1.401923558320423924e+00
1.415883607244918574e+00 1.575053135883849542e+00
1.571006233084246917e+00 1.727469177692916302e+00
1.720970998078461989e+00 1.858709433539683653e+00
1.859024921265108876e+00 1.975788045593121600e+00
1.994149305019744967e+00 2.102908944648747003e+00
2.139567546863591296e+00 2.215561746827531486e+00
2.282001213615856283e+00 2.336992670328698729e+00
2.410470748788513529e+00 2.452842468884677718e+00
2.528636051256916595e+00 2.565627094823890175e+00
2.649581353078382939e+00 2.681760669918717976e+00
2.760323805755071191e+00 2.796219712402806756e+00
2.879217687731696618e+00 2.917420097932253320e+00
3.027451405798614381e+00 2.972674195220815108e+00
3.141076543290788781e+00 3.084239898445686467e+00
3.260764966955238986e+00 3.201552206951965296e+00
3.374868148693659808e+00 3.334186898990002312e+00
3.491901412221098067e+00 3.420682863501737447e+00
3.613454340597319625e+00 3.561227420313260783e+00
3.741258728935196398e+00 3.689135203308899325e+00
3.863309771208515375e+00 3.788263737029736067e+00
3.981077989621849333e+00 3.877697653948566359e+00
4.104670506571552302e+00 4.052781384126726394e+00
4.229486797659883557e+00 4.151218974105442605e+00
4.363470977945942408e+00 4.298355234323847363e+00
4.487531680219558616e+00 4.389576550387578102e+00
4.616867695164095231e+00 4.519392070514619775e+00
4.737999118115211239e+00 4.650920533687389558e+00
4.857869147647657648e+00 4.751674769207262727e+00
4.981419302393145010e+00 4.902714780093408109e+00
5.113266799055074863e+00 5.006916078465951436e+00
5.150145168766655956e+00 5.223694308973098721e+00
5.369110353400123437e+00 5.271069330653569196e+00
5.494120915966838048e+00 5.413647503692557095e+00
5.626886789356577268e+00 5.530261039269931622e+00
5.754922446783070633e+00 5.654312959239744529e+00
5.880007195200462000e+00 5.811873617829322214e+00
5.914392144043856270e+00 5.983782188658582690e+00
6.137596420917075690e+00 6.060404050155336009e+00
6.268845910620145290e+00 6.155255505255963655e+00
6.394546922196254535e+00 6.277685757928431087e+00
6.521160780257180711e+00 6.449357533450952751e+00
6.659120484568179066e+00 6.580527922762922977e+00
6.789300495301973548e+00 6.665614398653359807e+00
6.922633713950215650e+00 6.832344549460873218e+00
7.048003040646090511e+00 6.948877425423245491e+00
7.188676907504277125e+00 7.092473957491791658e+00
7.303862912006807484e+00 7.194805635729210280e+00
7.448279833061609345e+00 7.291448173477284023e+00
7.577001439699907692e+00 7.475520956974404108e+00
7.702421527415165059e+00 7.552190786223492047e+00
7.839714102626013315e+00 7.705663616052586207e+00
7.965483710584788213e+00 7.834636385966176064e+00
8.104548175030075186e+00 7.946358592782607033e+00
8.220800379183755169e+00 8.112945148078821944e+00
8.350070292601250443e+00 8.215380303001250439e+00
8.493897107668010094e+00 8.329684512447165901e+00
8.615473317320597957e+00 8.472618917275431372e+00
8.625994699639441876e+00 8.695318842951797578e+00
8.870396273421977895e+00 8.758917045443043392e+00
8.994465644859609199e+00 8.835429301292434090e+00
9.118862166763127775e+00 9.006688568807261319e+00
9.243044392637697726e+00 9.088260257426775013e+00
9.380218892369462935e+00 9.231434131270356502e+00
9.498958800173602057e+00 9.312866175031739857e+00
9.644157501954929046e+00 9.506084432868780354e+00
9.780101128433676294e+00 9.590528741323462114e+00
9.900725878360395527e+00 9.820061405266052645e+00
1.002668206656657901e+01 9.766779230583717109e+00
1.016871844598398233e+01 1.000778571561050612e+01
1.030205222325970205e+01 1.015516694712690970e+01
1.042724172125064541e+01 1.028369974947759147e+01
1.056894441729290079e+01 1.038526416539377273e+01
1.067904045751964581e+01 1.055419161369525760e+01
1.082205904073089542e+01 1.057502250062951710e+01
1.095565071560610804e+01 1.073532296437537958e+01
1.108124139446457690e+01 1.097974929348908724e+01
1.121737056990485293e+01 1.102532365274149839e+01
1.134563995255719071e+01 1.117188536801224075e+01
1.147116509400064821e+01 1.130495222048677206e+01
1.161536129730138711e+01 1.145667668854377119e+01
1.173843458603834655e+01 1.158627562777228448e+01
1.188353734309846033e+01 1.168997121973253961e+01
1.184062674039061491e+01 1.192703785336706090e+01
1.213330294595657399e+01 1.197924099729762304e+01
1.226179946598000470e+01 1.206161111125374141e+01
1.238753864161718887e+01 1.222222188970264156e+01
1.252355182231581132e+01 1.229549262144064059e+01
1.266359129379512716e+01 1.244819784215044045e+01
1.277449818203831988e+01 1.265609165931768310e+01
1.290645842291677070e+01 1.272602437299087619e+01
1.305124401767780284e+01 1.282698769059282817e+01
1.295016803774914038e+01 1.310517308097626987e+01
1.332278061782925960e+01 1.312846607321324655e+01
1.342358155960659083e+01 1.326385155682196704e+01
1.356233207417528419e+01 1.345638351055262660e+01
