0.000000000000000000e+00 0.000000000000000000e+00
9.895807142622404726e-03 9.669335021254645869e-04
7.390471297817784169e-02 -3.359569757795197870e-03
1.891907635703571622e-01 4.232349115250137045e-02
2.935062463553558265e-01 1.602725757460109479e-01
3.982784945704630486e-01 3.291180164311776069e-01
4.866717099874481867e-01 4.480897499133909001e-01
5.726814781880825711e-01 5.356644376893558990e-01
6.572429208714264393e-01 6.199036261427982586e-01
7.447606187916785414e-01 7.082346392463372275e-01
8.300325973665433343e-01 7.858973990484778849e-01
9.126576551630708467e-01 8.874998212993387980e-01
9.976487202447285041e-01 9.584181252107362159e-01
1.080749746859198890e+00 1.040057781691167804e+00
1.163586063844818996e+00 1.129431132362945567e+00
1.248117621397935473e+00 1.195297185318899835e+00
1.328791063659221949e+00 1.310841194511885410e+00
1.413919433490075317e+00 1.363682515834130804e+00
1.493075140703499448e+00 1.463745376006887922e+00
1.580233006392726569e+00 1.549801866008483353e+00
1.665845870342351320e+00 1.621118197531968619e+00
1.746959277590323545e+00 1.694140937801480229e+00
1.827990605229124599e+00 1.784665004259480714e+00
1.909876317709978233e+00 1.860533176483874396e+00
1.994346328290119708e+00 1.954858780394216788e+00
2.079044018781812664e+00 2.030865476404834169e+00
2.161124755901062233e+00 2.092013675302130782e+00
2.247416318997036644e+00 2.197895287865767155e+00
2.326286934127372863e+00 2.286364639634589135e+00
2.409583468773971671e+00 2.358414133930839096e+00
2.494269079182307447e+00 2.412779035297614172e+00
2.580232116826284727e+00 2.519038919136690868e+00
2.660064973205555017e+00 2.613444722851768987e+00
2.747876770429378723e+00 2.684688123872390086e+00
2.830324614700499453e+00 2.775169824290520726e+00
2.916568663180342913e+00 2.852250578736553965e+00
2.996847560513127284e+00 2.944298458102911464e+00
3.081190575384987085e+00 3.017311071928053590e+00
3.168627692902667992e+00 3.113681477399750541e+00
3.245623486111800737e+00 3.182114639759793917e+00
3.328538716091676619e+00 3.255398613183644763e+00
3.411306457265751657e+00 3.362584757767077992e+00
3.494671465174860714e+00 3.432761225721520315e+00
3.574819407485907430e+00 3.532958309540914055e+00
3.656370847851954764e+00 3.604861988864064504e+00
3.739855824642039916e+00 3.667513077405750721e+00
3.816475555920219698e+00 3.757502930149758225e+00
3.904282447299434189e+00 3.847610441528569236e+00
3.987775579263327597e+00 3.916168466877719467e+00
4.073998737254948210e+00 3.991602902285318333e+00
4.157076365850435273e+00 4.096985280883461478e+00
4.239626159410237349e+00 4.177812968132158744e+00
4.318694146242183507e+00 4.257028876991180155e+00
4.404578616255166779e+00 4.341476705652481449e+00
4.486686693033251849e+00 4.439311199201030789e+00
4.574752840087596972e+00 4.507302641875391203e+00
4.656485684446811213e+00 4.577190260215929563e+00
4.737227099687594922e+00 4.673508833827476394e+00
4.817848754018847046e+00 4.756150246874109477e+00
4.902622138149536291e+00 4.825497793914858669e+00
4.994459001864688830e+00 4.924569939614928060e+00
5.072299212175758854e+00 5.001864711572101996e+00
5.157604527577414721e+00 5.096773440977201197e+00
5.239653622728335236e+00 5.180620098327756828e+00
5.322875566859760710e+00 5.210015947101510392e+00
5.408052167101734753e+00 5.327797394673693177e+00
5.488567641904825045e+00 5.409148864369386800e+00
5.571887001288668984e+00 5.497401273824287671e+00
5.655848056994989825e+00 5.559499660628162587e+00
5.744702576940516003e+00 5.661510776606111683e+00
5.824597679754336177e+00 5.748915723243045228e+00
5.906220577312581099e+00 5.818931214989608414e+00
5.995583456020050939e+00 5.914198755891617587e+00
6.069759871866584611e+00 5.976151585650088194e+00
6.155627157151533524e+00 6.082987632340616457e+00
6.237594651872102602e+00 6.125214749102925182e+00
6.325132643587882519e+00 6.227588736640506717e+00
6.404756673399149669e+00 6.328937320494524954e+00
6.487189657810604970e+00 6.386335799786357015e+00
6.575451558824826570e+00 6.478846627414914572e+00
6.657713959403478654e+00 6.530459768597627779e+00
6.742375987682118321e+00 6.649010039556207730e+00
6.826984611193350538e+00 6.724985019359055904e+00
6.908144750058070827e+00 6.796675389161592307e+00
6.993651128627054625e+00 6.868643402542129905e+00
7.081225366052811054e+00 6.974880277743862322e+00
7.162388765913735078e+00 7.055956416506395712e+00
7.245371097319234899e+00 7.134339645685209952e+00
7.331026883467966826e+00 7.182345497994564454e+00
7.413862049187338599e+00 7.284408977712431010e+00
7.498906441861659999e+00 7.379166703004541361e+00
7.578777218614304978e+00 7.451290980026122668e+00
7.667443263474757131e+00 7.521689918195027857e+00
7.743615762795419855e+00 7.643679376757866351e+00
7.828931264112066302e+00 7.694068745619617289e+00
7.913787639128901930e+00 7.772520711802870963e+00
7.996166282073461140e+00 7.838222023989979803e+00
8.078050171196583307e+00 7.925727442823112590e+00
8.154710932874873919e+00 8.040413153904085064e+00
8.237745317565288161e+00 8.107818034385838146e+00
8.325795550022077052e+00 8.204549523359153440e+00
