0.000000000000000000e+00 0.000000000000000000e+00
9.470970770447571460e-05 0.000000000000000000e+00
9.448262538131694394e-03 0.000000000000000000e+00
4.501618385327124661e-02 8.008332034009037941e-04
1.192348789514331708e-01 -4.652919592296889529e-04
5.008087981334689853e-02 4.892876807688829599e-01
5.036335966322369462e-01 6.040899515923185970e-01
7.091880080941684872e-01 6.817559056838330411e-01
7.995648432017662399e-01 8.063475733314071636e-01
9.163231456182229229e-01 8.927844770508505112e-01
1.019284064855715322e+00 9.996050225415802348e-01
1.123165442074367748e+00 1.098128620916967391e+00
1.225291628563009105e+00 1.188851319486707192e+00
1.327289006040158759e+00 1.287956167809193531e+00
1.426806241573165934e+00 1.402946226757317838e+00
1.528517699343572067e+00 1.505922741193187919e+00
1.634570321305654383e+00 1.609855744194539140e+00
1.737062161998949472e+00 1.716725318850592208e+00
1.839258747100760427e+00 1.821019337988619036e+00
1.942416752430498716e+00 1.922839389893863160e+00
2.048740388881691299e+00 2.008745605705606341e+00
2.149771471443859827e+00 2.116376150173061799e+00
2.246563479598304713e+00 2.209720763600085736e+00
2.351487631008880808e+00 2.308645561488441356e+00
2.452942471257060664e+00 2.406045849941995218e+00
2.559507186955037206e+00 2.519814952098272887e+00
2.657334941403735940e+00 2.629270524293504607e+00
2.759818643342299094e+00 2.722415147361423315e+00
2.860146725906447251e+00 2.820530088689979564e+00
2.963962109708226489e+00 2.914929156425148271e+00
3.064377358701786402e+00 3.013312701524394122e+00
3.162021831906859592e+00 3.130841697922949862e+00
3.268166690612231307e+00 3.206736678332027246e+00
3.363778431316340800e+00 3.311862989758277198e+00
3.466546829903063287e+00 3.385853897501865717e+00
3.576423739724810869e+00 3.515563599735738620e+00
3.677782578417895465e+00 3.615979157494012775e+00
3.777418236841828314e+00 3.732406478696791208e+00
3.883162180563782151e+00 3.804715305380525159e+00
3.980933908273198263e+00 3.940722189919240837e+00
4.088488846320633918e+00 4.011579539984137632e+00
4.190393882400822001e+00 4.114581971000540683e+00
4.294652338755707177e+00 4.186953810339386628e+00
4.390029141404251156e+00 4.309272205522315602e+00
4.495576683258757811e+00 4.417245047131028279e+00
4.600592731246033296e+00 4.536812830993111056e+00
4.698380172918951381e+00 4.608333675064208990e+00
4.802400103645636520e+00 4.727584205984076249e+00
4.904122536463319193e+00 4.833282063846073839e+00
5.009550810790431186e+00 4.952824028164875436e+00
5.102298582999981846e+00 5.019276688936193054e+00
5.207457086071389796e+00 5.117534381830744827e+00
5.308871473648471451e+00 5.248282016442904485e+00
5.411341713910176487e+00 5.350409382502175681e+00
5.509644630034848056e+00 5.428797285602057876e+00
5.615982096810143709e+00 5.556778852124045542e+00
5.718145547669083228e+00 5.611570335543071053e+00
5.825106660640728684e+00 5.722498852987193629e+00
5.931661372327607040e+00 5.819902430889929867e+00
6.035937688967111470e+00 5.934659160728346095e+00
6.135241102708080874e+00 6.035801520143096788e+00
6.234842865534222511e+00 6.168517671059158047e+00
6.345027389693865594e+00 6.271548834303576569e+00
6.443039629843952731e+00 6.310354284984899031e+00
6.543813002995058525e+00 6.442805074263578291e+00
6.642205294779171432e+00 6.554213604463026144e+00
6.744422183956815253e+00 6.590343050744149167e+00
6.851762743258600352e+00 6.765748146722565970e+00
6.947628638363151587e+00 6.839165378067689538e+00
7.057482138815589501e+00 6.935615211700862481e+00
7.158993813645268212e+00 7.061760402801290581e+00
7.258041453090276818e+00 7.170506334550349692e+00
7.358619928339508398e+00 7.273030050376351419e+00
7.457340274922207968e+00 7.352575308693553247e+00
7.563109948187903164e+00 7.448465471599012844e+00
7.665258181182576180e+00 7.521465692986246232e+00
7.762398417673513684e+00 7.630545342440813172e+00
7.866462606516733125e+00 7.769575056182376649e+00
7.957809941826608835e+00 7.853383929069985392e+00
8.064570985471325670e+00 7.976467572303638676e+00
8.170467326440951084e+00 8.060281914546964188e+00
8.269912523265352533e+00 8.136349287089377214e+00
8.382207575057815774e+00 8.221829498865682595e+00
8.479033331953067076e+00 8.325164413334169566e+00
8.580024940673684597e+00 8.440544637091550229e+00
8.682683966537073417e+00 8.578425021815423435e+00
8.787894574202576692e+00 8.689802877116795443e+00
8.894945458120165682e+00 8.784466791937699526e+00
8.994110577819013130e+00 8.866735864116384036e+00
9.097745664844023139e+00 8.948222001583243213e+00
9.203190126357858603e+00 9.076206594704238739e+00
9.304030366489877579e+00 9.131584919653771948e+00
9.395661565353165656e+00 9.238772042017535213e+00
9.498454101759218560e+00 9.336507119964489121e+00
9.600736631933211029e+00 9.422801955034175947e+00
9.706076198514717035e+00 9.580996840452343122e+00
9.798674081737045682e+00 9.633455223007583612e+00
9.904937434866686985e+00 9.751153047937210161e+00
1.000767330152628176e+01 9.880509506222935556e+00
1.010759559513914674e+01 9.947564658333190479e+00
1.021284680194045791e+01 1.009209775668287357e+01
