0.000000000000000000e+00 0.000000000000000000e+00
0.000000000000000000e+00 0.000000000000000000e+00
0.000000000000000000e+00 0.000000000000000000e+00
0.000000000000000000e+00 0.000000000000000000e+00
0.000000000000000000e+00 0.000000000000000000e+00
0.000000000000000000e+00 0.000000000000000000e+00
0.000000000000000000e+00 0.000000000000000000e+00
4.028564661248106027e-02 5.339865593380462884e-03
9.249434129618814282e-01 3.098236116311489763e+00
3.330410014498426108e+00 3.507119209082649292e+00
3.882987359212420220e+00 3.935678567820418916e+00
4.075887442270168748e+00 4.138768137870587616e+00
4.147227511147927537e+00 4.155939416219546878e+00
4.285323133673933249e+00 4.405279257282459504e+00
4.487606299915647412e+00 4.656471309588644303e+00
4.665918288300366257e+00 4.864503585588116685e+00
4.900726616961440740e+00 5.129599456318885586e+00
5.099391636740180367e+00 5.330628034361470924e+00
5.330470303154165812e+00 5.582301461127654463e+00
5.543414859606688339e+00 5.786457681883695692e+00
5.678887415659247040e+00 5.973259169752542341e+00
5.893668838377447372e+00 6.160440594651835688e+00
6.082771770089684615e+00 6.339300991185023548e+00
6.312749480867977603e+00 6.514794133372730833e+00
6.515551125082272854e+00 6.688122537189613581e+00
6.677290816777553317e+00 6.855390474252049060e+00
6.843925331921200339e+00 7.021635166734959022e+00
7.030683811541361905e+00 7.183324162448780470e+00
7.176906767567017731e+00 7.346462957980274489e+00
7.355631013756976699e+00 7.497495447884383601e+00
7.511636337919498807e+00 7.666935235059748166e+00
7.639978999275116145e+00 7.819562762110837006e+00
7.960405281721446791e+00 7.809598987962280248e+00
7.922985481871879010e+00 8.128446896640427966e+00
8.269151997522198982e+00 8.096597692052911910e+00
8.423741115185798378e+00 8.184417335065855781e+00
8.578632140355923141e+00 8.356583046298124984e+00
8.743613063975749000e+00 8.521647337583756254e+00
8.696570267565430612e+00 8.927409902539865882e+00
8.830806466955598566e+00 9.092156585653725642e+00
9.024635658858244369e+00 9.259956182192041751e+00
9.225943938944331180e+00 9.427618920756627219e+00
9.593984398745019959e+00 9.396370439095390381e+00
9.748343296907629352e+00 9.514534321615030876e+00
9.643971651147062119e+00 9.900257610108173623e+00
1.007479877416911584e+01 9.854992466352454628e+00
1.023438154242859355e+01 1.002090727656815439e+01
1.039667981842950617e+01 1.021562250719469667e+01
1.056306144781939871e+01 1.038339716842668459e+01
1.055308897943703172e+01 1.071819911863334518e+01
1.090968949689977840e+01 1.070266961921620030e+01
1.090397720664346259e+01 1.106721347458974058e+01
1.107053651489280099e+01 1.123547351090110347e+01
1.140649582446758892e+01 1.123047746940443048e+01
1.159457527925001585e+01 1.142323993667039872e+01
1.174848220163877777e+01 1.159919695920008387e+01
1.192743576008286333e+01 1.178134728339403736e+01
1.211836375161286128e+01 1.197701369046700570e+01
1.229601940536971583e+01 1.212231647313917371e+01
1.233235588499627156e+01 1.244585952675802787e+01
1.264299541395739368e+01 1.250062766884438403e+01
1.264993697056905475e+01 1.279108336250530087e+01
1.298238404037170568e+01 1.284724377027854558e+01
1.316631766330699627e+01 1.307063772726525563e+01
1.334144796162894941e+01 1.324505390499237834e+01
1.353172809006109212e+01 1.340474751400656928e+01
1.371838749792986967e+01 1.361495805739258458e+01
1.390983603877787012e+01 1.373268553574142992e+01
1.410155462177752383e+01 1.395597289261352536e+01
1.429183200033669898e+01 1.417057424302932134e+01
1.448293238894260071e+01 1.427766207368108553e+01
1.466989835600304204e+01 1.448690361792950654e+01
1.485393068895346147e+01 1.471403786377147505e+01
1.483932694648824402e+01 1.498057073749631485e+01
1.519815770152929701e+01 1.508176396310557088e+01
1.538976582132930737e+01 1.525290923753755123e+01
1.557918954698519975e+01 1.548690232535313527e+01
1.576699947923325595e+01 1.558296430461895277e+01
1.595528274772143185e+01 1.577113912954212083e+01
1.615258821557146263e+01 1.599828441867062168e+01
1.633702960356695399e+01 1.610630588708660937e+01
1.653771389401370584e+01 1.632646437751476753e+01
1.670742573488625382e+01 1.653975995220283579e+01
1.689907668700033483e+01 1.666042654978354776e+01
1.689401564038204739e+01 1.700807704349668370e+01
1.726485686608836190e+01 1.706400857049084863e+01
1.743086858241236214e+01 1.729929145444775429e+01
1.762284893255377227e+01 1.743335382260028865e+01
1.782024494939353687e+01 1.764241076975787337e+01
1.800492449274431550e+01 1.783087465341056088e+01
1.819716216885933235e+01 1.800323526317727030e+01
1.837991575152088686e+01 1.814666491868944576e+01
1.858007464457710611e+01 1.842754426648932053e+01
1.877816072446588080e+01 1.860087351220921903e+01
1.897438176153856304e+01 1.872174597628594839e+01
1.917167932862482616e+01 1.897629159076951311e+01
1.936105801745529575e+01 1.917917979103992465e+01
1.955497166834372536e+01 1.936791000076537728e+01
1.974900530016629574e+01 1.951893343195864361e+01
1.993335790378766248e+01 1.978419218510887490e+01
2.013142991799509574e+01 1.991000627517333399e+01
