0.000000000000000000e+00 0.000000000000000000e+00
0.000000000000000000e+00 0.000000000000000000e+00
0.000000000000000000e+00 0.000000000000000000e+00
0.000000000000000000e+00 0.000000000000000000e+00
0.000000000000000000e+00 0.000000000000000000e+00
0.000000000000000000e+00 0.000000000000000000e+00
0.000000000000000000e+00 0.000000000000000000e+00
0.000000000000000000e+00 0.000000000000000000e+00
0.000000000000000000e+00 0.000000000000000000e+00
0.000000000000000000e+00 0.000000000000000000e+00
0.000000000000000000e+00 0.000000000000000000e+00
0.000000000000000000e+00 0.000000000000000000e+00
0.000000000000000000e+00 0.000000000000000000e+00
0.000000000000000000e+00 0.000000000000000000e+00
0.000000000000000000e+00 0.000000000000000000e+00
0.000000000000000000e+00 0.000000000000000000e+00
0.000000000000000000e+00 -3.183456266963999304e-02
1.437839213264171800e-01 0.000000000000000000e+00
0.000000000000000000e+00 0.000000000000000000e+00
1.860329213919474922e-01 3.821998435332419342e-01
3.297571399219006993e-01 0.000000000000000000e+00
2.231183093795817696e-01 6.124646195263388826e+00
6.360382785430942931e+00 6.787830351786998229e+00
6.566282452634201405e+00 7.007362229840728318e+00
7.052109253615786777e+00 7.184398324861756890e+00
7.170197725950560041e+00 7.314110668212157940e+00
7.322828634179931129e+00 7.458959101738146913e+00
7.541185224599649572e+00 7.503001326444041830e+00
7.650983394954805838e+00 7.619852103114886255e+00
7.784077180633809157e+00 7.957839421637529220e+00
7.947037413229538494e+00 8.111181791060534607e+00
8.117826327483335547e+00 8.242269290839590923e+00
8.373281263692826215e+00 8.266207342651352263e+00
8.415771949646780214e+00 8.532348986516741007e+00
8.667153940916726640e+00 8.557918517586973195e+00
8.733950355779970920e+00 8.831460739568470331e+00
8.962814625300589810e+00 8.881092312971079039e+00
9.114758642212173356e+00 9.016689021277317195e+00
9.266631789750647386e+00 9.140120077628656858e+00
9.415621063229348664e+00 9.316254334981278973e+00
9.571071484680254926e+00 9.470484308090197700e+00
9.729325720972578750e+00 9.605210654972587747e+00
9.885242565500391265e+00 9.781297798300927937e+00
1.004593854629227323e+01 9.885030439279008263e+00
1.020718355425338686e+01 1.009530690997014979e+01
1.035847025403428923e+01 1.025166407143250602e+01
1.052221883593245622e+01 1.044271474379686460e+01
1.069946471931076815e+01 1.056395155030612365e+01
1.086507565229734951e+01 1.074177519173852957e+01
1.103554966360679401e+01 1.088313331224019187e+01
1.120151970878151459e+01 1.103538415724320032e+01
1.137395404056340986e+01 1.117402581453731436e+01
1.154320262022690002e+01 1.141397260079703813e+01
1.171596931593376922e+01 1.152714342682227056e+01
1.188295567102437289e+01 1.172931925611132442e+01
1.204927842094480894e+01 1.191348863448157047e+01
1.222699233306394540e+01 1.209600320771818538e+01
1.239231123100389453e+01 1.224974398728095970e+01
1.256561014431779988e+01 1.243696243873712248e+01
1.273995888692323142e+01 1.262914166672253380e+01
1.291951001049845260e+01 1.274368813741536677e+01
1.309936862702374505e+01 1.298949115407308241e+01
1.328400734462557509e+01 1.320098887787761655e+01
1.347175423587418130e+01 1.325275229796158705e+01
1.365350412146418968e+01 1.344008552497356490e+01
1.383855949754974723e+01 1.369483082072201086e+01
1.402650117042607469e+01 1.380600891530794172e+01
1.419818479491041607e+01 1.401637972381753272e+01
1.438454437855047274e+01 1.421835026373241462e+01
1.457342190309901753e+01 1.440735051562984381e+01
1.475425283759954631e+01 1.456447487803289498e+01
1.494201013232843778e+01 1.474318745809030418e+01
1.513219342616020135e+01 1.485469487246131948e+01
1.530307640525120405e+01 1.502374484755051220e+01
1.549811855040912612e+01 1.528089805217506303e+01
1.567835692516248969e+01 1.553756681958023300e+01
1.585507958974756448e+01 1.562476003177118677e+01
1.604103996631535622e+01 1.580782546729778382e+01
1.623101834805801147e+01 1.604317826656076917e+01
1.640443608603951731e+01 1.619503237097578818e+01
1.659116533151412654e+01 1.637535991371771615e+01
1.677013594262246698e+01 1.657278483331058538e+01
1.695528722767046403e+01 1.664562397357930834e+01
1.713977915779121375e+01 1.689221877254131243e+01
1.732681089085101078e+01 1.707084473286166926e+01
1.751396762292632303e+01 1.724621726642775954e+01
1.768288425076299930e+01 1.745133209383100947e+01
1.788546889039096044e+01 1.757963179350119276e+01
1.808111034440061005e+01 1.774522483187629618e+01
1.826853034071535120e+01 1.800512023725454469e+01
1.845204528697958679e+01 1.812715945487147806e+01
1.864705976674614973e+01 1.833813501733961360e+01
1.883939779712495621e+01 1.850109698638571842e+01
1.902753467583960045e+01 1.871945791729796227e+01
1.921680922922932666e+01 1.895120543987059492e+01
1.941637874040963041e+01 1.905873258422215244e+01
1.960441985354224315e+01 1.922215557251153584e+01
1.981153092936285987e+01 1.941398520594839638e+01
2.000131819143485146e+01 1.964575676292591311e+01
2.017888596102974574e+01 1.971747221228350000e+01
2.037933260663594126e+01 1.993718552540185485e+01
