0.000000000000000000e+00 0.000000000000000000e+00
0.000000000000000000e+00 0.000000000000000000e+00
0.000000000000000000e+00 0.000000000000000000e+00
0.000000000000000000e+00 0.000000000000000000e+00
0.000000000000000000e+00 0.000000000000000000e+00
0.000000000000000000e+00 0.000000000000000000e+00
0.000000000000000000e+00 0.000000000000000000e+00
0.000000000000000000e+00 0.000000000000000000e+00
0.000000000000000000e+00 0.000000000000000000e+00
0.000000000000000000e+00 0.000000000000000000e+00
0.000000000000000000e+00 0.000000000000000000e+00
0.000000000000000000e+00 0.000000000000000000e+00
0.000000000000000000e+00 0.000000000000000000e+00
0.000000000000000000e+00 0.000000000000000000e+00
0.000000000000000000e+00 0.000000000000000000e+00
0.000000000000000000e+00 0.000000000000000000e+00
0.000000000000000000e+00 0.000000000000000000e+00
1.650656492657733843e-01 -4.305251530930125081e-02
0.000000000000000000e+00 0.000000000000000000e+00
5.377806192048276146e-02 0.000000000000000000e+00
5.841548720776065101e-02 0.000000000000000000e+00
0.000000000000000000e+00 1.943490485020893388e+00
1.096034771800390661e+00 6.732229520096915110e+00
5.134626765921265878e+00 7.046498194438848728e+00
6.866087153231029028e+00 7.164165421802330513e+00
7.224497711679193301e+00 7.319251293964340377e+00
7.339525450688177521e+00 7.418234952635234691e+00
7.500510853240672127e+00 7.650963457691783098e+00
7.659258343561917037e+00 7.791339514401303568e+00
7.833884700470369111e+00 7.774873934200600800e+00
7.905593653298430112e+00 8.157711312296731521e+00
8.060069009653602734e+00 8.267428497213094474e+00
8.267416210174642899e+00 8.434383927872630693e+00
8.492401285701742353e+00 8.572505507593923824e+00
8.647098841758447563e+00 8.717264530750334472e+00
8.818747208467872412e+00 8.860328724346695495e+00
8.998764117391885975e+00 8.953658174166218231e+00
9.149749592924415253e+00 9.109076561335898603e+00
9.299900737550434116e+00 9.263945634370793769e+00
9.454096424118665354e+00 9.416655073380802321e+00
9.609825078966498069e+00 9.563194696809912188e+00
9.759955907690445187e+00 9.701611782597135303e+00
9.922833770239797957e+00 9.855737615774625482e+00
1.008427082738419323e+01 9.954073691934885559e+00
1.024679268487514783e+01 1.012853326422610145e+01
1.041262176409698270e+01 1.028971582305468324e+01
1.058093526464097422e+01 1.046256838385241572e+01
1.073927138275966442e+01 1.058118674521111480e+01
1.090733355683634542e+01 1.075351538540813756e+01
1.108367185450702941e+01 1.085651783450658314e+01
1.125276027687508140e+01 1.111913512504452761e+01
1.141671928958184701e+01 1.120913698692188021e+01
1.159623594651510992e+01 1.139309212444621977e+01
1.177236722281905124e+01 1.155470264018330262e+01
1.194339235556052614e+01 1.177139712501938362e+01
1.212927936402838291e+01 1.184755543960468316e+01
1.229817429618446489e+01 1.199894814305446111e+01
1.246891091646145000e+01 1.219027127116670783e+01
1.264754452801465945e+01 1.242748237519699295e+01
1.281939134687111626e+01 1.261181722305227026e+01
1.301086784057695489e+01 1.274296184365689477e+01
1.318378764238006617e+01 1.291609274545651331e+01
1.336155172130264468e+01 1.309160582361351643e+01
1.353651186519246252e+01 1.336305790268828630e+01
1.371866743406670963e+01 1.339843801799324652e+01
1.388664549436382600e+01 1.368016876704344753e+01
1.406181214522121969e+01 1.386643930692987325e+01
1.425677692134493135e+01 1.396098615779310848e+01
1.443892471408020484e+01 1.407820589370283493e+01
1.463539299817280970e+01 1.434522819808848304e+01
1.480754200298025403e+01 1.454513581552719437e+01
1.499482780516010472e+01 1.475104402872523757e+01
1.519065698855250446e+01 1.491160842187675506e+01
1.536845032384765730e+01 1.508619725247274879e+01
1.555294791838507962e+01 1.521223411585912721e+01
1.573015647739587131e+01 1.540690006813010982e+01
1.591961375285992908e+01 1.549576795403296181e+01
1.610259996675784677e+01 1.579093870741644245e+01
1.628779225965350719e+01 1.589826125009261126e+01
1.647217624449829643e+01 1.604675610357582016e+01
1.665670455919001824e+01 1.630961395694999894e+01
1.683212217898652696e+01 1.649380410039278289e+01
1.702214976749853292e+01 1.671380870897049675e+01
1.720561132566437834e+01 1.692046177949662678e+01
1.740789057577513788e+01 1.700362441311796147e+01
1.757793369933415306e+01 1.719289941319945569e+01
1.777394268915011111e+01 1.738802941071166686e+01
1.795588822631516024e+01 1.754379267336095793e+01
1.812423919224096380e+01 1.768962593595910349e+01
1.832630665364031586e+01 1.801479466744973479e+01
1.851081286780869206e+01 1.814065811649426152e+01
1.869969490379208565e+01 1.821836084997411476e+01
1.889670725480767643e+01 1.853126168137226770e+01
1.907466297503412278e+01 1.861300388114522519e+01
1.927038219523011975e+01 1.880916897698005741e+01
1.944074073289645099e+01 1.906569836422432473e+01
1.964459594119099251e+01 1.916329374360606153e+01
1.983292039516640060e+01 1.932395496841446914e+01
2.001939554913097297e+01 1.960143328079819369e+01
2.017302007601631075e+01 1.966640823926133308e+01
2.040442178356867586e+01 1.990605261905543699e+01
