0.000000000000000000e+00 0.000000000000000000e+00
0.000000000000000000e+00 0.000000000000000000e+00
0.000000000000000000e+00 0.000000000000000000e+00
0.000000000000000000e+00 0.000000000000000000e+00
0.000000000000000000e+00 0.000000000000000000e+00
0.000000000000000000e+00 0.000000000000000000e+00
0.000000000000000000e+00 0.000000000000000000e+00
0.000000000000000000e+00 0.000000000000000000e+00
0.000000000000000000e+00 0.000000000000000000e+00
0.000000000000000000e+00 0.000000000000000000e+00
0.000000000000000000e+00 0.000000000000000000e+00
0.000000000000000000e+00 0.000000000000000000e+00
0.000000000000000000e+00 0.000000000000000000e+00
0.000000000000000000e+00 0.000000000000000000e+00
7.374715532483004654e-02 3.261627919266532061e+00
1.424731144301046859e+00 0.000000000000000000e+00
1.848534850799526397e-01 1.443431806508760351e+00
3.781579928481964559e-01 1.871997713841031308e+00
6.056211188867091089e+00 6.427962107848104623e+00
5.978897972457447807e+00 6.403120762276712341e+00
6.261052550829650620e+00 6.535049157740812298e+00
6.622797796370203827e+00 6.620129719714125116e+00
6.786633795569060545e+00 6.753556953310449806e+00
6.850745231087315368e+00 6.943831610559946022e+00
6.982116999422302683e+00 7.105689007530007650e+00
7.147635913371779282e+00 7.281357918851762534e+00
7.287791399011178228e+00 7.490320673161187770e+00
7.461529266106451175e+00 7.601363410132834453e+00
7.636252744408934312e+00 7.754087954898882806e+00
7.829130383451080810e+00 7.897037131593950932e+00
7.962745262648392774e+00 8.030631461229720713e+00
8.155218799022712517e+00 8.094367539136854361e+00
8.296080879954507381e+00 8.249949948872609795e+00
8.393230242503252114e+00 8.459415136651966094e+00
8.556842324333523209e+00 8.603602694004221618e+00
8.741207087658487751e+00 8.716056684345112160e+00
8.890509488022724227e+00 8.854012866543511606e+00
9.046814797628572435e+00 9.011289938220889084e+00
9.201900191115457872e+00 9.144685882985134739e+00
9.350215047005987046e+00 9.321145920396288531e+00
9.504333541539978114e+00 9.471264831984971266e+00
9.624046655562970898e+00 9.655798861141587253e+00
9.815440771693971556e+00 9.800703688016367821e+00
9.973530053524907402e+00 9.941557077123857056e+00
1.013041834919426343e+01 1.012614955315284249e+01
1.030497588732878000e+01 1.028699906521218210e+01
1.047635082960567487e+01 1.043610743756268278e+01
1.064877608858579272e+01 1.061384405064375258e+01
1.080671071672148464e+01 1.077283847555058927e+01
1.098621565713808934e+01 1.092320218436931434e+01
1.115665423422569980e+01 1.111412623116389575e+01
1.133209401050874554e+01 1.128858955358645488e+01
1.150967186500595218e+01 1.142666001955074861e+01
1.168447969004317777e+01 1.164756781426653021e+01
1.187560505484944251e+01 1.178489907763952083e+01
1.205224269984762486e+01 1.198097641533901125e+01
1.223677262020541789e+01 1.213837359118493353e+01
1.241054531740185674e+01 1.230903121600740135e+01
1.258219896846009433e+01 1.243211021597402244e+01
1.275903894831701813e+01 1.267455402943320131e+01
1.294147704830074375e+01 1.286531493703744289e+01
1.311499156803808752e+01 1.299338621026351070e+01
1.330109184337704242e+01 1.310768026398495323e+01
1.348516331445834382e+01 1.336138808635529251e+01
1.366051080881147861e+01 1.351419626022521392e+01
1.384640832346705075e+01 1.367302525405880687e+01
1.402490785653165695e+01 1.385417485414326855e+01
1.420539868910819159e+01 1.405082965174999643e+01
1.439206066945584439e+01 1.423360074296275002e+01
1.457367061999492996e+01 1.436394999289481689e+01
1.476010444424522916e+01 1.461199934565329528e+01
1.494515484451994958e+01 1.474205195350154618e+01
1.512782276567847539e+01 1.495389510916304054e+01
1.530943358044782343e+01 1.513293105610449985e+01
1.548376535504337959e+01 1.534283245645197624e+01
1.568373326522381284e+01 1.547484888368566658e+01
1.586255128672517678e+01 1.562158766234869134e+01
1.603496092828288866e+01 1.583252624824772603e+01
1.623888455593365521e+01 1.600052733326600674e+01
1.641108646053038811e+01 1.621342677495128370e+01
1.660147015573706852e+01 1.632685302446766329e+01
1.679589844100225804e+01 1.650711336354934389e+01
1.699602025385286197e+01 1.677622317902470783e+01
1.717958978572993445e+01 1.694940717229664529e+01
1.739347843297070639e+01 1.713952479215274138e+01
1.756280289706863940e+01 1.728580186822733822e+01
1.776233816555732403e+01 1.747831104464117047e+01
1.794193341260431396e+01 1.763619448597635397e+01
1.813053679922652250e+01 1.782825242602995530e+01
1.831306227818560473e+01 1.803123113893632734e+01
1.850305446438894563e+01 1.819289929158583519e+01
1.867654436853743150e+01 1.844256242930566003e+01
1.886713254583339250e+01 1.856003797885925621e+01
1.905585592506862014e+01 1.874022655028647932e+01
1.924171619312984660e+01 1.892112069623075499e+01
1.941845507134697613e+01 1.900294686301441160e+01
1.961079559193516175e+01 1.920852026797277645e+01
1.980525596725372495e+01 1.956000552737462783e+01
1.997705906983776103e+01 1.972976050454751729e+01
2.017425330839566655e+01 1.990913387619255559e+01
2.036912686073848278e+01 2.002692046911734636e+01
