0.000000000000000000e+00 0.000000000000000000e+00
0.000000000000000000e+00 0.000000000000000000e+00
1.271811245575111063e-02 -4.975694833249225818e-03
3.750951720078189028e-02 -2.067240036313303803e-02
7.907474729793237955e-01 1.552356033794863199e+00
1.797926775352755024e+00 2.425299296914694480e+00
2.738487585066817775e+00 2.734028342019783953e+00
2.813396279108192122e+00 2.814196102791081788e+00
2.874268001999059408e+00 2.876739694691860638e+00
2.961884508892384194e+00 2.947100041072304499e+00
3.166641786314417395e+00 3.251034696191193341e+00
3.303987303737451864e+00 3.470913388061330540e+00
3.575494537675645290e+00 3.710096541151308713e+00
3.801777586688225075e+00 3.917095964753072757e+00
3.983774788226677632e+00 4.104990749656238336e+00
4.203037968119547330e+00 4.315690162239060435e+00
4.355453748180808660e+00 4.512323424151009732e+00
4.621267849278746453e+00 4.711798581640239014e+00
4.765336666903285945e+00 4.884307432889920086e+00
4.969700911944583410e+00 5.070961071801462161e+00
5.156881082020041696e+00 5.247605663458013936e+00
5.334324927541175043e+00 5.429381280655307229e+00
5.506490778389361296e+00 5.604818645295961410e+00
5.665422942435520248e+00 5.791552829412099257e+00
5.859828414419284037e+00 5.985674556507926347e+00
6.023577619933521810e+00 6.155445486969346902e+00
6.197848347514931078e+00 6.342075926835200050e+00
6.371872570423638749e+00 6.517174124549955927e+00
6.556742887831112476e+00 6.695659001456495396e+00
6.733837921110126246e+00 6.877015834216190449e+00
6.897782861313906722e+00 7.054986484854586237e+00
7.082099467968464346e+00 7.226502444569532280e+00
7.379940773045526647e+00 7.220440552341684359e+00
7.422253241396420620e+00 7.568904310993811002e+00
7.598310686681333692e+00 7.738936525591478599e+00
7.914328249002399396e+00 7.771208119156113092e+00
8.073772586467510948e+00 7.953164403387567027e+00
8.243009301484852003e+00 8.127498122052728036e+00
8.322188069303615876e+00 8.437073692811910774e+00
8.595326530801708387e+00 8.507292672964108959e+00
8.777964106723478821e+00 8.639169883018020357e+00
8.953731601215459079e+00 8.837626709347279785e+00
9.027637527388675309e+00 9.142059120233561487e+00
9.218314841014894512e+00 9.323613304485187214e+00
9.375030597472264304e+00 9.505033467353001697e+00
9.685150582209386627e+00 9.582040750460079082e+00
9.854440506598759697e+00 9.765354611170831589e+00
9.923656740942163879e+00 1.002752003764404698e+01
1.020324081415331463e+01 1.011650089399809538e+01
1.026220754897997978e+01 1.038744325434700499e+01
1.056622878573732471e+01 1.040945161933381513e+01
1.075469343375395148e+01 1.064067424379348736e+01
1.084083652821891519e+01 1.093267769840743853e+01
1.113074578971555262e+01 1.097854753408092066e+01
1.131235676950990765e+01 1.115463064200748811e+01
1.151378525566503797e+01 1.135198180321668282e+01
1.170222558243018796e+01 1.151566241007855851e+01
1.187047676817780761e+01 1.171192107615420142e+01
1.184961674330824266e+01 1.204846225358464906e+01
1.223457718460738874e+01 1.206103212073340103e+01
1.242733497948542443e+01 1.222657325284544605e+01
1.250512290376291347e+01 1.259375567670316265e+01
1.279585799802211810e+01 1.266570528977904964e+01
1.299287273675915344e+01 1.281200186056616630e+01
1.305503616879600237e+01 1.316113134425600784e+01
1.335985846412194356e+01 1.317450397567346521e+01
1.355059164716364783e+01 1.337311681602710678e+01
1.373615550888631809e+01 1.354382663299385214e+01
1.393729973634025221e+01 1.372362361515048512e+01
1.411260794206942215e+01 1.393249040559846819e+01
1.429970108343229640e+01 1.406303819913604869e+01
1.447739859576780397e+01 1.430535273401799579e+01
1.466793385463846811e+01 1.445949300662646664e+01
1.487332534800533601e+01 1.461095176063334655e+01
1.506442705340298538e+01 1.488844503668592623e+01
1.525550468710273933e+01 1.504088646266503559e+01
1.545674204673280450e+01 1.521982740834572567e+01
1.565036245736842702e+01 1.549157788526492219e+01
1.584683760746312764e+01 1.561633501940974256e+01
1.602371391166826342e+01 1.580422473390039961e+01
1.621900834625188637e+01 1.600753026150180247e+01
1.623049421248361668e+01 1.636977434850155788e+01
1.658466790022712090e+01 1.638770284443738490e+01
1.656202311150905970e+01 1.675357760784626393e+01
1.696367627502786846e+01 1.679296993214330058e+01
1.716078529304147793e+01 1.696032739580065041e+01
1.734589874948991195e+01 1.713521115978860365e+01
1.732063954147080764e+01 1.748662602074753281e+01
1.771578284003418347e+01 1.754702794539865707e+01
1.789134849198368471e+01 1.770078691715095687e+01
1.807432027770670047e+01 1.791675141805647442e+01
1.826635899727549983e+01 1.811818057768443424e+01
1.844938321592344366e+01 1.831098361844778921e+01
1.865231869334592574e+01 1.846474800336681810e+01
1.881744240508213650e+01 1.866956737778394171e+01
1.901035029678453014e+01 1.880291622281386310e+01
1.919123827702858165e+01 1.905486521141119383e+01
1.937701311392070025e+01 1.926217486050319749e+01
1.955324707122051464e+01 1.942179927215002877e+01
1.967936950331157675e+01 1.970841652874793226e+01
1.994943648759104704e+01 1.983330224530158503e+01
