0.000000000000000000e+00 0.000000000000000000e+00
0.000000000000000000e+00 0.000000000000000000e+00
0.000000000000000000e+00 0.000000000000000000e+00
0.000000000000000000e+00 0.000000000000000000e+00
0.000000000000000000e+00 0.000000000000000000e+00
2.294323232979772476e-02 0.000000000000000000e+00
3.185325412009274992e-01 4.130083581549921501e-01
5.638988833250845323e-01 3.142343506954138332e-01
6.921118753108610466e-01 5.997909035349815454e-01
2.608703906831526531e+00 3.789231061315447846e+00
3.817204043501471578e+00 3.356790775783475844e+00
3.894452819854479220e+00 3.954488065298132238e+00
4.121504240343921488e+00 4.202607314205061506e+00
4.335203238885454446e+00 4.500267692659170926e+00
4.440738363671128397e+00 4.640247485615404344e+00
4.679471847378555260e+00 4.879397534757739407e+00
4.882256080805485787e+00 5.114469096154517835e+00
5.149647271817953786e+00 5.355135463788187167e+00
5.339186992605044146e+00 5.517168222946539302e+00
5.526301084575095501e+00 5.730942940208775482e+00
5.731114806528337269e+00 5.916135797142803909e+00
5.915692751373006431e+00 6.101359865152945261e+00
6.066889144277135770e+00 6.272845999592742139e+00
6.257982264526990690e+00 6.453917438605744294e+00
6.416030323972877980e+00 6.610703559030984167e+00
6.596128094363508332e+00 6.784995773158595256e+00
6.787062174035659368e+00 6.938960426312461571e+00
6.932689712925469649e+00 7.103727352483059754e+00
7.112474598752410948e+00 7.256936660348450197e+00
7.301000576647456164e+00 7.413553771884624943e+00
7.548741726311187783e+00 7.426806407481208794e+00
7.538795476857348632e+00 7.729138022989022083e+00
7.720982060986897544e+00 7.893911531576098817e+00
8.038688740706259495e+00 7.892141542529934384e+00
8.014627653633089821e+00 8.206722003691870881e+00
8.168223964515455293e+00 8.386128739076948335e+00
8.391189976267924067e+00 8.544751231823237703e+00
8.702108096938655279e+00 8.510060576892202633e+00
8.661673017164666533e+00 8.877850976332267052e+00
9.034204876444595911e+00 8.822982080954327344e+00
9.199514384227981623e+00 9.019969983003226943e+00
9.366124583912261770e+00 9.152539994458113171e+00
9.532032944769849081e+00 9.307208658921933164e+00
9.526519166175969389e+00 9.714663560492100558e+00
9.888091474541345960e+00 9.644537262044615034e+00
9.859537901141829153e+00 1.004108660546539689e+01
1.021429767208793926e+01 1.005015444496288879e+01
1.038569628164096947e+01 1.021657742332534191e+01
1.055692688197098761e+01 1.035443724896859052e+01
1.073371958396211312e+01 1.054231646383277621e+01
1.089917254560286430e+01 1.072164333390072422e+01
1.108197687231135831e+01 1.089130082131628363e+01
1.124582718533852166e+01 1.109573944963799619e+01
1.122999778372881075e+01 1.140380280685964465e+01
1.159018349697098849e+01 1.146170460255971690e+01
1.176348406424047965e+01 1.159919116102364001e+01
1.193508030461687319e+01 1.176692794911805073e+01
1.211962570855021148e+01 1.197352661723567380e+01
1.228958040955684439e+01 1.214055218523590618e+01
1.248397585963955514e+01 1.235451211704424956e+01
1.248330588164399835e+01 1.262542014718245298e+01
1.282690035370997172e+01 1.270824396452187344e+01
1.300170531842435473e+01 1.285245820653867810e+01
1.317258547329015883e+01 1.305102099634528479e+01
1.335383206308980952e+01 1.322415610233258221e+01
1.353173138002478026e+01 1.340798520445550679e+01
1.371052550882451904e+01 1.357403293630896179e+01
1.389905827875699451e+01 1.378036285088058222e+01
1.408204806865955305e+01 1.395571094575694637e+01
1.411959157784456842e+01 1.421322253372318478e+01
1.443274420392103785e+01 1.430288837022773940e+01
1.461709911611645829e+01 1.450439731888402761e+01
1.480925046258833966e+01 1.470165491431174409e+01
1.499142338069109748e+01 1.488043212511442981e+01
1.518403287912713573e+01 1.505415500059393707e+01
1.537125610855289359e+01 1.523676600741401543e+01
1.556087087788383450e+01 1.540941234902860302e+01
1.574748518875590442e+01 1.560061058567898762e+01
1.592675990906065486e+01 1.579169623817339030e+01
1.611582931076995351e+01 1.600554910951698773e+01
1.631918744864806570e+01 1.618296125752642212e+01
1.649558492143230382e+01 1.639645695127025959e+01
1.668739130061161902e+01 1.655532239426118579e+01
1.687114465420633280e+01 1.674582572368687394e+01
1.706247177267401582e+01 1.698057577716673805e+01
1.724953630808502680e+01 1.713936630149572338e+01
1.743448619131737942e+01 1.728757554191123447e+01
1.763010300916542761e+01 1.750698492289572172e+01
1.782237411099582758e+01 1.771544939025828924e+01
1.803880091166295330e+01 1.780708949652592210e+01
1.820803718193459630e+01 1.808282994045245573e+01
1.840774460650495215e+01 1.830929248250337693e+01
1.860948822962664551e+01 1.848014878783651582e+01
1.879722626605532909e+01 1.864281592281454181e+01
1.899780786221618101e+01 1.884126471091578381e+01
1.916893953982549448e+01 1.895235107046840994e+01
1.938273783888214297e+01 1.926553476086693450e+01
1.957010123591427231e+01 1.941986463787450745e+01
1.974810882938172796e+01 1.962501037685590433e+01
1.995328889362857439e+01 1.983003222080987626e+01
2.014569567188237542e+01 2.002271730055212018e+01
