0.000000000000000000e+00 0.000000000000000000e+00
0.000000000000000000e+00 0.000000000000000000e+00
0.000000000000000000e+00 0.000000000000000000e+00
0.000000000000000000e+00 0.000000000000000000e+00
0.000000000000000000e+00 0.000000000000000000e+00
0.000000000000000000e+00 0.000000000000000000e+00
0.000000000000000000e+00 0.000000000000000000e+00
0.000000000000000000e+00 0.000000000000000000e+00
0.000000000000000000e+00 7.581141113086146355e+00
8.751312819618032535e+00 8.634102309136382658e+00
8.829126612648135364e+00 8.735997390408911656e+00
8.433934701277106427e+00 8.451648557877998513e+00
8.214542899904049733e+00 8.220088887430334168e+00
8.144978150957054908e+00 8.191990208405094620e+00
8.153242089674851201e+00 8.258447807794446760e+00
8.245705980724977735e+00 8.423392927165465949e+00
8.368686492413258904e+00 8.606701555389026481e+00
8.543732356913499970e+00 8.821984079272533918e+00
8.783093601577128595e+00 9.025436605667758627e+00
9.038631694165719210e+00 9.236800216433753263e+00
9.256033965032706590e+00 9.418682022883096749e+00
9.422833862223237489e+00 9.628844644109820550e+00
9.627259970205646056e+00 9.841806613406047788e+00
9.786366108283063525e+00 1.001908426939257168e+01
9.967575063287606341e+00 1.019483611950937174e+01
1.016680157737417822e+01 1.038355787129280650e+01
1.033408924076431212e+01 1.056558622259911751e+01
1.054023782365134565e+01 1.073322446198117852e+01
1.073897120457191434e+01 1.090539480032003183e+01
1.090574704181473642e+01 1.107881505008958989e+01
1.109469363287064958e+01 1.124229575079383459e+01
1.127980035120630475e+01 1.140444565451661951e+01
1.144885021402001968e+01 1.156228794930538406e+01
1.161232380594438851e+01 1.173085959725333005e+01
1.176745320434340591e+01 1.189613400660461195e+01
1.196792236633911166e+01 1.206038479596457336e+01
1.211198271323115172e+01 1.222747786774123391e+01
1.227912371486461396e+01 1.238385352503264691e+01
1.244454662243819421e+01 1.254958326406481817e+01
1.258973884586890613e+01 1.270950654143554637e+01
1.276501152944181960e+01 1.288294885932595513e+01
1.294079879898285768e+01 1.304479062240159593e+01
1.310459076132865164e+01 1.320693540220771922e+01
1.327682741561431357e+01 1.336008045864547711e+01
1.341933396120518651e+01 1.352454775063586645e+01
1.358666549302819426e+01 1.367625479918051212e+01
1.375041343817574635e+01 1.384881155745955184e+01
1.391388692846356356e+01 1.401347004000356300e+01
1.407198610855093079e+01 1.416810147291025679e+01
1.421103814805463372e+01 1.433402643158610346e+01
1.439525649310076538e+01 1.450478231401911344e+01
1.452389641304735690e+01 1.467424918275995616e+01
1.469735750131265384e+01 1.482894924559853855e+01
1.486492932838488201e+01 1.499774044223302205e+01
1.499987537759416512e+01 1.516490704287911662e+01
1.520234702447345398e+01 1.532749154127861502e+01
1.532107407421254308e+01 1.548520615777785103e+01
1.551489561862512012e+01 1.565966352541666851e+01
1.563617007260993574e+01 1.581546773864586974e+01
1.575869183813518681e+01 1.598057663138155249e+01
1.597131727037178806e+01 1.613738977962846377e+01
1.611146642561129738e+01 1.630451244344632755e+01
1.627387737322668215e+01 1.646716648267875627e+01
1.656266954819089321e+01 1.648034267101479955e+01
1.659399016237292201e+01 1.677308591891950584e+01
1.673080333374670658e+01 1.693494733585886536e+01
1.685893684617364130e+01 1.709864122814903453e+01
1.699174362041954467e+01 1.725231562917166173e+01
1.719682475196521665e+01 1.742054029023329775e+01
1.738752365232497255e+01 1.757786643704018914e+01
1.769443749948820255e+01 1.755899589495111002e+01
1.772197837873722293e+01 1.790076105391952765e+01
1.780246458837614654e+01 1.807483002838953468e+01
1.798655139626766086e+01 1.822747207097799205e+01
1.813408566883925133e+01 1.839000347745804120e+01
1.850663227203287775e+01 1.833040041305858381e+01
1.865799932760305424e+01 1.845668673040366414e+01
1.861693409522445819e+01 1.885182123290879730e+01
1.876746790181283231e+01 1.901794933119829878e+01
1.893548028266742733e+01 1.917933990896970542e+01
1.931534692989127677e+01 1.913742146317867210e+01
1.947235708087785255e+01 1.930868359617256758e+01
1.940892403304676606e+01 1.964655825431521663e+01
1.961821414955183940e+01 1.981385430444984053e+01
1.981353585534109385e+01 1.998560029609269506e+01
1.995408356633310731e+01 2.014274362254499806e+01
2.011737707919291651e+01 2.030888908225909972e+01
2.024848681908425974e+01 2.046808378706791842e+01
2.035701307920774639e+01 2.064517830391637077e+01
2.055067859379784423e+01 2.078911832025349327e+01
2.074316630151875884e+01 2.095626908416110368e+01
2.090965423227996567e+01 2.111785840628655464e+01
2.106816177789455224e+01 2.126223074861008300e+01
2.119137182041544420e+01 2.142778681443774147e+01
2.138984621725633772e+01 2.157993020493611169e+01
2.174778973409883776e+01 2.156248524358521834e+01
2.174109844586349638e+01 2.190109954487728317e+01
2.206767180943973727e+01 2.192073059971258431e+01
2.223603892515738423e+01 2.204905374583183786e+01
2.240474949845531327e+01 2.219603497296844807e+01
2.244294322787550655e+01 2.255643649695559461e+01
