0.000000000000000000e+00 0.000000000000000000e+00
1.413031464111897057e-03 0.000000000000000000e+00
5.573988569842514527e-03 0.000000000000000000e+00
1.402359073832969150e-02 -1.568960456032484491e-02
5.492309577972066814e-02 4.262354656000965636e-01
5.810704728786766360e-01 9.476078881097634854e-01
1.129893975253912553e+00 1.178020919481101103e+00
1.335501359669198029e+00 1.380464100063293786e+00
1.574520978270361082e+00 1.539414877006968663e+00
1.766256551784662232e+00 1.730520289072802198e+00
1.962278413795139898e+00 1.912208799941735426e+00
2.169399252400705080e+00 2.092062788017204689e+00
2.356308220172021795e+00 2.301944635151112362e+00
2.557497717772933221e+00 2.511194850259414135e+00
2.759413265530416215e+00 2.712244925822084429e+00
2.952608038177560346e+00 2.903241678537021198e+00
3.143272890856853685e+00 3.097576687400492190e+00
3.348776310063401151e+00 3.304172276137085529e+00
3.542805133957962482e+00 3.489528307336359436e+00
3.742187884089166250e+00 3.691231380539726992e+00
3.940006748813802862e+00 3.874898098111236422e+00
4.129523141993794333e+00 4.073410131150947855e+00
4.325538794254446096e+00 4.273590954098368755e+00
4.519165563377324446e+00 4.467877142969837401e+00
4.715032141955158629e+00 4.638264365977065928e+00
4.917827293744463368e+00 4.830706910760043549e+00
5.104657095095327612e+00 5.036321049576244491e+00
5.298647893172968359e+00 5.218963864338068248e+00
5.496088375565152617e+00 5.442214939194125911e+00
5.693630345417117766e+00 5.594571576331195395e+00
5.887703729325477475e+00 5.807681309506431688e+00
6.087760193104387874e+00 6.000197805172468257e+00
6.279566774788356120e+00 6.173428138215824035e+00
6.467361503417468072e+00 6.333947896393454791e+00
6.669967297989489730e+00 6.586218014177101843e+00
6.865769309352420358e+00 6.786661606331145791e+00
7.070277337644482074e+00 6.976455712619308080e+00
7.273134300704492183e+00 7.184291849709813604e+00
7.465723794417233883e+00 7.354989050413205831e+00
7.683090095044025958e+00 7.561762311155430183e+00
7.872575451276508041e+00 7.780577792694870709e+00
8.069009464335998416e+00 7.957331686855226849e+00
8.274633449128659279e+00 8.116897327001218798e+00
8.465558798864600831e+00 8.321601050353363505e+00
8.670548071240236965e+00 8.539504301184470236e+00
8.877301319378098299e+00 8.784271524308886470e+00
9.068672459258685592e+00 8.892259047951956319e+00
9.270181662403052414e+00 9.119584026392249854e+00
9.461842073686202781e+00 9.315671252113361334e+00
9.651561144393097535e+00 9.494605889111001673e+00
9.850911591761361663e+00 9.749869955650225961e+00
1.004742567610900927e+01 9.843871742452877882e+00
1.024946109991902432e+01 1.010037836818222701e+01
1.045566447951185118e+01 1.025992810524258836e+01
1.063927277341673694e+01 1.048646753460239367e+01
1.082778720124880856e+01 1.066235454722152909e+01
1.103830986652733159e+01 1.085006345498962155e+01
1.123085950221518026e+01 1.100963183409493418e+01
1.142525219205979248e+01 1.118158815630978964e+01
1.164098102203763929e+01 1.143032597536489980e+01
1.182845220345831727e+01 1.157445055743642115e+01
1.203137782248283649e+01 1.180282200412034577e+01
1.222604274964050752e+01 1.191591373157712752e+01
1.242207051601703860e+01 1.212809446553789883e+01
1.263032009564275349e+01 1.241484506660777676e+01
1.281901381139825702e+01 1.251649790804948736e+01
1.302504666261580901e+01 1.280270324642451563e+01
1.322507786912514582e+01 1.296399182396249650e+01
1.342923392787872139e+01 1.312272778896724112e+01
1.361735887489425068e+01 1.334716756873965693e+01
1.382991648466303758e+01 1.355105819932125222e+01
1.402081635191002285e+01 1.373081305898800508e+01
1.421105775622521605e+01 1.403076621234255938e+01
1.440638534712682706e+01 1.413741586068559286e+01
1.461932857923479645e+01 1.431035904339001696e+01
1.480752664689186737e+01 1.447844235583967887e+01
1.500685591939362951e+01 1.478028798244972286e+01
1.520483867481691220e+01 1.488827944330892095e+01
1.538924714959333784e+01 1.502463651343055062e+01
1.559892747804624413e+01 1.526837458175838513e+01
1.579538735848934827e+01 1.549095323383577494e+01
1.598446515030687287e+01 1.563590263982569084e+01
1.619789162637313851e+01 1.582409461669700335e+01
1.639983456195846045e+01 1.609614927039805110e+01
1.659116555028673190e+01 1.629186707678212898e+01
1.678502257236318229e+01 1.643313760594198314e+01
1.698680452849705347e+01 1.663683889155494100e+01
1.718922635151018596e+01 1.678909209662623425e+01
1.738397356728629717e+01 1.700100940525781823e+01
1.757713963096372822e+01 1.720687954937504216e+01
1.778081618620170801e+01 1.745795647988001065e+01
1.796561864972734668e+01 1.757550493189269147e+01
1.816516803182054574e+01 1.781141665948462460e+01
1.835275361509618364e+01 1.794695369348566771e+01
1.854961158841219060e+01 1.808104772737682353e+01
1.875218109197081873e+01 1.832259594988668994e+01
1.893685339984338611e+01 1.859135151808224862e+01
1.912051215181622865e+01 1.879310700044034377e+01
1.932690563805383022e+01 1.898964437773766534e+01
1.952187325062250878e+01 1.906604420784705667e+01
1.971800577904676999e+01 1.941875109168038094e+01
