0.000000000000000000e+00 0.000000000000000000e+00
0.000000000000000000e+00 0.000000000000000000e+00
0.000000000000000000e+00 0.000000000000000000e+00
0.000000000000000000e+00 0.000000000000000000e+00
0.000000000000000000e+00 0.000000000000000000e+00
0.000000000000000000e+00 2.039632487811277387e-02
3.990585302239454957e-02 0.000000000000000000e+00
0.000000000000000000e+00 0.000000000000000000e+00
3.155678633954664303e+00 3.969487361840242201e+00
4.798186480391694708e+00 6.866049150267738099e+00
6.720934819958134021e+00 6.720762387192790399e+00
6.618018451711936478e+00 6.607412130546756579e+00
6.640950852484043487e+00 6.625478324571289157e+00
6.625563149094594984e+00 6.712225911608844520e+00
6.656989400859723460e+00 6.907615846366887524e+00
6.834264628370703143e+00 7.158401329430967408e+00
7.112984420372594485e+00 7.349410352578268579e+00
7.383750766711748348e+00 7.514001958528850444e+00
7.548023470589709127e+00 7.727036282018230118e+00
7.658616282651840024e+00 7.954921491228454045e+00
7.858748759454231347e+00 8.169855056653299030e+00
8.125343945352302200e+00 8.363929619286004424e+00
8.281024338009659758e+00 8.557632067407091370e+00
8.537090073669952872e+00 8.726898715731243428e+00
8.671377282197783032e+00 8.918452500300810826e+00
8.907321724688852527e+00 9.086132618235732039e+00
9.115818932388169316e+00 9.262436666746795666e+00
9.271247233436168855e+00 9.432344010106998411e+00
9.469994532728266634e+00 9.598491689159290630e+00
9.632931297100862267e+00 9.762329110454221137e+00
9.808165441098742221e+00 9.930276007622941492e+00
9.970001996931916466e+00 1.009594085507112560e+01
1.013200631694529719e+01 1.025419134209381333e+01
1.031048737937667781e+01 1.043012484805932871e+01
1.046229427227861031e+01 1.059379576575067183e+01
1.061304369759226063e+01 1.076105484522786071e+01
1.079414764535463434e+01 1.091582891870724126e+01
1.095308665867562858e+01 1.108109521873791792e+01
1.113251205872659888e+01 1.125160059885008934e+01
1.127511822140470521e+01 1.141025244257277649e+01
1.145057142309269871e+01 1.157403387141190265e+01
1.160481467352255969e+01 1.172978612914960372e+01
1.176190204751344659e+01 1.189369406004389518e+01
1.191816021361132805e+01 1.206544340682688699e+01
1.210313434074229733e+01 1.221426869365931367e+01
1.226136700586961936e+01 1.237847427478887674e+01
1.242068498988997227e+01 1.253738076310298588e+01
1.255079243584086512e+01 1.270446783694323756e+01
1.271946185117400852e+01 1.287107271252134133e+01
1.289835304564586238e+01 1.303349914433355750e+01
1.303223823122561953e+01 1.319839302047832241e+01
1.321574652039700482e+01 1.335942153444417357e+01
1.337886479376923532e+01 1.352917798447294828e+01
1.350691229549889272e+01 1.368215657846121402e+01
1.370978490666489691e+01 1.384074366406250789e+01
1.396770088878863447e+01 1.382143548665778532e+01
1.393252225967071567e+01 1.415844629199322391e+01
1.415516865942196745e+01 1.431836629373856340e+01
1.443540295947033592e+01 1.418232014435620592e+01
1.441275135585434874e+01 1.462544435888045236e+01
1.458859441934116852e+01 1.478470966483573434e+01
1.492101095258131593e+01 1.474778812246972848e+01
1.481734240235238964e+01 1.509813550130957083e+01
1.524294661080290503e+01 1.505706309621871597e+01
1.539576996378580631e+01 1.517248650691515799e+01
1.554610136929634834e+01 1.531162321550145222e+01
1.547283638916860760e+01 1.571837421970956861e+01
1.586194775202534757e+01 1.567976295546509391e+01
1.578580427006464326e+01 1.603120355957042875e+01
1.603338331690747509e+01 1.619495761075693352e+01
1.613948204345032167e+01 1.635436187703137634e+01
1.649973309385284992e+01 1.629440175629614274e+01
1.637458120217059587e+01 1.667135797298096023e+01
1.683489667191762962e+01 1.662053665149210957e+01
1.698335784226432210e+01 1.679334402630766121e+01
1.716441655110375919e+01 1.692283694546421913e+01
1.709548518490392155e+01 1.732853900913573142e+01
1.749397750373685767e+01 1.726562150539981033e+01
1.747237802398048245e+01 1.765518648108602662e+01
1.782834357535087122e+01 1.762931643530427195e+01
1.777945578047968311e+01 1.798442935186497493e+01
1.815341368403263189e+01 1.791790764871803887e+01
1.832446494160176442e+01 1.810955965890955710e+01
1.850016284185438309e+01 1.828221406331036647e+01
1.867519132508663660e+01 1.848927369498259665e+01
1.884868554352744141e+01 1.861094111314928412e+01
1.877050609152229299e+01 1.899059543651309667e+01
1.918057290928324932e+01 1.896416918257136430e+01
1.907203086511853485e+01 1.933763870661980278e+01
1.952167451022512878e+01 1.931724621465563274e+01
1.948311428619276242e+01 1.967093647035412474e+01
1.986944325076795792e+01 1.966935969627197522e+01
2.004875304007773096e+01 1.982471159729652399e+01
2.000342410466133103e+01 2.018335765904573975e+01
2.038740317745628872e+01 2.017478470098872378e+01
2.055481737440828383e+01 2.037874176685358663e+01
2.073480229817910470e+01 2.054197103250620771e+01
2.090790828553215519e+01 2.070638410354441206e+01
2.107302659147457646e+01 2.090225108612731830e+01
2.101856040003502457e+01 2.120874324671548550e+01
2.143287328888099808e+01 2.124136769789904022e+01
