0.000000000000000000e+00 0.000000000000000000e+00
0.000000000000000000e+00 0.000000000000000000e+00
0.000000000000000000e+00 0.000000000000000000e+00
0.000000000000000000e+00 0.000000000000000000e+00
2.364781683480637192e-02 0.000000000000000000e+00
0.000000000000000000e+00 0.000000000000000000e+00
1.079638879099909313e-02 -4.058106744747716314e-03
8.913506789235982053e-01 2.880019817706653384e+00
3.021015525442538152e+00 2.929549126272044557e+00
3.166729944932431540e+00 3.167376334451716513e+00
3.284951537813650013e+00 3.283143275139045247e+00
3.391171918229491489e+00 3.370357258078457541e+00
3.504811392526543390e+00 3.585325309693493612e+00
3.667325620753250082e+00 3.648753342738172645e+00
3.853357054362288370e+00 4.020585397752194368e+00
4.016663656079588307e+00 4.190252902110995770e+00
4.233466538287045999e+00 4.379613907297338571e+00
4.425425425406603885e+00 4.585243126653495871e+00
4.618288283095130176e+00 4.779579658217834037e+00
4.805374286213223378e+00 4.940732779154846099e+00
4.981753482789985199e+00 5.111840978772622002e+00
5.171738120025039187e+00 5.264351259336230271e+00
5.359575783200906329e+00 5.426252551995784934e+00
5.565858519640633162e+00 5.530384572831383849e+00
5.655564935340612998e+00 5.753099856202971374e+00
5.903406441717897302e+00 5.842697339939740608e+00
5.997735549456135296e+00 6.109349786356497169e+00
6.218429013921280557e+00 6.294523531289443419e+00
6.375599278525704072e+00 6.472529363747183240e+00
6.545155406902298800e+00 6.646185679678969116e+00
6.801485977239909886e+00 6.708482959491150588e+00
6.874662064565966624e+00 6.994218572668040146e+00
7.159850089709418164e+00 6.996636116553113460e+00
7.335307244036087582e+00 7.174736205018048985e+00
7.347785426512486673e+00 7.519769641114469216e+00
7.700907996319767967e+00 7.529957400420456359e+00
7.692188042197862785e+00 7.859141974268526454e+00
8.046994311494019669e+00 7.913694548692300934e+00
8.059965414928093708e+00 8.207425950228863343e+00
8.393034515730700917e+00 8.268063585359026746e+00
8.395915481578114736e+00 8.552260641222011017e+00
8.595240151778250848e+00 8.723368051821079661e+00
8.910656501811336838e+00 8.788679195750731310e+00
8.969196290383258940e+00 9.074933746146401248e+00
9.252712253342210147e+00 9.113556201151393310e+00
9.440432576135865617e+00 9.325310452497902247e+00
9.615786070642579730e+00 9.511559848275338069e+00
9.805921352812443814e+00 9.691513068670191799e+00
9.987907873886269883e+00 9.864314547202887695e+00
1.017837434146245990e+01 1.001832992754144591e+01
1.035858453546678071e+01 1.017671812255002450e+01
1.054826049805969213e+01 1.040318228029556025e+01
1.073942738259061613e+01 1.059997164601021780e+01
1.093751414320691495e+01 1.079373600835485192e+01
1.112147470155813345e+01 1.098602607253066665e+01
1.132060098235625745e+01 1.114349580362299363e+01
1.149914027843401421e+01 1.132920233446996505e+01
1.169755003571100005e+01 1.155885276968606767e+01
1.188236367447181152e+01 1.172029958978081865e+01
1.207755576185865110e+01 1.189633741877720396e+01
1.227200284910141725e+01 1.212887330808804265e+01
1.246145483738921200e+01 1.228373014204542102e+01
1.263968810070669058e+01 1.247047744713686335e+01
1.284077719644499638e+01 1.264777000834411780e+01
1.303243298970291875e+01 1.278599381156253045e+01
1.322210065934433665e+01 1.297678898191942842e+01
1.340918119163095135e+01 1.316550842671691157e+01
1.360195653204367972e+01 1.344035358537138869e+01
1.380226621124481312e+01 1.355271313570132108e+01
1.400757431878352044e+01 1.369211885174522081e+01
1.418735818219916212e+01 1.393158983651782279e+01
1.437572093917148486e+01 1.409580515162216763e+01
1.457040481904417994e+01 1.428292911779381313e+01
1.476476461952216468e+01 1.450241027808831440e+01
1.494069121951046419e+01 1.463351845044655697e+01
1.513067108283968132e+01 1.486696821671926294e+01
1.532458469102666143e+01 1.512178941121436893e+01
1.550152150888809288e+01 1.526239169011546792e+01
1.570042123702235592e+01 1.547775277138686967e+01
1.590578878240387617e+01 1.555877034243050616e+01
1.610474064578550113e+01 1.588924771769976729e+01
1.627490952309029382e+01 1.600435670886765749e+01
1.647742043154092428e+01 1.623301996275007753e+01
1.666910562034200538e+01 1.640399549630330966e+01
1.684933720863010365e+01 1.659884516605379901e+01
1.703894863642187119e+01 1.675862496888242248e+01
1.723064606439609037e+01 1.701743837569198803e+01
1.714195365027661566e+01 1.732341108235565130e+01
1.759152990005361872e+01 1.734292860077821530e+01
1.777312538043257817e+01 1.754318499554995725e+01
1.795990011230374250e+01 1.777880134825611336e+01
1.815536125136689805e+01 1.796839367584814440e+01
1.835778731067328096e+01 1.815384693139823113e+01
1.854285266926356002e+01 1.833580660635220738e+01
1.873919805272372585e+01 1.856034786676858417e+01
1.893640087816755369e+01 1.876413677213380637e+01
1.914015840220079312e+01 1.892390179956198182e+01
1.931529993056972216e+01 1.907765707841214464e+01
1.951192404843262906e+01 1.930700573712843138e+01
1.971601753566860893e+01 1.939745768368668166e+01
1.990824831018912278e+01 1.969444303500274529e+01
