0.000000000000000000e+00 0.000000000000000000e+00
0.000000000000000000e+00 0.000000000000000000e+00
0.000000000000000000e+00 0.000000000000000000e+00
0.000000000000000000e+00 0.000000000000000000e+00
0.000000000000000000e+00 0.000000000000000000e+00
0.000000000000000000e+00 2.028377708562212334e-01
6.204254943170576381e-02 5.327450869017005264e-01
5.512152504013178023e-01 8.402974798366452669e-01
8.985427858920546074e-01 9.612706264894442798e-01
1.066129072805928057e+00 1.037326048072284346e+00
1.171664243364433533e+00 1.150656870016459665e+00
1.284415096900389353e+00 1.260127274928679153e+00
1.372699245614092511e+00 1.397672940255612950e+00
1.481622727253163463e+00 1.515032286595950239e+00
1.624674397687879912e+00 1.602389709689755470e+00
1.738093921117588314e+00 1.720172866888749930e+00
1.851230173306268822e+00 1.834442130460777198e+00
1.967307603465334731e+00 1.945800819712058205e+00
2.086463937270605307e+00 2.061118620958515280e+00
2.199394435038164897e+00 2.169288478594873837e+00
2.305574069511865609e+00 2.268259475830546101e+00
2.419972864248661981e+00 2.382501211476438563e+00
2.538135953933108091e+00 2.496322052509762468e+00
2.649294579991404941e+00 2.599598375286614083e+00
2.762975601354795696e+00 2.725465022663861703e+00
2.880235772746948530e+00 2.851182784770609491e+00
2.998821600890055450e+00 2.965644506101308586e+00
3.117016923093463010e+00 3.068075296964975607e+00
3.233600193307581083e+00 3.178458118238097097e+00
3.345151513381912523e+00 3.275640134746047316e+00
3.460160395335312611e+00 3.369470799954283446e+00
3.567942256726563066e+00 3.494594837128487619e+00
3.681858604799414181e+00 3.639343944339082704e+00
3.791507244698926637e+00 3.758743486106124188e+00
3.909336600685582308e+00 3.859668467046108553e+00
4.022754849059912985e+00 3.984195035353569114e+00
4.139746398948068062e+00 4.098175305009244873e+00
4.255369777481634586e+00 4.206666061999539963e+00
4.373808633402442858e+00 4.294022090477948694e+00
4.493423114346023262e+00 4.427575586902587013e+00
4.610248832587759971e+00 4.520094238008510956e+00
4.730043393559725473e+00 4.652892829524667206e+00
4.847622788411919181e+00 4.764450614260777428e+00
4.958273597655914244e+00 4.851393407302531990e+00
5.079457045104151192e+00 4.992717698468070786e+00
5.190176158693090791e+00 5.066540610554576496e+00
5.311506892212733533e+00 5.221935858461997704e+00
5.423801192212817313e+00 5.293695135828849985e+00
5.543650411033587133e+00 5.429774062368138310e+00
5.653609541466166455e+00 5.546176581849683096e+00
5.763752932853818400e+00 5.669716170331252414e+00
5.876787356138994944e+00 5.795296063347561422e+00
5.993855000289498136e+00 5.909057491831806175e+00
6.106539064010636508e+00 5.988776952782595586e+00
6.223079923782566247e+00 6.126819922183551981e+00
6.332451041459359331e+00 6.241716641225424134e+00
6.446875615597144282e+00 6.358217071126005315e+00
6.561179967858531192e+00 6.485760831731044007e+00
6.675323223801579609e+00 6.594530580425257860e+00
6.789191553938755952e+00 6.682944532438122920e+00
6.910942064148782649e+00 6.796987916353591785e+00
7.022684448293429860e+00 6.955246443556336366e+00
7.137406983227373658e+00 7.058084750878604652e+00
7.256779328358510917e+00 7.163535589543424287e+00
7.373889863007837775e+00 7.261778405724296448e+00
7.487690054529744010e+00 7.374400763783185653e+00
7.609594774730426892e+00 7.489152499209026814e+00
7.720952683019845608e+00 7.654763958308905103e+00
7.837318205392727499e+00 7.710321063196805547e+00
7.948763774916997704e+00 7.863355563859987463e+00
8.062179536532202206e+00 7.943722869235886108e+00
8.186400151527900348e+00 8.087500861034431665e+00
8.287804098985333212e+00 8.171651131480112795e+00
8.406986974165866044e+00 8.289890696549390370e+00
8.517615269941911649e+00 8.417404816234038023e+00
8.637827809913657617e+00 8.521559038216464543e+00
8.746695026205001611e+00 8.619996858059220557e+00
8.865267796415521317e+00 8.768602293775957790e+00
8.973400256922070994e+00 8.864815275696756203e+00
9.099579797393666070e+00 8.937260274542042637e+00
9.203652452306538834e+00 9.084050657226043768e+00
9.325677885746037177e+00 9.202509981497826175e+00
9.434029143689928176e+00 9.347646718819355272e+00
9.551616754912449991e+00 9.423517400475779127e+00
9.675205694402825074e+00 9.518220317317121371e+00
9.785948889515442062e+00 9.654884838776748524e+00
9.905463248004140908e+00 9.796606639559392704e+00
1.002567070134334060e+01 9.889734449623281520e+00
1.013038648189674085e+01 9.976208370219891819e+00
1.025173145881834280e+01 1.011990833448568594e+01
1.037463079431022983e+01 1.021319437347896120e+01
1.048928637112757301e+01 1.037184116016106117e+01
1.060132457247133075e+01 1.048011968593122845e+01
1.072077721129362793e+01 1.055429474371203469e+01
1.084348500457437225e+01 1.068688607470103591e+01
1.095699922841835594e+01 1.075437255447621965e+01
1.107734540155026437e+01 1.093510354167310261e+01
1.119610900584208224e+01 1.105319393839855735e+01
1.129901710625236966e+01 1.114516792271251688e+01
1.141692570593938072e+01 1.117844062586305043e+01
1.153174562969465455e+01 1.142201078261043712e+01
