0.000000000000000000e+00 0.000000000000000000e+00
0.000000000000000000e+00 0.000000000000000000e+00
0.000000000000000000e+00 0.000000000000000000e+00
0.000000000000000000e+00 0.000000000000000000e+00
0.000000000000000000e+00 0.000000000000000000e+00
2.561825304542197576e-02 1.432757295664203187e-03
6.204857331110061325e-02 0.000000000000000000e+00
0.000000000000000000e+00 2.418744785696042676e+00
2.755097630931411690e+00 2.955911924775959321e+00
3.250700994405744559e+00 3.256551235864977301e+00
3.329089557272366218e+00 3.326935653848039021e+00
3.396945805593623469e+00 3.406677973332731035e+00
3.485856942716704765e+00 3.483800590656728424e+00
3.571666963152710039e+00 3.515882247364979118e+00
3.666470670089887030e+00 3.722261938736300735e+00
3.798535852163719362e+00 3.936360942009735631e+00
3.917526376745689820e+00 4.130606603144430622e+00
4.085442278252433113e+00 4.338612871513895186e+00
4.349793725212931506e+00 4.537144807201463514e+00
4.520756323890361195e+00 4.694251335508296208e+00
4.653233318606346813e+00 4.866880402374201608e+00
4.849233734733516599e+00 5.025445749465959011e+00
5.032071882498835080e+00 5.180399252215599049e+00
5.193143371715601475e+00 5.341530792798343086e+00
5.354367453384023534e+00 5.490485667842140316e+00
5.546926094651319694e+00 5.629583560650257112e+00
5.716392193040101155e+00 5.780156023711851887e+00
5.874544941357179084e+00 5.929242013447260540e+00
6.034489209238331320e+00 6.069721863677820295e+00
6.201916238991438846e+00 6.162517560734852573e+00
6.303392651707079075e+00 6.375678781611141765e+00
6.462049693939706074e+00 6.520458271039307085e+00
6.609865210531428836e+00 6.661869555308168600e+00
6.806595678806638183e+00 6.754748245818415597e+00
6.960876800533206676e+00 6.905081814061377443e+00
7.072397297062560817e+00 7.124517376602525154e+00
7.233614043742241151e+00 7.285960166104124447e+00
7.402422076208218904e+00 7.441501675024190021e+00
7.573698356159964895e+00 7.603141361442347979e+00
7.764033922149193856e+00 7.710342735119781743e+00
7.917281880963250806e+00 7.832854456776289886e+00
8.069093589715574666e+00 7.988285109886047231e+00
8.238654495660478361e+00 8.096430218870407813e+00
8.393620152779780241e+00 8.302026806160792916e+00
8.556138434344896737e+00 8.476217128085512087e+00
8.724519584278592532e+00 8.655743315296033913e+00
8.794962916312798029e+00 8.875168045337368028e+00
9.033390703560824520e+00 8.958635184149878583e+00
9.112348267112126976e+00 9.179318808522227258e+00
9.357377723136053760e+00 9.286335656856241627e+00
9.533858352616562115e+00 9.444204783901566813e+00
9.690477409054562230e+00 9.635609955798248194e+00
9.863776711242961071e+00 9.753335302291144870e+00
1.002734325534019888e+01 9.946726990673012025e+00
1.020076182588926628e+01 1.005461706612149975e+01
1.036898047016696545e+01 1.023816718704616413e+01
1.053940379486962975e+01 1.040443814608438267e+01
1.070369408144741286e+01 1.057867531362201063e+01
1.087545146764348480e+01 1.074795803847120723e+01
1.104178718510038770e+01 1.091117146492751289e+01
1.121274583638158617e+01 1.105981186833574625e+01
1.128238031530387708e+01 1.132949188825417863e+01
1.152165702133438785e+01 1.139751991488891214e+01
1.170263903480882206e+01 1.161017939258328546e+01
1.186569175056861525e+01 1.171092859579646372e+01
1.204357843320934229e+01 1.192789602358057621e+01
1.221914487868254540e+01 1.208382506399976997e+01
1.239084536023688798e+01 1.224095796507482170e+01
1.257117814772897724e+01 1.247764661871537228e+01
1.275112255501410274e+01 1.259477475099013155e+01
1.275363092100965012e+01 1.286540136996498696e+01
1.306793660936392065e+01 1.296039824706908306e+01
1.325056541240322794e+01 1.311150456326220848e+01
1.341468211083534534e+01 1.325578424355207119e+01
1.360244829015688772e+01 1.343194838425083049e+01
1.377106165894878842e+01 1.362924932849918314e+01
1.394827821666240020e+01 1.374664447875880668e+01
1.413124595598409705e+01 1.395020635341406745e+01
1.429613612058713379e+01 1.414059670120975731e+01
1.447007747393980104e+01 1.431608008812131594e+01
1.466348153918418618e+01 1.450606282751535225e+01
1.483541200783599301e+01 1.460028917859740361e+01
1.500822804209995631e+01 1.477922075689295056e+01
1.518488915629684399e+01 1.495257126174777262e+01
1.535895691290257403e+01 1.521304105010954366e+01
1.551836932170392203e+01 1.530942834568385180e+01
1.569797056415806935e+01 1.553669699069926402e+01
1.587465777042475423e+01 1.569118258463393722e+01
1.604895295006117095e+01 1.578008928357828822e+01
1.622549533145432576e+01 1.595922715407174763e+01
1.641701593635188416e+01 1.614656454321680101e+01
1.660032315987272966e+01 1.633862900312555055e+01
1.675799604694176281e+01 1.650306601848532040e+01
1.695207002498862536e+01 1.665482467103820596e+01
1.712320538558638106e+01 1.682185619649791875e+01
1.730100028589823324e+01 1.707250857280459755e+01
1.748755261705350961e+01 1.718370074030095651e+01
1.766422347423277373e+01 1.741190492560189895e+01
1.758074046484823683e+01 1.774109418839194419e+01
1.801272279582281044e+01 1.767914762257119321e+01
1.816841954044056351e+01 1.798153391547671731e+01
