0.000000000000000000e+00 0.000000000000000000e+00
0.000000000000000000e+00 0.000000000000000000e+00
0.000000000000000000e+00 0.000000000000000000e+00
0.000000000000000000e+00 0.000000000000000000e+00
0.000000000000000000e+00 0.000000000000000000e+00
0.000000000000000000e+00 5.317346673248862093e-02
2.401707003811830443e-01 6.863146652507445822e-02
2.308780859447723266e-01 5.547087199033731014e-02
2.488162071930639208e+00 1.196853334553403592e+01
7.706653759411418392e+00 1.761259786913394976e+01
2.456863837685632745e+01 2.753580949951139800e+01
2.885444411855333158e+01 2.909445596821739954e+01
3.061203426240692949e+01 3.071825182986693292e+01
3.071305786528737869e+01 3.075323544387456920e+01
3.078649900457362776e+01 3.084836896521373362e+01
3.088830106130345854e+01 3.102406367015027300e+01
3.099235943850893449e+01 3.129793448936211675e+01
3.114700807442134689e+01 3.183821059580540691e+01
3.148608281645464757e+01 3.230671488791614365e+01
3.188576810208141055e+01 3.279102315865534223e+01
3.221300336312074819e+01 3.320888504782016781e+01
3.281484724713435241e+01 3.362572437196136832e+01
3.329722247874171615e+01 3.407994443965159093e+01
3.365494486434567989e+01 3.446437559124834138e+01
3.399014604883849699e+01 3.478824987881596087e+01
3.446876865361602427e+01 3.510478365798018530e+01
3.477382921698293927e+01 3.540632533349408817e+01
3.505424699079159012e+01 3.570632166037616173e+01
3.546692010070461976e+01 3.598623526670051831e+01
3.582559541230257594e+01 3.628077958821059212e+01
3.602155266092372443e+01 3.656083724957111514e+01
3.640702643387334803e+01 3.682110793936072213e+01
3.663327688600894305e+01 3.706431265711727718e+01
3.688247430039660912e+01 3.732394033716580140e+01
3.711539336965879698e+01 3.756218523009655286e+01
3.734013535806099071e+01 3.780064950692615611e+01
3.753944825102215077e+01 3.801449863888590386e+01
3.772167069494248892e+01 3.823709533726031395e+01
3.839316140170075187e+01 3.778596798177701999e+01
3.785731632548064596e+01 3.863734014410409401e+01
3.881179735308686674e+01 3.804922600827918444e+01
3.900646935862423703e+01 3.817429714265225016e+01
3.833757642151557832e+01 3.926908464794248488e+01
3.873751685366902819e+01 3.949511694847106469e+01
3.898795140506643975e+01 3.972531767310245954e+01
3.929665075054446532e+01 3.996760162136192207e+01
3.943272269590546131e+01 4.019860618133021291e+01
3.980907039021482774e+01 4.042892725375686780e+01
3.993565226455979911e+01 4.066555736790221687e+01
4.017209580632726329e+01 4.089568848344140406e+01
4.108851868880176283e+01 4.029369891259144509e+01
4.130448725298394663e+01 4.037899992276701511e+01
4.074253662005007470e+01 4.156612362969627128e+01
4.176389901591224429e+01 4.091285025037131362e+01
4.199765838355911995e+01 4.100483066708964941e+01
4.223064711573452712e+01 4.136532835351143689e+01
4.245447894415335810e+01 4.152835235852493412e+01
4.189953957935797035e+01 4.269652502778409087e+01
4.211491470767233380e+01 4.294239669328273834e+01
4.226844387784758794e+01 4.317985579622055070e+01
4.342114798291023448e+01 4.256251692180514112e+01
4.271120960292967084e+01 4.366608525335843183e+01
4.389072330190199978e+01 4.292986032349121217e+01
4.415686367393470135e+01 4.328264653533252471e+01
4.353752004220264382e+01 4.439697840963674480e+01
4.464299039326280649e+01 4.368945743607340404e+01
4.490124690019533915e+01 4.398239342337082292e+01
4.514388230536840751e+01 4.416553118483826523e+01
4.540013553475333907e+01 4.440305676638420351e+01
4.566258888885014500e+01 4.469924681823825807e+01
4.591053106933113526e+01 4.487301776766288697e+01
4.616853068941652793e+01 4.515741613460477311e+01
4.642509772546718949e+01 4.531226340027226485e+01
4.669946725412035704e+01 4.569854973857361102e+01
4.692646348960069957e+01 4.589927501734406690e+01
4.720785101271090412e+01 4.627314607565437399e+01
4.748742304105623901e+01 4.647030347545612017e+01
4.772601946068153467e+01 4.665168536077506900e+01
4.800156289658233533e+01 4.701661204999192734e+01
4.827720863920474414e+01 4.728765040313516721e+01
4.743163635176672699e+01 4.849154083751196254e+01
4.878427394924341343e+01 4.760232969255838498e+01
4.802760367693627330e+01 4.900590799731131852e+01
4.929698669836916736e+01 4.827849668170642872e+01
4.955297669967147556e+01 4.854022038469318545e+01
4.982632444682929673e+01 4.873088682682500661e+01
4.917011497724893587e+01 5.003979085534990645e+01
4.923641059472097226e+01 5.028284560544215509e+01
5.058028845522419914e+01 4.956252111656299064e+01
5.086589343006281183e+01 4.980616361338307740e+01
5.110696990549424612e+01 5.016718131994633012e+01
5.031908876486687632e+01 5.129200086194781250e+01
5.161175321493863777e+01 5.062351950989663862e+01
5.084353472300497856e+01 5.179028600573413144e+01
5.213870263467427435e+01 5.110082705516497015e+01
5.144574992711257266e+01 5.226734221671302549e+01
5.261224598256136176e+01 5.163880549960611432e+01
5.188622686104419302e+01 5.275423695017126136e+01
5.308280582939643466e+01 5.219812175501463258e+01
5.327127084029579152e+01 5.223413522516813146e+01
5.362333453187428489e+01 5.294644084070176149e+01
