0.000000000000000000e+00 0.000000000000000000e+00
0.000000000000000000e+00 0.000000000000000000e+00
0.000000000000000000e+00 0.000000000000000000e+00
1.713034361994666618e-02 0.000000000000000000e+00
3.586630355615347959e-02 0.000000000000000000e+00
1.206260527552663886e-01 -4.194473277310484249e-03
1.958542442022853658e-01 2.362975001976527246e-03
3.406540189200580881e-01 8.369502147705931705e-02
7.377163719615127402e-01 1.049666121827619314e+00
1.110656542903042610e+00 1.191967055451664370e+00
1.288720820762539354e+00 1.310007537169572078e+00
1.415631647191732290e+00 1.434551917385060049e+00
1.539413738088459382e+00 1.518140549472259293e+00
1.651633821705112970e+00 1.639712891718984933e+00
1.770313962704157973e+00 1.744711992219386554e+00
1.869166067257413522e+00 1.900537949394501824e+00
2.014159929440845875e+00 1.985109342381413455e+00
2.105490309986413511e+00 2.137935637202413641e+00
2.254251385385078521e+00 2.227673805727675482e+00
2.372536039133084529e+00 2.332934583914862081e+00
2.493668113899064398e+00 2.447773207727481637e+00
2.608842036363366201e+00 2.566494954016243835e+00
2.727904235637404806e+00 2.691193541322645544e+00
2.845858644687596861e+00 2.816431130843906505e+00
2.971773688922785261e+00 2.935461874834680795e+00
3.090582941182047350e+00 3.041887954417384243e+00
3.210302472861913170e+00 3.169979672439325658e+00
3.337686766756672530e+00 3.292683769329087795e+00
3.455424982994151240e+00 3.407459696192085996e+00
3.576254642395467531e+00 3.542504761734486252e+00
3.701863665786814472e+00 3.664287132244046674e+00
3.820935365046124410e+00 3.776717274077053599e+00
3.939819667114411672e+00 3.898479797072083475e+00
4.066231638312884478e+00 4.031221241208207573e+00
4.185593852998650277e+00 4.150641303791664072e+00
4.315680918353749007e+00 4.278327765844594843e+00
4.429260583706671639e+00 4.373618128059616694e+00
4.554867732543019798e+00 4.507458040057802151e+00
4.677082369547878926e+00 4.628293194405372013e+00
4.795781151952724031e+00 4.756102855807739616e+00
4.918468901748623168e+00 4.844632766916459943e+00
5.040972751297800869e+00 4.983677100762794687e+00
5.161783122730663642e+00 5.113808473212082539e+00
5.293714667359017412e+00 5.231295017288996263e+00
5.418250126627062180e+00 5.369323592770138376e+00
5.548060931666781492e+00 5.470459003533717279e+00
5.667726492528294635e+00 5.615505683174033535e+00
5.789290244341064096e+00 5.716389462454767312e+00
5.914198410328981304e+00 5.799192162018382390e+00
6.033825053263560001e+00 5.986066833332942316e+00
6.149809829978507558e+00 6.090073240154078249e+00
6.279121594132051065e+00 6.223498170882517222e+00
6.399023785954889298e+00 6.339629848915463661e+00
6.517754315747596117e+00 6.448903030921629309e+00
6.642159106652997025e+00 6.575520516346039734e+00
6.768926949992822628e+00 6.702301905591506070e+00
6.888841071125515469e+00 6.841114068170242035e+00
7.009107671183395283e+00 6.942366322773440679e+00
7.135819393752628415e+00 7.036729859267254028e+00
7.262730219640531004e+00 7.184217891056191796e+00
7.378968950238379954e+00 7.289118533954004775e+00
7.505963569871564545e+00 7.432651064072416602e+00
7.623577208725668797e+00 7.542182117377989492e+00
7.757538625646562380e+00 7.679404712330476279e+00
7.873721659637430648e+00 7.762233074730593430e+00
8.000295222154308661e+00 7.896159423982259007e+00
8.122231865030633102e+00 8.022969515806517293e+00
8.244641325678891519e+00 8.128819361222172191e+00
8.368034970696069053e+00 8.254217572982891937e+00
8.488631355970333914e+00 8.354843096321550533e+00
8.612495270859392704e+00 8.494725624236826533e+00
8.735913961377981707e+00 8.680716960705366247e+00
8.855331439917790703e+00 8.738596918500913802e+00
8.978024555481587399e+00 8.897018976893908970e+00
9.103928984482486442e+00 8.960202630944063884e+00
9.230623457257888020e+00 9.084193408912753398e+00
9.352388259037706320e+00 9.165988479879638717e+00
9.479040179437390634e+00 9.372238494667367803e+00
9.605052467476239642e+00 9.466487391352409020e+00
9.722331188072317332e+00 9.560622927359910150e+00
9.842515484457932118e+00 9.718065692216789841e+00
9.978223712265956280e+00 9.833232676162751318e+00
1.008389141438603964e+01 9.923711392658834285e+00
1.021593663431365329e+01 1.007086579190261943e+01
1.033636862759482788e+01 1.018450553201082442e+01
1.046773682266642247e+01 1.029690321005052134e+01
1.058099839552839150e+01 1.041778802199170251e+01
1.071479603729811814e+01 1.055889606595730079e+01
1.083004657683636829e+01 1.070652519011094128e+01
1.094858261276634614e+01 1.082938108016109346e+01
1.108285453111602870e+01 1.091829243140974093e+01
1.120941792799479408e+01 1.105086112790748309e+01
1.132193799301448145e+01 1.112524810425426658e+01
1.144552724819227940e+01 1.127811358720103563e+01
1.156809549662990122e+01 1.141130144788921896e+01
1.169407328030747628e+01 1.155130084603888641e+01
1.181749427472203706e+01 1.154610379846755741e+01
1.193917190730096323e+01 1.178073182396487795e+01
1.206274866012999247e+01 1.189709372423028988e+01
1.219027065296001666e+01 1.194785611935151159e+01
1.230526401308109996e+01 1.219714675728038067e+01
