0.000000000000000000e+00 0.000000000000000000e+00
0.000000000000000000e+00 0.000000000000000000e+00
0.000000000000000000e+00 0.000000000000000000e+00
0.000000000000000000e+00 0.000000000000000000e+00
0.000000000000000000e+00 0.000000000000000000e+00
7.943294073609334649e-02 -3.813348278033218235e-03
5.850655474395463629e-02 0.000000000000000000e+00
1.377203193881853249e-01 6.098958532557057222e-01
1.634689156308680946e+00 1.641081639063381559e+00
1.722303636687574357e+00 1.771544892043060981e+00
1.995846819737066236e+00 2.031556659691585054e+00
2.170055452874914081e+00 2.204569305602523066e+00
2.260896370187773119e+00 2.288191796887232510e+00
2.391631248292421574e+00 2.443342448787876986e+00
2.519532914251183087e+00 2.564768168535042303e+00
2.655362380509798559e+00 2.645468893152920664e+00
2.792389587393949490e+00 2.850464366852170972e+00
2.959763213622418121e+00 3.041558506961906883e+00
3.108470200299624953e+00 3.208234244486706910e+00
3.279390634605671817e+00 3.366063671336551710e+00
3.426344038465880981e+00 3.506773553300480017e+00
3.557212832109238221e+00 3.649920017899348945e+00
3.690748540839357883e+00 3.793830910636221354e+00
3.834625297721085957e+00 3.928971739428571919e+00
3.992605452180414183e+00 4.065031696620382995e+00
4.134725871141503362e+00 4.194574998911759778e+00
4.276936417450690087e+00 4.325868425762810610e+00
4.459305028212607880e+00 4.418404370113907298e+00
4.594676673759873431e+00 4.553014655981420411e+00
4.722977978501501362e+00 4.666447721475966759e+00
4.864205738857618755e+00 4.804646000375145221e+00
4.991630532442768775e+00 4.913377300446046370e+00
5.128076550207335771e+00 5.035243414035247334e+00
5.270726401323112320e+00 5.182924208675323108e+00
5.335793100250823429e+00 5.404681617111035230e+00
5.487094296240194069e+00 5.539296862162490953e+00
5.683997449942139291e+00 5.623683040683856049e+00
5.826621329812820882e+00 5.760342746185088458e+00
5.972222738210307469e+00 5.884121054683561169e+00
6.116843112037527952e+00 6.040076836287122219e+00
6.262805904422217296e+00 6.177933611983784878e+00
6.307134948432732813e+00 6.390062922065586903e+00
6.540828693744881406e+00 6.477909730270445365e+00
6.688373334275005355e+00 6.596961102860391613e+00
6.821498246520077302e+00 6.742851383571861312e+00
6.977357291867583022e+00 6.896665300437447854e+00
7.119725811791698611e+00 7.022422839511070158e+00
7.263043365365156490e+00 7.186472616888069709e+00
7.412121705007743699e+00 7.319682930218248451e+00
7.571610392487298391e+00 7.481912285677349672e+00
7.721666633229694376e+00 7.658844432458644214e+00
7.871513432538640664e+00 7.774463450999598457e+00
8.013345434436876857e+00 7.948406805430338729e+00
8.168120239162401930e+00 8.077496384612171454e+00
8.324636898170219013e+00 8.218618416987071740e+00
8.473442676233231552e+00 8.385667080607749568e+00
8.630246349374569803e+00 8.528199547136523506e+00
8.780726113180010728e+00 8.654443972677892560e+00
8.929670913616307715e+00 8.798203668555180101e+00
9.072882087341151092e+00 8.934550272355659573e+00
9.234317937101661045e+00 9.072968987997038326e+00
9.370770127113987158e+00 9.265802869008719966e+00
9.525606250963686961e+00 9.419727325731807710e+00
9.674120991584226559e+00 9.518080972116587546e+00
9.824611219577544574e+00 9.669137595143055819e+00
9.965993674375656752e+00 9.802602502750055180e+00
1.011728588848593269e+01 9.982447053098011835e+00
1.027088414949815665e+01 1.012315723002336121e+01
1.041220534845289869e+01 1.028618305759631646e+01
1.056710622077157957e+01 1.045224995352731590e+01
1.070930260152814384e+01 1.053434861875022222e+01
1.086122986773162502e+01 1.075257454555965708e+01
1.101451645207787600e+01 1.088663461116556874e+01
1.116198952538437261e+01 1.108739084445611844e+01
1.131769635455971468e+01 1.118333951964195805e+01
1.146485831244226539e+01 1.131100871973749378e+01
1.162963417746986750e+01 1.148127581860876312e+01
1.177757195668174184e+01 1.163778914365018835e+01
1.192652129001195682e+01 1.177029771715545792e+01
1.206960536471667211e+01 1.193736488471739321e+01
1.222823434480898896e+01 1.208610777620184606e+01
1.237417681912445566e+01 1.219921630313102945e+01
1.251872536363543631e+01 1.236173853436933534e+01
1.268246171665205324e+01 1.251088333848876921e+01
1.282077043768153501e+01 1.265495535887475498e+01
1.297662595418547937e+01 1.279520501614812211e+01
1.311775993698669929e+01 1.299876205231330140e+01
1.327258310545584408e+01 1.306295439858767615e+01
1.343956414244109965e+01 1.327228939670851204e+01
1.357908194509669286e+01 1.345526187041776467e+01
1.373717369224630325e+01 1.356894989054366540e+01
1.388336030960221379e+01 1.366121707132866980e+01
1.403028182438392513e+01 1.388107027792131554e+01
1.418241756704057721e+01 1.393989691434987854e+01
1.433693977951510234e+01 1.411946324820149634e+01
1.448850772783600505e+01 1.426585107910401717e+01
1.463978892642256646e+01 1.442999326903913726e+01
1.479517492635477005e+01 1.461605635753200438e+01
1.494529114638751466e+01 1.474099626074306180e+01
1.509587525808383290e+01 1.479750037694237541e+01
1.525172395963079097e+01 1.510563204170052920e+01
