0.000000000000000000e+00 0.000000000000000000e+00
7.824580469996645585e-04 0.000000000000000000e+00
1.908483784487740448e-02 1.690197262823030103e-03
2.205939874449235408e-02 1.805669183777110498e-01
2.912997564379007365e-01 2.193647812632369409e-01
3.837268491402697213e-01 3.451447543565815956e-01
4.711065742873998263e-01 4.283863574136774766e-01
5.517451880261389219e-01 5.237315748458986064e-01
6.317322747294115137e-01 6.047332831084397675e-01
7.128000746697109591e-01 6.759048128337338257e-01
7.931934724442939455e-01 7.526185957826988515e-01
8.738458492482621409e-01 8.551820493274669976e-01
9.529789398662736888e-01 9.228168353987451500e-01
1.035469482607495717e+00 1.007572037660829700e+00
1.118135823423016539e+00 1.075118920473791428e+00
1.198511656302948092e+00 1.167633741651681545e+00
1.273899016442353371e+00 1.224377215041420053e+00
1.350142457903372062e+00 1.318386003068356738e+00
1.432092274679476862e+00 1.391094459550946683e+00
1.508619939496324669e+00 1.460089577028265140e+00
1.594310722379570278e+00 1.540535901812337682e+00
1.670893535408745523e+00 1.614882909054405458e+00
1.750146236246429066e+00 1.705297188052048440e+00
1.828942173317481545e+00 1.774170901897315966e+00
1.907999807760713873e+00 1.855142588683216021e+00
1.988884588777146023e+00 1.961606084531042793e+00
2.066507437940368508e+00 2.015539487102522287e+00
2.148790164311836115e+00 2.098096251629681941e+00
2.229494233485444177e+00 2.176065166690039465e+00
2.308479970642129064e+00 2.249892271884540662e+00
2.388825513239440923e+00 2.328288439745341165e+00
2.467412316089034441e+00 2.408703456126000120e+00
2.544948551170589823e+00 2.479132663062504793e+00
2.627506368329915798e+00 2.573634061453430544e+00
2.702957298221331683e+00 2.648423620206026730e+00
2.784093929499953823e+00 2.731397527549559889e+00
2.859940087195071978e+00 2.789392762115014524e+00
2.941365862485145311e+00 2.871642227077877862e+00
3.021783675749093678e+00 2.949431365211337752e+00
3.102153273128952726e+00 3.044428809863259033e+00
3.182328835999664651e+00 3.112434329997516347e+00
3.261096340737620114e+00 3.210600481839995801e+00
3.339728373475194356e+00 3.274185276686278012e+00
3.419998910265511949e+00 3.348954551412877567e+00
3.498726719626421566e+00 3.421933695212894921e+00
3.581619558835708261e+00 3.517655573849568729e+00
3.661537190839555311e+00 3.608538415459748627e+00
3.737291669606819244e+00 3.665714594760394629e+00
3.815373745009420503e+00 3.726736103475170037e+00
3.898404828789320486e+00 3.836059327397142393e+00
3.979830668249960457e+00 3.883306419936643827e+00
4.059111162874339485e+00 3.981658285501660455e+00
4.136869933566737600e+00 4.074284631387907751e+00
4.217285992338846157e+00 4.131652701335975841e+00
4.298609951052189793e+00 4.213031670398613926e+00
4.376680251740665106e+00 4.309170524876717145e+00
4.460727795568924847e+00 4.377341131210261693e+00
4.540474862909751330e+00 4.471880569362790325e+00
4.616799689572086862e+00 4.509038073029657312e+00
4.694427230268642504e+00 4.601021008435005832e+00
4.770301996070623218e+00 4.693811880282988902e+00
4.858729061588087816e+00 4.766632682997907544e+00
4.931173207499258027e+00 4.839608172699599642e+00
5.015075996486061172e+00 4.916937167531884256e+00
5.090310255544817863e+00 4.998090505540595530e+00
5.168358708605080842e+00 5.064198150572599921e+00
5.249197869558455132e+00 5.175354374614184572e+00
5.334317289492148007e+00 5.248259738687728770e+00
5.411942786097187152e+00 5.312523269504655588e+00
5.491680329991918796e+00 5.392610686637921091e+00
5.571854892446585161e+00 5.467916378839750458e+00
5.652689612773084349e+00 5.564719916106500186e+00
5.726969607594034173e+00 5.641737684131197916e+00
5.810889627142224789e+00 5.736161878450194429e+00
5.888020546304288061e+00 5.764293732773301926e+00
5.965900402996418883e+00 5.881375680312665111e+00
6.045810522425989930e+00 5.946216958434322741e+00
6.120336058771449927e+00 6.027005351673115463e+00
6.203745957560760971e+00 6.121558840723788641e+00
6.285008641459308265e+00 6.207762094566889211e+00
6.368098130422110259e+00 6.274392204457131861e+00
6.448105283568568602e+00 6.341582904387313313e+00
6.527983187547611976e+00 6.417022271978611414e+00
6.604984993721650710e+00 6.522505905558634076e+00
6.681486459595858740e+00 6.604425966983180629e+00
6.767316061102887303e+00 6.649705681287990444e+00
6.847259015621755651e+00 6.735127135463804926e+00
6.925401800623839144e+00 6.840413302807496265e+00
7.000338234188019371e+00 6.865313480841284566e+00
7.087561041567845166e+00 6.961510682108658088e+00
7.159453190253304733e+00 7.052585101139037249e+00
7.241628186710211246e+00 7.148700239347561158e+00
7.325041710435459485e+00 7.235835031746224999e+00
7.395838295497415338e+00 7.325989995325154602e+00
7.481235801323838253e+00 7.367453802955332698e+00
7.561277401728757397e+00 7.452359789958608260e+00
7.636554743784452093e+00 7.508327515116755002e+00
7.719273782752529733e+00 7.613869590746761951e+00
7.800487189880968231e+00 7.702791757583514531e+00
7.879402655778910081e+00 7.729519512489936517e+00
7.958527622168225513e+00 7.876665893785430583e+00
