0.000000000000000000e+00 0.000000000000000000e+00
0.000000000000000000e+00 0.000000000000000000e+00
0.000000000000000000e+00 0.000000000000000000e+00
0.000000000000000000e+00 0.000000000000000000e+00
0.000000000000000000e+00 0.000000000000000000e+00
3.308311414139241541e-02 0.000000000000000000e+00
8.721383722146280881e-02 6.897147158222216579e-02
4.821292348628170465e+00 1.892452481568793843e+01
1.654544144629355884e+01 1.060656566123508426e+01
2.567737941989105366e+01 3.110072415823345438e+01
3.023177796278960727e+01 3.139657000661293651e+01
3.143927249922363742e+01 3.143984805312845054e+01
3.151047230691014178e+01 3.151167783481578510e+01
3.146910890449189679e+01 3.147078903394233507e+01
3.150910201077322270e+01 3.151344631406250230e+01
3.152088299850306541e+01 3.152040612769282291e+01
3.159968833335173599e+01 3.192593824126215907e+01
3.183931193588860964e+01 3.262703626515431665e+01
3.210603169328159368e+01 3.309222010047853502e+01
3.243589073287133573e+01 3.348570913575618846e+01
3.315606248451634741e+01 3.389110376444875072e+01
3.346427659531189391e+01 3.428047829733155538e+01
3.397560769570426942e+01 3.459248560723776933e+01
3.440737194337826566e+01 3.492947888848211591e+01
3.480233257389439672e+01 3.522573891712428207e+01
3.509357449632714321e+01 3.552334448780457166e+01
3.543680070838260576e+01 3.580709829120944221e+01
3.574699609817302104e+01 3.608518117039884743e+01
3.602781097988935954e+01 3.635283399398179682e+01
3.633615611764410147e+01 3.662045042279513751e+01
3.658368898103672251e+01 3.689854446277821154e+01
3.690689437148192553e+01 3.714699305729327961e+01
3.718407252419300590e+01 3.741014434274131872e+01
3.740164193778997515e+01 3.768228551440687824e+01
3.768096291951734855e+01 3.793764353641831377e+01
3.793435920932725480e+01 3.818363932467816113e+01
3.820907443713488050e+01 3.843142978851849989e+01
3.844165676442161583e+01 3.868010314016823514e+01
3.864459086354300155e+01 3.893293910035090022e+01
3.889156863867893321e+01 3.917694391437039059e+01
3.909165579646943911e+01 3.941569258947927068e+01
3.930566392101462014e+01 3.962720547476317989e+01
3.981978124675064379e+01 3.946510278543313888e+01
4.003002920492477301e+01 3.961332838078484286e+01
4.022384853374133229e+01 3.981664733402261902e+01
4.000615054587505881e+01 4.047321414316122201e+01
4.029879234521756359e+01 4.071795154768529557e+01
4.048105436190586204e+01 4.093542591529131158e+01
4.114534032016236154e+01 4.080453550508261173e+01
4.098851737613497193e+01 4.139690914665602151e+01
4.160133723582067944e+01 4.120546945466858801e+01
4.182783232836688825e+01 4.130989060046766781e+01
4.204735586741059450e+01 4.157109406224100923e+01
4.179826321861843752e+01 4.230341800598571211e+01
4.251114769792516057e+01 4.211164526951557008e+01
4.273417668216134757e+01 4.223242747632912852e+01
4.245644684411582404e+01 4.299159411326971991e+01
4.320717690137008304e+01 4.281520750314627577e+01
4.344749303771757099e+01 4.289560398300841371e+01
4.314932282843116695e+01 4.369603611928376807e+01
4.393530147727320667e+01 4.353540529469703557e+01
4.417713983663816890e+01 4.344989668845629183e+01
4.445008409568090002e+01 4.381561210142120188e+01
4.468056985693828409e+01 4.402644593400943052e+01
4.493342163783583487e+01 4.419164042028478434e+01
4.457115199039290587e+01 4.516148794536564992e+01
4.542398723495929858e+01 4.466083224362058246e+01
4.567865341274616497e+01 4.498331252905521183e+01
4.591956168455956089e+01 4.507980903296719788e+01
4.562740014158617896e+01 4.615271966925649139e+01
4.642579638586008883e+01 4.582340555302424434e+01
4.607192974276432551e+01 4.664478057083000095e+01
4.690951033267803183e+01 4.645239696645769101e+01
4.718156297739112404e+01 4.644931482907745135e+01
4.682683285377100191e+01 4.739277208845198430e+01
4.698138606473344936e+01 4.765748574290149975e+01
4.793298354986533383e+01 4.714910063040402122e+01
4.747338782305066474e+01 4.816148424664788052e+01
4.845766329993987398e+01 4.758443369007491697e+01
4.873454188361734651e+01 4.795426183102351558e+01
4.899424946435379269e+01 4.814656752815471208e+01
4.831580877167779420e+01 4.922728825379199691e+01
4.952816714876698967e+01 4.875002270874709609e+01
4.978096487225672462e+01 4.887542695876258136e+01
4.892223426259155872e+01 5.000321586573307542e+01
5.032081229857897853e+01 4.943747925043911806e+01
5.060059718866734357e+01 4.951973380807902458e+01
4.999933441716359539e+01 5.077514085037350355e+01
5.109412688145788195e+01 5.021139866874437274e+01
5.047448070792830066e+01 5.128879528521199660e+01
5.159759042903433368e+01 5.059992928913347754e+01
5.185470377378366180e+01 5.092731815247460503e+01
5.212499962643217088e+01 5.123214153821952976e+01
5.240172401796260715e+01 5.140370106815242224e+01
5.268610192285373728e+01 5.170441447990343420e+01
5.295968701444186877e+01 5.193828772199106680e+01
5.221566794586006210e+01 5.313845420309351653e+01
5.347698328962621162e+01 5.242414097973888687e+01
5.373083719874528441e+01 5.256338214132154008e+01
5.397910579625241922e+01 5.272960088178002280e+01
5.428409882602539938e+01 5.357594843027528952e+01
