0.000000000000000000e+00 0.000000000000000000e+00
0.000000000000000000e+00 0.000000000000000000e+00
0.000000000000000000e+00 0.000000000000000000e+00
0.000000000000000000e+00 0.000000000000000000e+00
0.000000000000000000e+00 0.000000000000000000e+00
1.202762146802926896e-01 5.579087972651642496e-02
1.010212712144193670e-01 0.000000000000000000e+00
2.208348397101469462e-01 1.537715560115129110e+00
1.401372744327385789e+00 1.711398625816984875e+00
1.930377134008794959e+00 1.951423596475954980e+00
2.027780555790245298e+00 2.042218448937704434e+00
2.122190289349408676e+00 2.224743926609111355e+00
2.273197782381851439e+00 2.322024469917045142e+00
2.408694280406917798e+00 2.450805431960745739e+00
2.569986906346239497e+00 2.552722220911546991e+00
2.703687657132030520e+00 2.733770130393781805e+00
2.826967791966946475e+00 2.886506038056335655e+00
2.973349611584972685e+00 3.048226910173975401e+00
3.106267207241152128e+00 3.217484793257253450e+00
3.231973277813390055e+00 3.364967523625149504e+00
3.383206106009138736e+00 3.511474238151581329e+00
3.529809951099816434e+00 3.646546423820435034e+00
3.666002309401938497e+00 3.780831121977816789e+00
3.831898630837331510e+00 3.918859319304706545e+00
3.976664269579773592e+00 4.055061144735115697e+00
4.119337868064181229e+00 4.185322113222282425e+00
4.312692253771358786e+00 4.262803218395379901e+00
4.446696468935221525e+00 4.341221387248593189e+00
4.582363246869173956e+00 4.486060144324202525e+00
4.717623598243058325e+00 4.606128487997259491e+00
4.757262754442465713e+00 4.846611303027438034e+00
4.986781035994527933e+00 4.903112464246940583e+00
5.124897708325160117e+00 5.033872681746419886e+00
5.267256291357691467e+00 5.181388306239077757e+00
5.412043950140803972e+00 5.312951228356928013e+00
5.555105020135563620e+00 5.464407256391901058e+00
5.692196534289264420e+00 5.613706318293123054e+00
5.835572683978418773e+00 5.758441901212414393e+00
5.982117947770598576e+00 5.907623779715572176e+00
6.126322748847467636e+00 6.054201563420604337e+00
6.278086642714491461e+00 6.175697329322835216e+00
6.417172824883271787e+00 6.320446311651670257e+00
6.567477733809524487e+00 6.473506089239943861e+00
6.709927871417284528e+00 6.635017536639977287e+00
6.857156875925024764e+00 6.763459782512084573e+00
6.999933366747693952e+00 6.913448937966115260e+00
7.143900866762138868e+00 7.049115741235349120e+00
7.284510559593750045e+00 7.206271377393276723e+00
7.338511957139487230e+00 7.404595806158043914e+00
7.564856649619478013e+00 7.483932554951341132e+00
7.716630814556226348e+00 7.621418957367118274e+00
7.851469289639843474e+00 7.782267569861324397e+00
8.010994941448533524e+00 7.937868704275524045e+00
8.156483721764351102e+00 8.064375520632690808e+00
8.308170885986891463e+00 8.200181162833635184e+00
8.449644880072744613e+00 8.360600267264841179e+00
8.600938701440696832e+00 8.503079233309765783e+00
8.745593126597825062e+00 8.601169193162613524e+00
8.896953286452339071e+00 8.812901746439640860e+00
9.050482145433690562e+00 8.948527805047547190e+00
9.194415186837087361e+00 9.108534914983893671e+00
9.358330199387845383e+00 9.221249460702898304e+00
9.502305853125898594e+00 9.365405065486282155e+00
9.664512059499049457e+00 9.538119967912885855e+00
9.815849712797772852e+00 9.706159799239379993e+00
9.961447007720307667e+00 9.814493853626952813e+00
1.011678954788068907e+01 9.983186414540622167e+00
1.027050218215396882e+01 1.011836968224995559e+01
1.042089464513447794e+01 1.025944834562894670e+01
1.057267262027537846e+01 1.042226060973482049e+01
1.072208891374569006e+01 1.061439158375623748e+01
1.087574032636318400e+01 1.073990317153368856e+01
1.102631029967129095e+01 1.089164567314483811e+01
1.118093169445458557e+01 1.102796474129781146e+01
1.133379169223906047e+01 1.116531558660840595e+01
1.147678867407660874e+01 1.133276485477884243e+01
1.163703440969339908e+01 1.149733440608847879e+01
1.177995831368414059e+01 1.160184882835511466e+01
1.192536682211395771e+01 1.176051068352815143e+01
1.208134569727037189e+01 1.195082541645778740e+01
1.222696387625960490e+01 1.209027356682898713e+01
1.238020661563785829e+01 1.222379242464380411e+01
1.253176212053126015e+01 1.237966217114452760e+01
1.268879904865655206e+01 1.250742211673204984e+01
1.283923810643975649e+01 1.270348271741991120e+01
1.298837585698675312e+01 1.280518786585681035e+01
1.313580779943275267e+01 1.301200766099393213e+01
1.328766377330678594e+01 1.312541256822855651e+01
1.343451982752773333e+01 1.328484926924422638e+01
1.358610163745998456e+01 1.342368122219001592e+01
1.373312556577653787e+01 1.358342399297616687e+01
1.387797067177975663e+01 1.367141119189280829e+01
1.402371807815240956e+01 1.388534050970780598e+01
1.417419267311726117e+01 1.399618050332374075e+01
1.433087114564068543e+01 1.416610237162005426e+01
1.448158065631771052e+01 1.432637766457742856e+01
1.464158116536022902e+01 1.445314312331637652e+01
1.477928412509074363e+01 1.459137289951699223e+01
1.493924171279975610e+01 1.480093806060273032e+01
1.507836494684341488e+01 1.487704110796425994e+01
1.524379685571422094e+01 1.505710903766213171e+01
