0.000000000000000000e+00 0.000000000000000000e+00
4.457138689375242900e-03 1.074135271740839914e-04
3.234082624494703795e-02 0.000000000000000000e+00
1.487908282962144557e-01 2.298286203287388738e-02
1.265977791572650002e-01 2.725440152413757255e-01
3.831327051241892323e-01 3.415693133484962729e-01
4.764136141421086434e-01 4.379485478848016422e-01
5.715216147934909507e-01 5.305377743217413178e-01
6.592195518107353269e-01 6.245715687158572837e-01
7.449916708871741067e-01 7.073546859769045403e-01
8.242089300407637875e-01 7.851216917785479588e-01
9.128117937113501279e-01 8.805953638723439392e-01
9.982181583410629777e-01 9.798234070467172208e-01
1.084642928128074280e+00 1.055247629016552890e+00
1.168542406971369907e+00 1.129036119378194591e+00
1.250083766308828004e+00 1.215068992697781347e+00
1.332753124984819904e+00 1.294046232549256770e+00
1.417380366487769772e+00 1.379792111482363248e+00
1.497843239599327747e+00 1.462363118316159616e+00
1.581333405517860058e+00 1.540397335043622862e+00
1.660328036074247393e+00 1.603266586809840133e+00
1.744582530042756208e+00 1.698352601738289280e+00
1.830659690633024583e+00 1.774140307045088738e+00
1.911477660902603626e+00 1.868588553308843547e+00
1.996144624953618552e+00 1.949611060364826898e+00
2.078312569101854912e+00 2.027038982063757988e+00
2.158563791691774814e+00 2.108124927644013713e+00
2.241657711364710703e+00 2.193511928551495238e+00
2.325714690684678398e+00 2.285762624578634217e+00
2.412525782567007226e+00 2.372110660622712253e+00
2.492550789492412822e+00 2.444642006530594269e+00
2.575686056462751505e+00 2.511194266446582724e+00
2.658134511787190402e+00 2.590384122190855454e+00
2.745651095233957673e+00 2.690073216499270448e+00
2.825684958883548425e+00 2.768601190455032945e+00
2.908948905826257647e+00 2.865362810388119907e+00
2.998628078126646113e+00 2.910989151271472508e+00
3.078533713862294352e+00 3.028965250047906288e+00
3.162926828980250349e+00 3.100094209111593280e+00
3.250104720783271173e+00 3.192985574480652566e+00
3.330460905195578913e+00 3.268010604546134790e+00
3.413139269536500819e+00 3.353583954239735654e+00
3.503006456108466171e+00 3.438622419539742125e+00
3.581758715973518026e+00 3.524165140581130284e+00
3.667083242815817101e+00 3.599392270051068543e+00
3.750160149022651712e+00 3.669808992709625795e+00
3.828609656922942861e+00 3.771628145062308146e+00
3.911424891004382953e+00 3.829334612060468768e+00
3.994944802439655884e+00 3.925140666778007770e+00
4.072187390048463307e+00 3.992210150838304106e+00
4.154862826672963472e+00 4.102951638519558131e+00
4.237959094797387749e+00 4.180901385623556621e+00
4.322811651415825018e+00 4.256750881829927557e+00
4.405771344980193405e+00 4.335091734136663710e+00
4.493166728892260764e+00 4.413516181614331124e+00
4.574566037057892665e+00 4.496377659887723865e+00
4.659358331013962129e+00 4.595967368214751048e+00
4.738652386215237655e+00 4.680850507661032722e+00
4.828789563029777021e+00 4.759706938529365772e+00
4.916458530288836393e+00 4.830794063501974378e+00
4.992546335440138705e+00 4.886139784023050048e+00
5.080023833163070712e+00 4.979560393631093262e+00
5.157939822054150802e+00 5.069070499277266606e+00
5.242375012226096587e+00 5.163469454984896956e+00
5.323487960832437693e+00 5.250797948367579515e+00
5.405909104196635617e+00 5.317862104098539433e+00
5.486595874142373042e+00 5.405257513700284733e+00
5.568538469464696661e+00 5.500971990475437501e+00
5.652155720914582737e+00 5.593030955968029794e+00
5.743318410381253791e+00 5.655908195727205268e+00
5.824282167483318062e+00 5.747828272170599995e+00
5.912587373395015611e+00 5.820313891639503190e+00
5.995816999552999071e+00 5.929164171220660862e+00
6.076992832561600721e+00 5.997756404596759516e+00
6.158161235066411443e+00 6.084601907591514980e+00
6.241342108766278152e+00 6.132009434132224435e+00
6.325106807921176966e+00 6.222622724620933354e+00
6.407286136445891955e+00 6.307175176854274312e+00
6.496305829012686495e+00 6.388974895070377968e+00
6.570542195210202330e+00 6.480111981839749902e+00
6.658514558831670982e+00 6.556378056113464581e+00
6.740420887636347835e+00 6.624961078858194519e+00
6.819742100600338475e+00 6.735911082965976071e+00
6.908445050736452764e+00 6.829213614994640302e+00
6.987628890365487067e+00 6.905100786715234307e+00
7.063160977130718443e+00 6.948254781965400362e+00
7.152770266742429328e+00 7.047673884843373315e+00
7.244036980303994788e+00 7.147681349123867101e+00
7.326280956859958060e+00 7.238765804622135924e+00
7.410966971314625340e+00 7.285960106689353566e+00
7.498318620325979289e+00 7.353673949683212641e+00
7.585022847947862523e+00 7.452605787630753653e+00
7.662590900956450568e+00 7.531750965361462491e+00
7.745980550655440666e+00 7.641393530285856883e+00
7.835462279731976842e+00 7.703304447983676972e+00
7.914051143129960941e+00 7.798623239435437782e+00
7.993704592860304103e+00 7.898950970338500355e+00
8.074163906827680037e+00 7.938879084756290005e+00
8.162005426197250557e+00 8.046727906861645963e+00
8.242574274151218461e+00 8.141343132422976581e+00
8.324812788210527614e+00 8.205695994722075781e+00
