0.000000000000000000e+00 0.000000000000000000e+00
1.051627597168133289e-02 0.000000000000000000e+00
6.198593597465359983e-02 -1.699178719825859482e-03
1.809427268574804182e-01 2.014408489945823319e-02
3.053452357951111917e-01 1.126252449590206817e-01
4.161271197987400083e-01 3.133955261241347934e-01
5.111700770609197697e-01 4.221313938817722877e-01
6.038252381116145928e-01 5.384191112525016365e-01
6.916406657032778682e-01 6.612923033829847252e-01
7.824256113078217334e-01 7.282793820892591308e-01
8.691195227694902270e-01 8.365489291340136857e-01
9.552102223454095320e-01 9.214004162200302162e-01
1.040366488238515741e+00 1.009764321154867028e+00
1.132851940504493671e+00 1.100696167593859132e+00
1.220860813416404955e+00 1.184457356678564999e+00
1.303806775475962132e+00 1.260472570003853710e+00
1.388773020042805895e+00 1.341076368562356791e+00
1.478952217048703055e+00 1.447943227682249923e+00
1.565291199064966499e+00 1.534717560136484860e+00
1.652772286061564788e+00 1.602824793186469199e+00
1.743246745638177497e+00 1.710989161921431467e+00
1.832973706744493780e+00 1.796300455610644553e+00
1.919580802535973296e+00 1.871072321271612049e+00
2.005601858809008320e+00 1.970109680094564997e+00
2.093121448629971404e+00 2.049245742304809603e+00
2.178401108136851949e+00 2.118020622596447300e+00
2.267820193204082013e+00 2.221811870972481451e+00
2.355201090555837595e+00 2.298990848341406323e+00
2.443122941733690823e+00 2.399595478744760868e+00
2.528944010929576436e+00 2.482381122043386235e+00
2.615538925626562428e+00 2.579243728847685713e+00
2.705431369511921424e+00 2.645255663589443973e+00
2.790648804365742475e+00 2.724176734229955876e+00
2.876793354677173564e+00 2.823890995597116760e+00
2.966497615932834453e+00 2.919135379044144329e+00
3.053964828767309125e+00 3.007759960869788252e+00
3.142208786966259826e+00 3.077253896218438811e+00
3.227182334607160641e+00 3.155480659744880789e+00
3.317988817601020823e+00 3.236293092937149840e+00
3.407659395972746363e+00 3.339703650151260472e+00
3.497505385092644303e+00 3.434471012167315873e+00
3.580344433827852946e+00 3.524005256093064808e+00
3.671789777657114229e+00 3.611681833065927272e+00
3.760656062304970071e+00 3.678424952884873811e+00
3.847936753326487214e+00 3.780505384913746436e+00
3.933831236600799475e+00 3.852511883293240569e+00
4.022513584235900552e+00 3.929827244077834347e+00
4.103244829116222903e+00 4.023897370985514144e+00
4.192773144613819447e+00 4.128702043917134468e+00
4.277333255748365204e+00 4.217534670490532100e+00
4.367465618693529450e+00 4.288864861284862329e+00
4.451323020118172380e+00 4.395738031299605275e+00
4.542046269665110714e+00 4.430562384566892220e+00
4.627739513344915956e+00 4.554066348047865809e+00
4.714526712939378861e+00 4.630868281175573031e+00
4.800477896967379365e+00 4.699568669607280924e+00
4.888020015823590469e+00 4.785987387440601815e+00
4.976069726055333931e+00 4.913972128802927664e+00
5.058729011021399380e+00 4.971996895581553666e+00
5.151487171231687867e+00 5.045246505514436208e+00
5.236088486928986541e+00 5.134482259661275805e+00
5.326692638923440803e+00 5.207551140018244595e+00
5.417490135073371071e+00 5.339216465699155201e+00
5.501540458951412305e+00 5.420724407165280923e+00
5.583262713011158951e+00 5.509519106158362156e+00
5.672229516264454929e+00 5.614312083447356549e+00
5.754270794377651654e+00 5.683818987200729644e+00
5.845396356275546879e+00 5.775459503742558454e+00
5.932989166626660094e+00 5.832768542274885171e+00
6.022454613486662112e+00 5.935193679661160182e+00
6.109512409805889277e+00 6.019598236999868845e+00
6.198102855270446021e+00 6.093875467323648820e+00
6.283449790532005252e+00 6.211006683222192848e+00
6.372112394463149698e+00 6.281278692962288801e+00
6.461761379404724615e+00 6.343487468617631464e+00
6.546302941461383362e+00 6.446674201783738845e+00
6.635502396873518727e+00 6.579488025853739153e+00
6.712694428808912761e+00 6.604724686389348953e+00
6.801256919754600005e+00 6.703390879673507108e+00
6.887063700689908252e+00 6.783057230376450697e+00
6.977765767030418509e+00 6.878509431665545293e+00
7.069630224319240597e+00 6.979662151054732533e+00
7.151132802051281878e+00 7.095871304453852169e+00
7.241097310772730111e+00 7.160571757391531733e+00
7.326093242451554133e+00 7.258049364330926956e+00
7.416947952752378725e+00 7.336716865086544637e+00
7.504462589374209180e+00 7.397009444938110967e+00
7.590210710049194454e+00 7.473997584672235739e+00
7.677977137637741478e+00 7.566776938362434812e+00
7.765713294457797566e+00 7.674370014809824170e+00
7.860105364233935354e+00 7.732025130016550563e+00
7.950269895353559768e+00 7.833110389209348767e+00
8.031547960944831033e+00 7.921496166832301178e+00
8.117236204242859188e+00 8.011363756856196616e+00
8.207486140875674963e+00 8.150651741904045622e+00
8.295803122100465998e+00 8.187721088520833135e+00
8.385264171173531622e+00 8.250148086012268678e+00
8.470338811226122644e+00 8.379772920145850179e+00
8.558339859572006603e+00 8.421958053831417601e+00
8.653709673392159019e+00 8.522446635788544000e+00
8.731180036730293637e+00 8.612102936244022899e+00
