0.000000000000000000e+00 0.000000000000000000e+00
0.000000000000000000e+00 0.000000000000000000e+00
0.000000000000000000e+00 0.000000000000000000e+00
0.000000000000000000e+00 0.000000000000000000e+00
0.000000000000000000e+00 0.000000000000000000e+00
0.000000000000000000e+00 0.000000000000000000e+00
0.000000000000000000e+00 1.597449374998670749e-02
1.564960646654095511e-01 1.927757989819104401e-01
3.315435929145135185e-01 5.228484270505492582e+00
2.837735163380785242e+00 7.072621635546879837e+00
6.485268615408373627e+00 7.952397060763281900e+00
8.296623754238826365e+00 8.321702697966319562e+00
8.391913160724914889e+00 8.386254551144263658e+00
8.434056739605614084e+00 8.534243529056164235e+00
8.492863866265251360e+00 8.569322169712480175e+00
8.696592126455348293e+00 8.987115685451298575e+00
8.931775720736750301e+00 9.276551041176727352e+00
9.152946935242203708e+00 9.583673060851355174e+00
9.344610077562187200e+00 9.916633746769855762e+00
9.682880555175392701e+00 1.017944495077951039e+01
1.003550752051695127e+01 1.043562370857441302e+01
1.041781368603495928e+01 1.068842053624940469e+01
1.060217532059868617e+01 1.093944963466513265e+01
1.090970870608542853e+01 1.117919362291375407e+01
1.112953467969186683e+01 1.139847893979478144e+01
1.135572830132218769e+01 1.160136289857755010e+01
1.160434871535360379e+01 1.180641524521363550e+01
1.182423362988366122e+01 1.201263104481614619e+01
1.201954705936205237e+01 1.220628921498752817e+01
1.224109728635671601e+01 1.240529599211116363e+01
1.247098034735549810e+01 1.262108195623608253e+01
1.265712610493070223e+01 1.280422372067299364e+01
1.284868928319988868e+01 1.300130262926013813e+01
1.303495277139795760e+01 1.319557837579736592e+01
1.322885292015267744e+01 1.339265754697310307e+01
1.340928845733807506e+01 1.359092303027150805e+01
1.360372626316795852e+01 1.379811291741418522e+01
1.380905969818244294e+01 1.399182405304246402e+01
1.401726969809989143e+01 1.418509868224160542e+01
1.413991902876242257e+01 1.438447117396966668e+01
1.432950049804114379e+01 1.456575766772474978e+01
1.473020718882482782e+01 1.449788246086750299e+01
1.492008727240886934e+01 1.465002969961288848e+01
1.473150338297935846e+01 1.512925023041380612e+01
1.530085746734014052e+01 1.495212104215602444e+01
1.547782838900896429e+01 1.516484023648877510e+01
1.567147635148245932e+01 1.531218334917181600e+01
1.557426858559593619e+01 1.586659859964626662e+01
1.571535734158871556e+01 1.606503653524184472e+01
1.600206255024076896e+01 1.625887418809233509e+01
1.616031997695902689e+01 1.644490517201332835e+01
1.643827648656260365e+01 1.666051808803459622e+01
1.686252147292183068e+01 1.656328911978803120e+01
1.705046317750792539e+01 1.669667136801031404e+01
1.725223386662065295e+01 1.691642184527061943e+01
1.711229546526140766e+01 1.745446417329723943e+01
1.734557618168877724e+01 1.765924710114933305e+01
1.753688753605357320e+01 1.784261244748724806e+01
1.805501728592478727e+01 1.771482072865344293e+01
1.796514073314758164e+01 1.823372519489221233e+01
1.810497102739879693e+01 1.842823313061580492e+01
1.864389604303961434e+01 1.836625690164300195e+01
1.884317923330521438e+01 1.855746988759212712e+01
1.905007805004711940e+01 1.872886642755751652e+01
1.926266073390108602e+01 1.892487453147700904e+01
1.947378591440229556e+01 1.920903985782337742e+01
1.934722527599238617e+01 1.964957242348714317e+01
1.988261522867693287e+01 1.958338086252329546e+01
1.976758939353316080e+01 2.007695141720623155e+01
2.030099471091633134e+01 1.998598892039665387e+01
2.051835741533449564e+01 2.026692109539278519e+01
2.041312234715862317e+01 2.068710626879248338e+01
2.094458412295365335e+01 2.063633868125371151e+01
2.116118641703103620e+01 2.081446746845385931e+01
2.136485606665637604e+01 2.103964186932733682e+01
2.158709121928350427e+01 2.124574889186931514e+01
2.181553363515345012e+01 2.147549843460615548e+01
2.160502316964650760e+01 2.198165439676673927e+01
2.224287118856476653e+01 2.182877641601369945e+01
2.246844878573182669e+01 2.214077057843743290e+01
2.267236174152999695e+01 2.230714345058187575e+01
2.290395330424576770e+01 2.252606337488654376e+01
2.313320512256170502e+01 2.277346891415637486e+01
2.336270434273272656e+01 2.293535208641825207e+01
2.357260041345616486e+01 2.312454336724611892e+01
2.379109295765033849e+01 2.337578680936258735e+01
2.402554312073725740e+01 2.359393623108503490e+01
2.424089507437872015e+01 2.382093401704253566e+01
2.446471123190675101e+01 2.395915189462941797e+01
2.469858744740576739e+01 2.436223138408866618e+01
2.492546736377974526e+01 2.449786050737165866e+01
2.514961359429812404e+01 2.476544502586570928e+01
2.536753577581436758e+01 2.500140976620255273e+01
2.524926693867823957e+01 2.550939110436628710e+01
2.580566318276857274e+01 2.539794711459132870e+01
2.562372302899566279e+01 2.592860629573638320e+01
2.622967403061483083e+01 2.586624823761295744e+01
2.644383092866254614e+01 2.605691597789660818e+01
2.666770407897584150e+01 2.622936085778017912e+01
2.689641342818164915e+01 2.655628035581719715e+01
2.713402484355172817e+01 2.678568258994318185e+01
