0.000000000000000000e+00 0.000000000000000000e+00
6.492512108242540561e-03 0.000000000000000000e+00
0.000000000000000000e+00 0.000000000000000000e+00
4.453209432103626408e-01 3.820006214389912169e-01
1.201101765446535463e+00 1.315748526458565770e+00
1.603066034197397460e+00 1.731959320134303093e+00
1.784439668287717051e+00 1.922266273549692484e+00
1.981266940707588020e+00 2.136154390285390114e+00
2.243008217201067911e+00 2.367136831466076785e+00
2.457509364212830949e+00 2.559297145955356623e+00
2.666212597232927806e+00 2.750159578918032199e+00
2.859407049746951923e+00 2.960116921703194404e+00
3.066501448334431057e+00 3.156009125962053741e+00
3.252170921551205574e+00 3.348393143201401578e+00
3.445798725921227934e+00 3.534052673650418530e+00
3.645427891958715083e+00 3.731577410663011296e+00
3.817909436327987294e+00 3.916115264547506136e+00
4.002362779077864197e+00 4.100112761749988621e+00
4.175202478025953567e+00 4.288353161815907200e+00
4.436310932411137387e+00 4.361268114385624450e+00
4.525181718370681949e+00 4.625659139729270564e+00
4.698072130020994663e+00 4.810538205797714184e+00
4.977320766390556983e+00 4.892942961516851597e+00
5.099175148222207632e+00 5.171529762496696492e+00
5.273471407734928285e+00 5.362585094024333365e+00
5.455743336100901786e+00 5.555259962642292493e+00
5.640918772360875799e+00 5.742298295254683715e+00
5.843686336565252049e+00 5.927025445687222671e+00
6.025695697970365750e+00 6.119370584102221677e+00
6.205752658650489195e+00 6.309023091751377876e+00
6.378668565181408567e+00 6.501696000449898705e+00
6.678422405305531662e+00 6.570223252285006588e+00
6.744376512119584888e+00 6.879194901505705673e+00
7.054712079162983152e+00 6.927532426189427106e+00
7.118922611996428174e+00 7.247504549916642169e+00
7.295928684176308465e+00 7.440543218492011057e+00
7.483695884114728081e+00 7.619639887444683346e+00
7.681692068267315321e+00 7.806074820401232905e+00
7.975731992883059007e+00 7.871542000140195228e+00
8.035939501001154284e+00 8.171765289569574264e+00
8.353677285767535210e+00 8.237050779599309536e+00
8.544693279975739131e+00 8.431043055077577009e+00
8.723734035063964498e+00 8.594367285255009037e+00
8.908271958519087264e+00 8.826244322070044390e+00
9.087157687122022764e+00 8.988399645927652060e+00
9.281705343169608824e+00 9.156279960651440675e+00
9.353247927098941261e+00 9.468934689868511612e+00
9.656716537919397325e+00 9.551525382927090746e+00
9.863296525802679682e+00 9.718489217276852443e+00
1.004411695973758256e+01 9.861964722167483544e+00
1.007414920773803324e+01 1.023719778383842716e+01
1.042664817310533643e+01 1.023475144422326899e+01
1.045059479295226268e+01 1.060684435037221185e+01
1.078294430284224958e+01 1.063966858763356704e+01
1.080740395951388777e+01 1.097654320630906710e+01
1.104265104932547636e+01 1.115768473590733478e+01
1.123287148489771248e+01 1.134988034616340435e+01
1.134217684748204391e+01 1.154674491432518657e+01
1.174088735220054502e+01 1.163850695257058199e+01
1.182807232405535913e+01 1.192284348762255419e+01
1.195231564702639737e+01 1.211553365823549733e+01
1.230984128762105811e+01 1.213251609891741900e+01
1.250756966537728410e+01 1.233303345719126476e+01
1.253260324711391327e+01 1.268772016491277554e+01
1.287608507979876649e+01 1.273254465682527403e+01
1.307924723587591487e+01 1.292403528221883668e+01
1.325865843283783896e+01 1.311262372735715154e+01
1.328573185389175926e+01 1.343826765317607830e+01
1.363782754744174674e+01 1.349031658150107837e+01
1.383272638561429524e+01 1.368719398592449110e+01
1.403190736271017514e+01 1.387669010660952473e+01
1.423985428731799274e+01 1.408777846105139453e+01
1.428026897582469879e+01 1.441805982565887945e+01
1.462334989752524805e+01 1.444124858006705914e+01
1.479887781755619081e+01 1.462108624358302755e+01
1.500100050689280273e+01 1.480373308469974880e+01
1.520704133481726217e+01 1.504723680549920140e+01
1.524703780643443807e+01 1.537391191721599881e+01
1.557729877015309228e+01 1.540273377143041955e+01
1.556770721118429535e+01 1.575212001141835039e+01
1.595369918262139031e+01 1.576814990674112238e+01
1.597139164567323810e+01 1.613065710177750489e+01
1.633341336157524992e+01 1.621162294921495928e+01
1.653329427422665887e+01 1.635936931433253250e+01
1.672133338847759276e+01 1.659599330592933342e+01
1.692559287712478522e+01 1.675903876132507264e+01
1.696225345629481751e+01 1.709661839760465085e+01
1.731714025071224938e+01 1.718276350214682324e+01
1.750221554590147832e+01 1.733645504790986180e+01
1.769645871220854971e+01 1.749395507449719034e+01
1.789426232840631315e+01 1.773400827724642781e+01
1.791789844467389869e+01 1.806590293732870123e+01
1.826257766369910129e+01 1.811567915851433952e+01
1.847205033630505255e+01 1.828667279284415770e+01
1.866123762925742469e+01 1.852603658900235573e+01
1.885399486976825756e+01 1.867775447600679684e+01
1.905471145715224068e+01 1.890280038555181719e+01
1.911707457272662580e+01 1.922999843052465252e+01
1.944431050751678924e+01 1.927574868231089766e+01
1.943749520081637527e+01 1.960842401801411228e+01
1.983014535630360697e+01 1.964778063403799280e+01
