0.000000000000000000e+00 0.000000000000000000e+00
0.000000000000000000e+00 0.000000000000000000e+00
0.000000000000000000e+00 0.000000000000000000e+00
0.000000000000000000e+00 0.000000000000000000e+00
0.000000000000000000e+00 0.000000000000000000e+00
0.000000000000000000e+00 0.000000000000000000e+00
0.000000000000000000e+00 0.000000000000000000e+00
0.000000000000000000e+00 1.527778831559411188e+00
1.064303740379672902e+00 3.419919447822832748e+00
3.465160516877571872e+00 3.838353702530286959e+00
3.854990536783705402e+00 4.082802986424455938e+00
4.139100098995545096e+00 4.148081808817176253e+00
4.286962453955566410e+00 4.508921534769903872e+00
4.505972733946487452e+00 4.674690705997118556e+00
4.694385330193231454e+00 4.778740868710226408e+00
4.787403799792724790e+00 4.892699985429132425e+00
4.972999744162242663e+00 5.078895059640551324e+00
5.077522883028682266e+00 5.363031862386372417e+00
5.263675367498174218e+00 5.582764218842519277e+00
5.451504009000360362e+00 5.784841857740942395e+00
5.628555602707933758e+00 5.968027013348003784e+00
5.906099304675683115e+00 6.157827353744178112e+00
6.071848702009793541e+00 6.323432729488320803e+00
6.309586696734595712e+00 6.502444535468153930e+00
6.506219861685391237e+00 6.660859082441151990e+00
6.701109904379937809e+00 6.832736418984366900e+00
6.846058346083959023e+00 6.995894121443218872e+00
6.999052506737281298e+00 7.173655144236347425e+00
7.177578962906579818e+00 7.344553002880918946e+00
7.339903916784336069e+00 7.514522136418421816e+00
7.534639275053377716e+00 7.677634478087107084e+00
7.698629105548829621e+00 7.838847542373526878e+00
7.841558877602080813e+00 8.003714909906539887e+00
8.006865661468953732e+00 8.168323641553545400e+00
8.179098920419926699e+00 8.322578851998150284e+00
8.348871548131320708e+00 8.478848145830117033e+00
8.631728324003129060e+00 8.465093896509161553e+00
8.786566215661114398e+00 8.601569316697801781e+00
8.938262845880892371e+00 8.773937960177018880e+00
8.896753029355979336e+00 9.118526094579433305e+00
9.267539643652300541e+00 9.102329342981525073e+00
9.279615191499004823e+00 9.428560309729391520e+00
9.438605399591700973e+00 9.588692356195274158e+00
9.762623209680993952e+00 9.625277388281215707e+00
9.923184685482144829e+00 9.778751650193566292e+00
1.009829016585109507e+01 9.902854567214699699e+00
1.009751368647283343e+01 1.026247230287482104e+01
1.042359717493611448e+01 1.026153724040814375e+01
1.059399041377954553e+01 1.046224221399636001e+01
1.075869222593927255e+01 1.062253659612682277e+01
1.093291862073512277e+01 1.078607041424965018e+01
1.111539109979008977e+01 1.098441167197239210e+01
1.130047046892632423e+01 1.115490034494990290e+01
1.146981642759196696e+01 1.134018413006876713e+01
1.165122672220249278e+01 1.147991363397647113e+01
1.183098265536973059e+01 1.170149424237944480e+01
1.200694200800505129e+01 1.185920847044391735e+01
1.218799895205604500e+01 1.197409547644344485e+01
1.237127438653314826e+01 1.215425995616298138e+01
1.254176142176977038e+01 1.242289435753761673e+01
1.252422886156955073e+01 1.269230585650672793e+01
1.288785850605573913e+01 1.274737020981402047e+01
1.306691392221936887e+01 1.292421450767197655e+01
1.324896793886928670e+01 1.310856173724886098e+01
1.343758673128739112e+01 1.331933394133704951e+01
1.360906739880585370e+01 1.340732474860564594e+01
1.379312288951224019e+01 1.360271394518572308e+01
1.397097603745223537e+01 1.387347016014719259e+01
1.415948125524611179e+01 1.403057008458180910e+01
1.421013077663845969e+01 1.429160270466622507e+01
1.450709161472187425e+01 1.438845974428616614e+01
1.469180927721654584e+01 1.456407048894733691e+01
1.487982825892175498e+01 1.475132522676140923e+01
1.506480842208685900e+01 1.485791449023019517e+01
1.525275107932322527e+01 1.503814031815920593e+01
1.543997241437605972e+01 1.524131644897720861e+01
1.563249955791646073e+01 1.545067398571459805e+01
1.582912691056646537e+01 1.563201889114756504e+01
1.599416948825007445e+01 1.584974297721517189e+01
1.620380839530421113e+01 1.606120161064458784e+01
1.638718009659853081e+01 1.613413439499197466e+01
1.657102446134927476e+01 1.638951643906407440e+01
1.676910524127758961e+01 1.661482881571570047e+01
1.695645572359102715e+01 1.681099105757749612e+01
1.715989225012910424e+01 1.696962933944217511e+01
1.735026634029935622e+01 1.722125076649205155e+01
1.754851738704305575e+01 1.732179969047758306e+01
1.772958929828445207e+01 1.748020287791281646e+01
1.793140055881646688e+01 1.770671949116205468e+01
1.810581363701240676e+01 1.785901280708085537e+01
1.829902911759213069e+01 1.810563585431192379e+01
1.847940960804174892e+01 1.833730308398320474e+01
1.867940168270535040e+01 1.844307044763279890e+01
1.888267411494075532e+01 1.864912564514392912e+01
1.906456412136718725e+01 1.887877649079649345e+01
1.925122145849687527e+01 1.895524954109455251e+01
1.944015256127308788e+01 1.925093673317473986e+01
1.964653563343191678e+01 1.931555726931152250e+01
1.984733334315805919e+01 1.955965923129912909e+01
2.002685291779598842e+01 1.977742062940999190e+01
2.021381861808911040e+01 1.993481027159609908e+01
