0.000000000000000000e+00 0.000000000000000000e+00
1.205823974607631993e-01 9.323717610708391612e-02
2.923737897811590769e-01 3.811426684043573987e-01
5.440975873377933425e-01 5.752624677842212986e-01
7.907070362931599705e-01 7.533864898639798247e-01
9.790101415692373799e-01 9.425166480844452410e-01
1.170546488119653672e+00 1.146138685407215307e+00
1.339354321137166348e+00 1.378019440352868941e+00
1.541929790181232551e+00 1.576274023117261391e+00
1.784270131964307504e+00 1.731394572535657650e+00
1.927835530430648925e+00 1.984160334051824348e+00
2.131183181900941026e+00 2.178806984138292879e+00
2.325750379697130832e+00 2.370338635236881153e+00
2.562450459560933425e+00 2.525691786943176531e+00
2.713003165171087527e+00 2.760645593077991844e+00
2.908827001082488817e+00 2.953033059280498307e+00
3.112866914207334634e+00 3.149372824629145029e+00
3.351234421472715663e+00 3.293515664011766653e+00
3.499581779130489068e+00 3.543516551052003027e+00
3.737623334274511322e+00 3.693250051754031205e+00
3.878126459597770914e+00 3.942781663403388315e+00
4.094223145001470776e+00 4.146361667153644959e+00
4.268145679704661966e+00 4.335476427516526066e+00
4.527305369680588498e+00 4.484944735974224272e+00
4.728944414016885034e+00 4.682980866044738733e+00
4.922188250858725134e+00 4.865839937736431864e+00
5.055243937735405702e+00 5.112269881670014726e+00
5.304851957330453338e+00 5.250888419791000850e+00
5.459412264229263734e+00 5.492478001329848425e+00
5.688797310640065774e+00 5.644204776625698194e+00
5.906783384306803164e+00 5.843084429929741752e+00
6.018153055213030456e+00 6.095040064926894985e+00
6.305338971338344756e+00 6.221602313445139920e+00
6.496096092612155815e+00 6.400216261483546276e+00
6.605770459680017304e+00 6.697673768165391728e+00
6.892696660164061129e+00 6.802705382568699832e+00
7.002941049199114865e+00 7.076983055057937122e+00
7.291131200486086428e+00 7.177568781628245631e+00
7.366988386095896679e+00 7.483794548975442495e+00
7.594979995999186606e+00 7.675404212729220355e+00
7.876811490609727961e+00 7.793125517441116479e+00
8.073805954859331280e+00 8.007991579699732299e+00
8.168816154069409308e+00 8.278071689204665518e+00
8.354407706594519922e+00 8.483389711529669697e+00
8.585033584534709661e+00 8.677469216585999234e+00
8.873648486962407489e+00 8.795982854965249231e+00
8.971008630289734498e+00 9.081325442897359324e+00
9.148364938290448833e+00 9.288375726771526786e+00
9.388165651818500379e+00 9.490493082022217308e+00
9.681875128787776674e+00 9.574222734043800642e+00
9.783655924460825659e+00 9.882606469816561656e+00
9.967301061517098049e+00 1.008123664982080570e+01
1.028173136141831634e+01 1.018506098688203565e+01
1.047944248451385185e+01 1.036190831500387333e+01
1.067430508811616541e+01 1.054608464822879732e+01
1.078064874692907793e+01 1.086170843740923431e+01
1.105200276677964055e+01 1.096422313530207404e+01
1.124901186748066451e+01 1.113345814707664339e+01
1.136069663395402074e+01 1.145795888386621186e+01
1.164216431988869438e+01 1.154238699884279562e+01
1.176687513625883241e+01 1.183893989719594053e+01
1.191647909365162228e+01 1.202404171145907519e+01
1.222816154821266110e+01 1.211017424310360191e+01
1.241510099791607225e+01 1.234833136754663307e+01
1.261089847640537975e+01 1.250867418512007845e+01
1.281631074943201476e+01 1.271855246521275618e+01
1.287574874278273107e+01 1.301192741198798686e+01
1.321020892429734062e+01 1.305409921512445948e+01
1.340125742756731775e+01 1.332479517668672386e+01
1.359980271733044965e+01 1.350228720335448607e+01
1.380309430882079802e+01 1.369728944787767588e+01
1.399303024551222308e+01 1.389172761483677299e+01
1.419950860200496123e+01 1.410115204306358727e+01
1.429752801280413088e+01 1.439724881659219058e+01
1.457510805793847020e+01 1.446859334086967408e+01
1.463747710075305442e+01 1.477903231680242335e+01
1.497056421143426697e+01 1.488266944868306041e+01
1.515811848811531704e+01 1.510371335328568954e+01
1.535628610191798771e+01 1.528572743367940312e+01
1.555876894060777893e+01 1.547807952844145518e+01
1.567530108808994527e+01 1.574601605431152862e+01
1.588056964917528902e+01 1.594475434456401608e+01
1.606830775709826042e+01 1.613821054804015276e+01
1.628298809084802556e+01 1.634235288893440696e+01
1.646672642873894787e+01 1.653698180171133814e+01
1.673335882442540523e+01 1.665796746169995046e+01
1.695333699338339173e+01 1.686955371352367905e+01
1.713488122782460010e+01 1.705300933926633533e+01
1.734568174081259073e+01 1.723593166506388741e+01
1.753434296529383829e+01 1.746268685496041329e+01
1.773729971257454352e+01 1.763884250327082626e+01
1.794706411872356355e+01 1.780995010006511592e+01
1.813470252732822985e+01 1.802330429584392490e+01
1.825434379064316914e+01 1.833793811370110660e+01
1.834784317117373220e+01 1.852554995123461268e+01
1.859178002424955878e+01 1.871816397753062233e+01
1.891393508623063724e+01 1.883335008409692790e+01
1.898955019172458591e+01 1.910297550154240298e+01
1.930823456943535987e+01 1.920142831382791826e+01
1.951569387040761683e+01 1.941335856512694846e+01
1.961413506151316355e+01 1.971137804532689941e+01
