0.000000000000000000e+00 0.000000000000000000e+00
0.000000000000000000e+00 0.000000000000000000e+00
0.000000000000000000e+00 0.000000000000000000e+00
0.000000000000000000e+00 0.000000000000000000e+00
0.000000000000000000e+00 0.000000000000000000e+00
0.000000000000000000e+00 0.000000000000000000e+00
0.000000000000000000e+00 0.000000000000000000e+00
0.000000000000000000e+00 0.000000000000000000e+00
0.000000000000000000e+00 0.000000000000000000e+00
0.000000000000000000e+00 0.000000000000000000e+00
0.000000000000000000e+00 0.000000000000000000e+00
0.000000000000000000e+00 0.000000000000000000e+00
0.000000000000000000e+00 0.000000000000000000e+00
0.000000000000000000e+00 0.000000000000000000e+00
0.000000000000000000e+00 0.000000000000000000e+00
0.000000000000000000e+00 0.000000000000000000e+00
1.181167822610878076e-01 -6.145240646329742235e-02
0.000000000000000000e+00 0.000000000000000000e+00
0.000000000000000000e+00 0.000000000000000000e+00
1.181167822610878076e-01 0.000000000000000000e+00
1.402636789350417690e-01 6.812694931999151216e+00
1.262933695959423397e-01 5.918155451329613292e+00
3.089173859065496242e+00 6.184064784651472024e+00
5.236490394819777627e+00 6.999962384979784957e+00
6.421977514686782129e+00 7.190472188021090005e+00
7.193960326788231718e+00 7.273981911215931184e+00
7.366188127866090340e+00 7.346774671302963355e+00
7.464868412900953487e+00 7.557944846840269015e+00
7.636343257690479724e+00 7.812290244256739236e+00
7.772411308554230125e+00 7.945862652113660829e+00
8.057771071879132663e+00 7.897037058245738095e+00
8.067642990087664501e+00 8.236247681362902640e+00
8.250042389538164045e+00 8.378055541596115319e+00
8.508730256663593394e+00 8.473972860829379172e+00
8.627160585669644277e+00 8.676885914099379704e+00
8.779650082468389627e+00 8.825490647631923480e+00
8.964898302770171412e+00 8.918034633370144348e+00
9.070053958958652629e+00 9.125964101073275714e+00
9.271497308183906938e+00 9.224040274776140080e+00
9.379661685787972658e+00 9.428835980973069297e+00
9.582434330182159954e+00 9.532745243163168070e+00
9.736511899178868390e+00 9.645386146815377870e+00
9.896249222142554203e+00 9.811323634756453416e+00
1.005239383540094167e+01 9.950008588735759218e+00
1.020532808050312745e+01 1.010684628844415300e+01
1.036773541498725137e+01 1.027992997631493033e+01
1.052464866875871863e+01 1.040224115359984935e+01
1.069174665584885808e+01 1.057444618715181406e+01
1.084788784416372209e+01 1.074636021953497256e+01
1.102165569129880396e+01 1.091112207524898281e+01
1.120092760267472620e+01 1.109604149952741103e+01
1.137015830485579748e+01 1.125806309920554504e+01
1.154614769315413980e+01 1.142986811888171239e+01
1.171551501615878266e+01 1.157736101290499242e+01
1.189728671861880649e+01 1.177143469263879005e+01
1.207459086601152265e+01 1.190544220007271115e+01
1.225216140454187475e+01 1.212096909851361737e+01
1.242932076035690869e+01 1.228867169090167444e+01
1.260802678325438464e+01 1.250440014472354910e+01
1.278175691198186037e+01 1.264804972026551511e+01
1.296528460786501746e+01 1.274580010543747655e+01
1.312921352655362917e+01 1.292788295356010408e+01
1.332110939560547536e+01 1.315287261838701127e+01
1.349857895997089408e+01 1.332586390799049703e+01
1.367247705486176201e+01 1.348146352654050162e+01
1.385235645015133876e+01 1.372260729915846511e+01
1.403078084041866980e+01 1.379489424806151554e+01
1.420121511894271471e+01 1.398902561935278754e+01
1.438161614941385835e+01 1.418147398829635186e+01
1.457201056759333113e+01 1.440119506519308423e+01
1.475213381888231012e+01 1.455051925944818514e+01
1.493206953344927967e+01 1.467376817351602902e+01
1.512428062884678326e+01 1.488356434957452201e+01
1.529967495784674014e+01 1.507148135864324168e+01
1.548119047936107329e+01 1.517429486394421190e+01
1.567854613473347669e+01 1.537829532168054314e+01
1.586943938709420721e+01 1.562610969313997344e+01
1.603837180137924179e+01 1.575293827286736459e+01
1.622956972307319035e+01 1.597325411244337801e+01
1.640898839328820458e+01 1.613420882747155360e+01
1.660020842468266622e+01 1.630053100286070134e+01
1.678943477671623796e+01 1.654748465846801864e+01
1.697953503436004752e+01 1.665593894552088017e+01
1.716957063444345621e+01 1.691802093353806313e+01
1.734947867804181243e+01 1.707449688878472571e+01
1.755614741474825991e+01 1.716441195055058699e+01
1.774199853053428555e+01 1.740653690037663992e+01
1.792879618295902233e+01 1.752897643129591643e+01
1.812103117254062568e+01 1.779037504150838345e+01
1.831793863593985705e+01 1.796675616875276660e+01
1.851259792651028135e+01 1.807680189285812489e+01
1.869882627888256721e+01 1.833218872073355854e+01
1.888362791361708659e+01 1.842173364164091964e+01
1.907283679751057193e+01 1.869542417891118902e+01
1.925854490775387262e+01 1.879806307378125751e+01
1.943832647519004198e+01 1.897186982993918036e+01
1.962544346573468346e+01 1.913946745141023698e+01
1.981125946941438798e+01 1.934263619596851314e+01
1.999162889903673701e+01 1.957431842616268725e+01
2.018023614636183893e+01 1.967718328897120372e+01
2.038459071402604650e+01 1.989732472091866811e+01
