0.000000000000000000e+00 0.000000000000000000e+00
0.000000000000000000e+00 0.000000000000000000e+00
0.000000000000000000e+00 0.000000000000000000e+00
0.000000000000000000e+00 0.000000000000000000e+00
0.000000000000000000e+00 0.000000000000000000e+00
0.000000000000000000e+00 0.000000000000000000e+00
7.231534773400527180e-03 -2.389943371284412345e-03
7.813984595185043125e-03 0.000000000000000000e+00
3.328498281049197677e-02 0.000000000000000000e+00
5.998954203636026883e-02 -4.305931072690878745e-04
9.614085263630765821e-02 0.000000000000000000e+00
1.698992404593683836e-01 0.000000000000000000e+00
1.092411445195377306e-01 0.000000000000000000e+00
0.000000000000000000e+00 5.224547544091728390e+00
3.841369540949329586e+00 5.771632988196830460e+00
4.790602515329323907e+00 5.741905896030806034e+00
5.823981887584626982e+00 5.821612202005270298e+00
5.900568016625186374e+00 5.898833162703189359e+00
5.997071154939392024e+00 5.983300193206511963e+00
6.121192993700573126e+00 6.136510671307341624e+00
6.217404134217241918e+00 6.267129355206215280e+00
6.331611542792906278e+00 6.472041434041217123e+00
6.510572046415126657e+00 6.489240344654890080e+00
6.646732632564617660e+00 6.827715566705527372e+00
6.815550244599433150e+00 6.987536683025554751e+00
7.002686328237592406e+00 7.185746426582654500e+00
7.193004978683669393e+00 7.325412916799022511e+00
7.367341763961529288e+00 7.478407634142829608e+00
7.545193040065980128e+00 7.621591558047057902e+00
7.702036284574023561e+00 7.771627679073819017e+00
7.838118784524015226e+00 7.916328044769060490e+00
8.003567918018044125e+00 8.065730092545237540e+00
8.140335838911623156e+00 8.201805691403350806e+00
8.342258201338273338e+00 8.296816373507100550e+00
8.486029947467141454e+00 8.429819187918143442e+00
8.630923585247090912e+00 8.578849186298754148e+00
8.777975919883054701e+00 8.742122712065524937e+00
8.930944054283047606e+00 8.882870083962236762e+00
9.085930078882149985e+00 9.041331570509772320e+00
9.237915737075828915e+00 9.195582015614029103e+00
9.391843176826661477e+00 9.362603339294402360e+00
9.512851321309778285e+00 9.557299364219208115e+00
9.726346010978268453e+00 9.699629832093672022e+00
9.887383892008992703e+00 9.855184743089729693e+00
1.004940116397425776e+01 1.002099127520625110e+01
1.021500071775082574e+01 1.018663189952057735e+01
1.038610853602635409e+01 1.035784241430963881e+01
1.055111631762824587e+01 1.050517163551369748e+01
1.072724268275785597e+01 1.070695448813667028e+01
1.089117192122645150e+01 1.086286750533276901e+01
1.106573112911871704e+01 1.102358781327760262e+01
1.124526349549042692e+01 1.122370617422899386e+01
1.142779555942181702e+01 1.139434018873894949e+01
1.159963061297401588e+01 1.154765341374512566e+01
1.177012213917568673e+01 1.172511738350736543e+01
1.194868899071798474e+01 1.189563330971231814e+01
1.213109442372485702e+01 1.204332560819260678e+01
1.231233387599459661e+01 1.227017607411128708e+01
1.248091371998281041e+01 1.243269613916820759e+01
1.266581456597285893e+01 1.261829771238950926e+01
1.285530742774019863e+01 1.277645173720488003e+01
1.303002382025856853e+01 1.295714543628585069e+01
1.323004582593573275e+01 1.313772623992105260e+01
1.340581436498091428e+01 1.327283479739080363e+01
1.359198041019203806e+01 1.345730762857953700e+01
1.377627645816997060e+01 1.364889903425648043e+01
1.394656474492171050e+01 1.386707359294180186e+01
1.412972565648379764e+01 1.404788018440989461e+01
1.431834535238943928e+01 1.414019254660758307e+01
1.450004843749632499e+01 1.432783931471460726e+01
1.469118246280865137e+01 1.451849427176831675e+01
1.486704890132195089e+01 1.475505763565587714e+01
1.506512826321777965e+01 1.486813365280130839e+01
1.524291161326027044e+01 1.505027624904115946e+01
1.542163587490076537e+01 1.528474309472257708e+01
1.562538317969934987e+01 1.538063840771773627e+01
1.579673437208277953e+01 1.559209112547442899e+01
1.598605470957919472e+01 1.581935572299404669e+01
1.617933953010005510e+01 1.598704097044142181e+01
1.636139099418578979e+01 1.624129381592988608e+01
1.654023079810976427e+01 1.635577884278496796e+01
1.673585276238290120e+01 1.652166945569855017e+01
1.691964595041818242e+01 1.671829906041354263e+01
1.710469258280518901e+01 1.690834450399716005e+01
1.728815029076916332e+01 1.711598006977992625e+01
1.747566315133463988e+01 1.721433433732408957e+01
1.766763990536220419e+01 1.748056842809412004e+01
1.785014835483477924e+01 1.766149515549325955e+01
1.803444186222527179e+01 1.775623027444765611e+01
1.823176528749635139e+01 1.808244980433207161e+01
1.843382257090884480e+01 1.813155079072080866e+01
1.862179255921338950e+01 1.826194643997885692e+01
1.880689972462471005e+01 1.852903543569096456e+01
1.898566911542960511e+01 1.870850429143744265e+01
1.918335000635912380e+01 1.889883743122054227e+01
1.937115883542789163e+01 1.917083587006832346e+01
1.957099280790451701e+01 1.932216993026403173e+01
1.976798183373132645e+01 1.943324804545753537e+01
1.996149191077704899e+01 1.965581673098402504e+01
2.016067719629537081e+01 1.988570830445355497e+01
2.035483101206824585e+01 2.005408779365630423e+01
