0.000000000000000000e+00 0.000000000000000000e+00
0.000000000000000000e+00 0.000000000000000000e+00
0.000000000000000000e+00 0.000000000000000000e+00
0.000000000000000000e+00 0.000000000000000000e+00
2.866000037817010085e-02 0.000000000000000000e+00
1.433841675180140551e-01 3.657419347922791220e-02
4.038175984896064108e-01 3.283868743869570395e+00
3.536056559954064760e+00 3.542020094689282139e+00
3.672410740919306082e+00 3.685184293201132277e+00
3.716236738471542900e+00 3.709355185284023637e+00
3.788834140289192742e+00 3.777025982749504962e+00
3.876475428869733619e+00 3.890422874035046608e+00
3.977075054142443555e+00 4.121913464688328865e+00
4.131765616072548220e+00 4.330987691212828672e+00
4.255830048002644084e+00 4.529325425757554591e+00
4.459421560072637902e+00 4.734391955252727158e+00
4.735183262745295885e+00 4.943455050398291029e+00
4.977459425679364280e+00 5.157210556360529274e+00
5.182244038422962440e+00 5.333839072738764564e+00
5.376913121543199559e+00 5.520706876602495150e+00
5.564025883330755207e+00 5.694642867769557526e+00
5.716055355515642589e+00 5.878429427354087800e+00
5.898878671283245723e+00 6.050006234364286861e+00
6.085729148215326845e+00 6.232564237164075927e+00
6.262786578226719136e+00 6.413701977415549038e+00
6.431897207953422679e+00 6.583541420561912716e+00
6.610650975712222710e+00 6.748201391416926320e+00
6.798156827196348395e+00 6.918608524633323320e+00
6.962810753526693652e+00 7.074678806192117975e+00
7.128598586528935854e+00 7.251698138896818691e+00
7.290353818275050912e+00 7.417135809404451940e+00
7.466364943598943427e+00 7.578504730880560203e+00
7.728410180998037227e+00 7.614649440682535797e+00
7.732051637170605396e+00 7.889247739538228110e+00
8.046063134351944868e+00 7.889981760970389502e+00
8.205004576572768826e+00 8.049851226908826263e+00
8.363309178726904491e+00 8.196135292919096926e+00
8.531237274516112024e+00 8.377398102598114349e+00
8.682954008250982625e+00 8.529500538179021873e+00
8.722378562104461608e+00 8.845391468286084802e+00
9.017927436695801546e+00 8.918426775886400648e+00
9.087438276997996667e+00 9.199541803119194228e+00
9.359159695158522752e+00 9.252858294603180767e+00
9.540776186148558935e+00 9.395889006868065607e+00
9.594335542779159454e+00 9.712599688649468987e+00
9.878988939932098035e+00 9.781274858510425219e+00
9.957235398704042950e+00 1.005750332013227322e+01
1.022481614847846387e+01 1.012461910076602933e+01
1.028116786914350378e+01 1.041313404798836650e+01
1.060544286814961268e+01 1.047690657725794416e+01
1.077572669723879173e+01 1.066778120097284521e+01
1.095717820485334748e+01 1.083994139686174485e+01
1.113578793427775437e+01 1.105116345454054461e+01
1.115216125160193883e+01 1.131791026001854306e+01
1.150723346782416812e+01 1.136171210774575435e+01
1.168112256720930375e+01 1.151459824034149371e+01
1.187216788282287183e+01 1.165815309518195164e+01
1.204933027338941365e+01 1.191119481744607889e+01
1.223834531812310544e+01 1.212573340668372524e+01
1.242944501457632178e+01 1.228446157271475414e+01
1.260311796608459645e+01 1.244103533173721310e+01
1.278801322492241255e+01 1.265072298078630553e+01
1.297305151402781931e+01 1.282142536714993319e+01
1.314219626829133425e+01 1.301826823932039368e+01
1.333605969896144927e+01 1.319668903427808004e+01
1.333123571031148025e+01 1.348125140172334646e+01
1.368605668730234193e+01 1.354094116987273821e+01
1.385205713628080204e+01 1.368438167104450010e+01
1.404317204906505090e+01 1.387293249457165523e+01
1.421888499143797624e+01 1.409323246234509064e+01
1.442349893912677317e+01 1.431085210485652759e+01
1.460223842693141449e+01 1.448879819692964865e+01
1.480023808605912450e+01 1.458808351926019142e+01
1.498416689332371732e+01 1.485910241947959598e+01
1.516727530009318414e+01 1.496735924822820252e+01
1.535935822415216734e+01 1.519353713555730856e+01
1.553782012087508413e+01 1.533380057587472756e+01
1.572035985538745351e+01 1.557943901971522394e+01
1.591555517409740261e+01 1.576511811799675833e+01
1.609779809948063090e+01 1.590241125933781241e+01
1.628033583616373292e+01 1.611965826687365322e+01
1.647075576059800639e+01 1.629652421002618468e+01
1.665900022211167553e+01 1.648607470303378264e+01
1.663264173152089143e+01 1.678662632446148706e+01
1.702965754428037926e+01 1.689810400706246796e+01
1.708100203211122903e+01 1.715831940635256814e+01
1.739171736868575735e+01 1.723499757113454578e+01
1.758167926880642895e+01 1.740078105565039834e+01
1.778231303273952690e+01 1.763482090624209420e+01
1.796298813127915750e+01 1.783968453771354135e+01
1.816387625722133237e+01 1.803341528736058663e+01
1.835279394783880491e+01 1.815178808322903237e+01
1.855009324653340386e+01 1.841007661983318755e+01
1.875053603950156500e+01 1.857249388824831371e+01
1.893704456256520530e+01 1.877333552085250901e+01
1.913262429425900280e+01 1.898512336991560545e+01
1.929877855778886797e+01 1.914861434296450327e+01
1.934983007471942784e+01 1.944473317589478611e+01
1.967228643099935326e+01 1.951090507511172945e+01
1.984891188542023244e+01 1.973373900166684791e+01
2.004199036227064923e+01 1.990853285736605471e+01
