0.000000000000000000e+00 0.000000000000000000e+00
0.000000000000000000e+00 0.000000000000000000e+00
0.000000000000000000e+00 0.000000000000000000e+00
0.000000000000000000e+00 0.000000000000000000e+00
0.000000000000000000e+00 0.000000000000000000e+00
0.000000000000000000e+00 0.000000000000000000e+00
0.000000000000000000e+00 0.000000000000000000e+00
0.000000000000000000e+00 0.000000000000000000e+00
0.000000000000000000e+00 0.000000000000000000e+00
0.000000000000000000e+00 0.000000000000000000e+00
0.000000000000000000e+00 0.000000000000000000e+00
0.000000000000000000e+00 0.000000000000000000e+00
0.000000000000000000e+00 0.000000000000000000e+00
0.000000000000000000e+00 0.000000000000000000e+00
4.938478706464648205e-02 0.000000000000000000e+00
4.596162478433479248e-01 3.967069637725017528e-01
1.034031363786333535e-01 4.945024319801299306e+00
5.299611330109471830e+00 5.434780622609716616e+00
6.095697877945283061e+00 6.496972002333299301e+00
6.689611887548344349e+00 6.726867372835524606e+00
6.846679054019388033e+00 6.905946017126215253e+00
7.030199210420740918e+00 7.091016871367971319e+00
7.176898908150376677e+00 7.296760768176736356e+00
7.335165844553727332e+00 7.527783365320644293e+00
7.609609236153802136e+00 7.840866126673389225e+00
7.772692644038559528e+00 8.079367681071868645e+00
8.062944519095527340e+00 8.326534111631186619e+00
8.291120679269823768e+00 8.584115667039728947e+00
8.553018388999779731e+00 8.773851110267738562e+00
8.811081093735609215e+00 8.983287250497147269e+00
8.978185890432019534e+00 9.177913526947197198e+00
9.212612425242967973e+00 9.371626874913580707e+00
9.422546300650795459e+00 9.572259719439861314e+00
9.647386788600446295e+00 9.762752394565568537e+00
9.818717441232331922e+00 9.966119045147912914e+00
1.003885098318737867e+01 1.014595967465091064e+01
1.018903144374872127e+01 1.032481497233213652e+01
1.038138123343594366e+01 1.050979987361110979e+01
1.052851539802664327e+01 1.068309669613634405e+01
1.073458307170624160e+01 1.087149937788140797e+01
1.102686568559486879e+01 1.094033444266967514e+01
1.109140732427545828e+01 1.121025323300507637e+01
1.138434989720793311e+01 1.124598708582166218e+01
1.155728152473875525e+01 1.142950003214614796e+01
1.159056165435399066e+01 1.176102963569489113e+01
1.180315963664929590e+01 1.194818408774880147e+01
1.213282311730462837e+01 1.201000680158635170e+01
1.230220574443869808e+01 1.214873453638430334e+01
1.248926430511412811e+01 1.236627004398181207e+01
1.267850915031649173e+01 1.253753454728943062e+01
1.275038790992407201e+01 1.287023170684034135e+01
1.306096590056520057e+01 1.294315313647627441e+01
1.326471892092439298e+01 1.308205870172890251e+01
1.345061593529041311e+01 1.334886189581871285e+01
1.363223981710846822e+01 1.352155250515125218e+01
1.384540425956621768e+01 1.373447742081944689e+01
1.403675441443810179e+01 1.389841069257519202e+01
1.424968420912786371e+01 1.417295182643371376e+01
1.445656181665370710e+01 1.435489399662922239e+01
1.467712569809961742e+01 1.454259813403217017e+01
1.488049984802691128e+01 1.475945944730550785e+01
1.508395212020562859e+01 1.497392059542200471e+01
1.530063471921473095e+01 1.513765616524823443e+01
1.550708980832592232e+01 1.536603983199981016e+01
1.571628662334076054e+01 1.559333642896914363e+01
1.593006678510707275e+01 1.578496222302711871e+01
1.614304705116045113e+01 1.604812423488634821e+01
1.635491068575788631e+01 1.616692723806913534e+01
1.658205915702403033e+01 1.643138125724012255e+01
1.677735717477542465e+01 1.660713969851587990e+01
1.680782714204464767e+01 1.693032555351244284e+01
1.705995490551209315e+01 1.712295445149851147e+01
1.736211989165889591e+01 1.724211314714306553e+01
1.758156323857216918e+01 1.744001836504209280e+01
1.779273369559940932e+01 1.765192325768850878e+01
1.801009003011699861e+01 1.788111277124771448e+01
1.822040541856489781e+01 1.807143307435865864e+01
1.843583135389307515e+01 1.827659812390921701e+01
1.865002826363364719e+01 1.850039280132785535e+01
1.886598193716552530e+01 1.870668392619682052e+01
1.908668488294905430e+01 1.894784673832464250e+01
1.930583984464809433e+01 1.908877684541212005e+01
1.954688558177689117e+01 1.937245388731081164e+01
1.976336054367401829e+01 1.957793581986238607e+01
1.999444684901803981e+01 1.974878485380148518e+01
2.022901350921173957e+01 2.001368483713924462e+01
2.046068169372119527e+01 2.019698457258827418e+01
2.068385124977081091e+01 2.039464591186280629e+01
2.091090909443628831e+01 2.064270341508142081e+01
2.113286839631414793e+01 2.089609206965898025e+01
2.135480224880650724e+01 2.104694729958589505e+01
2.156490472889273136e+01 2.131098652418848260e+01
2.179104133711452818e+01 2.152211965818571571e+01
2.201242882410898716e+01 2.173309605194343774e+01
2.192328154673393570e+01 2.213999961023450780e+01
2.242140890262476915e+01 2.220751475860305035e+01
2.263917639163763340e+01 2.239399200177141580e+01
2.285499364628716990e+01 2.260951972225932138e+01
2.308570085171596631e+01 2.281804776649638811e+01
2.331318864060303753e+01 2.304576525414367083e+01
2.353829050517439825e+01 2.328082863853170181e+01
