0.000000000000000000e+00 0.000000000000000000e+00
0.000000000000000000e+00 1.869363646120976830e+00
8.188215269337059676e-02 2.120832767661738671e+00
1.928732033464422235e+00 2.136081503134663162e+00
2.231501793735225725e+00 2.233207757216645550e+00
2.229311884957364764e+00 2.223853899834973280e+00
2.288358634737303277e+00 2.347363969276950346e+00
2.374753204336836010e+00 2.364318738557818378e+00
2.478308115698065528e+00 2.678701556382069526e+00
2.667360542881225260e+00 2.885015760176182109e+00
2.826152558563872930e+00 3.059655235859697786e+00
3.071627821725342322e+00 3.281607705699187250e+00
3.239813743635685306e+00 3.454806777818473229e+00
3.437626168121265202e+00 3.626545628133560406e+00
3.619595178358202769e+00 3.779647689340093653e+00
3.781210302934520318e+00 3.938503533971798198e+00
3.957839290021609724e+00 4.085553278964534130e+00
4.130987054792207402e+00 4.227034434916243200e+00
4.293377314666190436e+00 4.377825092819481512e+00
4.413947181036509626e+00 4.523614563859161386e+00
4.548518221074796308e+00 4.673027420916214147e+00
4.695359027824959064e+00 4.807678622977045180e+00
4.832866786770891210e+00 4.951898559131199029e+00
4.964578937344929166e+00 5.088670421065272009e+00
5.106654693847146653e+00 5.227198122042419293e+00
5.358948223229800689e+00 5.247191120137018494e+00
5.398345920257680675e+00 5.509784313288065505e+00
5.527990670537932694e+00 5.646145834854116252e+00
5.682962847985865373e+00 5.789283992022229874e+00
5.919091310811963602e+00 5.794907591729454133e+00
5.936639963228214967e+00 6.068331590462941350e+00
6.080995158688071278e+00 6.204325643179100069e+00
6.344467346360741722e+00 6.204005840299299024e+00
6.479039918773219497e+00 6.371381502185339940e+00
6.524322569956592766e+00 6.617335447236507129e+00
6.651846925013304990e+00 6.756458147027617045e+00
6.793741003565189729e+00 6.901419542411257879e+00
7.046105295655963552e+00 6.986381369623432924e+00
7.130089303293221548e+00 7.182271364624329024e+00
7.325615028538654094e+00 7.250950184819529909e+00
7.470413475058926167e+00 7.387234271051742240e+00
7.510975605359061724e+00 7.614066173039915064e+00
7.772789287825974114e+00 7.679391059604195213e+00
7.841943746153375194e+00 7.920532692239126149e+00
8.070978680401410088e+00 7.997639452911254665e+00
8.225694805520484820e+00 8.150134367444895389e+00
8.384505150199396795e+00 8.264453298984372864e+00
8.533899482650847190e+00 8.454627096087202531e+00
8.694347890188611316e+00 8.585224807020614080e+00
8.859663199341818896e+00 8.782712424596503809e+00
9.009172193900434777e+00 8.927793856853909915e+00
9.031821521516594231e+00 9.144538787457152651e+00
9.320176375139212155e+00 9.226365011240702074e+00
9.475985854373737638e+00 9.363877491050411450e+00
9.625036644528391250e+00 9.499733826152198191e+00
9.780109577680098809e+00 9.608065340756024142e+00
9.935263931236631763e+00 9.795400418146527954e+00
1.009114967241985283e+01 9.929441095111895876e+00
1.024391137830539478e+01 1.008557034210170222e+01
1.040444675974083921e+01 1.018582134928643157e+01
1.056554244444144786e+01 1.041826081356117584e+01
1.071469802086903478e+01 1.055127485937529741e+01
1.087400661890503351e+01 1.067005939451720486e+01
1.102328785332168692e+01 1.087582810119541499e+01
1.119421938007017125e+01 1.103589081289470464e+01
1.135222358365741435e+01 1.122283530999364665e+01
1.151584834131537605e+01 1.129101727045477865e+01
1.167382193836285076e+01 1.151335910151255604e+01
1.182442034699665534e+01 1.167097802978298304e+01
1.198086898074703122e+01 1.186269790368353583e+01
1.201725824788186792e+01 1.209149596396791004e+01
1.211094803315000057e+01 1.223304939256666479e+01
1.243469688686172780e+01 1.229108959117703215e+01
1.257901533767550717e+01 1.244102608945108734e+01
1.274232986063893946e+01 1.258789063924886342e+01
1.290647354650352874e+01 1.271113738820523054e+01
1.306920698551028615e+01 1.293735084269668612e+01
1.322899551612788471e+01 1.310003874140827662e+01
1.322171987291975270e+01 1.332844832428906656e+01
1.355138999037345648e+01 1.339591334678829782e+01
1.370305977200262504e+01 1.353823195030174631e+01
1.387260586954517372e+01 1.370299092062467139e+01
1.402773335209647598e+01 1.387993072036781506e+01
1.419016936939767248e+01 1.404081209901450045e+01
1.437396394106979969e+01 1.420930836254145291e+01
1.451403536137296157e+01 1.431395307487862922e+01
1.468607261775262174e+01 1.453653024798571280e+01
1.485660549989379220e+01 1.466094243968568378e+01
1.501871336783779576e+01 1.478143916778861922e+01
1.517223983534293374e+01 1.500757338064631341e+01
1.533885687210072568e+01 1.513757097106954852e+01
1.550639305772615906e+01 1.529399801661351788e+01
1.567350278501498195e+01 1.535499071235210344e+01
1.583119960291720041e+01 1.563810494407159979e+01
1.599029994843007785e+01 1.581024416816338274e+01
1.615996928665380494e+01 1.589683861373421259e+01
1.632008417196171024e+01 1.609133642939674402e+01
1.649210975537667778e+01 1.623055259463526667e+01
1.666408260932255914e+01 1.645811358074638875e+01
1.680765584095648180e+01 1.654575872274971005e+01
1.698056709739769943e+01 1.678415826986701731e+01
