0.000000000000000000e+00 0.000000000000000000e+00
0.000000000000000000e+00 0.000000000000000000e+00
0.000000000000000000e+00 0.000000000000000000e+00
0.000000000000000000e+00 0.000000000000000000e+00
0.000000000000000000e+00 0.000000000000000000e+00
0.000000000000000000e+00 0.000000000000000000e+00
0.000000000000000000e+00 0.000000000000000000e+00
0.000000000000000000e+00 0.000000000000000000e+00
0.000000000000000000e+00 0.000000000000000000e+00
0.000000000000000000e+00 0.000000000000000000e+00
0.000000000000000000e+00 0.000000000000000000e+00
0.000000000000000000e+00 0.000000000000000000e+00
0.000000000000000000e+00 0.000000000000000000e+00
0.000000000000000000e+00 0.000000000000000000e+00
0.000000000000000000e+00 0.000000000000000000e+00
0.000000000000000000e+00 0.000000000000000000e+00
2.136863479583251402e-01 1.179311471657198962e-01
3.446672309659832845e-01 6.511446981233298681e-02
0.000000000000000000e+00 0.000000000000000000e+00
3.825222921966396350e-01 1.595401026362272878e+00
3.138886834979595086e-01 4.970520977136716922e+00
6.542114941849273002e+00 7.267755318534858233e+00
7.548815184107348308e+00 7.724745984119796738e+00
7.806178041524194811e+00 8.020577056497547375e+00
8.111857360685903018e+00 8.268114852836427886e+00
8.364391236270066088e+00 8.285326660800784282e+00
8.559473306360095179e+00 8.729998084027075222e+00
8.744422947759810327e+00 8.993357483726132529e+00
8.984746037596407220e+00 9.284761006524124838e+00
9.172273717932023729e+00 9.529152627074370940e+00
9.530044015345181307e+00 9.748330737944707280e+00
9.747651165570022869e+00 9.969469186869444499e+00
9.986621090238088527e+00 1.017816466521265539e+01
1.019988078971235268e+01 1.041203167556409248e+01
1.042945922285374571e+01 1.062456053365602315e+01
1.062360658979577011e+01 1.083072057308766922e+01
1.081729706407715774e+01 1.103040472429507624e+01
1.103346247229058541e+01 1.123298565928311987e+01
1.128358972464198118e+01 1.144053643941535370e+01
1.146290398426521762e+01 1.163683063078629232e+01
1.169022931684040145e+01 1.183191676218115518e+01
1.187806319515479103e+01 1.201901726549375660e+01
1.218591114811978571e+01 1.202783719315452871e+01
1.222219127243435643e+01 1.238767598514426282e+01
1.256476406583665018e+01 1.240187699166738433e+01
1.273897407379995705e+01 1.262619355499109908e+01
1.283087925141854591e+01 1.295698105016879431e+01
1.304897700489698309e+01 1.316362793557928335e+01
1.323869827145685996e+01 1.336646465688669494e+01
1.343929544515173546e+01 1.357827106992890620e+01
1.366125983370409891e+01 1.379287847463104733e+01
1.389783538616579328e+01 1.399146716262684009e+01
1.407735271665404753e+01 1.419252954543269318e+01
1.438413690996817706e+01 1.426751051188854191e+01
1.459299775276524969e+01 1.446048960875792311e+01
1.479528289789504392e+01 1.469557268830131491e+01
1.501098635437628559e+01 1.493678237265226549e+01
1.521183344984948782e+01 1.510535458312362422e+01
1.542738084846975610e+01 1.535402220736720658e+01
1.564694973971467107e+01 1.552046494402959809e+01
1.587050359652709020e+01 1.573620922999348082e+01
1.609065479985221003e+01 1.594002760765790150e+01
1.630053932616293366e+01 1.621799627642466746e+01
1.653063728210320349e+01 1.635495539750013094e+01
1.674853188807816551e+01 1.663176076256596048e+01
1.696640851243259007e+01 1.680558105332742969e+01
1.717733609423329355e+01 1.703771299619598167e+01
1.739528961159829024e+01 1.728672463557821004e+01
1.747649877081387260e+01 1.757002984174298987e+01
1.782047939262762171e+01 1.767491722819519140e+01
1.804621355445452480e+01 1.790150712859327342e+01
1.826818815116324757e+01 1.814230951201432163e+01
1.850078436278555927e+01 1.827857436642629096e+01
1.871868587282574481e+01 1.856902265960783893e+01
1.895250347573657024e+01 1.883554457719727537e+01
1.918086695677985176e+01 1.905576822297158657e+01
1.941277607595512222e+01 1.925987895685920037e+01
1.964770641023877928e+01 1.938479628376299146e+01
1.986713190964120912e+01 1.970509370656316150e+01
2.010854066839912591e+01 1.993782692912647292e+01
2.033767348314210111e+01 2.019980448655860172e+01
2.058491306101702989e+01 2.041374335737215873e+01
2.082021988747439423e+01 2.061107448256834473e+01
2.106904097500386541e+01 2.075587405521634565e+01
2.130905663652441362e+01 2.110835909518414155e+01
2.154063688274179000e+01 2.136753309806148593e+01
2.177504195516235086e+01 2.157272576168497480e+01
2.200551024488489915e+01 2.172211598935942689e+01
2.223022627991530342e+01 2.206742951485226101e+01
2.246714832838401321e+01 2.226115711702181343e+01
2.269516315590111333e+01 2.245077804752240525e+01
2.292442907318936918e+01 2.267966385091409620e+01
2.315993794781719117e+01 2.294440489445778297e+01
2.339370624897393469e+01 2.312258633745233283e+01
2.363279241982344558e+01 2.336294570075726895e+01
2.386929336573904337e+01 2.365032028641773465e+01
2.409647844314815401e+01 2.384863289719373824e+01
2.433939588568282275e+01 2.409315710236908004e+01
2.455644741054999258e+01 2.436966142614151565e+01
2.480879024954855439e+01 2.450923308751792007e+01
2.505287419552406192e+01 2.486354842876725257e+01
