0.000000000000000000e+00 0.000000000000000000e+00
0.000000000000000000e+00 0.000000000000000000e+00
0.000000000000000000e+00 0.000000000000000000e+00
0.000000000000000000e+00 0.000000000000000000e+00
0.000000000000000000e+00 0.000000000000000000e+00
0.000000000000000000e+00 0.000000000000000000e+00
0.000000000000000000e+00 0.000000000000000000e+00
1.692809640155716056e-01 4.289336569367492302e+00
3.226494918699417402e-01 1.312391020657882601e-01
3.033845604843862787e-01 3.095942891950656417e+00
2.123555738505737089e+00 3.773507722683945076e+00
4.279601209210808221e+00 4.530541139080836111e+00
4.460117337417965899e+00 4.543053190479403369e+00
4.674042786710481678e+00 4.741368799130833089e+00
4.804782036200040629e+00 4.813265661577408316e+00
4.905742070833963631e+00 5.075162237787854913e+00
5.151319254882277932e+00 5.279356610959689000e+00
5.293704479732602053e+00 5.433288857346489920e+00
5.532718884504878254e+00 5.657566807300220546e+00
5.708789239593262010e+00 5.931581219614347589e+00
5.883045337510203865e+00 6.151745072482144749e+00
6.124948643756527922e+00 6.384004696317084893e+00
6.279571489264024642e+00 6.600272217685535736e+00
6.569980315385782532e+00 6.817144890995322726e+00
6.863892469386494888e+00 7.001537442605388684e+00
7.086015665772697147e+00 7.180677494639851943e+00
7.260915022177702127e+00 7.358774723365721471e+00
7.435070244386867699e+00 7.529097643648738014e+00
7.604600900894037174e+00 7.707186409572786445e+00
7.777568646387238438e+00 7.886925506122718588e+00
7.960029040591839689e+00 8.058901164530153594e+00
8.136933258173002059e+00 8.231741625271240537e+00
8.274248839119190180e+00 8.407862790701104316e+00
8.471225728225681095e+00 8.576081069218741249e+00
8.617695395272031433e+00 8.743491539245626498e+00
8.751190279015933271e+00 8.920612066092875381e+00
8.950128194537851911e+00 9.094626371089550076e+00
9.079072384739658830e+00 9.253108064573130065e+00
9.411497473732509889e+00 9.276530270015420854e+00
9.355094611952798900e+00 9.575464752369386545e+00
9.729022038726856891e+00 9.571211030796892061e+00
9.750028068213863364e+00 9.898622698086885663e+00
1.005997153498989327e+01 9.931235956858174063e+00
1.022355387661371751e+01 1.004607156262714263e+01
1.019178807297284628e+01 1.039663578046933878e+01
1.056286487308659083e+01 1.042133389430941826e+01
1.074816365876365687e+01 1.058119669563325793e+01
1.074708626970090819e+01 1.091110590041439110e+01
1.095226486401092458e+01 1.107288366950265512e+01
1.124692902479023715e+01 1.114821264043822957e+01
1.143498278147056979e+01 1.127965113261636176e+01
1.161871564247214472e+01 1.145146415572779830e+01
1.180295328697594570e+01 1.167074014873167265e+01
1.182620875217052081e+01 1.197014015767033079e+01
1.215672139613192648e+01 1.203901393494497718e+01
1.234077394545284534e+01 1.222434903529268091e+01
1.253538649761397572e+01 1.233632010753528263e+01
1.272806817794667289e+01 1.258900155937776866e+01
1.290789286250952017e+01 1.275236699645878957e+01
1.309222798637678409e+01 1.295038210390825206e+01
1.328858035460948095e+01 1.313849955999488373e+01
1.347573716405499056e+01 1.331843897031231094e+01
1.367061260976519321e+01 1.349645358886102819e+01
1.369274227834374713e+01 1.382447922374227289e+01
1.404418265449734804e+01 1.387894926906144910e+01
1.422423244936955555e+01 1.404425707237616017e+01
1.441764481487980909e+01 1.422933216398019773e+01
1.460640412671346766e+01 1.443863029619653382e+01
1.479739537285496098e+01 1.463044292642855027e+01
1.499740173516430986e+01 1.474985511208209132e+01
1.498361089594862428e+01 1.514534674833651984e+01
1.535064473163381393e+01 1.509386584242406926e+01
1.555431804043175603e+01 1.539459182963980055e+01
1.573742946678857813e+01 1.558899799557925370e+01
1.592580689076639899e+01 1.571598168520792704e+01
1.612446392172370935e+01 1.588421351785549085e+01
1.632634892722370523e+01 1.612201677159886160e+01
1.651235554637923286e+01 1.629736455729731759e+01
1.671118339237488470e+01 1.649018104451501898e+01
1.689652139974253586e+01 1.666098937818035708e+01
1.710262050075163387e+01 1.690828442904124174e+01
1.729607833688234919e+01 1.702325597211312669e+01
1.749722654190884796e+01 1.731265200791292358e+01
1.768529980646845701e+01 1.752930432217351253e+01
1.788301952469277722e+01 1.767964397454664294e+01
1.808901705347200561e+01 1.789980702494042220e+01
1.812554994970887279e+01 1.820669400896833423e+01
1.846599863727761459e+01 1.824152486098835979e+01
1.865023552704801091e+01 1.844242079560839898e+01
1.884523595348840530e+01 1.867760876964865702e+01
1.903664439175847889e+01 1.888067560676114098e+01
1.907107812169713412e+01 1.914339299241291670e+01
1.941041081970393378e+01 1.925752220368523027e+01
1.959918836618475879e+01 1.938541066118584766e+01
1.980146463593926498e+01 1.965319823248674069e+01
1.998892051854002716e+01 1.984781715516379208e+01
2.019247002932133483e+01 2.000770413812102078e+01
2.040542800079951746e+01 2.017071458187470867e+01
2.059634255933670133e+01 2.047578648198368612e+01
2.080260127111383639e+01 2.055718240921073203e+01
2.099787808467132066e+01 2.085682433814570302e+01
