0.000000000000000000e+00 0.000000000000000000e+00
0.000000000000000000e+00 0.000000000000000000e+00
0.000000000000000000e+00 0.000000000000000000e+00
0.000000000000000000e+00 0.000000000000000000e+00
0.000000000000000000e+00 0.000000000000000000e+00
0.000000000000000000e+00 0.000000000000000000e+00
0.000000000000000000e+00 0.000000000000000000e+00
0.000000000000000000e+00 0.000000000000000000e+00
0.000000000000000000e+00 0.000000000000000000e+00
0.000000000000000000e+00 0.000000000000000000e+00
0.000000000000000000e+00 0.000000000000000000e+00
0.000000000000000000e+00 0.000000000000000000e+00
0.000000000000000000e+00 0.000000000000000000e+00
0.000000000000000000e+00 0.000000000000000000e+00
0.000000000000000000e+00 0.000000000000000000e+00
0.000000000000000000e+00 0.000000000000000000e+00
0.000000000000000000e+00 0.000000000000000000e+00
0.000000000000000000e+00 0.000000000000000000e+00
0.000000000000000000e+00 0.000000000000000000e+00
0.000000000000000000e+00 0.000000000000000000e+00
0.000000000000000000e+00 0.000000000000000000e+00
0.000000000000000000e+00 0.000000000000000000e+00
0.000000000000000000e+00 0.000000000000000000e+00
0.000000000000000000e+00 0.000000000000000000e+00
0.000000000000000000e+00 0.000000000000000000e+00
9.550933738155822222e-03 0.000000000000000000e+00
9.948889310578981626e-03 0.000000000000000000e+00
3.097099067750334889e-02 0.000000000000000000e+00
1.074480045542530043e-02 0.000000000000000000e+00
3.264954818217422616e-01 8.601440679818679325e-01
1.644128961007083056e-01 3.258891446987919327e+00
1.479844331128756130e+00 4.003372508725083101e+00
4.056252154702299606e+00 6.473002748391833094e+00
6.699332354104197584e+00 9.196335981803667181e+00
9.202132348841633558e+00 8.250881515088211771e+00
1.016975679490758999e+01 1.102980900644726425e+01
1.146914799819691133e+01 1.182395242037745753e+01
1.208748135890457043e+01 1.237975358312196583e+01
1.267374838303085838e+01 1.268828196636206940e+01
1.291490735749728103e+01 1.298103381061324590e+01
1.315516519822424613e+01 1.333739035946075369e+01
1.343556892337618081e+01 1.360901715468668627e+01
1.370979519342800756e+01 1.393028766981114153e+01
1.395789057886268836e+01 1.424715835428535726e+01
1.424905777022343401e+01 1.448506483003768430e+01
1.454022252146327254e+01 1.473433466744162779e+01
1.474197743910954728e+01 1.496869662990333616e+01
1.505136665711071409e+01 1.520553478357947341e+01
1.531833431750297692e+01 1.544443793639242557e+01
1.554784550751384309e+01 1.565655966328668747e+01
1.572962393392410796e+01 1.588058696229113487e+01
1.599272767192847589e+01 1.611847281294203782e+01
1.621849654437783883e+01 1.632522873110811545e+01
1.642243213496446330e+01 1.653875717659709110e+01
1.665146350153010957e+01 1.677371605035950353e+01
1.698419665755425356e+01 1.689772869132436384e+01
1.720814693070427381e+01 1.709382426036327374e+01
1.743583967001960389e+01 1.733733100322920606e+01
1.767486385486861877e+01 1.753147367143148116e+01
1.779637182554584740e+01 1.789840600958535077e+01
1.812856518965008590e+01 1.799331195975812747e+01
1.836211111966943221e+01 1.822087532110930042e+01
1.860527315285568051e+01 1.845576672312819966e+01
1.884710881106857272e+01 1.868688759818032352e+01
1.910072086403238245e+01 1.893463281126797781e+01
1.933434425204643503e+01 1.917567473638425923e+01
1.957539886251390371e+01 1.941019311169747397e+01
1.981436541509522797e+01 1.964862722018089158e+01
2.007203434841161638e+01 1.991194539578633282e+01
2.014557321818996982e+01 2.027809081588736717e+01
2.054419739520049148e+01 2.041647345151701032e+01
2.079344003969022125e+01 2.067298398625844058e+01
2.104946886249427607e+01 2.090510100857413178e+01
2.131486080964566199e+01 2.117201500338717324e+01
2.157134990945580455e+01 2.140838819644147151e+01
2.183697210775179798e+01 2.167589509163392592e+01
2.194006384214808136e+01 2.203887446372539571e+01
2.232601260689672884e+01 2.217075402623089531e+01
2.260178125007453076e+01 2.243394966004875002e+01
2.285484188048483745e+01 2.270256134588808905e+01
2.312836174569723724e+01 2.294206673752786685e+01
2.340911924686923484e+01 2.324144500738778873e+01
2.367612550464028587e+01 2.349031214876535145e+01
2.392644031269712812e+01 2.372237823317163929e+01
2.419798656817563298e+01 2.400825220368480828e+01
2.446949012653646705e+01 2.428389047864699535e+01
2.474109777272517618e+01 2.453283357492879091e+01
2.501216793668985972e+01 2.485039434657761248e+01
2.527986133356479925e+01 2.507151057366023039e+01
2.554129887729999382e+01 2.537338788154063351e+01
2.582728505604962521e+01 2.559807717505995583e+01
2.609902316157538493e+01 2.592074580153319374e+01
2.636732520114108169e+01 2.617247759282536279e+01
2.664563041740190386e+01 2.640546172054031970e+01
2.689456685167649752e+01 2.663788690315518437e+01
2.718353457992476407e+01 2.699051370997844046e+01
2.746373750418879212e+01 2.724230135414723009e+01
2.773442070347087807e+01 2.751764667332143688e+01
2.799979812255595135e+01 2.778418636415517895e+01
2.827715257712023345e+01 2.808577244792292049e+01
2.855230701048346376e+01 2.836697269018117851e+01
