0.000000000000000000e+00 0.000000000000000000e+00
0.000000000000000000e+00 0.000000000000000000e+00
0.000000000000000000e+00 0.000000000000000000e+00
0.000000000000000000e+00 0.000000000000000000e+00
0.000000000000000000e+00 0.000000000000000000e+00
0.000000000000000000e+00 0.000000000000000000e+00
0.000000000000000000e+00 0.000000000000000000e+00
0.000000000000000000e+00 0.000000000000000000e+00
0.000000000000000000e+00 0.000000000000000000e+00
0.000000000000000000e+00 0.000000000000000000e+00
0.000000000000000000e+00 0.000000000000000000e+00
0.000000000000000000e+00 0.000000000000000000e+00
0.000000000000000000e+00 0.000000000000000000e+00
0.000000000000000000e+00 0.000000000000000000e+00
0.000000000000000000e+00 0.000000000000000000e+00
0.000000000000000000e+00 0.000000000000000000e+00
0.000000000000000000e+00 0.000000000000000000e+00
0.000000000000000000e+00 0.000000000000000000e+00
1.825826967905004039e-01 4.551084514225315486e-02
1.935444580896800160e-01 -1.022802426579899615e-01
1.863104093141417783e-01 5.377637483981663635e+00
4.856654790657363163e-01 5.907523124067877163e+00
5.573125014131682597e+00 6.841744423499113381e+00
6.473073284693307450e+00 6.959556022311069512e+00
7.012795065371427050e+00 7.130394823923130510e+00
7.208341724957726626e+00 7.133125167024450874e+00
7.310079167991009541e+00 7.217094681972128889e+00
7.488116934380623313e+00 7.564758566393503081e+00
7.618536396473450267e+00 7.765387387129347729e+00
7.768623000013374913e+00 7.949138404671745484e+00
7.934175193985774754e+00 8.105507710897231988e+00
8.079376073422226412e+00 8.247682423110880734e+00
8.370985606304666149e+00 8.255089169108112301e+00
8.397072867846876676e+00 8.524317583250336838e+00
8.576668508835036064e+00 8.674628557967446696e+00
8.809151555105099618e+00 8.772306438599621004e+00
8.955842117329737562e+00 8.913035188387279817e+00
9.100527606132752467e+00 8.986410871667651179e+00
9.260673121941064068e+00 9.145099888544491407e+00
9.409593991823316017e+00 9.295936593311514784e+00
9.561275059542889920e+00 9.470271790058351513e+00
9.613406895606329883e+00 9.707633752827085516e+00
9.877054884841552251e+00 9.787945599761826543e+00
1.004248877159166753e+01 9.947953360157161029e+00
1.020718394154657993e+01 1.008534421476328546e+01
1.036428820102330128e+01 1.022560376085626466e+01
1.053025870066656466e+01 1.040356533376736969e+01
1.069072617526621549e+01 1.058204490528986597e+01
1.086919107377155491e+01 1.073397093020805926e+01
1.104600427719196176e+01 1.092506930689683564e+01
1.121965768793107365e+01 1.109865233753252056e+01
1.138756377820868515e+01 1.126449199109520727e+01
1.155920819836767066e+01 1.142971398896586166e+01
1.172624857653036123e+01 1.165385650973755283e+01
1.189174608583243398e+01 1.174761666415028749e+01
1.207332253406254274e+01 1.197223060273710260e+01
1.223885393599780080e+01 1.214564593849094365e+01
1.242019253454711247e+01 1.228072788891672218e+01
1.259237573802197829e+01 1.247681535138467801e+01
1.276644462233781496e+01 1.265134216508918996e+01
1.294122503701613880e+01 1.276447589567369612e+01
1.311937206045573312e+01 1.298576790038302597e+01
1.329800143335601703e+01 1.317198694470036813e+01
1.347765707427670989e+01 1.332715204856882352e+01
1.365510141061073313e+01 1.350062857498770619e+01
1.383821782086512187e+01 1.362380339062890933e+01
1.401642693130889761e+01 1.382915301038000777e+01
1.419773121273211736e+01 1.404689560783331892e+01
1.437576045078643361e+01 1.427077303361890159e+01
1.455974827525640691e+01 1.446377732343152545e+01
1.474589429976067123e+01 1.457934715833802919e+01
1.492533758632637308e+01 1.470205764126868608e+01
1.511419717907812554e+01 1.487636912686203239e+01
1.529135279116205659e+01 1.507357685445142614e+01
1.546741763931946778e+01 1.525790767144369831e+01
1.565559605981545666e+01 1.549102965783695396e+01
1.583929480147861923e+01 1.562364592578667022e+01
1.602019281238856863e+01 1.581322811517838112e+01
1.620899445949321915e+01 1.599833092735368112e+01
1.639816042462996748e+01 1.621751818357997976e+01
1.658874183938146629e+01 1.621397844464872762e+01
1.678192955737481640e+01 1.647751106786320463e+01
1.695087400030926972e+01 1.666049273469559466e+01
1.716390470092465392e+01 1.684354691183319019e+01
1.734933226303308018e+01 1.706385015445269104e+01
1.753243503559950511e+01 1.724179529203865258e+01
1.772282823555656250e+01 1.737350008121063993e+01
1.791821195729798433e+01 1.767647834492974468e+01
1.809453629820455589e+01 1.779968915283175690e+01
1.829219680412145621e+01 1.791187743558809586e+01
1.848233775780848021e+01 1.811390093836032378e+01
1.867764016417618578e+01 1.840125066244190677e+01
1.885480020162613357e+01 1.857382342222363647e+01
1.903961347271356530e+01 1.867117059706554016e+01
1.923106234690872185e+01 1.887311062947433626e+01
1.941262673919017345e+01 1.910157957039137955e+01
1.961281815741314105e+01 1.931408345100235024e+01
1.979892292499595641e+01 1.948840700572692342e+01
1.999791187129940084e+01 1.964831762487265010e+01
2.017838881996659595e+01 1.976802982664696984e+01
2.036603034900251785e+01 1.996405576341088306e+01
