0.000000000000000000e+00 0.000000000000000000e+00
0.000000000000000000e+00 0.000000000000000000e+00
0.000000000000000000e+00 0.000000000000000000e+00
0.000000000000000000e+00 0.000000000000000000e+00
0.000000000000000000e+00 0.000000000000000000e+00
0.000000000000000000e+00 0.000000000000000000e+00
0.000000000000000000e+00 0.000000000000000000e+00
0.000000000000000000e+00 0.000000000000000000e+00
0.000000000000000000e+00 0.000000000000000000e+00
1.812630424666126366e-02 0.000000000000000000e+00
0.000000000000000000e+00 0.000000000000000000e+00
1.020940822669948699e-02 0.000000000000000000e+00
1.247816561041048544e-02 0.000000000000000000e+00
3.972359389996760887e-02 0.000000000000000000e+00
2.882668365694835561e-02 0.000000000000000000e+00
1.990462430059150578e-02 3.421457526724085985e-01
2.572942697692613967e-01 -1.348658127214713912e-02
8.825023459017040939e-02 0.000000000000000000e+00
1.326010917962026081e-01 0.000000000000000000e+00
0.000000000000000000e+00 5.615338677452664129e+00
4.188395223005417778e-01 6.711422522174466998e+00
6.081659482108486614e+00 3.777706143425151986e+00
6.548947301795636555e+00 6.930664363144975582e+00
6.979203699668437899e+00 7.100270042232837753e+00
7.071122065920595112e+00 7.138825234056326074e+00
7.159418269837462212e+00 7.346558032247454406e+00
7.342499684920366754e+00 7.525859055172140266e+00
7.608751558430494555e+00 7.473569971435569670e+00
7.638037208062557148e+00 7.795856422702964750e+00
7.824864547011055826e+00 7.926702125831742052e+00
8.011392976692079060e+00 8.103540639777023102e+00
8.210950091936080497e+00 8.160921352194009160e+00
8.340159471383987722e+00 8.293708013972659998e+00
8.427761409090079425e+00 8.546397241936524836e+00
8.594077010836929986e+00 8.697589249258394162e+00
8.826503318320995106e+00 8.735530020275904306e+00
8.878470194649585423e+00 9.000016880499989824e+00
9.136710139285071364e+00 9.042722657974303857e+00
9.199304385979997889e+00 9.281059207734365657e+00
9.443142548684624771e+00 9.347649871072116312e+00
9.591470814859098581e+00 9.518234709205213306e+00
9.754246245378212166e+00 9.655172838690972981e+00
9.907457736014515959e+00 9.826122846565278124e+00
1.005921444548928712e+01 9.965825265358738250e+00
1.022586925026395832e+01 1.013533123448378959e+01
1.039332112691292487e+01 1.029350061524428916e+01
1.055146841612620534e+01 1.044814380195997217e+01
1.069914669167559218e+01 1.061617167980255871e+01
1.086686637991972404e+01 1.077491717592881137e+01
1.104754493465982357e+01 1.092882354505388598e+01
1.120920363437062228e+01 1.108297724147640650e+01
1.138714098539005093e+01 1.129267401788341196e+01
1.156198959787035108e+01 1.143487409822525613e+01
1.173316002758014953e+01 1.161244802639289020e+01
1.190161090710320657e+01 1.176961132113368258e+01
1.206594783783152991e+01 1.193057060922110679e+01
1.224556314193912776e+01 1.212862614708074993e+01
1.240252380453596892e+01 1.226635856945510206e+01
1.258320329582500641e+01 1.247773105733057264e+01
1.276093656378423447e+01 1.260950297733305447e+01
1.294176122899023440e+01 1.285185635159886175e+01
1.311910339534591330e+01 1.302829790632900497e+01
1.330635619703570960e+01 1.320155073666466272e+01
1.348148633601731383e+01 1.340011587675239646e+01
1.368174196401178300e+01 1.349528595296244049e+01
1.384862035788020052e+01 1.360476290889709894e+01
1.404180898664557553e+01 1.388634772911987447e+01
1.422804127029765553e+01 1.399534422286232527e+01
1.441142383641111735e+01 1.424441642266430463e+01
1.458072511291314477e+01 1.437045023910364350e+01
1.477829383898821192e+01 1.453780760012291751e+01
1.497217542634294318e+01 1.471717526234019857e+01
1.515688571691325315e+01 1.491384124823615842e+01
1.533244511709601454e+01 1.505518697336057699e+01
1.551652179921546981e+01 1.529373024659058977e+01
1.569348489269571623e+01 1.541175119372734770e+01
1.588401358456630419e+01 1.562184141946136329e+01
1.607384188725374230e+01 1.590927479574162540e+01
1.627381385041886830e+01 1.593340539697717162e+01
1.645699773802429888e+01 1.617792853895517169e+01
1.664385022890100174e+01 1.631537513741396594e+01
1.681612668836643820e+01 1.651709372985639135e+01
1.701465141435136985e+01 1.673802042656035027e+01
1.720953888056117975e+01 1.676541440577957331e+01
1.739834391867175611e+01 1.695005506161668052e+01
1.757929585450414223e+01 1.726567986970885471e+01
1.777381949225067714e+01 1.744665009619923168e+01
1.795765851712299366e+01 1.756733414893630396e+01
1.813920469301963223e+01 1.778251304182140657e+01
1.832922057721281917e+01 1.797140451596779798e+01
1.851573026090748897e+01 1.811937673045406072e+01
1.870217424785158045e+01 1.832063522207903006e+01
1.889027792745465106e+01 1.841897700799728455e+01
1.908176023849021874e+01 1.872461847931949919e+01
1.927207170105691958e+01 1.886246239696346194e+01
1.946653877167071300e+01 1.905068369588346755e+01
1.965453544495028382e+01 1.919410266285135691e+01
1.984420681368452932e+01 1.942711899829929223e+01
2.002535723419083880e+01 1.961240012334214455e+01
2.022322743185070237e+01 1.978632061315406077e+01
2.041473070458252437e+01 1.997643650555149364e+01
