0.000000000000000000e+00 0.000000000000000000e+00
0.000000000000000000e+00 0.000000000000000000e+00
0.000000000000000000e+00 0.000000000000000000e+00
0.000000000000000000e+00 0.000000000000000000e+00
0.000000000000000000e+00 0.000000000000000000e+00
0.000000000000000000e+00 0.000000000000000000e+00
0.000000000000000000e+00 0.000000000000000000e+00
0.000000000000000000e+00 0.000000000000000000e+00
0.000000000000000000e+00 0.000000000000000000e+00
0.000000000000000000e+00 0.000000000000000000e+00
0.000000000000000000e+00 0.000000000000000000e+00
0.000000000000000000e+00 0.000000000000000000e+00
0.000000000000000000e+00 0.000000000000000000e+00
0.000000000000000000e+00 0.000000000000000000e+00
0.000000000000000000e+00 0.000000000000000000e+00
0.000000000000000000e+00 6.334645299884738456e+00
3.212081002675633457e+00 6.302854972856227533e+00
6.193599549931697368e+00 6.258831942779223390e+00
6.358606896452972279e+00 6.377034217411689632e+00
6.453586993358613633e+00 6.446796602674970345e+00
6.547517735996742694e+00 6.543715813846044504e+00
6.650586460695205204e+00 6.662065410988114778e+00
6.787563173205088063e+00 6.795011035019640211e+00
6.899919835090770448e+00 6.874186742341891865e+00
7.012621985407979430e+00 7.032478431904611860e+00
7.164600738290547000e+00 7.257101056978664033e+00
7.270133496986733945e+00 7.450944350831969487e+00
7.433178094908718947e+00 7.610240593395923625e+00
7.614963750131886755e+00 7.752270118000905264e+00
7.859071126706157706e+00 7.740717366570494917e+00
7.901851496892090765e+00 8.068773314675794950e+00
8.055010178382376651e+00 8.209224160852821583e+00
8.251614743566340948e+00 8.352832529006933626e+00
8.402601677241557709e+00 8.492276525373233298e+00
8.628416080449337500e+00 8.560880660568356504e+00
8.710729193956980865e+00 8.786170623703428717e+00
8.930981108576849792e+00 8.832360291611175640e+00
9.076127217068371777e+00 8.990828543024017350e+00
9.229427698902364696e+00 9.132477853486079766e+00
9.288351442995688600e+00 9.397830052098829157e+00
9.541344291521349774e+00 9.443680220211502885e+00
9.591396777730816225e+00 9.711847774088553820e+00
9.861249971477771936e+00 9.762421833193307918e+00
1.002789932518005500e+01 9.914766820571415451e+00
1.019245592061325922e+01 1.007485217151237400e+01
1.035197770049300736e+01 1.022463025806511716e+01
1.051623301016538115e+01 1.037646260712993573e+01
1.067312151343468685e+01 1.054628906590299842e+01
1.084038420417648751e+01 1.068888691382639067e+01
1.102058874700739288e+01 1.090085959461454124e+01
1.117993967917926135e+01 1.103976755709411073e+01
1.135103827666921283e+01 1.119951125055877128e+01
1.152067587964025464e+01 1.137741133397401860e+01
1.169682454164365915e+01 1.151858005221835768e+01
1.186824027074222165e+01 1.168258343493279305e+01
1.203351382490442489e+01 1.186695267899163930e+01
1.220841785694922699e+01 1.203857504313735838e+01
1.236787224501451021e+01 1.217122948106483804e+01
1.256142794779038674e+01 1.232634830724868102e+01
1.272980820117618350e+01 1.254978040249140392e+01
1.291248921618190337e+01 1.274543865513228802e+01
1.308338753939282739e+01 1.291265752398691191e+01
1.326916841986113127e+01 1.310298162950064338e+01
1.345254483542269774e+01 1.330678213884004002e+01
1.363209168806903371e+01 1.341162496587264918e+01
1.381800307787783133e+01 1.357318350545476626e+01
1.400182704990387350e+01 1.376162211135979341e+01
1.419367837167445323e+01 1.394980903097741987e+01
1.436085770688355012e+01 1.416973701524342921e+01
1.456356832481797348e+01 1.433834943130839612e+01
1.474402162685233186e+01 1.449956967205899261e+01
1.493564654445992446e+01 1.467837674873304721e+01
1.511051990198662764e+01 1.486594882338462753e+01
1.528522947389751252e+01 1.508481590254993421e+01
1.546076534744255326e+01 1.523626103949283639e+01
1.564789058330902449e+01 1.538246745126038917e+01
1.583552543195949980e+01 1.562307703163937056e+01
1.602590428049420623e+01 1.573308776363436756e+01
1.621538659457077003e+01 1.598928348339640593e+01
1.639350794265856237e+01 1.614503344555439668e+01
1.656343680352843251e+01 1.643511411405856393e+01
1.675682809703167919e+01 1.653426262487340281e+01
1.694263157524507335e+01 1.662678249554579324e+01
1.712473381073120393e+01 1.692408554628663708e+01
1.731307003298422131e+01 1.707105351839067353e+01
1.749722913925697654e+01 1.727254489460568010e+01
1.768423749388225374e+01 1.740162251235112478e+01
1.785504349448038397e+01 1.760171599777162044e+01
1.805387272536635734e+01 1.778652032620059131e+01
1.822910766398164029e+01 1.799871436896438937e+01
1.842183716665012483e+01 1.820254284303951309e+01
1.860541251340906044e+01 1.834467427513407856e+01
1.879722961061807140e+01 1.843209969344177068e+01
1.900426080472127666e+01 1.871332584519153741e+01
1.917513619446633300e+01 1.888220941997610325e+01
1.937850080278511555e+01 1.917994226231608224e+01
1.958419584279950598e+01 1.926347685671549215e+01
1.975592701003561302e+01 1.944607616224130098e+01
1.995890839965387187e+01 1.958970819906734562e+01
2.013231362496542332e+01 1.985815094483179521e+01
2.033142496316309078e+01 2.002279913922273735e+01
