0.000000000000000000e+00 0.000000000000000000e+00
0.000000000000000000e+00 5.993005985664813517e-02
8.459601049557283203e-02 5.930446966857489954e-01
1.538534698854284954e+00 1.897915304925685387e+00
2.048619383503690106e+00 2.051274759520876678e+00
1.963651730888453795e+00 2.103398947410118680e+00
2.167673408019745729e+00 2.181741870427205576e+00
2.279884697107801284e+00 2.283073836872321127e+00
2.402592325317984834e+00 2.446190422529728181e+00
2.539200915645329459e+00 2.615240502215906648e+00
2.725784585699594142e+00 2.797480032342995138e+00
2.883189731166425407e+00 2.987658352214148660e+00
3.064919876304267987e+00 3.169988604711650115e+00
3.272375665979673887e+00 3.355392025425477875e+00
3.434685797570705912e+00 3.535956122789110534e+00
3.610101808706135618e+00 3.728399933827829749e+00
3.836588423863730668e+00 3.910305816577652305e+00
4.009428452346102567e+00 4.093400700855567287e+00
4.200384748585443973e+00 4.276292394344940462e+00
4.434966840215153638e+00 4.390582431052181711e+00
4.553962467122957491e+00 4.619132267318016183e+00
4.786043020132543901e+00 4.737345688378965747e+00
4.914378543878106242e+00 4.984342358673739426e+00
5.124398326148658533e+00 5.184353299390961567e+00
5.287662581638769232e+00 5.383101028528905374e+00
5.477767722515768156e+00 5.571142335620481667e+00
5.655149858841155286e+00 5.757363551836122362e+00
5.871229598567725638e+00 5.948693022948003950e+00
6.049863865617783887e+00 6.139403551718413787e+00
6.316444597804516725e+00 6.243533288197745001e+00
6.495126961361257223e+00 6.417842489225138003e+00
6.600723899415359419e+00 6.686599340173972728e+00
6.778934809419828511e+00 6.885536678871608807e+00
6.972243389829181126e+00 7.085921825617014669e+00
7.268134338808206252e+00 7.161963777511813234e+00
7.440044989340141690e+00 7.318316885453246101e+00
7.631307483174239792e+00 7.484647081819391978e+00
7.708367739213301206e+00 7.826168876065307423e+00
7.884406445290471410e+00 8.005447254771047128e+00
8.063920632276076361e+00 8.183476336105426796e+00
8.363335566839703361e+00 8.275023407436838951e+00
8.406166804872050591e+00 8.550855743032100165e+00
8.728127994016070090e+00 8.617576338849142203e+00
8.892875964786359333e+00 8.796271238758016864e+00
8.946338107829735264e+00 9.083295313534605953e+00
9.266791757287052178e+00 9.198845524853801692e+00
9.457675813198449077e+00 9.348980304305074540e+00
9.648382169149309462e+00 9.558692122565492610e+00
9.734602568672720224e+00 9.843656808111253653e+00
9.906416701525859736e+00 1.003036968644244631e+01
1.021563280089874048e+01 1.009193350382336796e+01
1.041498649069074212e+01 1.032695253708260807e+01
1.060902797235474537e+01 1.049634201494147234e+01
1.081032607217294128e+01 1.069604393216464011e+01
1.086658620224982386e+01 1.099263549524441785e+01
1.118489082141683610e+01 1.107442650622570390e+01
1.123350509945050391e+01 1.138221452428378377e+01
1.156358244449875095e+01 1.141080288279020749e+01
1.176509733165654659e+01 1.162184891382537266e+01
1.195463658165174259e+01 1.174570590283233429e+01
1.213485075532560309e+01 1.202411789428661315e+01
1.233352826596521723e+01 1.219862255367708492e+01
1.238318270356588435e+01 1.251226026830067717e+01
1.260751192174846658e+01 1.270219577822684442e+01
1.290572277449652105e+01 1.274919282929782227e+01
1.309039846364577642e+01 1.297681608839786804e+01
1.317927281622108282e+01 1.326994820890763371e+01
1.333000115117776829e+01 1.346712343640456133e+01
1.366642699416862250e+01 1.353800281708749154e+01
1.385883133497575059e+01 1.367541162510391750e+01
1.405538060322084881e+01 1.390195628318301679e+01
1.424839509366272416e+01 1.411162971701104674e+01
1.443771132324584272e+01 1.429819536283840264e+01
1.462953810544009059e+01 1.444940111291374052e+01
1.467012521165372796e+01 1.482110426631503586e+01
1.502267482084871908e+01 1.486149695050153596e+01
1.521434310296566750e+01 1.505963200053356310e+01
1.521607527322996667e+01 1.539495862079894195e+01
1.541110049017532901e+01 1.558355018944896919e+01
1.578958145698369897e+01 1.564464172562198740e+01
1.596236023787946579e+01 1.585349277294353953e+01
1.615669862756917041e+01 1.601584329637204718e+01
1.636644741875213782e+01 1.619675131850921801e+01
1.639232253229173608e+01 1.654072136932336434e+01
1.673608790960509296e+01 1.656497248044878745e+01
1.676528880139567335e+01 1.691926198927577829e+01
1.711666000031028645e+01 1.698989526901239699e+01
1.731566578921428601e+01 1.720325185518795053e+01
1.749830721979389381e+01 1.738850990393758877e+01
1.770552778624984569e+01 1.756964122740127721e+01
1.788926244006430011e+01 1.773457604419311906e+01
1.808631460538744307e+01 1.794779010674738018e+01
1.810783731680831821e+01 1.826681968733768713e+01
1.835615911453720273e+01 1.843033150798286357e+01
1.866290596682302194e+01 1.850819809294571172e+01
1.868861888126721027e+01 1.881565610075786310e+01
1.903904535299685108e+01 1.888636401603472237e+01
1.923615445233236088e+01 1.910952841651303302e+01
1.942876654686941862e+01 1.932570974010973330e+01
1.963632713580752664e+01 1.950981817713710953e+01
1.967638074971272744e+01 1.979810688381804340e+01
