0.000000000000000000e+00 0.000000000000000000e+00
5.223005106052431429e-02 7.903498724565245770e-02
3.537392300513100274e-01 3.536279544373669426e-01
5.695848487462631393e-01 5.707137495565196561e-01
7.964115076045992225e-01 7.874571023745569054e-01
9.925894593509826391e-01 9.862060036562000365e-01
1.193896131355824952e+00 1.182192218199338729e+00
1.392220299943735418e+00 1.386899119876203512e+00
1.587995232953392399e+00 1.573041641966994808e+00
1.777502895170093300e+00 1.766627651333499749e+00
1.974813578749217813e+00 1.954737544932527937e+00
2.156622733641952117e+00 2.173700858829024085e+00
2.356404197181262816e+00 2.368457445521117588e+00
2.552297622355965689e+00 2.578014685669439032e+00
2.746964471128119367e+00 2.774937389424162237e+00
2.927328296909939009e+00 2.963768825634733428e+00
3.159320016761936856e+00 3.138596253591783292e+00
3.363966299288734696e+00 3.330512717497205788e+00
3.540822877462848961e+00 3.556464865969524602e+00
3.734936088796565468e+00 3.745804012109776426e+00
3.929682106125067964e+00 3.938761311170072332e+00
4.104825618765297612e+00 4.138918949768801703e+00
4.278760312378576458e+00 4.344883408532677294e+00
4.552692250803748841e+00 4.495211601511814870e+00
4.757167388673628317e+00 4.678954548981884010e+00
4.905251122865475821e+00 4.952196209522163883e+00
5.152834034431379884e+00 5.079394730852717643e+00
5.346778172175814525e+00 5.267640692421118764e+00
5.540885615977744649e+00 5.490436629896301213e+00
5.733707024795019258e+00 5.673403435304613218e+00
5.874351727231526432e+00 5.923019062135064239e+00
6.045397245018015120e+00 6.114803595875063280e+00
6.268724849435331592e+00 6.314174365966358060e+00
6.438013654754053405e+00 6.503325029508324029e+00
6.702102311331842976e+00 6.656368439040074136e+00
6.912108628039301372e+00 6.828958500803154585e+00
7.108570137411574841e+00 7.050888269978538681e+00
7.315099344977174844e+00 7.245139852192486352e+00
7.499503951760595477e+00 7.432645377066253722e+00
7.707089877557037561e+00 7.620291863205078009e+00
7.904507476287761847e+00 7.832877066054806825e+00
8.114071354073164599e+00 8.033178370898667708e+00
8.206548414264352331e+00 8.307372240099624605e+00
8.496247197032193554e+00 8.444986556991072035e+00
8.693092795847210397e+00 8.588803173250392220e+00
8.796910938970073701e+00 8.897836831365797394e+00
9.103098999611450637e+00 9.012557175673780563e+00
9.165977124894199690e+00 9.288908756641683695e+00
9.486268388425552089e+00 9.383369307825265793e+00
9.679630382728365845e+00 9.554751925923566702e+00
9.762068476168483500e+00 9.882133405680587401e+00
1.006387954871989798e+01 9.966909632041712541e+00
1.026623941962815145e+01 1.013657352068945627e+01
1.046937423051228677e+01 1.036372794885620685e+01
1.054835873969463655e+01 1.067600279729446733e+01
1.086026106560364113e+01 1.074046417981331381e+01
1.106720313779647924e+01 1.091482922887565010e+01
1.111391790354936226e+01 1.126731139348241229e+01
1.132194085015921914e+01 1.146391180782774022e+01
1.153605163825441515e+01 1.165325316528703326e+01
1.171687520827165052e+01 1.185147748987184890e+01
1.191105586501274338e+01 1.204340121847590517e+01
1.222512076189514296e+01 1.208509181530156873e+01
1.242280715867428498e+01 1.225489287772427183e+01
1.261683575290619785e+01 1.249774617461153703e+01
1.281263479834766095e+01 1.271016929065500634e+01
1.291882088459838940e+01 1.300631943540614621e+01
1.320961894101549738e+01 1.311288330896401888e+01
1.331026101159531727e+01 1.338479534891860823e+01
1.359953160865218535e+01 1.351878542095314195e+01
1.380462032027211805e+01 1.369566305919842186e+01
1.390420510733429005e+01 1.399647602810463276e+01
1.407511656618392060e+01 1.419799238945020292e+01
1.426569669872252710e+01 1.440622459192558402e+01
1.458852753915452460e+01 1.445072721764390877e+01
1.464212283789481184e+01 1.479398417380234676e+01
1.489625614353928817e+01 1.498774738134409645e+01
1.517939365974924470e+01 1.509494039124131781e+01
1.526775981577683261e+01 1.538166811110448684e+01
1.544996452395667674e+01 1.558571897643128068e+01
1.567955893799945777e+01 1.576841950018936522e+01
1.588344480371261191e+01 1.596453623642986663e+01
1.615272449898000318e+01 1.610241733812873477e+01
1.636582422975191164e+01 1.625459989218347800e+01
1.647400198714088049e+01 1.655800224144719834e+01
1.670479956844141611e+01 1.675820875168090396e+01
1.683505120182490700e+01 1.695435221143301163e+01
1.707454334803927054e+01 1.714429478194142220e+01
1.733738572186997828e+01 1.724257242224198095e+01
1.743947202271975172e+01 1.754555007615352835e+01
1.762294872973161830e+01 1.774481190587663804e+01
1.784394397946126531e+01 1.793880277863097206e+01
1.801386246263177071e+01 1.814206531662392052e+01
1.823780688473579303e+01 1.833318973527136819e+01
1.853845024248463602e+01 1.846940605672820013e+01
1.873624107111142933e+01 1.861895498701727547e+01
1.894163114317034413e+01 1.880247718566180026e+01
1.904590891835466238e+01 1.912595975115127089e+01
1.914684349339026426e+01 1.933646354713656379e+01
1.954028868272266095e+01 1.940108317387390358e+01
1.960212155824173763e+01 1.973108772436605562e+01
