0.000000000000000000e+00 0.000000000000000000e+00
0.000000000000000000e+00 0.000000000000000000e+00
0.000000000000000000e+00 0.000000000000000000e+00
0.000000000000000000e+00 0.000000000000000000e+00
0.000000000000000000e+00 0.000000000000000000e+00
8.776530711178173738e-02 2.958228884646945181e-02
1.887575595204340762e-01 0.000000000000000000e+00
6.531883148600635680e-01 3.951466926269153745e+00
4.286250825780141938e+00 4.489318805415495994e+00
4.637692200839811818e+00 4.634288648210412198e+00
4.633220151142829479e+00 4.626408269143489349e+00
4.652192005734478109e+00 4.651091163884692570e+00
4.707941961306519651e+00 4.709514573723444286e+00
4.774840986997977765e+00 4.780109000896699989e+00
4.891662111883320563e+00 4.932039653383872846e+00
4.953550866265075570e+00 5.214635262151172235e+00
5.113185232740155683e+00 5.513780005152860042e+00
5.357645988906213574e+00 5.733693745499025773e+00
5.643632979451553844e+00 5.953150543213808987e+00
5.861658043607937962e+00 6.160235608892920212e+00
6.120694381679915530e+00 6.370223194804275124e+00
6.292476617195819522e+00 6.547019093276595036e+00
6.497504605267198308e+00 6.734793250432246303e+00
6.689615101569202693e+00 6.900171196644397043e+00
6.911053026358224827e+00 7.069395431791264173e+00
7.079033146881346106e+00 7.232405633841377579e+00
7.319580047274469869e+00 7.386516754168531484e+00
7.488446730877889479e+00 7.556202614004583040e+00
7.669132694412679641e+00 7.720827380396637629e+00
7.843918764098370744e+00 7.870240697001388952e+00
7.990957411295734225e+00 8.030872054814885530e+00
8.137344299052049479e+00 8.172639221881814464e+00
8.303296392217902167e+00 8.271314577265510337e+00
8.437409445583961443e+00 8.482242566992187704e+00
8.597383744914383286e+00 8.638826928620133572e+00
8.755151057140910353e+00 8.796666076306973281e+00
8.931048614194606827e+00 8.908428402891281905e+00
9.063093085813239469e+00 9.113575974489478426e+00
9.182412623800862761e+00 9.279470931077868912e+00
9.418925991314921475e+00 9.380527551384245655e+00
9.497464118196115024e+00 9.591043285930688000e+00
9.711519100286134076e+00 9.766124018165807996e+00
9.918105204157415145e+00 9.861495574066166725e+00
1.007547518930604546e+01 1.003828670179886728e+01
1.023202057469280390e+01 1.021352518339218562e+01
1.035942034130665412e+01 1.041011596588605670e+01
1.054705456324053081e+01 1.058817739358008758e+01
1.075477291146255610e+01 1.071651810065097798e+01
1.092195427412895725e+01 1.088552961704155564e+01
1.108855966142781035e+01 1.103141375961968329e+01
1.125727102515892852e+01 1.122122493640946139e+01
1.135186327890561842e+01 1.143069037912582964e+01
1.159243764409441368e+01 1.155485976177894258e+01
1.167811236945189357e+01 1.177673534737691519e+01
1.194086410488551309e+01 1.187036138229273341e+01
1.212318608773147410e+01 1.206441972429889731e+01
1.231785210983463053e+01 1.220125448447952188e+01
1.249281186304827074e+01 1.238001490576629138e+01
1.258980948768011920e+01 1.265639736164350992e+01
1.273666638440456111e+01 1.281973844067347734e+01
1.291238723470442196e+01 1.299307917378656541e+01
1.318726019600907584e+01 1.310165756124807501e+01
1.336104083900362838e+01 1.326803215507533018e+01
1.340778239368008506e+01 1.349809778500192614e+01
1.357362828398764343e+01 1.366738689811250573e+01
1.386202130921151721e+01 1.376236450408124234e+01
1.404116658034704734e+01 1.395016190068062123e+01
1.410152838948729581e+01 1.419188261190845424e+01
1.438669278035859378e+01 1.432116938569232900e+01
1.457396551755878633e+01 1.445107769236992823e+01
1.474518484643587612e+01 1.466321568344756621e+01
1.493160833247818786e+01 1.484973704263200567e+01
1.511770773128431955e+01 1.503703814819497531e+01
1.529847462533150093e+01 1.514738376647558482e+01
1.548586611682991254e+01 1.535097196760053606e+01
1.568572028175550059e+01 1.544003886352415122e+01
1.587444759980348152e+01 1.570751793973877319e+01
1.605662259696332583e+01 1.588584177801628705e+01
1.623524938581538635e+01 1.607714869861571572e+01
1.642588336748066880e+01 1.627396946940079303e+01
1.660814790669520846e+01 1.642322504770456604e+01
1.679393013990713257e+01 1.657476179922391424e+01
1.698897212345907093e+01 1.677302002314540275e+01
1.717172077670761965e+01 1.700451359316850386e+01
1.736385777132088393e+01 1.713867662127301728e+01
1.753888075789412682e+01 1.731218408139509179e+01
1.771136566968248971e+01 1.746354538891856478e+01
1.765662629353796120e+01 1.782894858113336767e+01
1.807370991148491868e+01 1.785656049819515445e+01
1.825968039843223423e+01 1.805378368597805050e+01
1.843723171922254522e+01 1.819003789137106608e+01
1.864305326965633469e+01 1.839749165547726051e+01
1.882312889393688593e+01 1.866498340821918589e+01
1.901709883593435890e+01 1.876049282580415678e+01
1.922022023514168154e+01 1.895349894234960786e+01
1.940144513196167253e+01 1.911753459106092023e+01
1.960554158296873695e+01 1.934575214652268471e+01
1.981145236059803949e+01 1.954542747359847255e+01
1.999272228744065671e+01 1.969713843849942236e+01
2.018545951008868755e+01 1.988236062059125331e+01
2.037235434509977239e+01 2.022793909435883819e+01
