0.000000000000000000e+00 0.000000000000000000e+00
0.000000000000000000e+00 0.000000000000000000e+00
0.000000000000000000e+00 0.000000000000000000e+00
0.000000000000000000e+00 0.000000000000000000e+00
0.000000000000000000e+00 0.000000000000000000e+00
0.000000000000000000e+00 0.000000000000000000e+00
0.000000000000000000e+00 0.000000000000000000e+00
0.000000000000000000e+00 0.000000000000000000e+00
2.271082545665604469e-01 5.789612159355710830e+00
5.736895515157609537e+00 5.790965131674454369e+00
5.817813168800675783e+00 5.817741779552199510e+00
5.743733271925128392e+00 5.727974590530633847e+00
5.715957348233153823e+00 5.704850155557211089e+00
5.707599523621738058e+00 5.707048599589568560e+00
5.721750309681114643e+00 5.803158784296618578e+00
5.879919286685105106e+00 6.041585248011533515e+00
6.139586989731865785e+00 6.303646045803093401e+00
6.261505803939082959e+00 6.556936236449188549e+00
6.529545131045610518e+00 6.806429977892833882e+00
6.754463735516934797e+00 6.983887844044503801e+00
6.881108714784726743e+00 7.217053035418553364e+00
7.204393405153405538e+00 7.421729774790816414e+00
7.417306433765356921e+00 7.629036226053474756e+00
7.623660499120521905e+00 7.830561697842409963e+00
7.823225472814750781e+00 8.012071247143534691e+00
8.011458434365234638e+00 8.196238698849001025e+00
8.197273154359743685e+00 8.382379308902768500e+00
8.360298176607500409e+00 8.544104771823716860e+00
8.573010503336762511e+00 8.704026652736985170e+00
8.731082070426628761e+00 8.879370049523227948e+00
8.915189096791973355e+00 9.042688142080404390e+00
9.098087296472556318e+00 9.208780980901272173e+00
9.255175964082027917e+00 9.368753413545054087e+00
9.408564042911537584e+00 9.531695380656506345e+00
9.585374009882430713e+00 9.700616431341785528e+00
9.731510717143498468e+00 9.868553415920226612e+00
9.915107270132221373e+00 1.003665643282752384e+01
1.007692559671298227e+01 1.019895299791033416e+01
1.024120192080273561e+01 1.035673495166936675e+01
1.041862404284008825e+01 1.052723974249856553e+01
1.056062815521730691e+01 1.068649970382921488e+01
1.074495277062732868e+01 1.085899297010791109e+01
1.087770762116167056e+01 1.101988121743519677e+01
1.104256206747957414e+01 1.117451256800739223e+01
1.116765586301818836e+01 1.133150142753331657e+01
1.136553680559160817e+01 1.147813190268758277e+01
1.151764047862804929e+01 1.163952836737259133e+01
1.169518047753565249e+01 1.179569460913172207e+01
1.184867400444652041e+01 1.195104208567256876e+01
1.201181853957961287e+01 1.210646463805672113e+01
1.213788082163040549e+01 1.226725361737747022e+01
1.241203888897442909e+01 1.229552276082116258e+01
1.246996511349179038e+01 1.259255574316917325e+01
1.265499167207661380e+01 1.275012685280580094e+01
1.289723765378362863e+01 1.281837042696441387e+01
1.295008942527554474e+01 1.307237861788741817e+01
1.322254851047817148e+01 1.309701725545842343e+01
1.326545613892183972e+01 1.339798516228416858e+01
1.337133162343905113e+01 1.356337139710064577e+01
1.371642801084717789e+01 1.353488549291745358e+01
1.366191597471951802e+01 1.387353133577032338e+01
1.404493723903503088e+01 1.387951795659383869e+01
1.407566817230829948e+01 1.420482508806067656e+01
1.437395954779798402e+01 1.424683593595113784e+01
1.454488589097596218e+01 1.439199900597714077e+01
1.471178245146981034e+01 1.454943745429390312e+01
1.488055053370338854e+01 1.473004280218292195e+01
1.487076199560255851e+01 1.504359046258028876e+01
1.508516813259186229e+01 1.521999093678786785e+01
1.538878236255695064e+01 1.518270537683989474e+01
1.541918281590289297e+01 1.555678941162655704e+01
1.574297777858519787e+01 1.554711376812002932e+01
1.591127958199834147e+01 1.574751493847648121e+01
1.608817051602942527e+01 1.591866320276717772e+01
1.604567532950869690e+01 1.623180996629550421e+01
1.622944642782371716e+01 1.640574344501796844e+01
1.659695014368279331e+01 1.631340881406411469e+01
1.675985151601260981e+01 1.652366791687736480e+01
1.694519132305571674e+01 1.674889021697525848e+01
1.711902147671399277e+01 1.689079163483638268e+01
1.730051567539839041e+01 1.705244657447697421e+01
1.746966488220876812e+01 1.720859547449300209e+01
1.765464788098273630e+01 1.742674540904567237e+01
1.757164906775708957e+01 1.779981197537274440e+01
1.799678714087930942e+01 1.771795912106287929e+01
1.817427645768199085e+01 1.787181212880234327e+01
1.835872756109015214e+01 1.810338548061620756e+01
1.853007494611406969e+01 1.825636742700523385e+01
1.843626284297511120e+01 1.867915305090330946e+01
1.889198974923088414e+01 1.864905906361565968e+01
1.884508737349682050e+01 1.900845396331152415e+01
1.922724518367854074e+01 1.896740690874009871e+01
1.939939025819138863e+01 1.918117983406801486e+01
1.959003606665365638e+01 1.930495658685618565e+01
1.976179139234877624e+01 1.954015050604231618e+01
1.995685181868852709e+01 1.964442065258270631e+01
2.013734927369015537e+01 1.981146004146003747e+01
2.032649455678263806e+01 2.002966668545738216e+01
2.050080687355157849e+01 2.022587683733459230e+01
2.066640629251891781e+01 2.042183179219074418e+01
2.086719190102564170e+01 2.063071271542977314e+01
