0.000000000000000000e+00 0.000000000000000000e+00
5.228421448733922195e-05 0.000000000000000000e+00
5.562156540131894464e-03 0.000000000000000000e+00
1.468234661534956187e-02 -4.742836118904737892e-03
1.765682408024109307e-01 -3.319105992747996281e-02
2.379134162331942026e-01 1.680608974265079825e-02
1.389172587274668746e+00 1.389489958915832712e+00
1.536079928574029863e+00 1.613498329315740776e+00
1.753770882991903424e+00 1.777689558702142403e+00
1.959937717912604072e+00 1.938389330160833035e+00
2.144715986016536569e+00 2.129420159009299596e+00
2.325792856896135685e+00 2.297980784981564550e+00
2.484075725688191127e+00 2.515966061332542303e+00
2.699540717857512373e+00 2.676000699127502269e+00
2.894866727180871901e+00 2.853850462675464605e+00
3.085671510550835883e+00 3.048887731349754215e+00
3.277203906897805386e+00 3.220081702349019803e+00
3.470181937990600041e+00 3.417164469258132442e+00
3.665002624955450372e+00 3.620082070904680371e+00
3.855037292998877430e+00 3.811712910644350583e+00
4.057666170332273836e+00 3.989042429218561114e+00
4.243196442701491655e+00 4.131173792214933194e+00
4.444666428294860694e+00 4.358289618388945463e+00
4.647341790660107108e+00 4.548946394638407220e+00
4.831296015864340987e+00 4.730921125909679503e+00
5.022306530318138229e+00 4.943922064793158100e+00
5.215718787173407200e+00 5.133127137312072819e+00
5.404380838577056423e+00 5.312051281579566187e+00
5.591862482460267181e+00 5.501283687527846133e+00
5.787495632696459502e+00 5.703054897009678825e+00
5.987410212310792623e+00 5.879650381062505815e+00
6.176596890463068590e+00 6.081667792774501535e+00
6.374244816139145620e+00 6.251406979728172608e+00
6.568168872812678138e+00 6.476951978654329700e+00
6.765230614161202638e+00 6.675084561082528012e+00
6.958751986761174457e+00 6.849242641791474462e+00
7.160562566201932100e+00 7.069949367968265008e+00
7.355007151873710569e+00 7.266767265260111408e+00
7.544061105448601090e+00 7.460332357115201596e+00
7.738772193682789791e+00 7.638794828097427825e+00
7.939697362296930017e+00 7.830778043321862114e+00
8.134342061891654652e+00 8.036475058849555708e+00
8.329954673303385349e+00 8.194954587661641199e+00
8.521549910823940976e+00 8.372743830703058165e+00
8.714372155263204078e+00 8.588845623016078790e+00
8.906089162121197944e+00 8.799832699533469693e+00
9.103827881580265569e+00 8.941952738913634846e+00
9.302193361111667613e+00 9.139957294808601418e+00
9.502441445235081829e+00 9.367185751531467375e+00
9.695843339327613108e+00 9.585345923357824205e+00
9.890254182851695219e+00 9.749211597065709611e+00
1.008890515883926042e+01 9.904785409449933908e+00
1.027694694963212996e+01 1.014560415735644305e+01
1.047481831109084816e+01 1.034410994380174209e+01
1.067528389409201850e+01 1.047387578882839065e+01
1.086457667160472873e+01 1.063338753409580661e+01
1.105686546764094125e+01 1.087756921977773850e+01
1.124983744288629239e+01 1.107912794914376597e+01
1.144820321965192811e+01 1.126850825392083166e+01
1.164237065566931584e+01 1.144516272151427927e+01
1.183486070013512226e+01 1.159614993319728704e+01
1.203240155222098373e+01 1.181587140433963690e+01
1.223273696779375364e+01 1.190833417086299129e+01
1.243857664458893453e+01 1.215844765157909535e+01
1.262861755066058222e+01 1.238520852503720349e+01
1.282921208518286704e+01 1.256149005373243988e+01
1.303235729523112951e+01 1.273988283281292411e+01
1.323297325008422121e+01 1.296172780559236770e+01
1.344280941240632288e+01 1.318314919838272381e+01
1.364202375771996856e+01 1.333439257649603960e+01
1.382466318208933131e+01 1.348137217996193726e+01
1.402535205004661201e+01 1.371826707575213078e+01
1.421337219953442421e+01 1.392298962936316720e+01
1.441206210646494057e+01 1.410181475300964138e+01
1.460936331807920752e+01 1.428365376792910268e+01
1.480236766226765610e+01 1.458351577712828195e+01
1.500081420450860037e+01 1.467619937650606587e+01
1.518761022304151531e+01 1.489295848939563172e+01
1.538054679785274637e+01 1.506747822796709535e+01
1.558784687346394904e+01 1.533945457580116134e+01
1.577751551161719590e+01 1.550018043937435230e+01
1.599633052507247299e+01 1.569179387259093161e+01
1.618206894536223572e+01 1.582834020678226139e+01
1.637661749430453995e+01 1.606588673590088234e+01
1.656944084326473998e+01 1.622225598845099626e+01
1.675481930390262519e+01 1.640112313644123176e+01
1.695663435932309326e+01 1.662346365749001365e+01
1.717500446939144254e+01 1.686223247025587924e+01
1.736367217177487277e+01 1.700649380434218472e+01
1.756259472385058373e+01 1.728469770206917389e+01
1.777714959471893152e+01 1.742777515173063207e+01
1.797798445552959734e+01 1.765703742108302166e+01
1.816680318834473695e+01 1.779112782316571284e+01
1.837029138000044881e+01 1.799419678360384012e+01
1.856590453483148195e+01 1.818315475172087048e+01
1.876333736058628077e+01 1.836493465773870781e+01
1.895251057101811654e+01 1.855501329808935296e+01
1.916831430304890915e+01 1.881675656759059478e+01
1.934724405880247033e+01 1.902223181073291158e+01
1.955417599301060250e+01 1.921760534533625631e+01
1.975056851977099726e+01 1.936897044866131523e+01
