0.000000000000000000e+00 0.000000000000000000e+00
0.000000000000000000e+00 0.000000000000000000e+00
5.611128858399963039e-03 0.000000000000000000e+00
1.832530153096604067e-02 -2.331105951544688946e-03
1.207628462268341002e-01 -3.995207152444668619e-03
2.237784402768438485e-01 4.113614189096424095e-02
1.954003298699666935e-01 1.045150612762284492e+00
1.167959338900052879e+00 1.341195595533496432e+00
1.471926864755043418e+00 1.541274834866096510e+00
1.742412226673200726e+00 1.691820685214327380e+00
1.942575789897322602e+00 1.894639984635384966e+00
2.131137854761198103e+00 2.102333271089213973e+00
2.335721253292095234e+00 2.277025012809947846e+00
2.528414241858074174e+00 2.459759609626520849e+00
2.731187540697733063e+00 2.636612426480528626e+00
2.929067586877435847e+00 2.872147656747643385e+00
3.131840418834747286e+00 3.073610707712517875e+00
3.323751766003928410e+00 3.247613444280351924e+00
3.531996421672528363e+00 3.437551292338309583e+00
3.734841034051686659e+00 3.655022193287793542e+00
3.929051270754603031e+00 3.846697106197150440e+00
4.126685101147282708e+00 4.018128215139442183e+00
4.321639215379780019e+00 4.256308530893850417e+00
4.517276480475545419e+00 4.428176947866353075e+00
4.721006779373177586e+00 4.610651529735630305e+00
4.908281954547572212e+00 4.836999412670648368e+00
5.115346805733258506e+00 5.009123254668845782e+00
5.313124710157065778e+00 5.213710051778971177e+00
5.516887330974056702e+00 5.409639238015994778e+00
5.714783069529119963e+00 5.622770750093846637e+00
5.914728361969081583e+00 5.815502287278573768e+00
6.116817775238743593e+00 5.951311694896149085e+00
6.324488025083741860e+00 6.200612824985067384e+00
6.524081275139916869e+00 6.395670905318696420e+00
6.708506038340608768e+00 6.568793058003628893e+00
6.906417760090496571e+00 6.739996953227236354e+00
7.102216270810333576e+00 6.904286043142842999e+00
7.287566940143823224e+00 7.067657627195494285e+00
7.481472256944853072e+00 7.309542317296217284e+00
7.680140340991830961e+00 7.488626255566910750e+00
7.887864021469003006e+00 7.681540699831235663e+00
8.082150903443533707e+00 7.885133282474121152e+00
8.271041501672547369e+00 8.114108981455007807e+00
8.467105576560038926e+00 8.255383035816626247e+00
8.661098461989931607e+00 8.472571347075991355e+00
8.856042342041085647e+00 8.682877878675514083e+00
9.055088325167620411e+00 8.870654923004185122e+00
9.246979033831504324e+00 9.077037016881448039e+00
9.449938004898807975e+00 9.186779423428255598e+00
9.659880763023709349e+00 9.484256797616344770e+00
9.858274325558387119e+00 9.619422527876340112e+00
1.006363726664378255e+01 9.832099315955415975e+00
1.025865692534545026e+01 1.002270189223952457e+01
1.045395858758406860e+01 1.019144405203076253e+01
1.065113941542705689e+01 1.034818125347819695e+01
1.085603805627116714e+01 1.056074115212793352e+01
1.105466884069548961e+01 1.082210218455481154e+01
1.124823929474459838e+01 1.099489270617455539e+01
1.143421993182287544e+01 1.115416422088499537e+01
1.161705315229940716e+01 1.134641272459946926e+01
1.183077643239575494e+01 1.158156462294034128e+01
1.201021365833699583e+01 1.175601755997410791e+01
1.220635993859152713e+01 1.194750558188884959e+01
1.240152859283258380e+01 1.220239157316303746e+01
1.259763961269681687e+01 1.235271735258816861e+01
1.279059154420209765e+01 1.258474446157925897e+01
1.298176741376497922e+01 1.275221079217122799e+01
1.317302544393360719e+01 1.291270827308634495e+01
1.336631685062084074e+01 1.313770927746501549e+01
1.356178187516822575e+01 1.337027253752230038e+01
1.375312982130753525e+01 1.348758996424982470e+01
1.395159683949276008e+01 1.366001017216582269e+01
1.413848171578894508e+01 1.391280287120789438e+01
1.434082687666800382e+01 1.402316458372366270e+01
1.452894708253257683e+01 1.429868857912620683e+01
1.473156043127957027e+01 1.450359267813798070e+01
1.494642348112395780e+01 1.464736710828194965e+01
1.513368937988494700e+01 1.492033452217806122e+01
1.532090950072855762e+01 1.502559062228148790e+01
1.552601476876392361e+01 1.526610903240075956e+01
1.572396938362202334e+01 1.535761257915120481e+01
1.593431199939566412e+01 1.560003469357503292e+01
1.612124909230245606e+01 1.577372935361847262e+01
1.631704447176047168e+01 1.602503610510295928e+01
1.651985477262006086e+01 1.620002415218149494e+01
1.670389799702269684e+01 1.645703564448098533e+01
1.690941083913806153e+01 1.663954828461452351e+01
1.709814447045327412e+01 1.681644241859159905e+01
1.730609494114472469e+01 1.695545756616145638e+01
1.749093983136731723e+01 1.719543551641560342e+01
1.768668684862895901e+01 1.737792100379147797e+01
1.788605299019788575e+01 1.763215854869513421e+01
1.808262125564231226e+01 1.780928270011716563e+01
1.828281920052012666e+01 1.793976385614437419e+01
1.848772947098462183e+01 1.809460670970435459e+01
1.868403057078008800e+01 1.837684724825439986e+01
1.888573859229373042e+01 1.839978145761642736e+01
1.908200220542086356e+01 1.867316759128109993e+01
1.928299936484187072e+01 1.899539631721256683e+01
1.948852488174444986e+01 1.915523401651570268e+01
1.966691299698686635e+01 1.938345272802372676e+01
