0.000000000000000000e+00 0.000000000000000000e+00
0.000000000000000000e+00 0.000000000000000000e+00
0.000000000000000000e+00 0.000000000000000000e+00
0.000000000000000000e+00 0.000000000000000000e+00
0.000000000000000000e+00 0.000000000000000000e+00
0.000000000000000000e+00 0.000000000000000000e+00
0.000000000000000000e+00 0.000000000000000000e+00
6.840837386412940146e-02 2.055581527998982860e+00
1.837998242027784890e-01 2.884448616262617282e+00
4.275923598171122109e+00 4.314128972982345545e+00
4.530412442162996101e+00 4.641925408801919062e+00
4.732905380728471556e+00 4.547325699857796444e+00
4.775909489762322657e+00 4.778561213203739833e+00
4.830872387673075252e+00 4.853728280642022774e+00
4.937941582584538303e+00 4.995700333270003846e+00
5.067990149227712848e+00 5.167632142596883860e+00
5.247254169552071801e+00 5.427909546023254705e+00
5.370705060877560832e+00 5.728510070632319540e+00
5.545688384560828688e+00 5.891304827413055278e+00
5.708990066128268204e+00 6.142510378593751597e+00
5.912461432155428298e+00 6.309538731554528823e+00
6.277193024654739162e+00 6.509592820482057007e+00
6.508421092128894081e+00 6.733281992332906363e+00
6.641480640415108105e+00 6.908486362194688368e+00
6.848288269697873076e+00 7.082396947646181218e+00
7.035780211861263567e+00 7.270444362714659547e+00
7.251406820983846480e+00 7.453850716744000238e+00
7.414347214674505970e+00 7.631621872757877512e+00
7.569014677561149540e+00 7.780580941234056525e+00
7.743060367224561702e+00 7.964604389326720657e+00
7.947421032433482857e+00 8.129819614903313507e+00
8.104278970810707250e+00 8.295505056203680283e+00
8.285495518803216441e+00 8.458243888426375534e+00
8.396103663189581567e+00 8.622642163639667956e+00
8.598789162100901606e+00 8.778530311412190201e+00
8.749940978201518504e+00 8.938476325450379179e+00
8.929289097719584234e+00 9.097340455612673793e+00
9.082518979985795937e+00 9.263624560982332667e+00
9.393985583862573208e+00 9.201667392289907710e+00
9.346619795677291620e+00 9.557581241630158431e+00
9.706523969810287866e+00 9.544066262574888881e+00
9.664271285430011460e+00 9.868280211669324231e+00
9.876585338195708275e+00 1.002669690970604677e+01
9.995297211503087809e+00 1.019455761989974540e+01
1.035017298578013367e+01 1.018774105619772641e+01
1.050241530308979954e+01 1.033282282577511779e+01
1.065338287580524224e+01 1.051405508630462649e+01
1.065497078563609534e+01 1.082444339534765732e+01
1.083117008265100623e+01 1.099143243974932993e+01
1.116525163301198553e+01 1.101644840532575031e+01
1.131935996291320023e+01 1.114144739553561791e+01
1.129565386805289506e+01 1.149131593609070734e+01
1.166601710878102871e+01 1.153271633314280642e+01
1.182391495137084547e+01 1.168463520105857434e+01
1.200521677767575746e+01 1.182652409304082397e+01
1.217221074316468510e+01 1.204317041557526125e+01
1.233968235249331435e+01 1.207944839032324147e+01
1.251868586131809202e+01 1.232560669441263990e+01
1.268758650363439777e+01 1.252037471341693475e+01
1.285491176738873165e+01 1.268007037192357167e+01
1.302539781323505430e+01 1.286614422244023714e+01
1.319745446334711936e+01 1.299863490400452193e+01
1.337950085401832112e+01 1.317498145614455574e+01
1.331951219572950507e+01 1.354505993023104615e+01
1.373078215039315886e+01 1.357847060465108768e+01
1.391681139022540492e+01 1.376246548665588421e+01
1.391585127489848794e+01 1.405573767210139557e+01
1.425183870027232302e+01 1.409563339305394969e+01
1.443260892475203327e+01 1.426462375863979126e+01
1.445247912256804490e+01 1.458475387699177794e+01
1.478701544461588746e+01 1.458542960224449381e+01
1.496708622095746222e+01 1.480929472320604745e+01
1.514976742672369348e+01 1.496393595964703493e+01
1.533097307934220410e+01 1.515161127312024369e+01
1.551604393411514238e+01 1.530843127895582789e+01
1.568668611087141329e+01 1.551845359570050853e+01
1.586717709563776779e+01 1.565595490642035692e+01
1.605706874747887269e+01 1.585136157809029811e+01
1.612803619744494554e+01 1.618429399197782459e+01
1.625592039307234415e+01 1.635945898914368613e+01
1.659631377654696749e+01 1.643919489653301014e+01
1.676547352402352331e+01 1.655769846698359515e+01
1.696256899596018286e+01 1.676153231699657198e+01
1.713473814640883930e+01 1.695732449459989155e+01
1.734613346288918834e+01 1.711304153550429774e+01
1.752195181119204648e+01 1.725379647001835437e+01
1.772822448978121912e+01 1.750591151366099041e+01
1.790911177863353387e+01 1.767703807912285185e+01
1.809097194467292624e+01 1.791293245131315004e+01
1.829055557769822116e+01 1.809366465965374715e+01
1.847644583522501449e+01 1.822907618820303099e+01
1.840538009961550969e+01 1.856917786644133628e+01
1.883195816914703258e+01 1.862455370270807364e+01
1.880570527200785236e+01 1.894079749594153128e+01
1.917205935182333576e+01 1.899228861775322130e+01
1.936373883093689585e+01 1.918894206389356683e+01
1.954207947506356291e+01 1.936560223188181240e+01
1.972832210618958726e+01 1.957841365576852866e+01
1.992191984112391623e+01 1.971462799530845089e+01
2.012077200850811920e+01 1.994068875516661876e+01
2.031073756284717646e+01 2.012155845716435110e+01
