0.000000000000000000e+00 0.000000000000000000e+00
0.000000000000000000e+00 0.000000000000000000e+00
0.000000000000000000e+00 0.000000000000000000e+00
0.000000000000000000e+00 0.000000000000000000e+00
0.000000000000000000e+00 0.000000000000000000e+00
0.000000000000000000e+00 0.000000000000000000e+00
0.000000000000000000e+00 0.000000000000000000e+00
6.165608805848372675e-01 1.320774873768410795e-01
5.878972829055508775e-01 4.610280886273038448e+00
4.093509631916822933e+00 6.945021602221601142e+00
6.883946493635392017e+00 5.993518494359468818e+00
6.726171621032878356e+00 6.664260156275386038e+00
6.576532373666604592e+00 6.573680054497096137e+00
6.595694188214326736e+00 6.597596512684058112e+00
6.622143529215535729e+00 6.608878687452541811e+00
6.688508048490765745e+00 6.856746441936715897e+00
6.813605451394719736e+00 7.224834961921528631e+00
6.910170281950886562e+00 7.425960250206664170e+00
7.303925088696926693e+00 7.687115258261676409e+00
7.607848606909073830e+00 7.934734446173218103e+00
7.868444778705351084e+00 8.184826646526436988e+00
8.137333611529507849e+00 8.375660472759335562e+00
8.303425083843968935e+00 8.580781279087295488e+00
8.501719969659102816e+00 8.753761671905756714e+00
8.696701473344907285e+00 8.922398783707198078e+00
8.899410862391833987e+00 9.106054263315565223e+00
9.111117015267735653e+00 9.277410343760539746e+00
9.274809338313357188e+00 9.449270342706748593e+00
9.439081417865875068e+00 9.600534908316824101e+00
9.622914739741936785e+00 9.769940245732087192e+00
9.774936992024930049e+00 9.935908390217731423e+00
9.944041128938591712e+00 1.009888895404170306e+01
1.011238144317440835e+01 1.025571102563275439e+01
1.028058174978281336e+01 1.042132970179094720e+01
1.044972197785969570e+01 1.058332529779336184e+01
1.063606506528622297e+01 1.074355294556230866e+01
1.075990845188975698e+01 1.090682900734488037e+01
1.093291603975882609e+01 1.107339904330893177e+01
1.109947045860083925e+01 1.123943069842143672e+01
1.127307823186026425e+01 1.139434701693905083e+01
1.142251243050560383e+01 1.156769229288846823e+01
1.159956602496348843e+01 1.172896320503975254e+01
1.178110479929657295e+01 1.189439726090451011e+01
1.191000008923091258e+01 1.205186054149974950e+01
1.206663954673757111e+01 1.220718030636239249e+01
1.220311635558985053e+01 1.236931764041482573e+01
1.233849430147110304e+01 1.252512659016662511e+01
1.250164995180659488e+01 1.267856913747714920e+01
1.268597189755931964e+01 1.282833607216687533e+01
1.294045026880177574e+01 1.280633951276411509e+01
1.297884209715408410e+01 1.312276241388377507e+01
1.322462878783530549e+01 1.308358675584748454e+01
1.325231936159625867e+01 1.341354404268944656e+01
1.353242420574901672e+01 1.343484827506418533e+01
1.355331583140467799e+01 1.372070375984034207e+01
1.371149019555162774e+01 1.388756560570180731e+01
1.388837380093208296e+01 1.405424192672651174e+01
1.406741924322702353e+01 1.421495815152737663e+01
1.427115371887674122e+01 1.437278163905947004e+01
1.443378472514721622e+01 1.454500004000290936e+01
1.461029877161150026e+01 1.470281499728617902e+01
1.475481840694485136e+01 1.487412218644677964e+01
1.487368269279131106e+01 1.502175342914648759e+01
1.516071616665491462e+01 1.506317391596137156e+01
1.531409883106830705e+01 1.525070082308720210e+01
1.546772541373311149e+01 1.542046011961428320e+01
1.560789406943654889e+01 1.554594335337765543e+01
1.571815576892363353e+01 1.578723298509004103e+01
1.582447920334514713e+01 1.594194146492374031e+01
1.605479358956558400e+01 1.611373756822226966e+01
1.624901263185176958e+01 1.626654565626396476e+01
1.638312477417601443e+01 1.643194640396047745e+01
1.660353337930741802e+01 1.651636072884776141e+01
1.676529953619625601e+01 1.669764250673616246e+01
1.684304745717052043e+01 1.694118582249265614e+01
1.710073174740287527e+01 1.704062838061823371e+01
1.716550033202146253e+01 1.728874823456608922e+01
1.744852182007667096e+01 1.736393166441170877e+01
1.748757554075829290e+01 1.761979354362774330e+01
1.779004045184521843e+01 1.766029005290981146e+01
1.782949475111126247e+01 1.793103442620363452e+01
1.812247464642356931e+01 1.801067312252064312e+01
1.814720386585921474e+01 1.827664345624355491e+01
1.835275087244501790e+01 1.845652617579447607e+01
1.863745981596393975e+01 1.853578509459680035e+01
1.880476884498915879e+01 1.864218830890144574e+01
1.897461859436199205e+01 1.887053313690283929e+01
1.915312492200798289e+01 1.904038163966855990e+01
1.933275391421556222e+01 1.922765845065562829e+01
1.950200196547127618e+01 1.937403791278753928e+01
1.954489890388348883e+01 1.966010027861332432e+01
1.984911195145613405e+01 1.966658788585892736e+01
1.983985395257446527e+01 1.999560845777376983e+01
2.018631480092859576e+01 2.001277074804434264e+01
2.035530949735413486e+01 2.021364618496455279e+01
2.052974444631016482e+01 2.043652543818255651e+01
2.071114259586451567e+01 2.056011646027946682e+01
2.087618536816808401e+01 2.071254618104411094e+01
2.091009623122954864e+01 2.102147438035348159e+01
2.123767259618339409e+01 2.106460241302956859e+01
2.141756342517891909e+01 2.133004033663591414e+01
