0.000000000000000000e+00 0.000000000000000000e+00
0.000000000000000000e+00 0.000000000000000000e+00
0.000000000000000000e+00 0.000000000000000000e+00
0.000000000000000000e+00 0.000000000000000000e+00
0.000000000000000000e+00 0.000000000000000000e+00
0.000000000000000000e+00 0.000000000000000000e+00
0.000000000000000000e+00 2.249872971478966421e-01
2.198903144997807757e-01 6.547281276841135367e-02
5.369780259692228164e+00 6.124449172159094346e+00
5.711942215242247656e+00 3.509484056251530149e+00
5.905312884197817525e+00 6.973741104702447124e+00
6.534478410846888963e+00 7.007054883522170208e+00
7.240412190606492437e+00 7.498688866871032310e+00
7.453915263251927215e+00 7.332811280572415491e+00
7.448200760411959109e+00 7.862073032841638387e+00
7.667804714042326886e+00 7.906994878368171165e+00
7.966562137284221912e+00 8.245704516565693254e+00
8.153902683736268031e+00 8.441199439864902843e+00
8.349856908366483310e+00 8.692368689890805911e+00
8.597114113310757588e+00 8.855767260550887698e+00
8.906653046596671786e+00 9.056867531348938627e+00
9.017841573278648326e+00 9.274888003678031012e+00
9.236788505009837280e+00 9.452037961564641932e+00
9.425977503505698962e+00 9.645906795791798771e+00
9.599063333819659150e+00 9.823349375930892080e+00
9.799794636668751835e+00 1.000445447386669429e+01
9.947258230446607286e+00 1.017145656384623642e+01
1.014818143075134671e+01 1.033499398100416400e+01
1.030432258151890856e+01 1.049129000500594344e+01
1.050699117630390056e+01 1.065319479472356434e+01
1.068692650280171463e+01 1.081610479919669032e+01
1.088062186331601033e+01 1.098604870258874477e+01
1.101981931973980267e+01 1.114986130285226729e+01
1.118688313204319407e+01 1.130739115556830043e+01
1.133054678394820414e+01 1.147199388268782272e+01
1.150193517412905031e+01 1.163047327443642054e+01
1.168863799688602079e+01 1.180474657307332365e+01
1.182090262138160242e+01 1.197143470632009965e+01
1.201300034173795694e+01 1.213058288156680575e+01
1.217563425389932874e+01 1.229979743765675515e+01
1.233768215744033014e+01 1.245988838300420909e+01
1.251383236610399585e+01 1.263198029421638147e+01
1.266769503653810958e+01 1.277927212519938216e+01
1.282218490731832539e+01 1.295056071822665800e+01
1.298460681839559783e+01 1.312265978243189757e+01
1.315123311847173504e+01 1.327829060534654815e+01
1.333430385447920763e+01 1.343497484657680907e+01
1.348865440174929908e+01 1.360471500246950249e+01
1.366771860170671005e+01 1.376119461841293656e+01
1.381217232726716837e+01 1.392241229157267313e+01
1.397356745141985535e+01 1.408275622521185610e+01
1.410809237334615496e+01 1.423472945123108069e+01
1.429534040288501373e+01 1.439864864746617812e+01
1.443173942504960294e+01 1.457925249560167202e+01
1.461270432496930205e+01 1.474178517383835363e+01
1.478366692435953844e+01 1.490945148667332276e+01
1.489178042403532309e+01 1.506125408022222345e+01
1.504588975192350553e+01 1.522675148891821095e+01
1.522393776342139837e+01 1.539380989920857523e+01
1.533811462106569579e+01 1.556487973079562792e+01
1.550651497356178155e+01 1.572510172850246235e+01
1.567626465799160407e+01 1.589550164188167081e+01
1.587635492791371483e+01 1.606637625542892422e+01
1.600141933066123201e+01 1.622965907044852685e+01
1.617873763616892901e+01 1.638729236093445252e+01
1.630089398550806479e+01 1.656459873969930285e+01
1.644411109848691055e+01 1.671986932247065383e+01
1.660782130805842982e+01 1.689580864624418410e+01
1.680264511344091360e+01 1.705390869626281614e+01
1.697640056794906016e+01 1.722471110135905903e+01
1.735304656434647086e+01 1.711023422806424676e+01
1.750331983597420304e+01 1.729596002172923264e+01
1.742460838970925963e+01 1.767974573212026357e+01
1.756924447007218149e+01 1.783984019017911393e+01
1.773971736073446337e+01 1.799887230903123481e+01
1.793588465237988316e+01 1.815655708695206982e+01
1.808405718624672787e+01 1.830726347710019652e+01
1.844956969313487960e+01 1.823299589275321608e+01
1.842127961900030186e+01 1.864135406344523815e+01
1.853843286398869239e+01 1.880465290906249010e+01
1.876090917068204789e+01 1.895768217466680738e+01
1.891215194532981414e+01 1.911999147628989348e+01
1.926106712705636070e+01 1.902555349894232251e+01
1.941777509058256967e+01 1.922029932908706584e+01
1.957969857892642196e+01 1.938589262714222272e+01
1.953550831872669846e+01 1.974098929045043960e+01
1.990919292091287218e+01 1.970160783805560456e+01
1.985386410168082350e+01 2.006834363433577195e+01
2.021961384856079746e+01 2.003217863926282405e+01
2.037895731864485072e+01 2.024124261825112114e+01
2.055254731621300124e+01 2.035386676954770735e+01
2.070810422124992911e+01 2.057485699527307332e+01
2.088171865553415429e+01 2.066969878722800757e+01
2.084847215013397204e+01 2.104755278335929702e+01
2.104315097983540639e+01 2.120131094227262025e+01
2.123560520115369954e+01 2.136842141611787582e+01
2.140763752543920972e+01 2.152812223299477523e+01
2.170746881874606160e+01 2.152119242723645698e+01
2.187682261344167145e+01 2.166641584343579297e+01
2.179208891392317327e+01 2.201146016428238994e+01
2.222445616340440111e+01 2.209063918049250574e+01
