0.000000000000000000e+00 0.000000000000000000e+00
0.000000000000000000e+00 0.000000000000000000e+00
0.000000000000000000e+00 0.000000000000000000e+00
0.000000000000000000e+00 0.000000000000000000e+00
0.000000000000000000e+00 0.000000000000000000e+00
0.000000000000000000e+00 0.000000000000000000e+00
2.214510033471235317e-01 1.895131586164989779e-01
1.610267697460023018e-01 3.932883352156628654e+00
3.046670336666770673e+00 4.888723898776150989e+00
4.926975203645242551e+00 4.930646253615887709e+00
5.000041320371875209e+00 5.009786821260330925e+00
5.026759111841633043e+00 5.013548520597888469e+00
5.072715886926131290e+00 5.206529698758167513e+00
5.235092090408290488e+00 5.343675395553345808e+00
5.338070353235061738e+00 5.481684140852647324e+00
5.552482786338561738e+00 5.715779030200873301e+00
5.647550957814027939e+00 5.843260443290545503e+00
5.843389721523985614e+00 6.135981412834691895e+00
6.071037658578953611e+00 6.413006753083278610e+00
6.226716506450561184e+00 6.629825040824959714e+00
6.562233577762970782e+00 6.857060370644377123e+00
6.801210745874337604e+00 7.052016925804282188e+00
7.018992518458623486e+00 7.247406615219623482e+00
7.172633896642816254e+00 7.423079203850277530e+00
7.418576950699154793e+00 7.597413304959903968e+00
7.553144354884754108e+00 7.763405437931999664e+00
7.726408288011881176e+00 7.942783365395662543e+00
7.990776612274169466e+00 8.102152414800727342e+00
8.143039296460083065e+00 8.263521887807575794e+00
8.310222069173628157e+00 8.430585358858103007e+00
8.465025240632401804e+00 8.598190537139601020e+00
8.624179599458937417e+00 8.764121299581841384e+00
8.793101295284239782e+00 8.925785945244147257e+00
8.968500952151192251e+00 9.094182211701895113e+00
9.142652835454878613e+00 9.257739759205826147e+00
9.315359779157777353e+00 9.427541553886515047e+00
9.480030095010304692e+00 9.589619365672557905e+00
9.635773805722438468e+00 9.754906482681345636e+00
9.788878222125182660e+00 9.927222205553999146e+00
9.973667544168707266e+00 1.009476876886095376e+01
1.011289820606539180e+01 1.024284670469082315e+01
1.024934041503543369e+01 1.041617372627529825e+01
1.039694505496441046e+01 1.057905556651973278e+01
1.071491506453618925e+01 1.055791979830691929e+01
1.068139935500463800e+01 1.087760274455613363e+01
1.101447187220557211e+01 1.084681348669384704e+01
1.115499607236472102e+01 1.100814097644243361e+01
1.130686581692492609e+01 1.115174866412058030e+01
1.146214903646819216e+01 1.128002679270505304e+01
1.161919458640468328e+01 1.142494402318452806e+01
1.177266753421716494e+01 1.162803877382947348e+01
1.191956157884317591e+01 1.175180723603715371e+01
1.190436407113222117e+01 1.208049401424110592e+01
1.210623600505548936e+01 1.224834731904908303e+01
1.240730780931123256e+01 1.226485932758880359e+01
1.256894428796564966e+01 1.240955055558453424e+01
1.261875123233185114e+01 1.273268257491326949e+01
1.276799407833897781e+01 1.288932322415920773e+01
1.291754756409668659e+01 1.305340228543414938e+01
1.311996140322577986e+01 1.322422153488650842e+01
1.340277058639328978e+01 1.327280630936593653e+01
1.357637341269557574e+01 1.345114738060838278e+01
1.361312229256731499e+01 1.373909677710754096e+01
1.391860002331675972e+01 1.379692296504192228e+01
1.410458985254340725e+01 1.395531855099210006e+01
1.427151397577125813e+01 1.412303277321298367e+01
1.426459017113603167e+01 1.441567265387192798e+01
1.460543345961500705e+01 1.442910455932900859e+01
1.477762286308900741e+01 1.462469732258871424e+01
1.495999788413856280e+01 1.481419727991989177e+01
1.512589835915442116e+01 1.498584528711598374e+01
1.531810223061546061e+01 1.517197231258241352e+01
1.549273195263862490e+01 1.534562335657771293e+01
1.568352835241015342e+01 1.546300383493645647e+01
1.586164019441654638e+01 1.564899518103640119e+01
1.585767481982783522e+01 1.600875367543974193e+01
1.622771389852177393e+01 1.600958320836408433e+01
1.639175259555916853e+01 1.622546851181142458e+01
1.657011284968847065e+01 1.637278432637903336e+01
1.675197800642386525e+01 1.653651427101379312e+01
1.694252653060713598e+01 1.671964066608312649e+01
1.711626358668390324e+01 1.693823069457198471e+01
1.730902479337901312e+01 1.712944891611714482e+01
1.750443554641139698e+01 1.728745320011191922e+01
1.745932362719245745e+01 1.762739801329020395e+01
1.785771536548750404e+01 1.762193826152788034e+01
1.802613977843683202e+01 1.781554626424637533e+01
1.795547249937977341e+01 1.815796241408996892e+01
1.841241205630455369e+01 1.813564041356550405e+01
1.856285258908955527e+01 1.834226955631610778e+01
1.875054052178743547e+01 1.851480076089756110e+01
1.893678567807761226e+01 1.872573338134562704e+01
1.912527209189227761e+01 1.887942061485122025e+01
1.929929911935862208e+01 1.908499483407499753e+01
1.948813876640178933e+01 1.924731845135511321e+01
1.969028826361515883e+01 1.944054877814421189e+01
1.985226333481308814e+01 1.962380792348021430e+01
2.004025945513287610e+01 1.977898622408078211e+01
2.021689740633268784e+01 2.000304248998815382e+01
2.038325456920616574e+01 2.012700536950525532e+01
2.059417324807538208e+01 2.040675439734862806e+01
