0.000000000000000000e+00 0.000000000000000000e+00
0.000000000000000000e+00 0.000000000000000000e+00
1.394909390010086458e-02 -7.636504682180373510e-03
9.809766959260416905e-03 0.000000000000000000e+00
9.938019123363447255e-03 0.000000000000000000e+00
3.202277832936143431e-01 1.159513213758700756e+00
1.452850678014937058e+00 1.983021454892425206e+00
2.290262103806516514e+00 2.292916824237306805e+00
2.425223231040424032e+00 2.426624320557872583e+00
2.557715273084506080e+00 2.560906387326448375e+00
2.686461261336178907e+00 2.690438534416875527e+00
2.849119053271391255e+00 2.864907879748391117e+00
3.001074127275407566e+00 3.031291637329327937e+00
3.156264903039971426e+00 3.235930245561136065e+00
3.377772585050569987e+00 3.321419490941323271e+00
3.504604304165196638e+00 3.645325601683894412e+00
3.656323998710986789e+00 3.847935836708640256e+00
3.857048693344723667e+00 4.025648618086140829e+00
4.077259114572234999e+00 4.197843701525794557e+00
4.299446946296544780e+00 4.376082530218453392e+00
4.542545739219865375e+00 4.476367311559683593e+00
4.704501547848257026e+00 4.591915889236750203e+00
4.880949394748643755e+00 4.754979421569240472e+00
5.046524947467765365e+00 4.906218812413040808e+00
5.220975970572993674e+00 5.078466546102964330e+00
5.396146445892053833e+00 5.275743610714683562e+00
5.572303561340662625e+00 5.446392892500109717e+00
5.753308780002951650e+00 5.640681653511323113e+00
5.921980586947404923e+00 5.827118227653274474e+00
6.114636770035586366e+00 6.002912870028921155e+00
6.301994205952986761e+00 6.193294512604290425e+00
6.488528458386887188e+00 6.352211791431757071e+00
6.545943316446892979e+00 6.669135399557394095e+00
6.857244056150759270e+00 6.749206077011702831e+00
7.062696814766902698e+00 6.920165741891586286e+00
7.255331978175386887e+00 7.108508362487437005e+00
7.442164111365086043e+00 7.293198025516251626e+00
7.635894798647126613e+00 7.476831412943585775e+00
7.818473267568051277e+00 7.628860619403758037e+00
7.999751824899236752e+00 7.846243236410299637e+00
8.176305939301720116e+00 7.974961094065096567e+00
8.373698351393835893e+00 8.220235821825840006e+00
8.559141496214261124e+00 8.392901707366865693e+00
8.745475657876257358e+00 8.594345898922894023e+00
8.919731561894080230e+00 8.760007380658644038e+00
9.103238253828731530e+00 8.916968669566209371e+00
9.285315516892072907e+00 9.186817937181009697e+00
9.474117220793329963e+00 9.297348083663777629e+00
9.655946827334584981e+00 9.457177447242656854e+00
9.856005212874160648e+00 9.666061993462495394e+00
1.003949423353491177e+01 9.898851369575641712e+00
1.023758454760099923e+01 1.007918524214359124e+01
1.041792492011758497e+01 1.029242112303234613e+01
1.061010141381112248e+01 1.049483635860598341e+01
1.080435914528500341e+01 1.063002993729768519e+01
1.099019522374835489e+01 1.082538876489436319e+01
1.119279582739434353e+01 1.104228408087821478e+01
1.138476131184662243e+01 1.123402218330961588e+01
1.157145856063966782e+01 1.139599959926959016e+01
1.176521866140141626e+01 1.157215576149222258e+01
1.196370306263885297e+01 1.180085642459018480e+01
1.216643602206714725e+01 1.201103863384412485e+01
1.235834469480681008e+01 1.214258475987120356e+01
1.255039459297424109e+01 1.237661297327336385e+01
1.273588805525692536e+01 1.257811870460001558e+01
1.292762049519039458e+01 1.278297439337001684e+01
1.313507548052566420e+01 1.297119808111607675e+01
1.331991203956154735e+01 1.313619695792367992e+01
1.351565193714095159e+01 1.328893455483349761e+01
1.371225521984689522e+01 1.353712553372038485e+01
1.392248225276161300e+01 1.369217898532403055e+01
1.411050233299033430e+01 1.395003879524038837e+01
1.430206209980329390e+01 1.414814651809640367e+01
1.451467046006806072e+01 1.434774375513736544e+01
1.470078421434765126e+01 1.448056794529775004e+01
1.489762720155563613e+01 1.469092952913169370e+01
1.509103636553846606e+01 1.489788989857557766e+01
1.530270746109910718e+01 1.507014270557526814e+01
1.549763476781846983e+01 1.530608567808917719e+01
1.567907223062882771e+01 1.549462156210880970e+01
1.588025988695821411e+01 1.567554095280102011e+01
1.607920340928663450e+01 1.587991976685884765e+01
1.627180284717972825e+01 1.605299239333722028e+01
1.648018330593679082e+01 1.626780101891788632e+01
1.665984445783954726e+01 1.646294079364335161e+01
1.685581261603794445e+01 1.658803443902428043e+01
1.704386221606433693e+01 1.675094700754684496e+01
1.723538297608263647e+01 1.694241944649934339e+01
1.743479776916787571e+01 1.719281345603131683e+01
1.763782664264440214e+01 1.738810493469199514e+01
1.784755228579804864e+01 1.757036669628097769e+01
1.803916939348304282e+01 1.779448234282907748e+01
1.822826194668279953e+01 1.793408555831473805e+01
1.841562050070755063e+01 1.814164224586024687e+01
1.861815891653334987e+01 1.834972974114307220e+01
1.881853006530879568e+01 1.849298656496889492e+01
1.900338583727141284e+01 1.872530507841371161e+01
1.918922314455857503e+01 1.895363397735032152e+01
1.940818989213449086e+01 1.902783679402439887e+01
1.960603523111145563e+01 1.923370443199127067e+01
1.979568648142570098e+01 1.954489215169218497e+01
