0.000000000000000000e+00 0.000000000000000000e+00
0.000000000000000000e+00 0.000000000000000000e+00
0.000000000000000000e+00 0.000000000000000000e+00
0.000000000000000000e+00 0.000000000000000000e+00
0.000000000000000000e+00 0.000000000000000000e+00
0.000000000000000000e+00 0.000000000000000000e+00
0.000000000000000000e+00 0.000000000000000000e+00
1.007965235215496635e-01 0.000000000000000000e+00
1.822387156487677573e-01 2.029409271317053065e+00
1.482086479390245515e+00 4.361901477365863755e+00
6.351211693505687705e+00 5.597095229565564267e+00
5.580624058968149726e+00 6.181619972952386632e+00
6.198579437958497529e+00 6.188031560826823707e+00
6.187511636019186412e+00 6.298765306759896099e+00
6.317519556683238946e+00 6.441126785333837645e+00
6.365954368481455461e+00 6.701257483120156344e+00
6.797788003713859162e+00 6.978120794728086551e+00
6.918422323264517892e+00 7.129747407579944074e+00
7.051424180706497680e+00 7.342072290370389887e+00
7.317445822891623486e+00 7.530650863481453960e+00
7.513440611534024427e+00 7.718929811565896415e+00
7.705102199697314802e+00 7.899908002733117662e+00
7.891571704174118018e+00 8.085634875161700208e+00
8.083712530159450793e+00 8.268065983588044787e+00
8.290864533661013169e+00 8.440254041136000751e+00
8.501646721179666244e+00 8.620802323966925584e+00
8.673176689018156083e+00 8.784749895124067010e+00
8.828619628803158648e+00 8.954374382532758858e+00
9.014857754275089619e+00 9.115666997244145975e+00
9.197514933502890955e+00 9.277498295125361949e+00
9.337284678371615243e+00 9.440316993177418681e+00
9.527257810284723405e+00 9.607087159197359227e+00
9.679174346653448779e+00 9.774594922524526552e+00
9.863859507721619124e+00 9.943454627822386982e+00
1.002608852989517274e+01 1.011509515569993134e+01
1.016393201310668104e+01 1.029006280897279346e+01
1.033917724202393984e+01 1.044273862480267567e+01
1.051022863197332846e+01 1.061567992446087949e+01
1.066765063606140806e+01 1.076667796295938651e+01
1.082120149592008573e+01 1.093372345584846528e+01
1.097866044125777307e+01 1.110129056633905087e+01
1.113607143245384989e+01 1.127255259280377864e+01
1.130763550753809810e+01 1.143541239906413054e+01
1.145653469133884350e+01 1.159650519996174722e+01
1.163085535891994482e+01 1.176655181783808679e+01
1.179791870189026426e+01 1.193092339578980088e+01
1.195909827127082892e+01 1.209859584511355735e+01
1.211347379900466947e+01 1.226586744992096989e+01
1.221586033727530385e+01 1.241606502674000367e+01
1.254045219532513578e+01 1.244665492713217247e+01
1.267093298754465991e+01 1.251203592546096033e+01
1.262953685507539170e+01 1.284180261412943658e+01
1.296829076136881653e+01 1.277543529832766644e+01
1.312348752253057427e+01 1.300770978390031196e+01
1.309621946601167863e+01 1.329827964216793212e+01
1.342398850871481031e+01 1.326178552453831649e+01
1.342604164179905446e+01 1.361563900415111839e+01
1.375060109758092608e+01 1.355848925179391884e+01
1.369460445035739760e+01 1.392375600020987392e+01
1.394434955418547339e+01 1.409708919058737919e+01
1.405267493505763277e+01 1.425718524426262768e+01
1.416782259728302407e+01 1.442155638536065787e+01
1.445708348501498719e+01 1.460334603784301954e+01
1.453538707132798180e+01 1.477157284340903765e+01
1.492952875623555720e+01 1.468504219668653832e+01
1.477314766413368297e+01 1.509459179514934846e+01
1.525914526645581581e+01 1.508189662809408027e+01
1.543386071360221479e+01 1.519533880190013875e+01
1.559362550154102500e+01 1.533791436686484388e+01
1.555630309274623002e+01 1.576950524292943534e+01
1.568937916263186416e+01 1.594478719508692954e+01
1.609884655163874712e+01 1.580715855247203017e+01
1.626955268041760050e+01 1.598183569125138526e+01
1.643129825051002868e+01 1.615695010369448781e+01
1.639112644397473417e+01 1.659170928685518831e+01
1.656000490304201733e+01 1.674790778866637453e+01
1.693041048952865424e+01 1.666132708913231042e+01
1.708512831045126035e+01 1.687356063915362014e+01
1.726721922270220233e+01 1.700157966429844336e+01
1.743856336373639238e+01 1.718426960437500384e+01
1.762194421044115700e+01 1.735984956902234799e+01
1.756448395506309623e+01 1.774155468468010710e+01
1.794759375663357659e+01 1.767606909110983437e+01
1.811673831322810813e+01 1.790653489987770897e+01
1.829594497375831708e+01 1.807375079101689508e+01
1.819259753042067373e+01 1.844198120834111521e+01
1.843886407286059637e+01 1.860275947926179541e+01
1.879376017561961731e+01 1.858726122455601271e+01
1.897220956745740494e+01 1.874998825240610500e+01
1.914143360250881187e+01 1.888776432988055021e+01
1.932277032039742792e+01 1.912190025609347899e+01
1.949652844644009164e+01 1.925919533697955188e+01
1.943502200099569777e+01 1.965169064179564984e+01
1.984672415305165671e+01 1.961806119565888906e+01
2.003627290905123814e+01 1.985272355900954011e+01
2.021636909461999210e+01 2.002730271324161748e+01
2.039610218896038774e+01 2.010827992383723029e+01
2.059140537464390164e+01 2.037178467674226923e+01
2.076696791941676068e+01 2.054089458629843890e+01
2.069560888381442254e+01 2.089593055533828192e+01
2.111691635730063865e+01 2.086660010755755579e+01
