0.000000000000000000e+00 0.000000000000000000e+00
0.000000000000000000e+00 0.000000000000000000e+00
0.000000000000000000e+00 0.000000000000000000e+00
0.000000000000000000e+00 0.000000000000000000e+00
0.000000000000000000e+00 0.000000000000000000e+00
0.000000000000000000e+00 0.000000000000000000e+00
5.526370981811931649e-02 2.207811256389407006e-01
5.503325992295149405e-02 2.093950226810668003e+00
2.692873318264052518e+00 3.066339379890778982e+00
3.083049512914074697e+00 3.167851843009701351e+00
3.541215682503254580e+00 3.570879035547688041e+00
3.802615178969967147e+00 3.889815570748321516e+00
3.915645544561909830e+00 3.936383743815528025e+00
4.024882610340131173e+00 4.010267537892125311e+00
4.134923343855994915e+00 4.254877602782256574e+00
4.301293961495172624e+00 4.522115827343017536e+00
4.504187490713070119e+00 4.731084800310342509e+00
4.737492970630065692e+00 4.926725078431753779e+00
4.965568242142188282e+00 5.121849188949730625e+00
5.163218612354833148e+00 5.308201933728878608e+00
5.370063751889626147e+00 5.480968565119921365e+00
5.566363102785401473e+00 5.673643093977990937e+00
5.737919761699700416e+00 5.860051055658268560e+00
5.897023835468193198e+00 6.064617222804638885e+00
6.066882102220190198e+00 6.231480249753942324e+00
6.235510161849517452e+00 6.423774442512022453e+00
6.394309594249330431e+00 6.597879520289974487e+00
6.571590952864778679e+00 6.768315594556020720e+00
6.744451397889172917e+00 6.934430499106598589e+00
6.930665784515757544e+00 7.093501466942830014e+00
7.121165587351027781e+00 7.260810410356580924e+00
7.283553605589024649e+00 7.417153726457630825e+00
7.473481787438911006e+00 7.573154499133297080e+00
7.730945222105635395e+00 7.625985976177938497e+00
7.886388485749897370e+00 7.753425189288226882e+00
8.058792767717498862e+00 7.911931856261804619e+00
8.222674427192673718e+00 8.068737914349142670e+00
8.389168907650276452e+00 8.246562956145965018e+00
8.422061033971390387e+00 8.558754884812421082e+00
8.732937815146094351e+00 8.594000428862191399e+00
8.898231546183589913e+00 8.778910265557723136e+00
9.063920666848863661e+00 8.958564373580363949e+00
9.242833820721656934e+00 9.113633483560500181e+00
9.411377065814379606e+00 9.327425533907046429e+00
9.585625975125926956e+00 9.490626677700648273e+00
9.757823273159539568e+00 9.654912551394502884e+00
9.925118671000648263e+00 9.843949097388810188e+00
1.010304231218952609e+01 1.000463536294358668e+01
1.028616164378252940e+01 1.016530860587590723e+01
1.045063810847962493e+01 1.038759493344961982e+01
1.063613329440407185e+01 1.055846673548836812e+01
1.081010966766794468e+01 1.073952662174108141e+01
1.098913742064589449e+01 1.091117618658362076e+01
1.116909419913751300e+01 1.106201479677745958e+01
1.120966302667615544e+01 1.132294292372554168e+01
1.153062934156205976e+01 1.140397942471244264e+01
1.169750203166242386e+01 1.156010991416115807e+01
1.189294128377007631e+01 1.177390176845808334e+01
1.207738442235049980e+01 1.198166336838939650e+01
1.227641124566575748e+01 1.211910130359878224e+01
1.245466506692851283e+01 1.231542610124850157e+01
1.263706149198430495e+01 1.252295061926433206e+01
1.284359424404697947e+01 1.268535145207108528e+01
1.302609806356919009e+01 1.281413870523121012e+01
1.320394504005479419e+01 1.306815067563460708e+01
1.339310733147360288e+01 1.322840201655704462e+01
1.358110928979287024e+01 1.339401041755785116e+01
1.376807838898728420e+01 1.356570158509225976e+01
1.395925085430579315e+01 1.378738669481947099e+01
1.415461295494284855e+01 1.391577082109192709e+01
1.433592081738957802e+01 1.415577135501463069e+01
1.451998411009239476e+01 1.439789917492740479e+01
1.470218253492458871e+01 1.446845517457079033e+01
1.467361907740801819e+01 1.482997952592748092e+01
1.506198868000666380e+01 1.486145657040524881e+01
1.500996096147156322e+01 1.518156255200707783e+01
1.541394349405297959e+01 1.519286749554738414e+01
1.559292693868321322e+01 1.538118932261516747e+01
1.578371432911504790e+01 1.559576160812990508e+01
1.579002133705767363e+01 1.590089429814695166e+01
1.615522387071438359e+01 1.590566173797225424e+01
1.633234327246043094e+01 1.613768079139753553e+01
1.653407525638429121e+01 1.633778050609770816e+01
1.671403079004289793e+01 1.646108203052130747e+01
1.691182394323620741e+01 1.673415535515205477e+01
1.710651282567449272e+01 1.688898255738095600e+01
1.729590629329749873e+01 1.713631311350847852e+01
1.749363912991564973e+01 1.727279762677777697e+01
1.769547780654881208e+01 1.745150398648447521e+01
1.787527346710858467e+01 1.765178682261413812e+01
1.806286860091975655e+01 1.781988799922791955e+01
1.827372896912136824e+01 1.796693589657701651e+01
1.845061080606242498e+01 1.822616465241646111e+01
1.865145810682614069e+01 1.842104575498985852e+01
1.885373101527680717e+01 1.863789598654406277e+01
1.904589340634672112e+01 1.883631425139796178e+01
1.923764766673928861e+01 1.903861641414903616e+01
1.942416599429963142e+01 1.919913074549956278e+01
1.964058778123430571e+01 1.938149487383746461e+01
1.981111458006488135e+01 1.957303286937976949e+01
2.002877950685159902e+01 1.980544268560582211e+01
