0.000000000000000000e+00 0.000000000000000000e+00
0.000000000000000000e+00 0.000000000000000000e+00
0.000000000000000000e+00 0.000000000000000000e+00
0.000000000000000000e+00 0.000000000000000000e+00
0.000000000000000000e+00 0.000000000000000000e+00
0.000000000000000000e+00 0.000000000000000000e+00
0.000000000000000000e+00 0.000000000000000000e+00
1.225482854381979569e-01 1.317468431605541612e+00
3.348178971868557063e+00 4.784283181294082254e+00
4.865590454915556862e+00 4.857890417217120671e+00
4.870664399693014346e+00 4.864542865541507055e+00
4.867037297425637732e+00 4.862495104174037408e+00
4.889990154220371643e+00 4.934263092073180701e+00
4.937399182933059905e+00 4.992083911648904859e+00
5.022723699998654645e+00 5.161394212908561485e+00
5.190604563655167425e+00 5.334290356180089177e+00
5.333054455767125113e+00 5.471978838550859869e+00
5.531378227956194493e+00 5.744018343479826427e+00
5.771970344079709214e+00 5.983249393827789753e+00
5.955080147598425633e+00 6.197952657741087279e+00
6.086068358882454454e+00 6.398206985493694710e+00
6.327253950777546265e+00 6.601241791908758039e+00
6.477609326766346598e+00 6.787761774643368717e+00
6.656108050189794234e+00 6.965258183597812014e+00
6.885615320457065813e+00 7.122355505374017959e+00
7.067007708508030284e+00 7.295437751833605766e+00
7.264983524096397360e+00 7.457811941224509411e+00
7.463095477723090454e+00 7.611743063077915039e+00
7.630542699970227716e+00 7.777722835818069669e+00
7.854602424585987563e+00 7.933274520549368880e+00
7.991184583594938218e+00 8.099252655862864358e+00
8.173775971247820848e+00 8.262785618376046415e+00
8.323155606354236014e+00 8.428118548943817956e+00
8.493659473539898030e+00 8.573127290099066045e+00
8.657342401356450168e+00 8.727282134863132868e+00
8.862105648665593804e+00 8.769721368882681389e+00
8.998149333500677471e+00 8.927648928992825361e+00
9.149571299891908538e+00 9.035860301803291250e+00
9.177642058605750108e+00 9.335738336732140041e+00
9.341689269487675418e+00 9.495255408308684864e+00
9.550055555758390824e+00 9.657715165255366330e+00
9.802848207819762294e+00 9.705447420865382924e+00
9.956605758048619137e+00 9.837668160020140107e+00
1.001020662962495322e+01 1.013534991620096726e+01
1.017277555202223027e+01 1.030389068166729594e+01
1.045973630446211544e+01 1.033687624660941928e+01
1.051115087368286005e+01 1.063254291062334111e+01
1.071375511357984500e+01 1.077950633874425179e+01
1.094615885761548668e+01 1.082702597161301838e+01
1.100681756208888196e+01 1.110716405113421423e+01
1.127799281680202093e+01 1.118317688071133098e+01
1.144517789916421968e+01 1.133668944236315035e+01
1.150440809847932577e+01 1.162921049082702396e+01
1.180506386967621779e+01 1.169714177339897709e+01
1.184922736937909704e+01 1.197611251017870693e+01
1.214660146456266787e+01 1.199807289377839759e+01
1.232204604563150951e+01 1.215331963774087320e+01
1.231595558095526499e+01 1.248519449624100197e+01
1.267052640270139285e+01 1.247525073996088807e+01
1.284394400234099187e+01 1.263461875627988107e+01
1.301065038587740474e+01 1.282337780970928520e+01
1.320714660836420506e+01 1.300345469472302007e+01
1.338631165656516231e+01 1.322971937004052201e+01
1.355613375995912229e+01 1.337821628175047195e+01
1.373130407333190917e+01 1.352845356771698349e+01
1.392219446971951413e+01 1.368425855590111340e+01
1.411661655357784184e+01 1.391488671650759557e+01
1.428692837694230100e+01 1.403763024025226791e+01
1.427424023764174166e+01 1.444293386058180140e+01
1.464304567876053476e+01 1.443338496380455638e+01
1.483596565264134526e+01 1.459080556155249120e+01
1.481678987812595061e+01 1.497362822112899927e+01
1.517725276801640177e+01 1.494518567151421173e+01
1.536717151215379396e+01 1.520506193521059757e+01
1.554853931072504380e+01 1.532731486369283225e+01
1.573497821238468575e+01 1.554751052431123703e+01
1.592046294089498737e+01 1.569797156444423614e+01
1.609308391167932584e+01 1.592865129927879053e+01
1.627127992934005363e+01 1.608950457681094193e+01
1.646027629119440761e+01 1.628870524983420864e+01
1.664391204804563174e+01 1.644990297078011565e+01
1.683572453812216807e+01 1.663298046311597744e+01
1.702238077882171297e+01 1.679137103296583433e+01
1.720497647576182132e+01 1.704861152300004790e+01
1.738960798101898320e+01 1.711363936682792186e+01
1.757557739844281031e+01 1.737015108941074715e+01
1.774678436845597318e+01 1.753163987719950612e+01
1.792380871406738763e+01 1.774316027688831099e+01
1.811039587976218357e+01 1.782384795146820977e+01
1.829949350042976519e+01 1.809033254195940899e+01
1.848170756106411261e+01 1.835029059662329587e+01
1.866722026206136320e+01 1.846686795593567254e+01
1.884738699359547454e+01 1.861828511243320605e+01
1.902951994970390004e+01 1.882405621141120022e+01
1.924391116066732010e+01 1.901028434636056375e+01
1.942555757745089551e+01 1.926282675102062925e+01
1.961492426596624128e+01 1.940166884312220574e+01
1.981402082859381863e+01 1.960842800546591747e+01
1.999227808048420130e+01 1.965709531777689278e+01
2.017331879602304667e+01 1.998030633377129206e+01
2.037568300319522052e+01 2.019686091687947993e+01
