0.000000000000000000e+00 0.000000000000000000e+00
5.740722611964359581e-03 -1.001198071448753668e-01
1.205089410332990836e-02 0.000000000000000000e+00
4.295925450255731921e-03 -9.759228440339412503e-02
2.966720638087712303e-02 -8.037011656750103761e-02
5.129075020029971732e-02 7.740175492906563592e-01
2.228547676158711410e-01 1.127257434818184523e+00
1.200897420035601515e+00 1.337284248561178224e+00
1.540850273958933370e+00 1.493350799542718210e+00
1.732560119652870823e+00 1.696158827227607580e+00
1.936144038104502307e+00 1.894964999234848957e+00
2.144216292813038827e+00 2.089530380154730249e+00
2.343113953401953165e+00 2.298129684537851158e+00
2.543610207262414047e+00 2.480700832885220919e+00
2.736129428861254098e+00 2.685994847924946249e+00
2.935927658820791208e+00 2.901518906118012442e+00
3.134006225413709323e+00 3.038399469592975688e+00
3.332459492850103011e+00 3.290998499988019965e+00
3.536704283315376784e+00 3.454184694701377012e+00
3.733277550217315444e+00 3.673110304871217036e+00
3.932928031719650885e+00 3.808292733198425317e+00
4.132019924996129134e+00 4.005477103085664403e+00
4.331925641674252425e+00 4.201772749709118848e+00
4.534425634882685685e+00 4.420756500336399775e+00
4.734825236138123117e+00 4.578983904331224153e+00
4.937128164676228614e+00 4.762961893622863485e+00
5.134842238597285835e+00 5.000638535601137136e+00
5.346428958969702272e+00 5.171997498392552295e+00
5.529867665273790145e+00 5.375609062589267850e+00
5.728527472887664729e+00 5.563208894282881012e+00
5.925555381969357605e+00 5.794232922848614464e+00
6.127248312041322365e+00 5.959977084621777443e+00
6.324842128637339300e+00 6.192216588834062563e+00
6.516168149235618934e+00 6.319021903029881315e+00
6.712737305145049405e+00 6.509374281499015424e+00
6.901993257095194068e+00 6.746885663292716551e+00
7.093473644741766115e+00 6.935531080580885188e+00
7.286418199980606580e+00 7.111884913277561004e+00
7.490885758683498707e+00 7.266338069048535075e+00
7.685419525852942968e+00 7.484885470216793735e+00
7.866390771903825296e+00 7.727323025186667138e+00
8.079124027345937264e+00 7.903572759017426286e+00
8.275641098426296693e+00 8.042654178349284422e+00
8.469875163500429238e+00 8.283569070837012660e+00
8.659348143811577359e+00 8.548714423004003748e+00
8.862960151741040349e+00 8.654117070486687879e+00
9.053971732757254642e+00 8.862399084589137388e+00
9.254456906077070499e+00 9.038186254787644813e+00
9.460950189343401817e+00 9.274298792091205001e+00
9.662059934996682031e+00 9.476858974648424194e+00
9.847214029624575815e+00 9.624535386876752696e+00
1.003993090976148395e+01 9.830198965929129784e+00
1.023351486427234391e+01 1.001924344698339020e+01
1.042397331284409745e+01 1.022930126728810407e+01
1.063523181147683694e+01 1.038240536957291660e+01
1.084130712097247340e+01 1.061053137652352341e+01
1.104841271365589783e+01 1.083214681763404563e+01
1.124859228492842966e+01 1.098052219543924757e+01
1.144548508759206662e+01 1.119618142451879450e+01
1.164255830612323805e+01 1.137701723397245068e+01
1.183405213970872261e+01 1.162932165235449311e+01
1.202227241286225201e+01 1.172704044690977376e+01
1.222519458451799323e+01 1.193628221540574330e+01
1.241661215099152038e+01 1.214853243010901629e+01
1.261518389693765663e+01 1.239057320192981138e+01
1.280751170675701545e+01 1.249987197115489757e+01
1.301166974823853373e+01 1.273186952230108382e+01
1.321046832526925741e+01 1.289193340649027952e+01
1.340886700877955917e+01 1.301343610867814427e+01
1.360794853495721135e+01 1.322894815598341722e+01
1.380741279080240425e+01 1.342699650632282271e+01
1.399822543394211927e+01 1.365519420120444138e+01
1.420327662123597534e+01 1.386111497728089681e+01
1.439461808923976882e+01 1.404770759176505734e+01
1.459384077415927550e+01 1.424043137661068315e+01
1.478868328100009855e+01 1.439497740929374103e+01
1.499180186190861974e+01 1.460340260213790131e+01
1.518509450054195575e+01 1.477805184444175701e+01
1.538206865415177305e+01 1.504543025037430937e+01
1.557595135103806250e+01 1.523311161252001789e+01
1.577025985553181364e+01 1.544259440414941942e+01
1.596550070823847278e+01 1.559719944152557858e+01
1.617332245972247406e+01 1.577124170365966727e+01
1.636468630789541834e+01 1.593883797251170265e+01
1.653752753662821107e+01 1.621835221744509070e+01
1.675665730628026395e+01 1.637591016972427838e+01
1.693911890181499302e+01 1.666392821385904099e+01
1.714750437391762716e+01 1.675560792466410120e+01
1.734080683535463052e+01 1.699575628060799559e+01
1.753093945828283395e+01 1.718644597154996134e+01
1.772199444490420817e+01 1.730524245487220369e+01
1.790802827096764815e+01 1.754733706936852045e+01
1.810508460636811279e+01 1.772934251911241788e+01
1.828984221431515778e+01 1.791129133893714709e+01
1.848169459199917952e+01 1.816822848491605313e+01
1.868810849066756674e+01 1.818031848434888786e+01
1.887689291329146712e+01 1.849572475166552721e+01
1.907884150644273191e+01 1.863992279596759616e+01
1.927771013381969567e+01 1.895735392624300530e+01
1.946879748810599509e+01 1.911947198978515061e+01
1.966637561200425921e+01 1.939472580037436344e+01
