0.000000000000000000e+00 0.000000000000000000e+00
3.641333730448700510e-04 0.000000000000000000e+00
2.917214780369771499e-02 -4.089821819653139193e-03
1.257506541317261750e-01 -9.182322157413301555e-05
2.708613848787965739e-01 1.489909507130901256e-01
4.040055571678384805e-01 2.382538930617673356e-01
4.432982108360617457e-01 5.124336369138541292e-01
6.183950709320348293e-01 5.934872230183441122e-01
7.164943787596790292e-01 6.863272620885705333e-01
8.106783789299959464e-01 7.874912823659548922e-01
9.056729999341234238e-01 8.770255606036413409e-01
9.984700903819180295e-01 9.705211714528504396e-01
1.094670918316840380e+00 1.058052638811987745e+00
1.186925981710410971e+00 1.162949623224021289e+00
1.283614332384402257e+00 1.249267051125359851e+00
1.371489547748881321e+00 1.344737751529381242e+00
1.465199286747752794e+00 1.403348721894157825e+00
1.559109581205498918e+00 1.518618521409730304e+00
1.647090528308492452e+00 1.603275096037155567e+00
1.741129810810841727e+00 1.690695917589260633e+00
1.834565311952161215e+00 1.791005126899505751e+00
1.924164075161489684e+00 1.886770198627210293e+00
2.014474010333068943e+00 1.978926694953062393e+00
2.112124805702938701e+00 2.070705216522298997e+00
2.206464401707996625e+00 2.158687507842900644e+00
2.293851679611625283e+00 2.241056916311256142e+00
2.383628296704557226e+00 2.337744593458328524e+00
2.472622810731029741e+00 2.436040299979847834e+00
2.565772192392995255e+00 2.529257223615548611e+00
2.659807965039021393e+00 2.594712546952202548e+00
2.751587296710997332e+00 2.694311223281387502e+00
2.844681161738308983e+00 2.783249676661884831e+00
2.931717845291232027e+00 2.885030312600449953e+00
3.029267976343982038e+00 2.966636470497138411e+00
3.119575471966642422e+00 3.073511045903525751e+00
3.211623396351964033e+00 3.142404483261787007e+00
3.302135605235463345e+00 3.244653200383584846e+00
3.399065518643197059e+00 3.341238352817778257e+00
3.487870767982682363e+00 3.420104233863416443e+00
3.581332937730355770e+00 3.521421813916455257e+00
3.671129758729456682e+00 3.619418793763812481e+00
3.763955499671086891e+00 3.697963704747823765e+00
3.852885474388688891e+00 3.776347766307690978e+00
3.941503580947345320e+00 3.849388053206224125e+00
4.036306646748554883e+00 3.970032685797759253e+00
4.130358332487973350e+00 4.070820314255479744e+00
4.218262413933689281e+00 4.163312229716496837e+00
4.308188021231878828e+00 4.203791352804973513e+00
4.403856114763201823e+00 4.346420300281947036e+00
4.494123165228999461e+00 4.409631302795480323e+00
4.590835355935592332e+00 4.528309755150115912e+00
4.683094470774554985e+00 4.599372925645508481e+00
4.774433707548480399e+00 4.682007777534971993e+00
4.861013871903674399e+00 4.783429762610936997e+00
4.950621518774020124e+00 4.862498949461949493e+00
5.040404555180051815e+00 4.954923299916909052e+00
5.134101937547764116e+00 5.050827969212173585e+00
5.223819819581122736e+00 5.132798118235915474e+00
5.311428886145111328e+00 5.222761739887485710e+00
5.402122671807451759e+00 5.337032146609955952e+00
5.495335874753584982e+00 5.395042772769055972e+00
5.588989415242667569e+00 5.473437781712015671e+00
5.681301895046354744e+00 5.583266629947638116e+00
5.778191409400191603e+00 5.708233850998670533e+00
5.867543601286469013e+00 5.764932630700758232e+00
5.958314694280806734e+00 5.868567367160955506e+00
6.053835893132552215e+00 5.957085556485080424e+00
6.141421425870299267e+00 6.020358690075458874e+00
6.242236176639369916e+00 6.122099579029264937e+00
6.332019911939277712e+00 6.219541722558999730e+00
6.428832968376481993e+00 6.299291933611420369e+00
6.520449006758090249e+00 6.419861597437868994e+00
6.617838278901200688e+00 6.510345006219504072e+00
6.703647950859376259e+00 6.594011369514759302e+00
6.800327859201307668e+00 6.672423651775670095e+00
6.891887699591199734e+00 6.775314523002513134e+00
6.980027093278788897e+00 6.881643952905554862e+00
7.078072584007538026e+00 6.966610971617712700e+00
7.169815989467473116e+00 7.025506226538664301e+00
7.258611420726442276e+00 7.120978354376612529e+00
7.352689606170195624e+00 7.238932390898715319e+00
7.447384980092197182e+00 7.295165317311040454e+00
7.527894358398633301e+00 7.436709662213615957e+00
7.623920251356483213e+00 7.499966700324904423e+00
7.712930947661323700e+00 7.570561011444855382e+00
7.804012077972702244e+00 7.694270632875213956e+00
7.887702248876443889e+00 7.785139353601871370e+00
7.980628679008974657e+00 7.862269515866747049e+00
8.075712398629274702e+00 7.926590200569374467e+00
8.167484906238469122e+00 8.038964859800014295e+00
8.253351481272762413e+00 8.170577502204963594e+00
8.352146886217459709e+00 8.230533803016438554e+00
8.439300899981986959e+00 8.288140859129056182e+00
8.533852176788837340e+00 8.418214855184674050e+00
8.618780889250782451e+00 8.488532546939254075e+00
8.711215775406175865e+00 8.617249205948922963e+00
8.800675550081061616e+00 8.685290648197160124e+00
8.897926668132805972e+00 8.761901481400625968e+00
8.984260787375172086e+00 8.845880592232399309e+00
9.084530543825806603e+00 8.957426991760973678e+00
9.172612676484542149e+00 9.060200974169369204e+00
