0.000000000000000000e+00 0.000000000000000000e+00
0.000000000000000000e+00 0.000000000000000000e+00
0.000000000000000000e+00 0.000000000000000000e+00
0.000000000000000000e+00 0.000000000000000000e+00
0.000000000000000000e+00 0.000000000000000000e+00
2.384372939015378876e-02 -5.336945509378802216e-03
7.248038637684710295e-02 2.944314626521724598e-01
4.801486385136889412e-01 1.143942223764516264e+00
1.187354632760085682e+00 1.145213369365283951e+00
1.328140043929007419e+00 1.363835968670650489e+00
1.481532916587027238e+00 1.512687007605702405e+00
1.611873974351397898e+00 1.603349025198018474e+00
1.723364915082706395e+00 1.786850594110925172e+00
1.857644348254743338e+00 1.910339677563972716e+00
1.991990946832269849e+00 2.040348877756843038e+00
2.107939892020096018e+00 2.160344447554035430e+00
2.242995854268942324e+00 2.281052385167092300e+00
2.370217935899506578e+00 2.400347099362741599e+00
2.515187366347871656e+00 2.497390375484838998e+00
2.636330404941499506e+00 2.607507464776060768e+00
2.751429094936748143e+00 2.722149370250988021e+00
2.876809888137020987e+00 2.851564088749939607e+00
2.997005077095230785e+00 2.958922273468008513e+00
3.122549672191584413e+00 3.065747787538181779e+00
3.198865781058130242e+00 3.247641404214412830e+00
3.335063194670428111e+00 3.369914624570494066e+00
3.502103195340581010e+00 3.471361327560194443e+00
3.623109663085030796e+00 3.596872893188881370e+00
3.753810539499111254e+00 3.721333901073170303e+00
3.884502503451063404e+00 3.824575251932920139e+00
4.010866641712590663e+00 3.960124434430570606e+00
4.142075024793832938e+00 4.084074248535528362e+00
4.272738954048229232e+00 4.200966050825971188e+00
4.400255242386148957e+00 4.320264811195430710e+00
4.531530506962593741e+00 4.478556345634340907e+00
4.655606033752792250e+00 4.598578369418521383e+00
4.781231212119370966e+00 4.724369912200488741e+00
4.914298110066217973e+00 4.826400933172396712e+00
5.047244571567317983e+00 4.976352644614284060e+00
5.178240505018939288e+00 5.081070199907355978e+00
5.309521800215981635e+00 5.230115106768990607e+00
5.437850651246677991e+00 5.360883427520948707e+00
5.568064280795596233e+00 5.483063873318505976e+00
5.694396223082001995e+00 5.635668703257604939e+00
5.828572957831120505e+00 5.753820262631659688e+00
5.957439794498763597e+00 5.838756396639980473e+00
6.089095999111764357e+00 6.035552632890926361e+00
6.228471789117373980e+00 6.138149514240360816e+00
6.356368097019127639e+00 6.267431549070472840e+00
6.496487511690768102e+00 6.378642632475729712e+00
6.624533714436630305e+00 6.510160675851097700e+00
6.757008545541272504e+00 6.660917526898396446e+00
6.891175666152318691e+00 6.791861269132406953e+00
7.021473627256134442e+00 6.908992153317838003e+00
7.160674610037760957e+00 7.046976526880953884e+00
7.286063200848426291e+00 7.149937865024506678e+00
7.420667061171491774e+00 7.310530995614594296e+00
7.546579784727048157e+00 7.427362155032755098e+00
7.689162159851617773e+00 7.543453897558578980e+00
7.812638008636593412e+00 7.694566046389892833e+00
7.942574308043123921e+00 7.816381266822409302e+00
8.081531863047825226e+00 7.950706960030371029e+00
8.203702384902065603e+00 8.092724889849232994e+00
8.343556158187345417e+00 8.162884046860307663e+00
8.466749269072815665e+00 8.349467680203032316e+00
8.592868440919291473e+00 8.461563937246481260e+00
8.725755047384119223e+00 8.602570957649941619e+00
8.855188566757487223e+00 8.673925202428430126e+00
8.986181869745136552e+00 8.838209199562857776e+00
9.120108538383265184e+00 9.017351076066210780e+00
9.249334939007701095e+00 9.067661787789203842e+00
9.385967302398679379e+00 9.232647036424106446e+00
9.519839958782750244e+00 9.343491122975644103e+00
9.653809313291871419e+00 9.482823502485439704e+00
9.777471530004435252e+00 9.598278478951042914e+00
9.913287815597733754e+00 9.778052571892219547e+00
1.004034581065959308e+01 9.896042026789826807e+00
1.016939338919380198e+01 9.982473331758077606e+00
1.031022068737263986e+01 1.008734662723805542e+01
1.043482592151012334e+01 1.024122621173759917e+01
1.056787604646811118e+01 1.037831868110036915e+01
1.069916161484408690e+01 1.052586700002523123e+01
1.083017457571962794e+01 1.062914200428831712e+01
1.095636869521071866e+01 1.078697736823087183e+01
1.109254628225212080e+01 1.090398682007925757e+01
1.121428624476721225e+01 1.105463148973973020e+01
1.134860503585365521e+01 1.119392688777766409e+01
1.148456320307105294e+01 1.130392926510530494e+01
1.161940097993379339e+01 1.146627964293364421e+01
1.174890152244465114e+01 1.155423462572084681e+01
1.187894926174756982e+01 1.165622615705096976e+01
1.202029644273379816e+01 1.182666690880041749e+01
1.214933646272499423e+01 1.195624617422058478e+01
1.227241224230761496e+01 1.209551550349551974e+01
1.240433089029085245e+01 1.217808474518938766e+01
1.253833602410212933e+01 1.238070848826019521e+01
1.265807397207928631e+01 1.251970355527325651e+01
1.279703892378173613e+01 1.261233336020254825e+01
1.293166803580420243e+01 1.271421385013003658e+01
1.306429771041909227e+01 1.278230853487222873e+01
1.319602648767681963e+01 1.302421202041235837e+01
