0.000000000000000000e+00 0.000000000000000000e+00
0.000000000000000000e+00 0.000000000000000000e+00
0.000000000000000000e+00 0.000000000000000000e+00
0.000000000000000000e+00 0.000000000000000000e+00
0.000000000000000000e+00 0.000000000000000000e+00
3.304410082453003439e-02 0.000000000000000000e+00
3.559996170738311677e-02 0.000000000000000000e+00
1.510712570703222624e-01 1.471066129377797438e+01
1.416929249305131933e+01 2.627952637677343262e+01
2.584760297166253196e+01 2.548156876536050319e+01
3.028152927684205054e+01 2.939336749470633947e+01
3.104885529517772724e+01 3.116292968346085601e+01
3.114324698434860039e+01 3.114536489745460557e+01
3.125458586449298437e+01 3.125487432187539127e+01
3.131064382746576769e+01 3.138457274521378437e+01
3.135855727308082308e+01 3.149990761486846935e+01
3.149037677546677827e+01 3.193786748488043159e+01
3.171081614285148120e+01 3.233388655061871475e+01
3.194052136871135872e+01 3.287884732267197307e+01
3.250110124418950619e+01 3.332806706581911982e+01
3.289458967815003376e+01 3.378943569621132781e+01
3.334788707569515509e+01 3.422002278125629005e+01
3.382507738982005918e+01 3.461399254314609664e+01
3.427053984734008907e+01 3.497028663578993957e+01
3.465029741035299793e+01 3.527250939969383126e+01
3.506353609825293205e+01 3.558795665043519563e+01
3.540524961319967900e+01 3.587387259634455461e+01
3.573641723020053007e+01 3.618698188104570335e+01
3.598265242739114456e+01 3.647157214291050309e+01
3.631280509180963634e+01 3.674455196354101361e+01
3.661836447655684168e+01 3.702318439612939471e+01
3.686198558953303461e+01 3.729176628164676544e+01
3.710887168428195793e+01 3.754869873589858997e+01
3.738515778068745021e+01 3.781070222748223841e+01
3.761725401861603757e+01 3.806222717353024620e+01
3.790430034040730334e+01 3.830008624893716274e+01
3.809622454326844831e+01 3.856393261768069181e+01
3.827715970088951281e+01 3.880884199549734603e+01
3.858601445306715050e+01 3.905422038289059117e+01
3.859486693776418775e+01 3.930133915967225278e+01
3.888715378274408607e+01 3.955556944748409620e+01
3.913045209334479324e+01 3.980527971132112697e+01
3.936856494550743690e+01 4.005684000718499505e+01
3.963352620776668545e+01 4.028934483619918439e+01
3.987936179640502132e+01 4.052017160504837534e+01
4.009988513347207828e+01 4.075622683303883065e+01
4.033652409903712055e+01 4.099079216738297049e+01
4.052528821681261206e+01 4.123962512135777558e+01
4.142725981631551235e+01 4.075846074306346623e+01
4.162169330371347087e+01 4.086867770310288961e+01
4.104039615867322510e+01 4.185759926486304039e+01
4.207724843183211050e+01 4.130958351974357612e+01
4.230558722553391249e+01 4.130551786297048267e+01
4.252370135935892392e+01 4.165324567391786559e+01
4.276198150180703550e+01 4.185035946206763668e+01
4.297536170113645682e+01 4.211893937281067224e+01
4.320843532894764394e+01 4.223869468304238950e+01
4.258251116979204909e+01 4.345386101530574763e+01
4.367782136506487944e+01 4.280364292640602741e+01
4.392679634722767190e+01 4.286578291646712557e+01
4.416034872835944469e+01 4.324130061759332477e+01
4.439465852378220490e+01 4.356179219487621168e+01
4.381377149976972873e+01 4.462717764457165259e+01
4.393387071473256356e+01 4.486644643051281633e+01
4.511327262366778257e+01 4.401252162655996614e+01
4.451194946758417359e+01 4.535450276112442225e+01
4.559600896879235421e+01 4.469818095600449936e+01
4.583680146399513688e+01 4.486808652212721427e+01
4.608572162562305863e+01 4.512458037904247732e+01
4.632796294171695450e+01 4.534283736273634702e+01
4.657044305922380545e+01 4.538900516574562971e+01
4.683032407316081702e+01 4.589675037924644130e+01
4.601107030569578882e+01 4.704120246490682433e+01
4.731768221500674088e+01 4.641720024205869066e+01
4.667651696234638337e+01 4.753949087551877994e+01
4.780467520437202467e+01 4.692814337622233012e+01
4.804619913705999323e+01 4.718056720701908091e+01
4.831630895735970199e+01 4.722974339684973444e+01
4.856543005769119503e+01 4.760378001497651468e+01
4.883306368707108192e+01 4.776026156966567981e+01
4.910213150789856229e+01 4.814467049798768272e+01
4.831979637049370524e+01 4.930523789218862163e+01
4.961648767881345634e+01 4.867317179443622877e+01
4.986256336245430987e+01 4.901910886479107887e+01
5.015040168013564426e+01 4.910292446012871181e+01
5.040223479069015866e+01 4.933884345956163031e+01
5.067786086891236863e+01 4.960670651582934454e+01
5.096158895411555534e+01 4.986732448691423514e+01
5.122885484956848501e+01 5.029303550950944413e+01
5.148705446260211716e+01 5.039374238825605801e+01
5.176621221239334147e+01 5.083059188892531211e+01
5.201053509628886928e+01 5.105468072324011786e+01
5.228283474770656625e+01 5.124212164471107656e+01
5.161921281883430623e+01 5.245716446573996450e+01
5.279778791762321788e+01 5.175069166267607557e+01
5.306274283793600688e+01 5.179273584530844943e+01
5.331512615641341313e+01 5.231176239448813448e+01
5.357631394197378683e+01 5.250157363223981832e+01
5.382492216473988123e+01 5.287013563084833123e+01
5.408577598947145759e+01 5.302747710706776729e+01
5.439660422970655418e+01 5.363739021648677863e+01
