0.000000000000000000e+00 0.000000000000000000e+00
0.000000000000000000e+00 0.000000000000000000e+00
0.000000000000000000e+00 0.000000000000000000e+00
0.000000000000000000e+00 0.000000000000000000e+00
4.695058512855081190e-02 1.872909406599183521e-02
1.402436196778189537e-01 2.852401048469400437e-03
7.042587769282621091e-02 1.790227761942240758e-01
7.042587769282621091e-02 0.000000000000000000e+00
4.372075877432708979e-01 1.986148624492417580e-01
3.119457442367596922e-01 4.215424390079720141e+00
5.974220078634919773e+00 7.379024616125303027e+00
7.789260260402730118e+00 7.782510456583379366e+00
8.196970401804476225e+00 8.186416637297829979e+00
8.249890604912838654e+00 8.392031639730795689e+00
8.486947976229828328e+00 8.725816608037270328e+00
8.679208377460563284e+00 9.084645124929009441e+00
8.993443427681610203e+00 9.280693544753484403e+00
9.163819318362548927e+00 9.589385935091064184e+00
9.500144362978492296e+00 9.849607051569337912e+00
9.770915122492498384e+00 1.018133724354635561e+01
1.002044672397215663e+01 1.047571555054343051e+01
1.033007620461611253e+01 1.072426875595997409e+01
1.058862203177609906e+01 1.097804380596994989e+01
1.084842967680147297e+01 1.120762070927003684e+01
1.110074312358040416e+01 1.141583097495148991e+01
1.133835612685472150e+01 1.163034034969202324e+01
1.158434531451097094e+01 1.182928401244425487e+01
1.182271278289591265e+01 1.204695903117927891e+01
1.204327570205649600e+01 1.225397083726330472e+01
1.228327818549489692e+01 1.247174755118670930e+01
1.248154263438806666e+01 1.265381117652433751e+01
1.272174775079442455e+01 1.286326023334807367e+01
1.287188759239679214e+01 1.305318316377618260e+01
1.310104824385669886e+01 1.325527141575102874e+01
1.334417420981053759e+01 1.345265593129986215e+01
1.353398410925610840e+01 1.365520199045765892e+01
1.370046867166278659e+01 1.383654306161644065e+01
1.388161056517481740e+01 1.402893843003310970e+01
1.406299887845700880e+01 1.421331839390596308e+01
1.437464853732091719e+01 1.417535370616292489e+01
1.430546533838708534e+01 1.457042087590913582e+01
1.456091799721252755e+01 1.476899257883002292e+01
1.463450874139692459e+01 1.494904317221064005e+01
1.513048077913731504e+01 1.482538837016825539e+01
1.530982729753335825e+01 1.503070529593864357e+01
1.516764038385239033e+01 1.551449465968965491e+01
1.570376333057541274e+01 1.539021137382758830e+01
1.556260520451722229e+01 1.590906839046979471e+01
1.609945694509270808e+01 1.575657085505210553e+01
1.592511748490762713e+01 1.631021764828528475e+01
1.649730618119095382e+01 1.608847329671989712e+01
1.670541352037868421e+01 1.628044328880871205e+01
1.689774512979768062e+01 1.647009688712529396e+01
1.709781721721547854e+01 1.666136013302305585e+01
1.730153892227915691e+01 1.687704460298794373e+01
1.749494153163168164e+01 1.707767340152018321e+01
1.770137766453153105e+01 1.726023934780463875e+01
1.790457497512553786e+01 1.741296707014743461e+01
1.765830723974203664e+01 1.809515492740520415e+01
1.831399097677515542e+01 1.785370056214871326e+01
1.851081794403414449e+01 1.801355782823893037e+01
1.872841677126369220e+01 1.827261723468426169e+01
1.893444395310578798e+01 1.851096931211258934e+01
1.915076815940853905e+01 1.871025714190638567e+01
1.934491227162592608e+01 1.890641015651892332e+01
1.955345030504806303e+01 1.908106688165150544e+01
1.975536400041847429e+01 1.926711126292038401e+01
1.997960004367476827e+01 1.944982406707665845e+01
2.019548595538679336e+01 1.975439260275840070e+01
2.041482216863135690e+01 1.990912679015721665e+01
2.062458860537149974e+01 2.013181833359412920e+01
2.084313954024354842e+01 2.032639375165377871e+01
2.105709863474147525e+01 2.049865550048707163e+01
2.075005160761344314e+01 2.122946835363960716e+01
2.147964802391517480e+01 2.100578369358846231e+01
2.169328675200614498e+01 2.120018447595888134e+01
2.191206783298934013e+01 2.140723714459477023e+01
2.211526335919548458e+01 2.158530419801281397e+01
2.234197198705405540e+01 2.174593852622746581e+01
2.256455803158114648e+01 2.205126526447709878e+01
2.277224440511822579e+01 2.221440618314109372e+01
2.241883288725228596e+01 2.292192567331435882e+01
2.319691933525092509e+01 2.269881225580735418e+01
2.341704216298001739e+01 2.287321101317446548e+01
2.363130050156951611e+01 2.319989455577695381e+01
2.385519283498179988e+01 2.338228147659648215e+01
2.405637229351607687e+01 2.358565942178835328e+01
2.429111822091231332e+01 2.379764199296183946e+01
2.401519186380793869e+01 2.442917862582691768e+01
2.470379089592893962e+01 2.423334148954017309e+01
2.491310835652651079e+01 2.447547398727298074e+01
2.512932901901479354e+01 2.468562226937363846e+01
2.534232952590207333e+01 2.487652350672489732e+01
2.557685256190191936e+01 2.505664042917442558e+01
2.579943971711293571e+01 2.536034303222145425e+01
2.602945984219859454e+01 2.559925739387831456e+01
2.625285937953765369e+01 2.580061273237256003e+01
2.645500802467559964e+01 2.601114742066132379e+01
2.668422366882468921e+01 2.625381944750686358e+01
2.691396732307431350e+01 2.636060999024385154e+01
2.675696994753170799e+01 2.704583499677008973e+01
