0.000000000000000000e+00 0.000000000000000000e+00
0.000000000000000000e+00 0.000000000000000000e+00
0.000000000000000000e+00 0.000000000000000000e+00
0.000000000000000000e+00 0.000000000000000000e+00
0.000000000000000000e+00 0.000000000000000000e+00
1.853267379170010082e-02 -3.957316507702684366e-03
7.854780298872841848e-02 3.048057094727024907e+00
1.891889659849189109e-01 3.982137424104943424e+00
4.436147367025454535e+00 4.447737419168046991e+00
4.410170189528378693e+00 4.406482631068461053e+00
4.404113245211837224e+00 4.402758741666900733e+00
4.438514292831169605e+00 4.438428811062165025e+00
4.484140029455157439e+00 4.478081777848482048e+00
4.530725920339269130e+00 4.526565447008135123e+00
4.620088785851115709e+00 4.671661367604397874e+00
4.733264572443164120e+00 4.832713658169146775e+00
4.886098600620217169e+00 4.870685956145849538e+00
5.052255965197628207e+00 5.272186075681339901e+00
5.307729117126205765e+00 5.495435729741414477e+00
5.525569143423128438e+00 5.740849261749118249e+00
5.755465886617859184e+00 5.944902359723875485e+00
5.961621993647475470e+00 6.143118599116827561e+00
6.150141718223467002e+00 6.330317648405567432e+00
6.349050829500902715e+00 6.494696017134708121e+00
6.521358863851534515e+00 6.684461078637792930e+00
6.702862110108714688e+00 6.848826751161255721e+00
6.872784585583811889e+00 7.018337861987028248e+00
7.066874502524364665e+00 7.194430104093433087e+00
7.239511963915410853e+00 7.346929285569724577e+00
7.411177870688790748e+00 7.505488872824901847e+00
7.601412163997505189e+00 7.671532690919344866e+00
7.717013036558080685e+00 7.826606658098593350e+00
7.890072650539844190e+00 7.979806068112277551e+00
8.130918139488226615e+00 8.062035301773232021e+00
8.279685360468244326e+00 8.125484635637564068e+00
8.270369686134772635e+00 8.448601750253734721e+00
8.497817730087474430e+00 8.610086129344331596e+00
8.768542549300700983e+00 8.637149015438593480e+00
8.780226889829403802e+00 8.931295748674283885e+00
8.964675640825154446e+00 9.092935908121532407e+00
9.119636932849582323e+00 9.260753720776380149e+00
9.420829195906263109e+00 9.295186537453746567e+00
9.588464620759236112e+00 9.415192149122928456e+00
9.615319679177821044e+00 9.761170720625656827e+00
9.935768788523304806e+00 9.780843139301772737e+00
1.011713768064195484e+01 9.958143226773719547e+00
1.028156364894193509e+01 1.013430960283653270e+01
1.031279335428785160e+01 1.044995179165092836e+01
1.062168733111563590e+01 1.047614645343804796e+01
1.079350149700892736e+01 1.064275529624545769e+01
1.097275681159461058e+01 1.080952770473440872e+01
1.114010568197880247e+01 1.098875314916407220e+01
1.131118757309570988e+01 1.114182237115233853e+01
1.147913858729993919e+01 1.134796395121589896e+01
1.166412696742309940e+01 1.149340606484731886e+01
1.183905528643079741e+01 1.167652658220011119e+01
1.202255110715240072e+01 1.186798991823780725e+01
1.204146196405530844e+01 1.217202624941537792e+01
1.236192443887050807e+01 1.220091608036113939e+01
1.255031253694212623e+01 1.241107242343955086e+01
1.272869052993622496e+01 1.258614933485416110e+01
1.291607152698244931e+01 1.275133678282454852e+01
1.309734410109786928e+01 1.293848425216620690e+01
1.326828069423253886e+01 1.316374196988512502e+01
1.345389181526157074e+01 1.333871844234205284e+01
1.362482520610539538e+01 1.353143214144751738e+01
1.382138938454947130e+01 1.368213639602416087e+01
1.401317838240269076e+01 1.387672918767035490e+01
1.419401550936191647e+01 1.404621107397924717e+01
1.437570747088259893e+01 1.423658338151778935e+01
1.456665000345758010e+01 1.438493762674292853e+01
1.474539480646694756e+01 1.455027140759432669e+01
1.492180114505144140e+01 1.478341727151231488e+01
1.510726788943333787e+01 1.494080190969920352e+01
1.530216040148056678e+01 1.512561290230018507e+01
1.548549524337512295e+01 1.535946547316222777e+01
1.565883562090129466e+01 1.551904938814562840e+01
1.585028912337891605e+01 1.571925890661369962e+01
1.603378179883053178e+01 1.585898623065030222e+01
1.623655774011715636e+01 1.609574978292559067e+01
1.641250212457743984e+01 1.629861083934408228e+01
1.661262635371399909e+01 1.642430239608444253e+01
1.679200402153932359e+01 1.660607938826084506e+01
1.698877385436565746e+01 1.679146869691307131e+01
1.717654474413152954e+01 1.703050471589672910e+01
1.735228952266717428e+01 1.718820774536293428e+01
1.755460550267081743e+01 1.731257887985707811e+01
1.775824510855601090e+01 1.755529717610809115e+01
1.794168998960034145e+01 1.773222062786152975e+01
1.813008997521479770e+01 1.789532969285058073e+01
1.833480374715888672e+01 1.805833181933396858e+01
1.851152682515441938e+01 1.830564128417345415e+01
1.871448252095161990e+01 1.849798973206076269e+01
1.889954468068318505e+01 1.866843475468590441e+01
1.909870319450929088e+01 1.890794669987620935e+01
1.928102436667273523e+01 1.904880864771926952e+01
1.947346256803232478e+01 1.915453207589359508e+01
1.965540836601811492e+01 1.946677458876420985e+01
1.985125817551126559e+01 1.963728902765611650e+01
2.003391538842662456e+01 1.971049021020394321e+01
2.022877132436151726e+01 2.005169274287670333e+01
