0.000000000000000000e+00 0.000000000000000000e+00
1.334883912234135703e-03 0.000000000000000000e+00
7.046157720951455594e-03 0.000000000000000000e+00
1.574121699449712239e-02 0.000000000000000000e+00
0.000000000000000000e+00 2.129017627677247393e-01
9.581074185866361725e-02 3.223573654991755966e-01
4.346920320644381275e-01 3.936143841071877980e-01
5.261542500785731935e-01 4.829048068162790641e-01
6.170416656165262914e-01 5.797193329670190520e-01
7.045042964117942397e-01 6.737871908230601559e-01
7.875646497404876767e-01 7.522232280511143010e-01
8.703152136300784658e-01 8.426499369506869064e-01
9.537668237076866173e-01 9.102509307438952924e-01
1.035556464035489732e+00 1.001513195877961948e+00
1.115744855902098598e+00 1.078252023080399358e+00
1.195559617772188554e+00 1.144881750390311037e+00
1.274336505253661489e+00 1.228404531589641913e+00
1.355038036072480967e+00 1.323277772103020888e+00
1.431636447043147964e+00 1.402026483061850515e+00
1.512523111603140791e+00 1.464796466694909371e+00
1.591353232776699711e+00 1.552009822822334906e+00
1.673118536731002415e+00 1.630412182462623649e+00
1.750165708282357624e+00 1.685889268219388226e+00
1.830395188065232936e+00 1.794564047444239474e+00
1.906749796498985239e+00 1.874650292455530609e+00
1.987316837443909412e+00 1.950291329872746005e+00
2.065722500244179471e+00 2.017518931487335632e+00
2.146869230513612781e+00 2.107540292992999387e+00
2.228180650238084315e+00 2.149332594903747840e+00
2.310370736993017093e+00 2.268714650321725479e+00
2.388514857691976800e+00 2.336429713041114464e+00
2.467173166731496448e+00 2.422844056094806131e+00
2.546465650909077727e+00 2.493620400892884170e+00
2.625107080597860243e+00 2.578825859058932135e+00
2.709671781531504564e+00 2.645849997584596380e+00
2.784892439120261631e+00 2.740955862066812632e+00
2.864238344772427780e+00 2.806712314373222661e+00
2.941605332571582743e+00 2.881242604061916790e+00
3.021122383848227066e+00 2.960754111915091080e+00
3.100828280315023111e+00 3.044278548805536833e+00
3.184875908840259839e+00 3.112679380069139690e+00
3.261712185124248986e+00 3.214734363454220922e+00
3.340809342736282161e+00 3.288123974156548446e+00
3.424467476827190549e+00 3.355681263896472810e+00
3.499995409985125150e+00 3.435483476770857081e+00
3.579248450258836645e+00 3.499691750444852367e+00
3.660662008233739328e+00 3.577254831958715187e+00
3.739593560091737601e+00 3.670397695248104331e+00
3.817037770273090214e+00 3.760525528696410102e+00
3.898931473445165441e+00 3.839110571927887072e+00
3.978342267266783416e+00 3.890056091004846728e+00
4.055287830285219108e+00 3.996294189071230019e+00
4.136808649634083679e+00 4.042260349314174661e+00
4.211712852842090626e+00 4.144989238258680153e+00
4.298275723420867500e+00 4.223787539740191832e+00
4.381147691077324602e+00 4.303968571002234178e+00
4.462058594465855066e+00 4.382662388063113035e+00
4.540886104592126493e+00 4.447012471275353818e+00
4.620806723966863316e+00 4.532062889591722765e+00
4.697652342642298251e+00 4.615498707663371114e+00
4.777424200408812105e+00 4.678031986034844714e+00
4.853186653836051967e+00 4.783907814126221680e+00
4.935631114928776597e+00 4.828300995007707819e+00
5.013350284249502131e+00 4.922755235758771164e+00
5.088156401963773057e+00 5.010055449988802145e+00
5.165336260799965551e+00 5.066371648936346617e+00
5.252324381430494959e+00 5.142052245284514100e+00
5.329154539059146600e+00 5.271690460220822771e+00
5.410634594756662530e+00 5.320999357885773051e+00
5.491499196503941249e+00 5.404581699760444558e+00
5.571036619543085600e+00 5.443780736454757907e+00
5.652547479529653529e+00 5.507820358656176474e+00
5.724821030676169542e+00 5.626433388361212096e+00
5.804629048873534813e+00 5.694898074251499409e+00
5.883108888392176716e+00 5.799199575454907496e+00
5.970910904708723876e+00 5.886189437558215332e+00
6.042415439881100525e+00 5.949503365505584007e+00
6.126573302043155422e+00 6.054191976995507929e+00
6.204272109106659272e+00 6.115863102640991755e+00
6.282252517801687475e+00 6.181709192582040657e+00
6.363622031220567798e+00 6.251050178410748615e+00
6.445810945330253894e+00 6.337686408430888818e+00
6.522002846971791890e+00 6.418396916999834723e+00
6.602276902986808693e+00 6.499090766413578635e+00
6.683287440583256966e+00 6.579569793836669511e+00
6.764747142566047700e+00 6.670344214407545103e+00
6.840820485007150786e+00 6.726984038878115690e+00
6.921091228838181841e+00 6.815612389738458177e+00
6.997104296029141857e+00 6.890875582690129342e+00
7.084792611239908666e+00 6.999046002763352980e+00
7.161665556637180075e+00 7.032932828365367151e+00
7.237741614982842187e+00 7.129472113994587801e+00
7.316526328986777017e+00 7.224300838236002775e+00
7.398881169446582362e+00 7.309124454228411061e+00
7.484995305243320907e+00 7.349069502300796586e+00
7.559629135805242761e+00 7.489079318272580110e+00
7.638014517782122148e+00 7.544746262062838049e+00
7.721320810424295189e+00 7.606855778118949196e+00
7.798011930207351838e+00 7.699493723130252931e+00
7.876554020595150085e+00 7.748923976347520615e+00
7.960785788032565868e+00 7.872337900801507971e+00
