0.000000000000000000e+00 0.000000000000000000e+00
0.000000000000000000e+00 0.000000000000000000e+00
4.908376996301940139e-03 0.000000000000000000e+00
4.478103240204484720e-02 -1.026856195241101100e-03
9.935034177082613382e-02 8.771025525148452287e-04
1.606870759494815060e-01 4.224256126709225456e-01
4.530015099065026751e-01 5.455448331601474576e-01
6.462667620928789214e-01 6.312317171828812912e-01
7.581513053259205659e-01 7.436951867917886982e-01
8.564219707502558343e-01 8.290550936948365424e-01
9.585880985049783920e-01 9.302749457229030350e-01
1.056814219707523206e+00 1.030145502672042968e+00
1.156432952373009027e+00 1.124504821268240695e+00
1.251900310270152250e+00 1.218215425846528754e+00
1.352753647657691349e+00 1.312391392941958168e+00
1.448817634435213941e+00 1.411607250300041860e+00
1.543969226273284923e+00 1.499472617889350934e+00
1.639085443648130580e+00 1.614997771245120672e+00
1.738677249199823249e+00 1.703030889536619741e+00
1.834279764124626899e+00 1.779999609677304306e+00
1.934069906332267719e+00 1.890446333977849669e+00
2.027548235757238526e+00 1.975703581949192378e+00
2.127890286685512944e+00 2.084848595526390014e+00
2.224156143189197632e+00 2.177595774364495806e+00
2.322126657539157701e+00 2.283707037499149717e+00
2.418421496766512746e+00 2.359691595875925696e+00
2.519184721084067213e+00 2.472880673028434284e+00
2.612834718430539827e+00 2.552399336580742695e+00
2.714035932475791224e+00 2.659602796785851098e+00
2.811804622185571922e+00 2.753719605578210494e+00
2.902183150243086374e+00 2.838565441824655977e+00
2.996837234189730470e+00 2.930567085310146425e+00
3.091269576075388770e+00 3.018796124164700334e+00
3.183796084427575224e+00 3.112662499051028764e+00
3.279479523786052120e+00 3.219962067354101176e+00
3.374877568639992109e+00 3.325750084946529128e+00
3.478989813195512149e+00 3.435189722023234360e+00
3.576962104710911472e+00 3.524032771990520452e+00
3.671481733788705792e+00 3.603147595732962394e+00
3.767786735511890139e+00 3.693690194513553404e+00
3.864926567903881338e+00 3.801566900426554874e+00
3.966574205534341147e+00 3.891332524478226418e+00
4.066686259068943876e+00 3.986938631907665176e+00
4.164440522052839100e+00 4.096962554701756964e+00
4.260681040027318289e+00 4.143207499914418612e+00
4.357130272622984357e+00 4.259246459533995832e+00
4.453533866734793456e+00 4.366744189716348146e+00
4.549899147159869095e+00 4.450491821533581138e+00
4.644346519439200627e+00 4.552308709766237804e+00
4.745989943579560055e+00 4.655938061211176482e+00
4.844010143007300151e+00 4.737063793693104152e+00
4.934125918206782480e+00 4.839942986181290152e+00
5.035352059529026647e+00 4.920324409637974128e+00
5.131397526382508012e+00 5.040030857146566845e+00
5.227255282702610195e+00 5.120569836503648276e+00
5.321155246755027157e+00 5.228625271964593146e+00
5.417536182652725074e+00 5.336309502145063277e+00
5.514376831664373313e+00 5.421549189803001489e+00
5.609981611995193518e+00 5.502099574466821075e+00
5.710042404048307318e+00 5.613796439653472525e+00
5.794507086406381013e+00 5.704295664506866537e+00
5.896259404917731928e+00 5.800573017909329998e+00
5.989024539558697846e+00 5.873822374282529069e+00
6.086189183146238690e+00 5.991483482517903525e+00
6.181839111450726065e+00 6.053725444944119793e+00
6.281101539944745404e+00 6.182381261206998602e+00
6.372031647289271739e+00 6.293925031424631555e+00
6.472170686592519928e+00 6.367464749651811751e+00
6.569850513458081132e+00 6.490771176509919194e+00
6.664370021432000968e+00 6.559190190096658490e+00
6.765825197517065348e+00 6.640611366576393060e+00
6.859954538625441245e+00 6.733449305266410612e+00
6.955898456184065992e+00 6.857330398398772786e+00
7.052336133793532191e+00 6.964801802295047750e+00
7.146108783448236856e+00 7.064452504926719278e+00
7.254210953112569804e+00 7.133941228051512873e+00
7.345226410660676386e+00 7.232681295580529302e+00
7.444199568012130008e+00 7.337447255085618458e+00
7.544837414441095902e+00 7.426745685302942768e+00
7.634755776822126805e+00 7.503485386936342039e+00
7.729556596217936892e+00 7.612435107125774536e+00
7.827403948119598276e+00 7.719470749976472312e+00
7.915373189805381848e+00 7.816183847982083321e+00
8.019553709247713158e+00 7.918012382760638346e+00
8.112343117439522189e+00 8.010500156476760836e+00
8.205955627267085717e+00 8.074526882978918962e+00
8.305688975977025379e+00 8.218590269668824888e+00
8.404343007183951997e+00 8.336884168311140542e+00
8.499946149364774328e+00 8.402379042787925911e+00
8.594302432510378509e+00 8.488663603162571292e+00
8.701315146642581766e+00 8.597986209944881608e+00
8.796728045912603378e+00 8.648939477136172727e+00
8.887855925457337491e+00 8.738052091912104302e+00
8.993843875213395123e+00 8.850589095420311025e+00
9.092083936566030644e+00 8.945918525809069877e+00
9.185398778598379721e+00 9.077246386431445657e+00
9.285204858233564451e+00 9.169673103242645951e+00
9.380522344714618654e+00 9.273989612632620450e+00
9.478051042105208879e+00 9.356637637645757621e+00
9.569235383070363810e+00 9.451319222286519661e+00
9.670771929538579670e+00 9.510410332843857617e+00
