0.000000000000000000e+00 0.000000000000000000e+00
0.000000000000000000e+00 0.000000000000000000e+00
0.000000000000000000e+00 0.000000000000000000e+00
0.000000000000000000e+00 0.000000000000000000e+00
0.000000000000000000e+00 0.000000000000000000e+00
0.000000000000000000e+00 0.000000000000000000e+00
0.000000000000000000e+00 0.000000000000000000e+00
0.000000000000000000e+00 0.000000000000000000e+00
4.668155755754723191e-01 1.019100746345103374e+02
1.324901246653243381e-01 1.666136784796456141e+02
8.727278715621493177e+01 1.900518319402162035e+02
2.612006020206183052e+02 4.220279257078416890e+02
3.842945561306238460e+02 4.806366282401511967e+02
4.305810618095827067e+02 5.722341874521724776e+02
5.123980295765508117e+02 6.143919046622871747e+02
6.140804388831935512e+02 6.357648893065509128e+02
6.271265293565444381e+02 6.160484581418006655e+02
6.394180246664217293e+02 6.808363216780998073e+02
6.648039912328183618e+02 7.081613431284673652e+02
6.868131391524748324e+02 7.256596534598702419e+02
7.027338681380407479e+02 7.381013088569313823e+02
7.205600032045409762e+02 7.465195108473726577e+02
7.322937363983742216e+02 7.527729709551094857e+02
7.407533995136883505e+02 7.575902021537596056e+02
7.452215536066546520e+02 7.614881842844113180e+02
7.515978293598795972e+02 7.641441432922761123e+02
7.547775093213059563e+02 7.663659202856717911e+02
7.575626339839842558e+02 7.683453729305598472e+02
7.598427726773493305e+02 7.699481479965890003e+02
7.626333493524854248e+02 7.712502141240006495e+02
7.648394968220187593e+02 7.724328578593067505e+02
7.650394042164132316e+02 7.734354164189154517e+02
7.666601299143239885e+02 7.744234181943290878e+02
7.677833711991605696e+02 7.752345813389248406e+02
7.687221387011284151e+02 7.759705745839804649e+02
7.690594231281855855e+02 7.766380910302580105e+02
7.698453324429927989e+02 7.771732933138589487e+02
7.696372560534981631e+02 7.776181158951588941e+02
7.778563790922001999e+02 7.691455479689057029e+02
7.780826421584090440e+02 7.651537092204814599e+02
7.658387003394627754e+02 7.784306593231965508e+02
7.786390569264308397e+02 7.674154640551232660e+02
7.640134019427118801e+02 7.789957810846304938e+02
7.792009909396908824e+02 7.659820829617630125e+02
7.659788994458059506e+02 7.795016115370801799e+02
7.797206942790367066e+02 7.653562278776340690e+02
7.799022693507586155e+02 7.651571048064498655e+02
7.801012715346105324e+02 7.646182382315072346e+02
7.803155713215804781e+02 7.635404896265771413e+02
7.640944413954803167e+02 7.805406992626731153e+02
7.807633107800270409e+02 7.643161250344310247e+02
7.809304501682354385e+02 7.647629341830146359e+02
7.811157495918531595e+02 7.645160860906465814e+02
7.812948961832498753e+02 7.647568665568809365e+02
7.654772576815130378e+02 7.814992868046518879e+02
7.816980693015975703e+02 7.651630896907366832e+02
7.818675276723640764e+02 7.671921944288939130e+02
7.629490325607898740e+02 7.820345895209779883e+02
7.822760308393388868e+02 7.639073319721704820e+02
7.824219397574215691e+02 7.627674825164704089e+02
7.826374697856952025e+02 7.663289078717657503e+02
7.655337696118818940e+02 7.828069455214381378e+02
7.656917223610721521e+02 7.830403306123132552e+02
7.832314077095705898e+02 7.643343187536901269e+02
7.617410697223413081e+02 7.834078711903256362e+02
7.836293739361361759e+02 7.667991134013441297e+02
7.837933651278485740e+02 7.649562609603281089e+02
7.840114779529023963e+02 7.636247406998803626e+02
7.841838582293217996e+02 7.664524766422894118e+02
7.671273294833301861e+02 7.843937331340753190e+02
7.647401617118665627e+02 7.846080902266197654e+02
7.663349547897951197e+02 7.848123190218985883e+02
7.638689644859682630e+02 7.850469343327001752e+02
7.649747862011721509e+02 7.852697951762029334e+02
7.854757524568860845e+02 7.652865123587818061e+02
7.856633785190618937e+02 7.635150221105784567e+02
7.858714978061696002e+02 7.626077783248257447e+02
7.669964478898911011e+02 7.860211002122805439e+02
7.862863684911427526e+02 7.670014743677304523e+02
7.864280425448996539e+02 7.640614838081319249e+02
7.866223961606719968e+02 7.659040046171310223e+02
7.868173523069114026e+02 7.647168889762509707e+02
7.675363463995834081e+02 7.869506828005949046e+02
7.627239525190668701e+02 7.871126205999300964e+02
7.873555322432225694e+02 7.656902469476709712e+02
7.875200406485242866e+02 7.668571716366684541e+02
7.626468601206283893e+02 7.876617805140275550e+02
7.879042514606095438e+02 7.650833928629862157e+02
7.880907055718355423e+02 7.614915384368857758e+02
7.882581946999476941e+02 7.663052277418161111e+02
7.630232947918439095e+02 7.883592112091373565e+02
7.624748482901130728e+02 7.885360684840218255e+02
7.646343328120966589e+02 7.886984545488489857e+02
7.889531419815263007e+02 7.663106167950368217e+02
7.651905815177295835e+02 7.890304820652958142e+02
7.624996658251920962e+02 7.892024785057010376e+02
7.893906130317957377e+02 7.620286165575706718e+02
7.588672822765130377e+02 7.894934943232242404e+02
7.603780093314285295e+02 7.895458910956390355e+02
7.598961285199128497e+02 7.893588026571819682e+02
7.764358085091788553e+02 7.901589626293133506e+02
