0.000000000000000000e+00 0.000000000000000000e+00
0.000000000000000000e+00 0.000000000000000000e+00
0.000000000000000000e+00 0.000000000000000000e+00
0.000000000000000000e+00 0.000000000000000000e+00
7.236055799216750684e-02 -1.153658171614609790e-02
4.121215262275949864e-02 0.000000000000000000e+00
5.146078959905035777e-02 -6.114895778893274930e-03
0.000000000000000000e+00 0.000000000000000000e+00
1.740933067254189504e-01 1.675388799891743274e-01
3.455972658198882552e-01 5.384503828005067216e-01
2.741449940811703012e+00 4.728587203452093490e+00
3.351128422725162981e+00 3.973964282145983518e+00
4.411119851516629886e+00 4.495098125962433855e+00
4.739776204932018899e+00 4.759468844993658188e+00
4.810503590824523279e+00 4.923836499729929095e+00
5.033174440537986349e+00 5.100749468486919902e+00
5.230478578874210527e+00 5.347603988619468396e+00
5.470916398676123116e+00 5.560511059388993260e+00
5.628029903521231780e+00 5.777682560773400589e+00
5.830035882240687251e+00 5.989032313069722946e+00
5.980023848004249132e+00 6.179360596410123030e+00
6.192387982914036471e+00 6.401828131557275370e+00
6.349580457431443392e+00 6.600444137559110303e+00
6.554457335703061993e+00 6.791894644647722856e+00
6.740645000634256867e+00 6.994922647577729080e+00
6.908523342238031439e+00 7.175270710866175072e+00
7.117952425650641679e+00 7.361269824475397350e+00
7.340307080859985511e+00 7.542247429738408115e+00
7.526508293521658288e+00 7.705579499114260322e+00
7.688966198291157461e+00 7.884796365159097320e+00
7.854900893053416766e+00 8.051166760880990481e+00
8.077945470067689371e+00 8.220034994331996359e+00
8.256235339609753865e+00 8.387590029048531903e+00
8.452072036615801309e+00 8.551352138929592783e+00
8.621331738152433033e+00 8.699628497281215900e+00
8.844388098005143917e+00 8.746258025781282086e+00
9.004668850790753964e+00 8.880294805316603757e+00
9.163842647134764263e+00 9.013247569415980820e+00
9.201504784148196947e+00 9.350396727133498231e+00
9.515075689196564213e+00 9.390433004370990488e+00
9.668123223287610202e+00 9.544277705490070929e+00
9.846147089247471840e+00 9.727236243603240240e+00
1.001440389567564004e+01 9.916165079670660631e+00
1.019148128123701724e+01 1.005669297510591953e+01
1.023199086829677462e+01 1.036191004010782812e+01
1.053117729398984892e+01 1.044721710697628581e+01
1.059768859280135977e+01 1.069631211022562312e+01
1.077603679503687317e+01 1.087595503130415509e+01
1.106281586206820400e+01 1.096927104658198893e+01
1.113241881966458635e+01 1.124943063715290670e+01
1.143255724859353784e+01 1.132025693660075305e+01
1.161174349713101073e+01 1.146596151328727942e+01
1.180158396623705208e+01 1.162693046205339975e+01
1.185292068394963927e+01 1.196007231276399807e+01
1.215472876002603542e+01 1.200986849300737980e+01
1.233329709384731743e+01 1.217190872369295462e+01
1.250894968722842293e+01 1.239465407873789893e+01
1.268548034885854747e+01 1.259685332374345457e+01
1.279311917182624825e+01 1.284896989116519173e+01
1.302678084597259556e+01 1.292873435496176349e+01
1.321949136086615617e+01 1.312196947129746860e+01
1.340603639960557203e+01 1.327950914745220423e+01
1.361378226576294281e+01 1.349487630625649714e+01
1.379639352045266598e+01 1.365659706060305645e+01
1.399430735111825719e+01 1.382246887329644380e+01
1.417999642540224237e+01 1.407533631316389844e+01
1.438181936596455834e+01 1.425270344923388777e+01
1.457591659044632770e+01 1.443545971201042910e+01
1.477072610450476731e+01 1.462691883211906152e+01
1.496485778758398233e+01 1.478481612846124627e+01
1.516180300667103076e+01 1.502635179097625340e+01
1.535168285258964183e+01 1.516497519705056085e+01
1.553942809210633769e+01 1.533957401049653058e+01
1.574704623353956912e+01 1.556170727264940901e+01
1.592140407453045192e+01 1.577056062328316877e+01
1.611999102650234050e+01 1.595266589695402004e+01
1.629999543008556628e+01 1.616893841135023990e+01
1.651558160713787515e+01 1.634543314968484751e+01
1.671099381429916519e+01 1.656012618391156366e+01
1.689136981068994103e+01 1.671819289717395662e+01
1.709661016454087701e+01 1.689391700406601515e+01
1.728415685518772804e+01 1.711049177878908978e+01
1.749228940074755556e+01 1.732380332473132967e+01
1.767754094885638594e+01 1.751328576428846517e+01
1.787266948719929260e+01 1.765445485729216557e+01
1.807140042398371804e+01 1.788901706123272817e+01
1.826710186845603801e+01 1.806605611123964295e+01
1.845822951103275500e+01 1.828570052978622940e+01
1.865256899868609608e+01 1.844092288560473847e+01
1.884167285272527081e+01 1.868466191698783518e+01
1.903024130001407954e+01 1.886494597038824139e+01
1.923288140940504576e+01 1.902772353145664397e+01
1.945490386945109407e+01 1.926999911874712623e+01
1.963090509639177128e+01 1.945404017389923368e+01
1.984944480571756031e+01 1.967930496508101257e+01
2.004178153523027461e+01 1.977529443869898529e+01
2.025352060761856521e+01 1.998468647601163894e+01
2.044631586546883284e+01 2.020017200486823583e+01
2.066444385043723031e+01 2.036432218289403551e+01
2.086840266770031960e+01 2.054115953683394835e+01
2.107042536143951494e+01 2.081638915425081038e+01
