0.000000000000000000e+00 0.000000000000000000e+00
0.000000000000000000e+00 0.000000000000000000e+00
0.000000000000000000e+00 0.000000000000000000e+00
0.000000000000000000e+00 0.000000000000000000e+00
0.000000000000000000e+00 0.000000000000000000e+00
0.000000000000000000e+00 0.000000000000000000e+00
0.000000000000000000e+00 0.000000000000000000e+00
0.000000000000000000e+00 0.000000000000000000e+00
0.000000000000000000e+00 0.000000000000000000e+00
0.000000000000000000e+00 0.000000000000000000e+00
0.000000000000000000e+00 0.000000000000000000e+00
0.000000000000000000e+00 0.000000000000000000e+00
0.000000000000000000e+00 0.000000000000000000e+00
0.000000000000000000e+00 0.000000000000000000e+00
0.000000000000000000e+00 0.000000000000000000e+00
0.000000000000000000e+00 0.000000000000000000e+00
0.000000000000000000e+00 0.000000000000000000e+00
0.000000000000000000e+00 0.000000000000000000e+00
0.000000000000000000e+00 0.000000000000000000e+00
0.000000000000000000e+00 0.000000000000000000e+00
0.000000000000000000e+00 0.000000000000000000e+00
0.000000000000000000e+00 0.000000000000000000e+00
0.000000000000000000e+00 0.000000000000000000e+00
0.000000000000000000e+00 0.000000000000000000e+00
0.000000000000000000e+00 0.000000000000000000e+00
0.000000000000000000e+00 0.000000000000000000e+00
0.000000000000000000e+00 0.000000000000000000e+00
0.000000000000000000e+00 0.000000000000000000e+00
0.000000000000000000e+00 0.000000000000000000e+00
0.000000000000000000e+00 0.000000000000000000e+00
0.000000000000000000e+00 0.000000000000000000e+00
0.000000000000000000e+00 0.000000000000000000e+00
0.000000000000000000e+00 0.000000000000000000e+00
0.000000000000000000e+00 0.000000000000000000e+00
0.000000000000000000e+00 0.000000000000000000e+00
0.000000000000000000e+00 0.000000000000000000e+00
0.000000000000000000e+00 0.000000000000000000e+00
0.000000000000000000e+00 0.000000000000000000e+00
0.000000000000000000e+00 0.000000000000000000e+00
0.000000000000000000e+00 0.000000000000000000e+00
0.000000000000000000e+00 0.000000000000000000e+00
0.000000000000000000e+00 0.000000000000000000e+00
0.000000000000000000e+00 0.000000000000000000e+00
0.000000000000000000e+00 0.000000000000000000e+00
0.000000000000000000e+00 0.000000000000000000e+00
0.000000000000000000e+00 0.000000000000000000e+00
0.000000000000000000e+00 0.000000000000000000e+00
0.000000000000000000e+00 0.000000000000000000e+00
2.287353729602567554e-01 0.000000000000000000e+00
3.413780397206010037e-02 0.000000000000000000e+00
3.413780397206010037e-02 2.600194265474421729e-02
2.206941914503607050e-01 0.000000000000000000e+00
9.506647007125731408e-01 1.869550176960525167e+00
3.246741240606552559e+00 5.968553534151482154e+00
6.576197855163740336e+00 5.493740057861905335e+00
8.596928180163939004e+00 1.087622021355908863e+01
1.239196481877594103e+01 1.290879737378894454e+01
1.555344784017746029e+01 1.619508227739100903e+01
1.621970797792831931e+01 1.782019273697227746e+01
1.820204633261243288e+01 1.895888002680530704e+01
1.945365082838486614e+01 1.971498648687251176e+01
2.011289702867744111e+01 2.031949148599452570e+01
2.058185964811292123e+01 2.084599165609132143e+01
2.110438602453005075e+01 2.125895241248846901e+01
2.152698944856957652e+01 2.162383735951430808e+01
2.188411672111269013e+01 2.196128102721960929e+01
2.222607690131000169e+01 2.227793523796431430e+01
2.257492564625225029e+01 2.252311695050421392e+01
2.287357459424168127e+01 2.283553950602823335e+01
2.318473129150189038e+01 2.314002562250426109e+01
2.349148983950633252e+01 2.342915888938926372e+01
2.380681541612166185e+01 2.372245082393689231e+01
2.413153728269616138e+01 2.403296691657537920e+01
2.444731813774165374e+01 2.428281736256062473e+01
2.476104746294332060e+01 2.461070782842688942e+01
2.508212573300727044e+01 2.497405961650572337e+01
2.539510045616832912e+01 2.525101300417294325e+01
2.573473625996224001e+01 2.554914177950500687e+01
2.606814839401436146e+01 2.594015039772469677e+01
2.639658156474567363e+01 2.622331572167815139e+01
2.672426544625641043e+01 2.651225835874179992e+01
2.702799043727604200e+01 2.685722216566605169e+01
2.734524400733073080e+01 2.717866834612068416e+01
2.765614807202043224e+01 2.750680547433778500e+01
2.797470964970725760e+01 2.779641986962084133e+01
2.828471652587202456e+01 2.813683481714401324e+01
2.861001637474075210e+01 2.845191582564428501e+01
2.893829543857215825e+01 2.875023317860783578e+01
2.927250393626992775e+01 2.909386520266826182e+01
2.958983648064322836e+01 2.939813638092523007e+01
2.991303323212973453e+01 2.974328919230479329e+01
3.022699652225708888e+01 3.004729929156830792e+01
3.055465564892142183e+01 3.035955933115553407e+01
3.089166019878704006e+01 3.064934505168903556e+01
3.120828610167868433e+01 3.098362058406588559e+01
3.153648636251299919e+01 3.132754819169308647e+01
3.187331633692009092e+01 3.160012707112660735e+01
3.221855357151077470e+01 3.199535173153257617e+01
3.256443238766035364e+01 3.233735203499182376e+01
3.289171080389493085e+01 3.265222733894409402e+01
3.321003903962365200e+01 3.298829762722222370e+01
