0.000000000000000000e+00 0.000000000000000000e+00
0.000000000000000000e+00 0.000000000000000000e+00
0.000000000000000000e+00 0.000000000000000000e+00
0.000000000000000000e+00 0.000000000000000000e+00
0.000000000000000000e+00 0.000000000000000000e+00
0.000000000000000000e+00 0.000000000000000000e+00
0.000000000000000000e+00 0.000000000000000000e+00
0.000000000000000000e+00 0.000000000000000000e+00
0.000000000000000000e+00 0.000000000000000000e+00
0.000000000000000000e+00 0.000000000000000000e+00
0.000000000000000000e+00 0.000000000000000000e+00
0.000000000000000000e+00 0.000000000000000000e+00
0.000000000000000000e+00 0.000000000000000000e+00
0.000000000000000000e+00 0.000000000000000000e+00
0.000000000000000000e+00 0.000000000000000000e+00
0.000000000000000000e+00 0.000000000000000000e+00
0.000000000000000000e+00 0.000000000000000000e+00
0.000000000000000000e+00 0.000000000000000000e+00
0.000000000000000000e+00 0.000000000000000000e+00
0.000000000000000000e+00 0.000000000000000000e+00
0.000000000000000000e+00 0.000000000000000000e+00
0.000000000000000000e+00 0.000000000000000000e+00
0.000000000000000000e+00 0.000000000000000000e+00
0.000000000000000000e+00 0.000000000000000000e+00
0.000000000000000000e+00 0.000000000000000000e+00
0.000000000000000000e+00 0.000000000000000000e+00
0.000000000000000000e+00 0.000000000000000000e+00
0.000000000000000000e+00 0.000000000000000000e+00
0.000000000000000000e+00 0.000000000000000000e+00
0.000000000000000000e+00 0.000000000000000000e+00
0.000000000000000000e+00 0.000000000000000000e+00
0.000000000000000000e+00 0.000000000000000000e+00
0.000000000000000000e+00 0.000000000000000000e+00
0.000000000000000000e+00 0.000000000000000000e+00
0.000000000000000000e+00 0.000000000000000000e+00
0.000000000000000000e+00 0.000000000000000000e+00
0.000000000000000000e+00 0.000000000000000000e+00
0.000000000000000000e+00 1.589817797949229228e-01
0.000000000000000000e+00 0.000000000000000000e+00
4.860113568147405028e-01 2.794660792512255743e-01
3.898354693892373546e-01 3.165480659451172407e+00
5.792005913337234801e+00 7.902669963296825806e+00
8.179712291383141931e+00 1.132513589835861900e+01
1.021352475520842518e+01 1.232709820194177297e+01
1.239163920541874475e+01 1.402591122193096140e+01
1.359729999317717564e+01 1.469135244194534629e+01
1.491951137429924579e+01 1.523811984252694529e+01
1.544522881606205367e+01 1.567507049798747332e+01
1.596865840760649746e+01 1.609565678094757502e+01
1.634412809531314537e+01 1.639930857762729133e+01
1.659759080879044646e+01 1.666738723200768746e+01
1.686964866963940679e+01 1.682595083059413454e+01
1.714102282297994861e+01 1.723153302352246641e+01
1.741141338133572702e+01 1.751140833861126467e+01
1.767780754038096802e+01 1.779637736730245479e+01
1.793036464205796321e+01 1.807007232320816925e+01
1.821063282697499019e+01 1.831529447877791483e+01
1.845681682942518620e+01 1.858045229276867971e+01
1.876835022228372196e+01 1.882333959418124891e+01
1.906452538477882896e+01 1.902645173895878017e+01
1.930878897527766114e+01 1.923035956289084325e+01
1.949723344771096478e+01 1.958539016659639742e+01
1.984943723168967367e+01 1.976711576384137814e+01
2.004033611638534040e+01 2.010634966527993228e+01
2.036980857119489485e+01 2.030437784862264650e+01
2.065059837729470260e+01 2.055862100976601070e+01
2.091472252073206661e+01 2.082813887693425414e+01
2.118284780425326019e+01 2.111539405984262885e+01
2.144100074114864540e+01 2.136747304327330355e+01
2.171916375516703468e+01 2.160832894289825035e+01
2.198386609348346710e+01 2.190044936467003822e+01
2.227451272354165113e+01 2.215795237907729742e+01
2.255263324345853349e+01 2.244638235103730040e+01
2.281705355983758210e+01 2.264885973553648313e+01
2.310947795119509252e+01 2.298449031230056505e+01
2.339323530962536069e+01 2.327206813766163762e+01
2.367397018465943859e+01 2.355841137935533069e+01
2.397854308329209516e+01 2.381605365497479099e+01
2.426517851245341006e+01 2.412912965253091002e+01
2.455678137871678146e+01 2.437965339335104176e+01
2.484028328490497728e+01 2.467175926372513217e+01
2.513737394617260534e+01 2.493986647780138455e+01
2.542392068312499021e+01 2.525268382426513369e+01
2.569846165693794049e+01 2.554422136581009894e+01
2.599103536108409784e+01 2.579431479068771438e+01
2.627849157885299292e+01 2.604097881824767668e+01
2.657289769052255934e+01 2.636462957921857608e+01
2.684403979652455519e+01 2.662480738072000364e+01
2.712606434117625653e+01 2.693073127884289875e+01
2.743657283346184173e+01 2.723224827838915019e+01
2.772106487168966282e+01 2.753259794981580555e+01
2.802022031095878773e+01 2.779455470671285511e+01
2.831126378171529367e+01 2.805654696303488294e+01
2.860145732642253336e+01 2.837659680022430209e+01
2.890314595627202721e+01 2.861683339988695352e+01
2.920026907889263512e+01 2.890822412116384754e+01
2.951449810910751026e+01 2.914472473349222881e+01
2.980113329421964607e+01 2.953180973430210088e+01
3.011478196079630010e+01 2.981309671032216002e+01
3.040144607631152240e+01 3.009872226211463797e+01
3.071769829924460282e+01 3.046810670443817415e+01
