0.000000000000000000e+00 0.000000000000000000e+00
0.000000000000000000e+00 0.000000000000000000e+00
0.000000000000000000e+00 0.000000000000000000e+00
0.000000000000000000e+00 0.000000000000000000e+00
0.000000000000000000e+00 0.000000000000000000e+00
0.000000000000000000e+00 0.000000000000000000e+00
0.000000000000000000e+00 0.000000000000000000e+00
0.000000000000000000e+00 0.000000000000000000e+00
0.000000000000000000e+00 0.000000000000000000e+00
0.000000000000000000e+00 0.000000000000000000e+00
0.000000000000000000e+00 0.000000000000000000e+00
0.000000000000000000e+00 0.000000000000000000e+00
0.000000000000000000e+00 0.000000000000000000e+00
0.000000000000000000e+00 0.000000000000000000e+00
0.000000000000000000e+00 0.000000000000000000e+00
4.879536330466314326e-02 3.722928856542647047e+00
9.436764524966191336e-01 0.000000000000000000e+00
4.126181264834045126e-01 0.000000000000000000e+00
2.295987470444345036e+00 6.198720797324127396e+00
4.712063082079581910e+00 6.359527662617722399e+00
5.852902384926286672e+00 6.482672688843190478e+00
6.337610520620663657e+00 6.487185466852397830e+00
6.615331098997985215e+00 6.647671406578174569e+00
6.761332972251299367e+00 6.934972163139065060e+00
6.937877284319110771e+00 7.037445716323118994e+00
7.137384075080276169e+00 7.221561846720009115e+00
7.311897422378168088e+00 7.285454902120402920e+00
7.421993327157816012e+00 7.406844530441762942e+00
7.576428830085381705e+00 7.705613680906199470e+00
7.723845659223907312e+00 7.892625540180202570e+00
7.882018337857715551e+00 8.062286772265178314e+00
8.047599449245623759e+00 8.209782320769063446e+00
8.332099646482204136e+00 8.198816247591214079e+00
8.339248882274921115e+00 8.511917855738447614e+00
8.502809523123666224e+00 8.659849309074303392e+00
8.685270196711154966e+00 8.809741646799416515e+00
8.865612137769117496e+00 8.953850054482966669e+00
9.101226912447035744e+00 9.036251720039533808e+00
9.251023028387045599e+00 9.172853948024163984e+00
9.404708698928313737e+00 9.297397908132642996e+00
9.561929197964932570e+00 9.433301663459696229e+00
9.719535697142331898e+00 9.581584840455709795e+00
9.886717607954162546e+00 9.770095088986360921e+00
1.004441149148856738e+01 9.916686912623584149e+00
1.020413690526082462e+01 1.007674972430516469e+01
1.036957550133877248e+01 1.024221370163961531e+01
1.053559363001627958e+01 1.039982778528342244e+01
1.070000998777074486e+01 1.059716845900990378e+01
1.086519822489558074e+01 1.073589359826722323e+01
1.104298989802877884e+01 1.089766653734729118e+01
1.120068978291005557e+01 1.108169088773074762e+01
1.137279399866354268e+01 1.122968525972493126e+01
1.154013112350821757e+01 1.141583815212402442e+01
1.170616258458325909e+01 1.153373174884638175e+01
1.188652654648457130e+01 1.173888111788094335e+01
1.205528033088967277e+01 1.191594229310877040e+01
1.221728167569359336e+01 1.210194874564619560e+01
1.239866747691379167e+01 1.228285115589326182e+01
1.257508713668269884e+01 1.243045935640722277e+01
1.275546974737643957e+01 1.260383126075449312e+01
1.291722854419698763e+01 1.273861099976824640e+01
1.310736801781082939e+01 1.302052809009609646e+01
1.328338165265829574e+01 1.313485167978119783e+01
1.346380026228598048e+01 1.333236109310847617e+01
1.363494723495143113e+01 1.349168931176357233e+01
1.382857876434821875e+01 1.371993965046317676e+01
1.400337901076074409e+01 1.388394749457813049e+01
1.417882830983901599e+01 1.403593724688519551e+01
1.437196615409479250e+01 1.417190858880589488e+01
1.454470413374527205e+01 1.437139895471829654e+01
1.473754784231594073e+01 1.453094024217764435e+01
1.491335028726430778e+01 1.465224060359925673e+01
1.510874764457710917e+01 1.490401237175420235e+01
1.529401837963242450e+01 1.506350844919856513e+01
1.546891299529240982e+01 1.521677915950474436e+01
1.566112781541182564e+01 1.540851146041369901e+01
1.583276237225384264e+01 1.558209756460740003e+01
1.601349203961999379e+01 1.580088293004818212e+01
1.621251609618230560e+01 1.603272427333265426e+01
1.637716613208523242e+01 1.617966569656972098e+01
1.655296666036760911e+01 1.639034769032202021e+01
1.673755180802533360e+01 1.654432785957439833e+01
1.693266734497262505e+01 1.674044574364703308e+01
1.711418906223979874e+01 1.693147331950033418e+01
1.730853859784050996e+01 1.700978941657819021e+01
1.749786401960692928e+01 1.726998633520046056e+01
1.767649227123541067e+01 1.745070127300613549e+01
1.785612743297127736e+01 1.760152092320059580e+01
1.804890823017625934e+01 1.788554085029126384e+01
1.823645983653429425e+01 1.802176482090465370e+01
1.842283930234244949e+01 1.810697179905213972e+01
1.862254752589661422e+01 1.836600709509771789e+01
1.880611824225992024e+01 1.862416377621440589e+01
1.899498600917230107e+01 1.867911954111691131e+01
1.918552921468870309e+01 1.897691834279373424e+01
1.936915452064343768e+01 1.911977348587203807e+01
1.955533057802128027e+01 1.934255149060089707e+01
1.975093834891470834e+01 1.951238048523503466e+01
1.995139129326747707e+01 1.971578956979664454e+01
2.014287373913219525e+01 1.985644199199521864e+01
2.034202633517769243e+01 1.996420870805093273e+01
