0.000000000000000000e+00 0.000000000000000000e+00
0.000000000000000000e+00 0.000000000000000000e+00
0.000000000000000000e+00 0.000000000000000000e+00
0.000000000000000000e+00 0.000000000000000000e+00
0.000000000000000000e+00 0.000000000000000000e+00
0.000000000000000000e+00 0.000000000000000000e+00
0.000000000000000000e+00 0.000000000000000000e+00
0.000000000000000000e+00 0.000000000000000000e+00
0.000000000000000000e+00 0.000000000000000000e+00
0.000000000000000000e+00 0.000000000000000000e+00
0.000000000000000000e+00 0.000000000000000000e+00
0.000000000000000000e+00 0.000000000000000000e+00
0.000000000000000000e+00 0.000000000000000000e+00
0.000000000000000000e+00 0.000000000000000000e+00
0.000000000000000000e+00 0.000000000000000000e+00
0.000000000000000000e+00 0.000000000000000000e+00
0.000000000000000000e+00 0.000000000000000000e+00
2.713438978318554740e-01 -1.066892770272227231e-01
0.000000000000000000e+00 0.000000000000000000e+00
2.001376232141313660e-01 -3.293524033235747245e-02
2.869617672882727177e-01 0.000000000000000000e+00
1.751725467359813437e-01 -6.893166921936422220e-03
2.358310271447393858e-01 2.455400170433880813e+00
4.063984094481796205e-01 4.388234393176223769e+00
4.005292158080222542e+00 7.249615671747081436e+00
6.968510116311370517e+00 7.279345396437210347e+00
7.320746945464919442e+00 7.497407670278545488e+00
7.418991532929191557e+00 7.582366181257157223e+00
7.680696403416582108e+00 7.748634462592248973e+00
7.852036962822698030e+00 7.937350589266903178e+00
7.992563990559816922e+00 8.122854343217190021e+00
8.130072553813873171e+00 8.276082621837298703e+00
8.261361338503400376e+00 8.421667994585483541e+00
8.442975870803214988e+00 8.562599120049336321e+00
8.695557290716200427e+00 8.603659681751581800e+00
8.843307558721296147e+00 8.739926680303447881e+00
8.983477786716505875e+00 8.899744037826195608e+00
9.020218143804878963e+00 9.138736517078413613e+00
9.284029386826038177e+00 9.198308214861269150e+00
9.439494729523783434e+00 9.326001856000287304e+00
9.590925263973655746e+00 9.462758422269800462e+00
9.750024488962358404e+00 9.626191872349677325e+00
9.907950113261810188e+00 9.810814256478044726e+00
1.007171882240714034e+01 9.957932463578092808e+00
1.022725359561536607e+01 1.012647576570812546e+01
1.038853994843105433e+01 1.030134911789306784e+01
1.054927864871201670e+01 1.045820029394421091e+01
1.070910815578162811e+01 1.063592836602116343e+01
1.087726597893198743e+01 1.079193561227289422e+01
1.105780296558873665e+01 1.094519929478643050e+01
1.121383635156797709e+01 1.111391415673935512e+01
1.138536818626764990e+01 1.128087726345984443e+01
1.154886065875174062e+01 1.143221950515373031e+01
1.171728016231783975e+01 1.162356134812455899e+01
1.188617466923128951e+01 1.175691057126265981e+01
1.205995994821329020e+01 1.193753348291650696e+01
1.223397587434932809e+01 1.210745987495862153e+01
1.240583508064198881e+01 1.223662582315232328e+01
1.258082398230106946e+01 1.248145360604008935e+01
1.275744871129796465e+01 1.265450114157105155e+01
1.293503035580496174e+01 1.281239411622266289e+01
1.311352334603747494e+01 1.296456339126796209e+01
1.329009817429946061e+01 1.320329231876666931e+01
1.348035320345414689e+01 1.335281895348101422e+01
1.366125219846643368e+01 1.344399392357319556e+01
1.384126455995140326e+01 1.365000073745220099e+01
1.401797235931421248e+01 1.384278293240909186e+01
1.420321327731941707e+01 1.399899610666796690e+01
1.438783570060925676e+01 1.417043157916596208e+01
1.457044408618678233e+01 1.435289016164141884e+01
1.475528872283737591e+01 1.449081618008729322e+01
1.494072998108109118e+01 1.468100727907152958e+01
1.512744991238663239e+01 1.493134693046796713e+01
1.531001426034356250e+01 1.509340638188330885e+01
1.549354404105221938e+01 1.520556153812576383e+01
1.568432667077252063e+01 1.544351599961290056e+01
1.587010440453012805e+01 1.565571831858040319e+01
1.606460845658967429e+01 1.572869808001104275e+01
1.623500907807260418e+01 1.600944718527430410e+01
1.642919181518342597e+01 1.622003068169050977e+01
1.662938373778529311e+01 1.641989070290117425e+01
1.680359351333512308e+01 1.643377323118546229e+01
1.701083258376510443e+01 1.667464832451736356e+01
1.721080056555400617e+01 1.690082612799119133e+01
1.737946015346753725e+01 1.696840668854455458e+01
1.758272240331899283e+01 1.719563792632378352e+01
1.776356884555980287e+01 1.733200176195044762e+01
1.794822617891779259e+01 1.746698801091662290e+01
1.813634270152352457e+01 1.770231126822841716e+01
1.832383280389075253e+01 1.788663981961390448e+01
1.850509473961401952e+01 1.807581004146410564e+01
1.868999979978671178e+01 1.826729392565537324e+01
1.889553913211853953e+01 1.837095654454707372e+01
1.907806246910951131e+01 1.868921842131772593e+01
1.927366698024124858e+01 1.873660046341223762e+01
1.945915947526345491e+01 1.903781214668601862e+01
1.966084502302522097e+01 1.916863317778033604e+01
1.984942066842512176e+01 1.930603561924310085e+01
2.004554771682015257e+01 1.961167889374458895e+01
2.022921697052188605e+01 1.971476769201802526e+01
2.041664313056015700e+01 1.994468200694650406e+01
