0.000000000000000000e+00 0.000000000000000000e+00
0.000000000000000000e+00 0.000000000000000000e+00
0.000000000000000000e+00 0.000000000000000000e+00
0.000000000000000000e+00 0.000000000000000000e+00
0.000000000000000000e+00 0.000000000000000000e+00
0.000000000000000000e+00 0.000000000000000000e+00
0.000000000000000000e+00 0.000000000000000000e+00
0.000000000000000000e+00 0.000000000000000000e+00
2.835918190954134221e-02 -6.377534110906765349e-03
0.000000000000000000e+00 0.000000000000000000e+00
2.881950676311192602e-02 0.000000000000000000e+00
3.383312944256473831e-02 9.986114695054097989e-01
1.983684252394836367e+00 3.946731064421204138e+00
3.404017466412984305e+00 2.884727847527392974e+00
4.484737380467033852e+00 5.658258400663877197e+00
5.311969185659359383e+00 5.588843305461455024e+00
5.568899976258770756e+00 5.629327528926216573e+00
5.692481448596081961e+00 5.769765935895505571e+00
5.798590531535393389e+00 5.924289655611238992e+00
5.973686479273990990e+00 6.024364133242534614e+00
6.098557502425616228e+00 6.264762111894169649e+00
6.248762361005673505e+00 6.393442853253286096e+00
6.360102317057521937e+00 6.569268034363929587e+00
6.584284002667085467e+00 6.747562399078037565e+00
6.806453203193563617e+00 6.949111074149035616e+00
6.942331355773778689e+00 7.146346557529954957e+00
7.080424683574515932e+00 7.307953484685825174e+00
7.221024240791390270e+00 7.441561160188244983e+00
7.426283630932290158e+00 7.587247289965222130e+00
7.581778310239204011e+00 7.723508095761976833e+00
7.796662519187088414e+00 7.875738067136613729e+00
7.990804922347742867e+00 8.015673529506353034e+00
8.149568751639408859e+00 8.124967290931428110e+00
8.300020994933355212e+00 8.262399116637432428e+00
8.408943116012062902e+00 8.455494034909353473e+00
8.599802354243644587e+00 8.546563169874991317e+00
8.748685521399810483e+00 8.681894491574711381e+00
8.908147764476023411e+00 8.835806343976736699e+00
9.064207786453604143e+00 8.964243830855213702e+00
9.163939181354242791e+00 9.234913912873567554e+00
9.390532745788284785e+00 9.347901005466347613e+00
9.505175195947877853e+00 9.554902863142762826e+00
9.713558739291611843e+00 9.645446090781117476e+00
9.872580182780126279e+00 9.819426063077766997e+00
1.004291832192396505e+01 9.969607620543008863e+00
1.020337435004154436e+01 1.015396745942299184e+01
1.037265652942991423e+01 1.027117835268217405e+01
1.053964833646772981e+01 1.047295373614210412e+01
1.069957947118936836e+01 1.065584633269732606e+01
1.087938025035290757e+01 1.083793787413873844e+01
1.104704312884054751e+01 1.097574511811629172e+01
1.121456563779036841e+01 1.116898846673282719e+01
1.139881690921330382e+01 1.131289663265842549e+01
1.157090304746242282e+01 1.147983758525306719e+01
1.175198725119099130e+01 1.165660098350068807e+01
1.193062989582564093e+01 1.183180730123079272e+01
1.211692463926878993e+01 1.200115541477621761e+01
1.230281652868310793e+01 1.216184744275305896e+01
1.248331136486291371e+01 1.234101715364603358e+01
1.266458564979499357e+01 1.257823626524598915e+01
1.284704383209065703e+01 1.268545311906776263e+01
1.302674875103998531e+01 1.290642062033290216e+01
1.319691951078676695e+01 1.306114224738335139e+01
1.337865949968596269e+01 1.325019791786791146e+01
1.355641459094173129e+01 1.343658937980816859e+01
1.374802842243185097e+01 1.356948884799489541e+01
1.392319669458233378e+01 1.375373230185106088e+01
1.411546489047642439e+01 1.393068039929998747e+01
1.429150957354031171e+01 1.419833138381437010e+01
1.446864852844787208e+01 1.434558955405049296e+01
1.465520719964503371e+01 1.446383631678647852e+01
1.484148259879624909e+01 1.467962326211880431e+01
1.501784026084531654e+01 1.488282914136531154e+01
1.522386488107260405e+01 1.502635538110210511e+01
1.539522673445056533e+01 1.523173135246202037e+01
1.559239122977945335e+01 1.547302107139324789e+01
1.578334561783911738e+01 1.563767225235048564e+01
1.596574047571389876e+01 1.582761910736280520e+01
1.616249993552493081e+01 1.590760431797004237e+01
1.634090832190419462e+01 1.617143978131472437e+01
1.653519031587203258e+01 1.632591300465011486e+01
1.672372349188503549e+01 1.658597843621935652e+01
1.692154026613209439e+01 1.676608862152466983e+01
1.710959617064575511e+01 1.693329228735291636e+01
1.729342819295226974e+01 1.706880625993078127e+01
1.749235133650413232e+01 1.723050666155765853e+01
1.768460189246917835e+01 1.746285930181407409e+01
1.786508389115141782e+01 1.759896815638533241e+01
1.806576653966859780e+01 1.782909650474573127e+01
1.825320067893548526e+01 1.797136791649706211e+01
1.843917017330393548e+01 1.811323530374379587e+01
1.863312258383598419e+01 1.839391967845779163e+01
1.881584874228180126e+01 1.850681149194820563e+01
1.899689320951440052e+01 1.879698637134286798e+01
1.918803765979687626e+01 1.903922702700105063e+01
1.936301472920428068e+01 1.919471831427901165e+01
1.955989738602741923e+01 1.930113136973528043e+01
1.974755504193339561e+01 1.946226009078824504e+01
1.993761960348715689e+01 1.970528790145353781e+01
2.012901877578186571e+01 1.988471992635144403e+01
2.031664426308991622e+01 2.006948613992104313e+01
