0.000000000000000000e+00 0.000000000000000000e+00
0.000000000000000000e+00 0.000000000000000000e+00
0.000000000000000000e+00 0.000000000000000000e+00
0.000000000000000000e+00 1.568004925948568787e-02
1.460519537537796342e-01 0.000000000000000000e+00
2.259403515332307766e+00 2.566505346953656286e+00
2.703189974693919417e+00 2.842997136369604494e+00
2.840442171191046583e+00 2.838441573783693883e+00
2.891305093642250412e+00 2.907501348712430822e+00
3.037487406867029893e+00 3.153124843256562393e+00
3.208173252513058404e+00 3.385950845224613648e+00
3.432371590902091985e+00 3.583267154397262733e+00
3.678045075044097612e+00 3.763129449773456425e+00
3.861602400435711235e+00 3.945570640633978332e+00
4.061969269194544374e+00 4.158227040581586209e+00
4.258809289595994585e+00 4.351408733578595367e+00
4.429412589398160627e+00 4.543229644728398853e+00
4.650975268213054292e+00 4.727326082435806320e+00
4.853938568080802263e+00 4.911989119222085698e+00
5.030074416453807373e+00 5.090003893110601751e+00
5.220788276440338826e+00 5.272628424578536865e+00
5.382344541613560018e+00 5.451933233034831794e+00
5.565246531927383167e+00 5.638734184183423537e+00
5.749077574878080910e+00 5.825391506602348279e+00
5.912513057159935137e+00 6.015769032185227516e+00
6.065255173602635885e+00 6.186992795545063650e+00
6.251407043075766445e+00 6.383886431556078378e+00
6.454071180890589510e+00 6.556426112921460714e+00
6.605161369931107807e+00 6.737154440669722355e+00
6.778748213182867133e+00 6.911177084326987519e+00
6.958465866557664192e+00 7.084992310738083887e+00
7.124769945673426363e+00 7.259711266067164104e+00
7.295769839185687999e+00 7.431017757353939324e+00
7.462577981070767308e+00 7.594470780590560466e+00
7.754826961045053757e+00 7.659551672431048175e+00
7.929183713968114944e+00 7.755653349114285611e+00
8.104687706245375267e+00 7.916027205560441260e+00
8.133362062402328618e+00 8.296074668455284851e+00
8.450106654910397808e+00 8.332245559872964336e+00
8.638259913433396164e+00 8.481467455085265783e+00
8.815101968178243652e+00 8.619341424630921011e+00
8.814236452358745311e+00 9.010238573615543700e+00
8.991179535714882931e+00 9.183222839152511696e+00
9.193710895688569806e+00 9.368999536963903196e+00
9.369061661286835374e+00 9.553881455714723359e+00
9.736687090635742337e+00 9.515251591758616456e+00
9.724470621930651149e+00 9.915098367766919552e+00
1.009766940554482950e+01 9.938747206128589085e+00
1.028528647516027128e+01 1.007555939652248078e+01
1.027222599395244806e+01 1.046074051858369636e+01
1.063967094104703470e+01 1.037910008479487622e+01
1.061097925911242434e+01 1.081801277446260379e+01
1.100024300726845539e+01 1.081912793945542894e+01
1.117939277416254384e+01 1.096799472680141285e+01
1.135780560575558873e+01 1.119769472220876239e+01
1.152504159670891326e+01 1.136823188616256353e+01
1.157625196083395736e+01 1.169704112588099676e+01
1.189572767018012200e+01 1.173522238764267200e+01
1.188535720219641156e+01 1.208118444636337330e+01
1.225736962470135083e+01 1.207855974914692787e+01
1.229982626736598483e+01 1.242523709108653307e+01
1.249395446256307274e+01 1.260698243977703292e+01
1.264074390838583284e+01 1.278141480806604946e+01
1.298279704987050387e+01 1.282326160935167003e+01
1.300153274214490651e+01 1.314817109954126018e+01
1.334425541387516212e+01 1.317298397678010957e+01
1.332639838513335206e+01 1.351537599607372009e+01
1.349830167894070776e+01 1.369313596540545319e+01
1.389125846432714084e+01 1.374869811204528602e+01
1.408287345554711933e+01 1.393150095763146368e+01
1.407728046127397370e+01 1.425074331178076648e+01
1.445292396906352472e+01 1.430783334652575256e+01
1.463806666567432302e+01 1.450726350339263249e+01
1.482857513125285465e+01 1.468222781733933324e+01
1.501496708496823729e+01 1.486776077517404993e+01
1.521179670946014895e+01 1.504910249677542033e+01
1.523189270281231344e+01 1.537093148365700124e+01
1.544408303796440940e+01 1.555368051657412209e+01
1.576669116553627426e+01 1.562374257284231938e+01
1.594815122604748403e+01 1.580944221441183295e+01
1.613884417050202558e+01 1.598957566470940606e+01
1.633027864498373560e+01 1.617435338590122385e+01
1.652495189443461143e+01 1.640195933176176624e+01
1.672077074459689783e+01 1.654037298440801962e+01
1.690762895960618550e+01 1.674914670836382768e+01
1.710853497030665693e+01 1.688227178895117220e+01
1.730787654132661757e+01 1.709081596202336684e+01
1.734408874224277852e+01 1.746109783310523511e+01
1.768211148423852919e+01 1.751382981499874347e+01
1.786288912972230847e+01 1.775443883442783033e+01
1.789407064236428724e+01 1.800339830987123690e+01
1.826178584996700494e+01 1.804262823259940518e+01
1.843105357885077211e+01 1.828586819831668819e+01
1.861526299938196161e+01 1.846251302659447546e+01
1.882606457367815622e+01 1.866870287677418361e+01
1.902774543715993971e+01 1.882995670583986580e+01
1.921731216427818367e+01 1.906709280955069374e+01
1.939737044334262350e+01 1.924788574980950528e+01
1.959961096272416725e+01 1.939407823227264416e+01
1.979245475786635566e+01 1.954707750926364440e+01
2.000427198387104255e+01 1.978822536950568534e+01
