0.000000000000000000e+00 0.000000000000000000e+00
1.730913111168599222e-02 6.214914657481058341e-02
2.377448258458221830e-01 2.017485348060154560e-01
2.018385461045893170e-01 6.758514663758790064e-01
1.287061569062674993e+00 1.326825653782030434e+00
1.564503626009420945e+00 1.587438693672460044e+00
1.800569537922575014e+00 1.825199411345873157e+00
2.009115691977135132e+00 2.085370689131611943e+00
2.228214298413167427e+00 2.334654147326061135e+00
2.481507930353894942e+00 2.541341135547583008e+00
2.690424348806859101e+00 2.753935565232947358e+00
2.901783207923898100e+00 2.952640655804730674e+00
3.095251558240928347e+00 3.143002590380746586e+00
3.253934982960144495e+00 3.341509790350635445e+00
3.489057893092987417e+00 3.541913677540352356e+00
3.654869136599590007e+00 3.720995184652037491e+00
3.827944110616619433e+00 3.907859209046486537e+00
4.017798026984226389e+00 4.097751069108948485e+00
4.200549787809539026e+00 4.287274513928819530e+00
4.341986981821492009e+00 4.470844449490887662e+00
4.549369345864643144e+00 4.651836232230308177e+00
4.808829857691312881e+00 4.734122204533851352e+00
4.878518530563990652e+00 5.005956771619739953e+00
5.108575384341888181e+00 5.179793015902592224e+00
5.351465095802011795e+00 5.267803636382735633e+00
5.482716517027032666e+00 5.560451046391523100e+00
5.674143562618879422e+00 5.754035815513080188e+00
5.846597488829866407e+00 5.930623014865092912e+00
6.109587250975660133e+00 6.026193576317909084e+00
6.209904134811001342e+00 6.302257483444807740e+00
6.381997151756295672e+00 6.500373316707300120e+00
6.668524781494767240e+00 6.575676585881823577e+00
6.852646076117476781e+00 6.749376942933339230e+00
6.928451611240324937e+00 7.044834588615112025e+00
7.116946004891123501e+00 7.239267095208602676e+00
7.325562141474152966e+00 7.429280746452684880e+00
7.495612680245917758e+00 7.613774723556947954e+00
7.801076063308426178e+00 7.700841750404885389e+00
7.873412874980813214e+00 7.983710819608623943e+00
8.059297062641682885e+00 8.171924740677537713e+00
8.232814952948936948e+00 8.349496510153066708e+00
8.528755354733849714e+00 8.406926864284223200e+00
8.710966471434423042e+00 8.597996838538398023e+00
8.893199789278062539e+00 8.795982124205538710e+00
9.013890958779784413e+00 9.099816541362873323e+00
9.289508216889794667e+00 9.165001821606168164e+00
9.360063635634983115e+00 9.476287784517634094e+00
9.569316496201551558e+00 9.665512665979459683e+00
9.737886426622358371e+00 9.860241862567317384e+00
9.972463305131645583e+00 1.004915679183169352e+01
1.023716851344643786e+01 1.013200368901703641e+01
1.032792012743239951e+01 1.042031712172201097e+01
1.049207477464730154e+01 1.061111971266599774e+01
1.070921771980455084e+01 1.079345373345836023e+01
1.090690346128647192e+01 1.098601978658612310e+01
1.116939869191495660e+01 1.105803597813043204e+01
1.128042690717967922e+01 1.135025855035804554e+01
1.147074181586131303e+01 1.155392811329875613e+01
1.173950519923842783e+01 1.166769477412883482e+01
1.193973138464816053e+01 1.184539763412037416e+01
1.214206210776167794e+01 1.203762188407968914e+01
1.232504249045313571e+01 1.222875591652084992e+01
1.251970619336390556e+01 1.242808673393871821e+01
1.262626676921994928e+01 1.271799312903127799e+01
1.281973594522086835e+01 1.290079073486553263e+01
1.310114650188252838e+01 1.300815280606558133e+01
1.317223199534836020e+01 1.328967185648958882e+01
1.348165241304385553e+01 1.338013408982759778e+01
1.365915712828844342e+01 1.357014779406022775e+01
1.386223692958651199e+01 1.378670074271638057e+01
1.396610216064600785e+01 1.402989919812356057e+01
1.423574636724205078e+01 1.410356393779371231e+01
1.431062111250793301e+01 1.442937455068901542e+01
1.449769779621554200e+01 1.461017006068525426e+01
1.480843659186118977e+01 1.473117668278081105e+01
1.499812696128380018e+01 1.487308451755818517e+01
1.518768587969675643e+01 1.507880926165052315e+01
1.537963112265677168e+01 1.529004210320815815e+01
1.557968518509913380e+01 1.546052852498083041e+01
1.566043594238737668e+01 1.574759905664023307e+01
1.595216110479931437e+01 1.587613615068667272e+01
1.615775076466561089e+01 1.607588601787877636e+01
1.634374056080493176e+01 1.623089927792139875e+01
1.653604743145201539e+01 1.641235189084926205e+01
1.673244023951226822e+01 1.662043462050960585e+01
1.693064169795091445e+01 1.683911420680204074e+01
1.711707497094169028e+01 1.707938360082563634e+01
1.731663773222401304e+01 1.721051462222226647e+01
1.750284876221910224e+01 1.739542045587561603e+01
1.772012631510127889e+01 1.759766353459093935e+01
1.789043380817674844e+01 1.776584814890433606e+01
1.796399321513976943e+01 1.808178925316600072e+01
1.829351041256340693e+01 1.817363192687671614e+01
1.850076661063162931e+01 1.832877102951178472e+01
1.868983817073740283e+01 1.854373161214568455e+01
1.891118203560057154e+01 1.867914406273684236e+01
1.909500165467021304e+01 1.895620274815805928e+01
1.930385687257597382e+01 1.909940778434748765e+01
1.950555235939274468e+01 1.935179729937163273e+01
1.969077723402070035e+01 1.945254659356299243e+01
1.988374712240948483e+01 1.974463613740621426e+01
