0.000000000000000000e+00 0.000000000000000000e+00
0.000000000000000000e+00 0.000000000000000000e+00
0.000000000000000000e+00 0.000000000000000000e+00
0.000000000000000000e+00 0.000000000000000000e+00
0.000000000000000000e+00 0.000000000000000000e+00
0.000000000000000000e+00 0.000000000000000000e+00
0.000000000000000000e+00 0.000000000000000000e+00
0.000000000000000000e+00 0.000000000000000000e+00
0.000000000000000000e+00 0.000000000000000000e+00
0.000000000000000000e+00 0.000000000000000000e+00
0.000000000000000000e+00 0.000000000000000000e+00
0.000000000000000000e+00 0.000000000000000000e+00
0.000000000000000000e+00 0.000000000000000000e+00
0.000000000000000000e+00 0.000000000000000000e+00
0.000000000000000000e+00 0.000000000000000000e+00
0.000000000000000000e+00 0.000000000000000000e+00
0.000000000000000000e+00 0.000000000000000000e+00
0.000000000000000000e+00 4.829710582564378463e+00
1.770188565878693776e+00 0.000000000000000000e+00
3.997008559812269546e-01 0.000000000000000000e+00
0.000000000000000000e+00 5.340914557857314726e+00
9.789650728324629236e-01 6.810979230300574727e+00
5.520217404886834878e+00 7.040383367464337461e+00
7.108133235826489482e+00 7.116937006307486158e+00
7.151602045278058206e+00 7.274944910728572189e+00
7.264998947951723629e+00 7.440639235988218303e+00
7.433159295003799016e+00 7.589393534092075733e+00
7.669811203952581202e+00 7.573863427268294757e+00
7.736756764340903203e+00 7.846841654804702415e+00
7.958531041182963506e+00 7.902754355823424781e+00
8.034871511310401004e+00 8.124681676680005182e+00
8.189992709020151196e+00 8.269082099283556531e+00
8.397148984047984044e+00 8.344197402807942865e+00
8.496090876760071353e+00 8.556144752365407058e+00
8.651816898964016289e+00 8.697750036868574952e+00
8.837852633010216508e+00 8.769248335661083971e+00
8.986098712647699216e+00 8.927145411455567725e+00
9.132873708819071012e+00 9.090081103853529854e+00
9.282242100385820649e+00 9.246505681944787725e+00
9.433112667998349465e+00 9.381822541874539567e+00
9.583833980791530038e+00 9.549574818296648004e+00
9.713930525745958278e+00 9.740321775627156953e+00
9.895814697605869625e+00 9.865544285440023486e+00
1.005608934309307223e+01 1.003366101001068245e+01
1.022157531170842226e+01 1.019229190585505407e+01
1.039171031655943800e+01 1.036417285431432234e+01
1.056561259220760363e+01 1.052991301161857685e+01
1.072695590371407270e+01 1.067460611576867890e+01
1.089694492892788880e+01 1.085388239748259309e+01
1.107056445743821804e+01 1.097979609203902562e+01
1.123197575867354203e+01 1.119057935456574171e+01
1.139295467294562769e+01 1.129973503623579667e+01
1.156402643552928389e+01 1.145498958301684311e+01
1.173377455112047407e+01 1.164825367794382593e+01
1.190950273103054435e+01 1.188094298537115989e+01
1.208208108390022417e+01 1.202057941268954444e+01
1.227072679252332499e+01 1.219362677984916132e+01
1.244842960191031800e+01 1.227689203723806877e+01
1.263259804740774328e+01 1.254336940776164155e+01
1.281327654533796689e+01 1.269871017818374170e+01
1.299392981927181445e+01 1.282894864056932605e+01
1.317909486866207480e+01 1.298490041874633683e+01
1.335013540570136925e+01 1.313095212733265704e+01
1.353925962156169582e+01 1.329078902376368809e+01
1.372444588376708730e+01 1.351683013853601345e+01
1.390871508391700218e+01 1.366645160133598047e+01
1.409051624304446548e+01 1.381158713940910054e+01
1.428157455558441846e+01 1.403541491934291585e+01
1.445892286327802445e+01 1.418722176951428260e+01
1.465517009638823254e+01 1.439155669114355263e+01
1.483773483327522946e+01 1.451801065526848511e+01
1.502453958242259446e+01 1.473449411167513290e+01
1.521225368228730446e+01 1.492822998557472403e+01
1.538689727524303663e+01 1.513267516056414586e+01
1.557235741138253360e+01 1.528137868769431762e+01
1.575165062035458696e+01 1.543752879846892512e+01
1.594708417411052714e+01 1.558245369639520561e+01
1.612157198867125629e+01 1.579397852629966081e+01
1.631080936091229816e+01 1.595964479252027957e+01
1.648523015053793372e+01 1.621097254200709159e+01
1.667420170291898529e+01 1.630943270823739510e+01
1.685923654233416613e+01 1.652812319123064455e+01
1.704467014789546653e+01 1.666542825835817609e+01
1.722410026643257197e+01 1.689382586926696561e+01
1.741244294526770631e+01 1.709744402774719418e+01
1.759071913271543863e+01 1.720537675361618213e+01
1.777388544984509622e+01 1.732230552727163087e+01
1.795286291177840710e+01 1.761539541047954671e+01
1.814714202416770661e+01 1.771186925163276271e+01
1.831482379543642836e+01 1.788372442663138173e+01
1.850625102748508155e+01 1.805927119110001655e+01
1.869281246892392900e+01 1.832763300232347703e+01
1.889369223327149072e+01 1.848975995359867852e+01
1.907831880250763490e+01 1.860029950838412205e+01
1.927406390087851307e+01 1.874198217524859800e+01
1.945747373962801419e+01 1.895454372203673543e+01
1.965510191002289275e+01 1.913345279706159019e+01
1.983291597951175333e+01 1.929082007123702169e+01
2.002444976276948196e+01 1.958774556021851865e+01
2.021208185729991058e+01 1.961232501389836713e+01
2.040638845296933113e+01 1.990888055417820368e+01
