0.000000000000000000e+00 0.000000000000000000e+00
0.000000000000000000e+00 0.000000000000000000e+00
0.000000000000000000e+00 0.000000000000000000e+00
2.255351115304413123e-02 -3.287988266333222338e-03
6.127434211466892267e-02 0.000000000000000000e+00
7.571411078549888929e-03 -3.576177030001428253e-02
8.191783442403759163e-02 1.250143387953350782e+00
1.835841543805153409e-01 1.684025036293134603e+00
3.014180969126588838e+00 3.603955886717518098e+00
3.374630547745503861e+00 3.462995951294888908e+00
3.594197048151739793e+00 3.427571933594090403e+00
3.719277680868183555e+00 3.711735082394941099e+00
3.829599847950288183e+00 3.919490200153385562e+00
3.987806467644217978e+00 4.156123261962854087e+00
4.146727914671493487e+00 4.341306162623642884e+00
4.322168894483792378e+00 4.538301938203664676e+00
4.545593937487988789e+00 4.801979140617289588e+00
4.754087878825623115e+00 4.985787906202086894e+00
4.952992928878093615e+00 5.193263544047360902e+00
5.148163889625990031e+00 5.394869328873292069e+00
5.355042903452138958e+00 5.569723959253069623e+00
5.563906189099799171e+00 5.731239065425515200e+00
5.750773339919842186e+00 5.901136898059946567e+00
5.936337591220725685e+00 6.072248871488942434e+00
6.099034181705043522e+00 6.239114317964605583e+00
6.291889890387672324e+00 6.406212077063922372e+00
6.483129771527576857e+00 6.560844829880869256e+00
6.625063202011808983e+00 6.715861455308377970e+00
6.861256980094394109e+00 6.801789489323914140e+00
6.913705666537168781e+00 7.039088026474211723e+00
7.102455894938326963e+00 7.196494849546417605e+00
7.349171685618773431e+00 7.224718016326953318e+00
7.506043663014883904e+00 7.407259609410203005e+00
7.667430376284436910e+00 7.565970756162202271e+00
7.823907560232099989e+00 7.721998440377674022e+00
7.998290767754316022e+00 7.900297020140454762e+00
8.168386889035661014e+00 8.056380358911320982e+00
8.230563263447068678e+00 8.342879652197915163e+00
8.509589814144700171e+00 8.426515539344617167e+00
8.576482953311085566e+00 8.668669739564000665e+00
8.848030332914392559e+00 8.759494894761267858e+00
9.004400838171973120e+00 8.926532046366178363e+00
9.179522483884911210e+00 9.060390419418174801e+00
9.350499242497974706e+00 9.289403161436720069e+00
9.518659078133346441e+00 9.440388553701190233e+00
9.695049075183380438e+00 9.650353273645652763e+00
9.871825767324168055e+00 9.801949719922076198e+00
1.006020915511189351e+01 9.996878009573283208e+00
1.023754977607025651e+01 1.016650869408471713e+01
1.042219104971722388e+01 1.033679326291423806e+01
1.059917714390215338e+01 1.051136185957843416e+01
1.069084480532682591e+01 1.075888375324792889e+01
1.096034169814434200e+01 1.088752195521654720e+01
1.104743635920619305e+01 1.111125951759980524e+01
1.131677351244199237e+01 1.124189561460914710e+01
1.149414080414788586e+01 1.140666982831279519e+01
1.160236782502225417e+01 1.163982024918393066e+01
1.184650774618575930e+01 1.178328750976636030e+01
1.202683292875224730e+01 1.196420416514999552e+01
1.220739004293198526e+01 1.212845627170502816e+01
1.239820944212011256e+01 1.232766267055931309e+01
1.258552106299207907e+01 1.250463366222599682e+01
1.267808750193024281e+01 1.274569878759421471e+01
1.296213335695314228e+01 1.289016627857510322e+01
1.314543321969645362e+01 1.306151340238768022e+01
1.333801939926814129e+01 1.322169184941220976e+01
1.353160388546361936e+01 1.340627671088747341e+01
1.372060900695412222e+01 1.361495808906713201e+01
1.391285163446967665e+01 1.377086526796217392e+01
1.410772921847692807e+01 1.394438789223007014e+01
1.430075624872467266e+01 1.417614706694977755e+01
1.449032810539058502e+01 1.436884166787363171e+01
1.468079843415121744e+01 1.451014877346287513e+01
1.487220473786651453e+01 1.474757496309404381e+01
1.505771074730655457e+01 1.493943589402318928e+01
1.524162404762307865e+01 1.513223987134893278e+01
1.542712891636431394e+01 1.531035987736117399e+01
1.561829275293985830e+01 1.546374996971463567e+01
1.580716467287555105e+01 1.567300045552143217e+01
1.600833173177260704e+01 1.588508685723068581e+01
1.618945703525908897e+01 1.608769869574353351e+01
1.639266753165927781e+01 1.619259197858186283e+01
1.656673233361565778e+01 1.640950067426431858e+01
1.676236594716047534e+01 1.666817710513673134e+01
1.695156125079585863e+01 1.681621529391314596e+01
1.714102327689942129e+01 1.700539226259579806e+01
1.732563915737608440e+01 1.718231092106519142e+01
1.751487625398450021e+01 1.740311258367503200e+01
1.769724954588633992e+01 1.746291550946832416e+01
1.790158361074406912e+01 1.773512999103222043e+01
1.808825313366670429e+01 1.794517224660358323e+01
1.828672748301218220e+01 1.816608124475896702e+01
1.847799271105109398e+01 1.827151412048790391e+01
1.867786886144195080e+01 1.852728235380672217e+01
1.887186121053127508e+01 1.862335124936759456e+01
1.907672277395423777e+01 1.887785597778673718e+01
1.926339494970887500e+01 1.913253597282396612e+01
1.944586317403416587e+01 1.919367236628423967e+01
1.963535104734321379e+01 1.949918912691333972e+01
1.983959134067756125e+01 1.966201987243013249e+01
2.001888961588048232e+01 1.985691697230827657e+01
