0.000000000000000000e+00 0.000000000000000000e+00
4.175233087092308066e-04 0.000000000000000000e+00
1.651581095898506640e-03 0.000000000000000000e+00
1.750770799170238076e-02 0.000000000000000000e+00
4.619042246755099973e-02 0.000000000000000000e+00
1.385230871566481836e-01 4.424065844064190012e-02
2.148308253285453329e-01 1.111458835518735366e+00
1.313846958961037092e+00 1.380591267251024767e+00
1.546325911030048683e+00 1.605347940734132006e+00
1.789598572426791545e+00 1.756767979292864768e+00
1.961409555318751385e+00 1.989058966948410223e+00
2.167607786907444378e+00 2.189217360992627093e+00
2.392264831670598557e+00 2.366168977545894059e+00
2.581610557870762435e+00 2.536012616169224465e+00
2.773029702338415170e+00 2.754895161110240132e+00
2.972226481017521849e+00 2.935483988092021601e+00
3.169926909848578944e+00 3.151319469744802593e+00
3.361515201934952568e+00 3.311387350175911237e+00
3.560259555189571490e+00 3.511938121412725433e+00
3.765168495796167303e+00 3.664270607249078715e+00
3.952828562600655626e+00 3.913188575810818026e+00
4.147243816592973253e+00 4.050199865229919816e+00
4.355371918559685973e+00 4.250110011506390784e+00
4.552068915547840433e+00 4.480346615290829781e+00
4.765457566295348890e+00 4.637892770979311408e+00
4.959809889600336419e+00 4.838066563468705006e+00
5.160147625330948173e+00 5.017875477313140209e+00
5.344527473756052416e+00 5.239624918736828896e+00
5.539578123194374371e+00 5.452400489107309234e+00
5.747170679482923816e+00 5.627863165275817536e+00
5.942004349371155847e+00 5.856071153486877456e+00
6.141276623542287538e+00 6.020132496479540407e+00
6.330080923698951700e+00 6.226608426768889260e+00
6.533041090261779260e+00 6.387185983531172617e+00
6.728502630465420076e+00 6.587149674805924171e+00
6.915878765573738818e+00 6.783630335496475539e+00
7.125646975908746406e+00 6.982645792495041803e+00
7.324745013887128842e+00 7.171077414785278492e+00
7.511141728574376231e+00 7.314234502123160730e+00
7.710295917898191576e+00 7.522874609411728031e+00
7.912711945298623206e+00 7.787577153805779417e+00
8.097509868350867279e+00 7.962948546003163486e+00
8.299335779608849606e+00 8.156834132122373404e+00
8.484411206573566844e+00 8.379623628098658017e+00
8.670131614787623064e+00 8.520808676810071702e+00
8.878392478126086118e+00 8.731759566381922966e+00
9.079156480498783210e+00 8.921919043370699853e+00
9.279776692915641334e+00 9.106352970582301865e+00
9.469617876697057568e+00 9.340950410214437838e+00
9.675881349659535502e+00 9.509941583429148082e+00
9.885041197092352405e+00 9.660787272408454029e+00
1.008148737879801793e+01 9.880880127415430536e+00
1.027102142793712680e+01 1.010248057780156117e+01
1.046967559479053378e+01 1.031141496554241499e+01
1.066009859287301964e+01 1.048353304014670861e+01
1.085858929352687419e+01 1.071647081807243396e+01
1.105545077251460206e+01 1.090353373292171923e+01
1.125148397353570218e+01 1.103179045003125047e+01
1.146314608821552206e+01 1.126342363457186302e+01
1.165091695112473147e+01 1.147107316161670809e+01
1.185365920085067337e+01 1.160672216742372242e+01
1.205718481402534437e+01 1.174996501637190605e+01
1.224857067688376766e+01 1.203517105197435733e+01
1.245093053627299184e+01 1.214635879359903825e+01
1.264183395800329102e+01 1.234077294220116272e+01
1.283237301774849293e+01 1.264247568875791394e+01
1.301592937637275682e+01 1.279761553067476676e+01
1.322309286958812002e+01 1.289991846180957857e+01
1.340820416861917508e+01 1.314701701015979651e+01
1.361328883855906291e+01 1.335036292299743543e+01
1.379601566310775951e+01 1.350251842820015291e+01
1.399407967332461844e+01 1.378845927691980222e+01
1.419826299917204615e+01 1.391687365539207377e+01
1.438485400663555502e+01 1.416040060878922979e+01
1.459904261437432460e+01 1.434279124198129018e+01
1.478407579430027496e+01 1.451249998073544134e+01
1.498034263985727321e+01 1.466292865003041967e+01
1.518075024939429163e+01 1.489429522620817004e+01
1.537313977653935204e+01 1.510633431265113025e+01
1.556985245699210729e+01 1.534873348500667234e+01
1.576429850918334452e+01 1.539203926646833587e+01
1.597198369170487098e+01 1.557440673398245679e+01
1.615768044764309508e+01 1.582172263285887936e+01
1.634558090339633196e+01 1.601131338053572861e+01
1.655447080418181116e+01 1.625132693568481201e+01
1.674295170335009786e+01 1.651493869860340880e+01
1.694439128466175504e+01 1.663129811202192698e+01
1.713321167503632125e+01 1.690481161668698817e+01
1.734067055490180920e+01 1.700760711475484044e+01
1.752628483397182890e+01 1.718485790209440722e+01
1.772111961254952561e+01 1.745891888720509399e+01
1.793423259858906960e+01 1.749433410528859767e+01
1.812741252820719495e+01 1.778566149968411736e+01
1.830671440055133914e+01 1.796525064230582203e+01
1.851311364119949587e+01 1.818256078657637076e+01
1.872445052051254066e+01 1.838855253451809091e+01
1.891237098304574360e+01 1.868452091047231534e+01
1.908541556573768716e+01 1.883407281671179234e+01
1.929739507316307368e+01 1.892249207091179741e+01
1.949197462157649241e+01 1.907954730073948468e+01
1.969727974560572292e+01 1.941394104480378857e+01
