0.000000000000000000e+00 0.000000000000000000e+00
6.557898303038931778e-04 0.000000000000000000e+00
3.305851981034301813e-03 0.000000000000000000e+00
9.560831865005241237e-02 0.000000000000000000e+00
1.198474105057026756e-01 -1.309424920702175962e-02
1.400075555467350241e-01 6.927156061383689112e-01
8.008515871676512576e-01 9.512613042154729470e-01
1.160250008685343115e+00 1.089188262109870076e+00
1.376198260348575841e+00 1.319416713171304156e+00
1.583962208747858869e+00 1.531795609131622049e+00
1.802300233586975109e+00 1.742562195575331430e+00
2.016977126684497357e+00 1.962192915557706696e+00
2.222088764860832732e+00 2.176812901521461452e+00
2.426616779030699167e+00 2.356608416867702616e+00
2.634555968031834894e+00 2.560422433984566926e+00
2.842715690296186537e+00 2.771357593924551832e+00
3.048576397553639517e+00 2.993074609757173654e+00
3.255654178507113805e+00 3.169941301325499783e+00
3.461096253441514392e+00 3.375792630520667803e+00
3.664666009557135062e+00 3.558276200709572734e+00
3.870711940429126585e+00 3.774155673083451124e+00
4.072722885058901454e+00 3.973766217229631081e+00
4.262598605747931479e+00 4.151156591096812676e+00
4.467576493688164341e+00 4.350470157824955386e+00
4.660335420904210935e+00 4.563994263538659446e+00
4.854662910175319368e+00 4.762338314581196386e+00
5.053063285211770506e+00 4.930236313875964171e+00
5.251386632285304223e+00 5.125562554662829839e+00
5.453393485512291861e+00 5.324127961417943311e+00
5.650582099139002779e+00 5.519257616153269375e+00
5.852529396020817565e+00 5.717642826956173430e+00
6.052489714606479332e+00 5.927260896632029485e+00
6.242405049895205948e+00 6.139024286777332584e+00
6.437442869831246028e+00 6.271082262777539995e+00
6.646841173338135178e+00 6.468792905930938808e+00
6.846012026290992480e+00 6.671163346853523635e+00
7.043372478382456947e+00 6.870070391948270405e+00
7.236614823871740931e+00 7.057909251934521677e+00
7.438027513576007443e+00 7.329947096954034791e+00
7.635033327375261969e+00 7.487429314784442624e+00
7.825504083073907324e+00 7.663523224879545737e+00
8.020716770786927796e+00 7.848030000971010445e+00
8.228902678193863451e+00 8.051280389167004614e+00
8.436081036718391601e+00 8.225386205553251173e+00
8.631148842254987130e+00 8.468068565343614296e+00
8.842865771561381649e+00 8.625624186146289674e+00
9.034515947864349528e+00 8.751503700182913903e+00
9.248999549165132450e+00 9.054339043764862538e+00
9.435960557629654133e+00 9.250218902435209500e+00
9.630688734722941291e+00 9.438651026413955591e+00
9.831495570705206077e+00 9.574836428997480553e+00
1.004309798431003564e+01 9.782773255486878483e+00
1.024376374411719404e+01 1.000859090434546417e+01
1.043997646433019888e+01 1.021132409775983163e+01
1.062722030734562573e+01 1.042604925290359574e+01
1.082721313487340176e+01 1.053236270438484112e+01
1.103582183512764026e+01 1.076991050223388058e+01
1.123789604882443527e+01 1.098987569644284079e+01
1.143709866988344004e+01 1.121960305002944835e+01
1.164050624660733391e+01 1.137097075674697955e+01
1.184357028444369853e+01 1.157683804682981688e+01
1.204729307212722667e+01 1.172633812418448507e+01
1.223747560381681332e+01 1.196456075474684511e+01
1.243758263239749517e+01 1.212451665388356936e+01
1.263638102130511243e+01 1.235888295711202467e+01
1.282676962640010210e+01 1.248642945793008252e+01
1.301134266303664511e+01 1.277595824620324549e+01
1.320857752624128700e+01 1.295481989854460636e+01
1.338935486119289742e+01 1.318578104094308756e+01
1.357781371266585957e+01 1.330811934027723353e+01
1.377713305342862959e+01 1.355613968669504743e+01
1.397173004466089985e+01 1.367417977159984943e+01
1.416103535162325855e+01 1.388117120359705936e+01
1.435648761725451550e+01 1.411086272906219996e+01
1.454763290758890726e+01 1.439665284945931845e+01
1.474612918720621302e+01 1.447463373358172234e+01
1.493536719726132667e+01 1.474067292351559111e+01
1.512762249687905403e+01 1.479583321759992742e+01
1.532453479809997532e+01 1.501697169257911568e+01
1.551545671958349715e+01 1.527205006827938405e+01
1.570840715474057703e+01 1.545786227994930151e+01
1.590467296891289983e+01 1.555852055829274505e+01
1.609391442043001419e+01 1.578000319735452806e+01
1.627843007166857703e+01 1.605223177579944149e+01
1.647346843163807506e+01 1.629121990598421377e+01
1.667037116192451407e+01 1.648403412460020689e+01
1.686641553159556040e+01 1.660214689124300236e+01
1.705835625307702230e+01 1.686260874245462915e+01
1.725855554054382068e+01 1.702312845193534940e+01
1.745786691397509216e+01 1.725937492921775984e+01
1.764198773037493240e+01 1.744167130761895379e+01
1.783442826834361838e+01 1.756603603677008962e+01
1.804792900091158359e+01 1.780125188429691008e+01
1.824777572454591734e+01 1.795958218968247522e+01
1.844140995269321337e+01 1.823911104527643090e+01
1.863929238842439418e+01 1.846368314578025149e+01
1.884252123423981473e+01 1.858280411559641720e+01
1.904462791176003478e+01 1.869767263929643875e+01
1.924572531022884547e+01 1.890265820644260586e+01
1.943911862994344375e+01 1.907367668155192675e+01
1.962458965441813419e+01 1.940637913796732406e+01
