0.000000000000000000e+00 0.000000000000000000e+00
0.000000000000000000e+00 0.000000000000000000e+00
0.000000000000000000e+00 0.000000000000000000e+00
0.000000000000000000e+00 0.000000000000000000e+00
0.000000000000000000e+00 0.000000000000000000e+00
0.000000000000000000e+00 0.000000000000000000e+00
7.993455461597423484e-02 0.000000000000000000e+00
2.532196139359156106e+00 4.050103463923595548e+00
4.214839214514743304e+00 4.981569842293765760e+00
5.248497964246086056e+00 3.522956159776377216e+00
5.367327977935636873e+00 5.534281138727909166e+00
5.661756237223018573e+00 5.649205785022684445e+00
5.612611262406298707e+00 5.595108845766896266e+00
5.693071345641760317e+00 5.703809139943238904e+00
5.760922086332564973e+00 5.852431191230719421e+00
5.898846460273648340e+00 6.199124847524444704e+00
6.122756886321428560e+00 6.386098076737973805e+00
6.362850646237518504e+00 6.579999518199635133e+00
6.568610569342130390e+00 6.789952729312988211e+00
6.770390546750944871e+00 7.015954079658765608e+00
6.986661691453089240e+00 7.225228126589421151e+00
7.243888863019377844e+00 7.410366948113325414e+00
7.429887533056676041e+00 7.610742009954749143e+00
7.650471198769579040e+00 7.783139906660900387e+00
7.843864323892562496e+00 7.962196123232961220e+00
7.982635037482069151e+00 8.128324491326907264e+00
8.177342560007831551e+00 8.305120495802031044e+00
8.365988227760075446e+00 8.480526369561408373e+00
8.555971444500530154e+00 8.656733836800849957e+00
8.753794409437517743e+00 8.815027520691506524e+00
8.894128346000107044e+00 8.983522822419368836e+00
9.039673050587115455e+00 9.147237051509570449e+00
9.244179213521075411e+00 9.304451078885795923e+00
9.392501070936026153e+00 9.484247928373914505e+00
9.564279282134092952e+00 9.643685284258713963e+00
9.748662716251278226e+00 9.811170601415156511e+00
9.876520709348378446e+00 9.980655899137349962e+00
1.005318484570541493e+01 1.014432625668201204e+01
1.020787500755593236e+01 1.030620427801400041e+01
1.040233867680756674e+01 1.047103507679588930e+01
1.056538459035096622e+01 1.063566984976800001e+01
1.065160288569676439e+01 1.079894779836910423e+01
1.082854345434350840e+01 1.096868847081052678e+01
1.098786307165179643e+01 1.113189636894958312e+01
1.114360209450780204e+01 1.131403044577643158e+01
1.132380538901480449e+01 1.147471243951455833e+01
1.145665352466337339e+01 1.163379410403681113e+01
1.163942092506205306e+01 1.180162475836596236e+01
1.172852638757063204e+01 1.194767687645087584e+01
1.208977846930915767e+01 1.188455537978419407e+01
1.223708775008831218e+01 1.204589879485672910e+01
1.238593789657171662e+01 1.219784797779825425e+01
1.234833967089965157e+01 1.254497430127783275e+01
1.269270961155383404e+01 1.246949174032389251e+01
1.284836079398358599e+01 1.261464306646290012e+01
1.300549168476455719e+01 1.280660434081068821e+01
1.316730438314682594e+01 1.299700101006865971e+01
1.333124066247230033e+01 1.313613652369509843e+01
1.324563919082898877e+01 1.349639879540015031e+01
1.345289536847583456e+01 1.367604044322273005e+01
1.362164651385384673e+01 1.383217897126608520e+01
1.398725320175549136e+01 1.379394943652342853e+01
1.416866247037158466e+01 1.387296400240025562e+01
1.432905521723873754e+01 1.415388037007300959e+01
1.428926095012504582e+01 1.450656613273190310e+01
1.468579820739011232e+01 1.447916496585690815e+01
1.465747378651894195e+01 1.485839616202252245e+01
1.502540823271935189e+01 1.481820128688252858e+01
1.495312973033703230e+01 1.518667324058500512e+01
1.536616079595698992e+01 1.514975679686314791e+01
1.552760544473363602e+01 1.530271798204784517e+01
1.543138064672856657e+01 1.569686342933788126e+01
1.564007385440285169e+01 1.585656713203720791e+01
1.604396865187839083e+01 1.579910170740238584e+01
1.620803302632973342e+01 1.594584120174150499e+01
1.617438847827275339e+01 1.636626095680240667e+01
1.657333101332311642e+01 1.630667969366936632e+01
1.674819791745064279e+01 1.648184349849027086e+01
1.692423243207419503e+01 1.658818187757413654e+01
1.709319234628847184e+01 1.678435563856359281e+01
1.727811050966172246e+01 1.697994540855968637e+01
1.745602183700519205e+01 1.712977987877669506e+01
1.762987438122925354e+01 1.733336218620005553e+01
1.781693718531128567e+01 1.751170717652455266e+01
1.800158204081274960e+01 1.773910241062254656e+01
1.818208523950204736e+01 1.788714665387521663e+01
1.836196718102505798e+01 1.803640633970175600e+01
1.854255292396791788e+01 1.820698065578812574e+01
1.870556869489129781e+01 1.843363833508103511e+01
1.889271301189018715e+01 1.863669359773576417e+01
1.906583094696672021e+01 1.875892295818508160e+01
1.925840369563441001e+01 1.897665083509325967e+01
1.944045766848558188e+01 1.912677862772857296e+01
1.960558148165423020e+01 1.930921355418484353e+01
1.948421657232586668e+01 1.973282464640168143e+01
1.997309999568668459e+01 1.967689703027605574e+01
2.014812110447946125e+01 1.986496131482857663e+01
2.032359983202583109e+01 2.005843875914183272e+01
2.050435777888112909e+01 2.023206040996030808e+01
2.067166401070144843e+01 2.043723427988571473e+01
2.087447398443780955e+01 2.066513406171975831e+01
