0.000000000000000000e+00 0.000000000000000000e+00
0.000000000000000000e+00 0.000000000000000000e+00
0.000000000000000000e+00 0.000000000000000000e+00
0.000000000000000000e+00 0.000000000000000000e+00
0.000000000000000000e+00 0.000000000000000000e+00
0.000000000000000000e+00 0.000000000000000000e+00
0.000000000000000000e+00 0.000000000000000000e+00
0.000000000000000000e+00 0.000000000000000000e+00
0.000000000000000000e+00 0.000000000000000000e+00
5.716654421296611943e-01 7.697782220431014011e+00
7.929412165237708088e+00 7.958832438578192559e+00
7.884976944263844878e+00 7.855866037128556023e+00
7.724362579366728987e+00 7.712087441626133355e+00
7.704401092711513854e+00 7.686761060690972869e+00
7.686251446489157146e+00 7.698958080467167342e+00
7.695044726112197253e+00 7.887142082150328193e+00
7.846551841949674255e+00 8.336585618188324887e+00
8.189074221185572711e+00 8.501572770947714019e+00
8.387357314335757152e+00 8.717149106191412145e+00
8.673967105027768909e+00 8.930036816484662410e+00
8.923431454874043212e+00 9.091668868301470141e+00
9.086597810354197335e+00 9.281464384103641052e+00
9.267874492895797900e+00 9.460440750443179780e+00
9.391838952018142450e+00 9.612230979775356232e+00
9.620934423712002470e+00 9.797625251386818945e+00
9.824708739997133122e+00 9.965209953458311176e+00
1.001902862921286186e+01 1.013098988868503980e+01
1.016918379512580728e+01 1.030729040248904482e+01
1.035515271111687774e+01 1.046795136893350708e+01
1.054223285373628904e+01 1.063137977063754924e+01
1.068123739664761018e+01 1.080192065795051093e+01
1.084748301092409761e+01 1.097319724113909523e+01
1.103815061896852789e+01 1.113494435473212540e+01
1.117317031522658866e+01 1.130713669503862207e+01
1.135414190345590235e+01 1.146925130608511623e+01
1.150009587956322221e+01 1.164343109013058886e+01
1.164824079652708022e+01 1.180047396774995683e+01
1.182600543489359346e+01 1.196553761904675284e+01
1.195541816334944940e+01 1.213255288693601841e+01
1.214133123615105703e+01 1.229327358177276963e+01
1.230431960298547622e+01 1.245933896255930939e+01
1.244349863362801578e+01 1.262003254848887046e+01
1.262117942910244217e+01 1.278512383190725288e+01
1.278923755312376009e+01 1.293940955664610115e+01
1.293415511287694208e+01 1.310681077207217271e+01
1.312436210140622350e+01 1.326212599295841699e+01
1.326998863301816378e+01 1.342544111676910212e+01
1.347839728643098667e+01 1.358926004535144649e+01
1.361117758906015140e+01 1.374997694927827929e+01
1.379713910517267550e+01 1.390597414654643948e+01
1.395799845701159470e+01 1.406549125371578768e+01
1.411844594676999343e+01 1.423468167789116023e+01
1.429502205176448548e+01 1.439073715057380376e+01
1.444618292792615399e+01 1.455419760416991082e+01
1.458972604138812734e+01 1.471672589414720278e+01
1.472573694236087327e+01 1.488377192634551172e+01
1.490806651902073376e+01 1.504353145439318595e+01
1.508831984514851854e+01 1.521351853116375707e+01
1.522556369873439586e+01 1.538356366568859812e+01
1.541381230127500324e+01 1.554247952335961358e+01
1.558270241931308497e+01 1.571312052938078274e+01
1.572998941003063855e+01 1.587090189818886188e+01
1.586378837169883127e+01 1.603295636040449423e+01
1.600812862963637428e+01 1.619525408202153116e+01
1.616190230030844788e+01 1.635101188912250336e+01
1.637712163305813107e+01 1.651396868048070843e+01
1.657385937810128240e+01 1.668720440642260883e+01
1.658193600763380005e+01 1.684533950032620453e+01
1.681347634270537483e+01 1.700005159137083410e+01
1.696108915564796504e+01 1.718423200853673194e+01
1.712919025594158029e+01 1.733761211326715213e+01
1.747141368476583168e+01 1.732554681482160674e+01
1.749456260922633888e+01 1.765784511532808665e+01
1.765971919096442377e+01 1.782521366758813741e+01
1.795199274263931244e+01 1.780041308001933231e+01
1.796524646070503906e+01 1.813081131423739478e+01
1.826875606562303034e+01 1.803262305556479461e+01
1.825514572958783788e+01 1.845226382784806063e+01
1.859496664203441441e+01 1.847212039354036506e+01
1.855039080742128021e+01 1.877082171715338177e+01
1.875646319824002006e+01 1.891537577460419683e+01
1.892601303010225067e+01 1.909014730946339355e+01
1.924077013586594020e+01 1.905451618622785759e+01
1.923567064900487722e+01 1.940408145049924116e+01
1.938196028277328509e+01 1.957428951685254859e+01
1.973562627075909504e+01 1.958169711540189439e+01
1.988693843241961545e+01 1.970241662097128454e+01
2.005710543845708571e+01 1.987654190371958762e+01
2.023083828556241315e+01 2.001617148576457694e+01
2.039423733571449304e+01 2.018195207987818307e+01
2.032899508917275355e+01 2.055003768840904144e+01
2.072360533249629100e+01 2.055391867157218400e+01
2.089592096359509199e+01 2.067113716633967258e+01
2.106675401720939078e+01 2.092491031516123456e+01
2.123916962950788445e+01 2.108064793145257454e+01
2.124657144897338412e+01 2.140620062308661886e+01
2.139038879338753674e+01 2.157686771843746243e+01
2.173969033945108720e+01 2.152262019762394729e+01
2.191157612829674406e+01 2.172392139900895813e+01
2.185007205432310329e+01 2.207617658743136957e+01
2.226094679812151611e+01 2.209542662447898920e+01
