0.000000000000000000e+00 0.000000000000000000e+00
0.000000000000000000e+00 0.000000000000000000e+00
0.000000000000000000e+00 0.000000000000000000e+00
0.000000000000000000e+00 0.000000000000000000e+00
0.000000000000000000e+00 0.000000000000000000e+00
0.000000000000000000e+00 0.000000000000000000e+00
0.000000000000000000e+00 0.000000000000000000e+00
0.000000000000000000e+00 0.000000000000000000e+00
6.994576122345599889e-02 0.000000000000000000e+00
1.626561362770836960e-01 5.919480002269414953e+00
5.016154941648597543e+00 5.916277289939993800e+00
5.830537986819850360e+00 6.001376657730780551e+00
5.923804198621651196e+00 6.054522930146930548e+00
5.944951310365630626e+00 6.074634266036096797e+00
6.093542330203471025e+00 6.383521062924168987e+00
6.378142512912534201e+00 6.542560229578728404e+00
6.657541311652937388e+00 6.840790154355058661e+00
6.839601754142487167e+00 7.032676399724062222e+00
6.936260429405177952e+00 7.322115266201506323e+00
7.197921125342144677e+00 7.548412906198281647e+00
7.493923086649481924e+00 7.734975184803482229e+00
7.711418883050251694e+00 7.932701965834432656e+00
7.914719221748237388e+00 8.128451842621835510e+00
8.059405078946383583e+00 8.302143747388250006e+00
8.284984954774825994e+00 8.480850208722181094e+00
8.492712892374386868e+00 8.640905758445706297e+00
8.680881058520629523e+00 8.810762113491561465e+00
8.811240359767069208e+00 8.981789426950282262e+00
9.005523337160813213e+00 9.142588304657104814e+00
9.187202640670200537e+00 9.309082737166541222e+00
9.331635460693121331e+00 9.476590019123609210e+00
9.510356425266593305e+00 9.641723022553726707e+00
9.661444260087430180e+00 9.803516111190932136e+00
9.835227602874793362e+00 9.979665873296379885e+00
1.003188880604454702e+01 1.014650809971550238e+01
1.018713755651713448e+01 1.030716027149189884e+01
1.035109639290433314e+01 1.047223899537255676e+01
1.051252817181427446e+01 1.063695432386675854e+01
1.066254044081076557e+01 1.079011749004443388e+01
1.083581672497796689e+01 1.096269160460812309e+01
1.097598921237374014e+01 1.112961035153084843e+01
1.115541854620909312e+01 1.127625146724924399e+01
1.131569532873323602e+01 1.143278545134491964e+01
1.151609069263612461e+01 1.159332107291584713e+01
1.162989108395973048e+01 1.174809088652295053e+01
1.181613230682530435e+01 1.189810597036228579e+01
1.201343688875270033e+01 1.196145549769321548e+01
1.207244833899348002e+01 1.219872459477215543e+01
1.224041946697713534e+01 1.235516320428783033e+01
1.238780330116161288e+01 1.252507522131268658e+01
1.255604167011868455e+01 1.268228065914627045e+01
1.281490075669942819e+01 1.273157746920054123e+01
1.284694138526272589e+01 1.299531211098039840e+01
1.304123902204595353e+01 1.315962594486989801e+01
1.329649934032454617e+01 1.308799320157042168e+01
1.334664670299381761e+01 1.348389829778199100e+01
1.346581473621816016e+01 1.363454727078492823e+01
1.360696454322216908e+01 1.380613170027845094e+01
1.379120876187040423e+01 1.398059248559515311e+01
1.393087876377832401e+01 1.412902253907179606e+01
1.427790708581053103e+01 1.408355086911509879e+01
1.433229607722158150e+01 1.445208994659780366e+01
1.461191680677246829e+01 1.445664809714233456e+01
1.477701123865145050e+01 1.452096590344272897e+01
1.493870964081805752e+01 1.468916094374934111e+01
1.494455125554710406e+01 1.511615447850720884e+01
1.527255636842663833e+01 1.509746295327077448e+01
1.543038379054291376e+01 1.523944452570679609e+01
1.560898929714761252e+01 1.539367753688384965e+01
1.558886127459618187e+01 1.578838492087325562e+01
1.593757046189798210e+01 1.577046818596804734e+01
1.611210552246078009e+01 1.585949040084539874e+01
1.610443467283511154e+01 1.626182196076857522e+01
1.620099272389296630e+01 1.644165234742790815e+01
1.660862780207024159e+01 1.636261385307415850e+01
1.678556798157465835e+01 1.658128720044268078e+01
1.694232551721082558e+01 1.671480008881376023e+01
1.712211651202162344e+01 1.691461740350893805e+01
1.729947082633738376e+01 1.703916524549146416e+01
1.745094790352265690e+01 1.729538635012292502e+01
1.740023637867359341e+01 1.762047291825368589e+01
1.780962158626141800e+01 1.762214101567706592e+01
1.798415038084875661e+01 1.780508035860936644e+01
1.795551827024246094e+01 1.813415850596582857e+01
1.834050700301306236e+01 1.812737999624330598e+01
1.849907229833512545e+01 1.831458638434405728e+01
1.847973440928361910e+01 1.864735264150193927e+01
1.885113950328514321e+01 1.865555285467315727e+01
1.901485454321803203e+01 1.875260099896334864e+01
1.899645262031625847e+01 1.916072999186414449e+01
1.936045845940955346e+01 1.914473493645143876e+01
1.952135119530471741e+01 1.937865826302697414e+01
1.969934524084509420e+01 1.948692807295058316e+01
1.988332174605968561e+01 1.965894092461135401e+01
2.005909455714507317e+01 1.980946800670711383e+01
2.004348511787420506e+01 2.018851549517574639e+01
2.041640234456267677e+01 2.020065305286380308e+01
2.056668593754248420e+01 2.039757806050915079e+01
2.076097752127660812e+01 2.057210951408368516e+01
2.092615780385060731e+01 2.071862104779937397e+01
2.112476842848220926e+01 2.094439653230169540e+01
