0.000000000000000000e+00 0.000000000000000000e+00
0.000000000000000000e+00 0.000000000000000000e+00
0.000000000000000000e+00 0.000000000000000000e+00
0.000000000000000000e+00 0.000000000000000000e+00
0.000000000000000000e+00 0.000000000000000000e+00
1.982571753795427799e-02 0.000000000000000000e+00
3.248018178683546170e-02 1.095425334633705949e+00
4.923066866226525895e-01 1.762901228971916812e+00
1.914953033421928907e+00 2.133473769727474600e+00
2.252780539228572465e+00 2.306727527358773067e+00
2.449724731569002500e+00 2.467733135435224767e+00
2.593450546968426806e+00 2.650264771758590765e+00
2.807024225599277667e+00 2.794289506397844569e+00
2.968073060185265177e+00 3.003833968274898236e+00
3.166156763064435609e+00 3.136892311038254721e+00
3.326324521809945978e+00 3.388081965981176946e+00
3.498909048963327439e+00 3.570028133031600603e+00
3.736695717944208184e+00 3.696693772781041165e+00
3.913088932322558389e+00 3.855622255369894003e+00
4.083023285645190903e+00 4.033434678959722852e+00
4.266635585522370100e+00 4.228334494565217483e+00
4.414250068860599008e+00 4.456871666540028976e+00
4.590392069457932323e+00 4.639036811259258819e+00
4.828076158297714748e+00 4.777833514922742886e+00
5.009854192429131103e+00 4.925081772066664421e+00
5.189153694141646511e+00 5.123918016027319666e+00
5.367550475330628679e+00 5.327462187674041338e+00
5.557413984521843098e+00 5.517986003176829968e+00
5.734533862099628898e+00 5.709736428604456293e+00
5.937799689168306472e+00 5.885107663213882567e+00
6.130314841195862563e+00 6.057929814588145057e+00
6.321476597015267096e+00 6.252213938331021126e+00
6.512480227178215841e+00 6.446477050843207657e+00
6.703824404781624224e+00 6.592981549035584088e+00
6.890475873230663240e+00 6.787691051893031791e+00
7.083225886634449076e+00 7.006361634471553579e+00
7.274568718611194917e+00 7.174998870140327334e+00
7.483607708912254353e+00 7.380602600222591292e+00
7.668941409545846355e+00 7.555027357699932722e+00
7.851263906087605271e+00 7.758543998596459268e+00
8.033874776937528495e+00 7.932898492883578179e+00
8.227575979031527709e+00 8.114534951869963209e+00
8.427641842029942154e+00 8.321138124797256452e+00
8.612140184075641969e+00 8.491261994291352977e+00
8.813399974076386201e+00 8.681012862639068572e+00
8.997339352422129011e+00 8.877024752465008106e+00
9.184521530884770968e+00 9.072342525235734811e+00
9.375764941118946538e+00 9.289059210642172104e+00
9.565713398126659328e+00 9.438574307914853634e+00
9.766254705108940115e+00 9.636256319349406851e+00
9.969434751240706660e+00 9.836074789641093830e+00
1.014732557597943874e+01 1.002629669297577841e+01
1.036051958243018944e+01 1.019742133124539052e+01
1.053955873787074715e+01 1.041951492274768931e+01
1.074250761109245644e+01 1.056424056523672839e+01
1.093933394657315539e+01 1.081656204025051338e+01
1.113768361458763856e+01 1.099228606936541475e+01
1.132674740794581147e+01 1.121229645810299047e+01
1.152562970521857011e+01 1.142127482569631169e+01
1.172025270008361097e+01 1.153084091096768304e+01
1.190954185172768653e+01 1.179132695336674530e+01
1.211971349357954608e+01 1.193865432557211292e+01
1.231011943526838515e+01 1.210018572103377466e+01
1.250199754217070058e+01 1.236902837284679535e+01
1.270356298101024883e+01 1.250325873101574814e+01
1.289835154139269768e+01 1.271092628064354813e+01
1.309855671651647491e+01 1.285767181243227775e+01
1.329943739859981200e+01 1.309523830753509799e+01
1.349076719317915796e+01 1.322871514917663305e+01
1.368989471247464174e+01 1.347958048774811601e+01
1.388848455222612799e+01 1.362209630333336108e+01
1.409103258722895191e+01 1.386337773681063190e+01
1.430173559395328908e+01 1.404758225010735373e+01
1.449972922161147260e+01 1.423643719706919342e+01
1.469307695525968782e+01 1.444623525446343137e+01
1.489876686703886577e+01 1.459017783769932031e+01
1.507224242437248662e+01 1.476207188691153505e+01
1.496139992207622349e+01 1.516502098617315397e+01
1.543735221528495138e+01 1.513054633860799925e+01
1.561822883424281905e+01 1.535866285799724018e+01
1.581071539673660986e+01 1.557297850125150163e+01
1.600577809672552831e+01 1.568277297556858940e+01
1.619940313553903266e+01 1.586537875084796489e+01
1.639049958396151752e+01 1.610481220643431044e+01
1.658887748451999400e+01 1.630679554224312611e+01
1.677609851776989558e+01 1.646174816149422782e+01
1.696321310409096839e+01 1.669098724471169604e+01
1.716089900851375205e+01 1.687175493928840453e+01
1.735012862585656990e+01 1.710026568017905291e+01
1.754737499915639631e+01 1.736185464462309724e+01
1.773886094002062919e+01 1.749406589019547198e+01
1.792699156408679428e+01 1.771788587109803359e+01
1.813151315430586052e+01 1.776775072743224371e+01
1.832279841489370042e+01 1.808730211755989004e+01
1.852543195172875201e+01 1.820625312857103850e+01
1.872693334564043255e+01 1.847098033846586063e+01
1.864128252400569252e+01 1.874664254747669645e+01
1.908446262971977703e+01 1.877979046247363115e+01
1.926357269514643278e+01 1.901574990124530373e+01
1.944840479811196587e+01 1.917216474923648661e+01
1.964858290860431822e+01 1.939637445255728210e+01
