0.000000000000000000e+00 0.000000000000000000e+00
0.000000000000000000e+00 0.000000000000000000e+00
0.000000000000000000e+00 0.000000000000000000e+00
0.000000000000000000e+00 0.000000000000000000e+00
3.408575155864845135e-02 6.120370732405007452e-02
1.168084674829612674e-01 3.207620684600595573e-02
8.233354357107637300e-01 2.657865383169792928e+00
1.164057972602649205e+00 3.156851487937015310e+00
3.415784930156296806e+00 3.425139727333670336e+00
3.456431213722375606e+00 3.516713699170213037e+00
3.595798816586588842e+00 3.674964101165811847e+00
3.699035171298298064e+00 3.777661031508066092e+00
3.855145779180113141e+00 3.853027498117654215e+00
3.987199600886091488e+00 4.270770563589123547e+00
4.223047175506644102e+00 4.520362157544889570e+00
4.466790886577361341e+00 4.759493814265859157e+00
4.719122284333128192e+00 4.952762896315917374e+00
4.931207456077459916e+00 5.150260764763697985e+00
5.136792758739363585e+00 5.329752727451815275e+00
5.356120323049411880e+00 5.516575437515673919e+00
5.563346089649546578e+00 5.698473592246707575e+00
5.760648624008632979e+00 5.873323705886708268e+00
5.929742117365821130e+00 6.052535088442484223e+00
6.119044483057971995e+00 6.229572433766995765e+00
6.301748192928252834e+00 6.399071579674139088e+00
6.486185578825356401e+00 6.562460980702672586e+00
6.646077977928873892e+00 6.727773328172447442e+00
6.819154586642727445e+00 6.885185764250374874e+00
7.004389487219305543e+00 7.048019777417959375e+00
7.142763350079063045e+00 7.204426629844506991e+00
7.346832392789438337e+00 7.296584855102069334e+00
7.448836592783119492e+00 7.528356312674962858e+00
7.672615674256891616e+00 7.626994162370611008e+00
7.793033842405430178e+00 7.856965935488412711e+00
7.972646826240087137e+00 8.028325094674098494e+00
8.150010895055315174e+00 8.210594046715813832e+00
8.319507543011857464e+00 8.381518438776707214e+00
8.478740976809223895e+00 8.549466162538861269e+00
8.706140713073477144e+00 8.618556372298133539e+00
8.875620912513177529e+00 8.752086431859696702e+00
9.039823711442172893e+00 8.936805200803473070e+00
9.217895221989566679e+00 9.124770831718912234e+00
9.383928138358859528e+00 9.278887944045182579e+00
9.559551768336948641e+00 9.491074663613163764e+00
9.732825717119050424e+00 9.614587974511580981e+00
9.907724352405303136e+00 9.777097245289883887e+00
1.007770991313914166e+01 9.967780177832025856e+00
1.025634582093009683e+01 1.017373239736841839e+01
1.043445669378929885e+01 1.030272778394283684e+01
1.046213258591548723e+01 1.059987295580203970e+01
1.078466382129234269e+01 1.065186878184393215e+01
1.096371691150479322e+01 1.084399663281067738e+01
1.101817489337852152e+01 1.112558015828907010e+01
1.130488557404994587e+01 1.123307306145935414e+01
1.136731568647223156e+01 1.148199534500211705e+01
1.153219973031341183e+01 1.164396277513373690e+01
1.183554754629918371e+01 1.172271039458646946e+01
1.202830392141109961e+01 1.188479581190483536e+01
1.208123656075039776e+01 1.219781402599735287e+01
1.239267835105185611e+01 1.223310952827558040e+01
1.257124935566286261e+01 1.245502485856921027e+01
1.275311687341005040e+01 1.260338239666599414e+01
1.294752300986711013e+01 1.280396349320790250e+01
1.313169665850663570e+01 1.299245286973301639e+01
1.331331992811104215e+01 1.319410614640812440e+01
1.351355984612391836e+01 1.329427120143751750e+01
1.370295651277083060e+01 1.357058265882552384e+01
1.389227902467263220e+01 1.374138854461802239e+01
1.407183530661742132e+01 1.388528614223895730e+01
1.426243242801699296e+01 1.407839373535725436e+01
1.426043002942610016e+01 1.442025640796230057e+01
1.463833159658197047e+01 1.442388580207408744e+01
1.460887690217624346e+01 1.478096491992941353e+01
1.499977091139312435e+01 1.480468690152032529e+01
1.519460734086093368e+01 1.496484170275710213e+01
1.516827916951767996e+01 1.532363191089016929e+01
1.555627348454860481e+01 1.535185297952559935e+01
1.573938197849577136e+01 1.554684954334653924e+01
1.591839199865050070e+01 1.569593664561048563e+01
1.610925217272042076e+01 1.595832971562655267e+01
1.630031518573963467e+01 1.611286629121254421e+01
1.624295002131161425e+01 1.642414685930918949e+01
1.666339773516078893e+01 1.644074018266210047e+01
1.664249928803925371e+01 1.677263216735867246e+01
1.700212192176435977e+01 1.682355972434034541e+01
1.717888514672851130e+01 1.695292369442923786e+01
1.736632820599290739e+01 1.717763990654258066e+01
1.756476262969088609e+01 1.739378964547715611e+01
1.774607120641520552e+01 1.757064134008191658e+01
1.793302167759141597e+01 1.772294365233503299e+01
1.812220035578900124e+01 1.795365680197037150e+01
1.830215614604422569e+01 1.813342781923421398e+01
1.850667592743501544e+01 1.838268368424992261e+01
1.869896407735013000e+01 1.852574785694611847e+01
1.888043021010355460e+01 1.874797764320209836e+01
1.907538701547953863e+01 1.894550908917738141e+01
1.926532941988984859e+01 1.912587642327058290e+01
1.944952279668164863e+01 1.927054483140246077e+01
1.964274273995252784e+01 1.951924234345139197e+01
1.983296101511550802e+01 1.969708594116056943e+01
2.003343762792359328e+01 1.987107768084313975e+01
