0.000000000000000000e+00 0.000000000000000000e+00
0.000000000000000000e+00 0.000000000000000000e+00
0.000000000000000000e+00 0.000000000000000000e+00
0.000000000000000000e+00 0.000000000000000000e+00
0.000000000000000000e+00 0.000000000000000000e+00
0.000000000000000000e+00 0.000000000000000000e+00
0.000000000000000000e+00 0.000000000000000000e+00
0.000000000000000000e+00 0.000000000000000000e+00
0.000000000000000000e+00 0.000000000000000000e+00
0.000000000000000000e+00 0.000000000000000000e+00
3.856838554141159281e-01 -1.233766288508486922e-03
2.394187848901775384e-01 2.115101270522703469e+00
3.446993935861523362e+00 4.497580889437119644e+00
4.643750667220977846e+00 4.841432995381969029e+00
4.997405373608750700e+00 5.006858823392435376e+00
5.129393679515352744e+00 5.230093767836886620e+00
5.298159503373224055e+00 5.263718439798906523e+00
5.370789795881053763e+00 5.602714574447237972e+00
5.509899259489879242e+00 5.770582714938044866e+00
5.810296613963913614e+00 5.940156957044915309e+00
5.974240398972241017e+00 6.184010085133880175e+00
6.131167965877166282e+00 6.423576426992021915e+00
6.314586565172355392e+00 6.602630669919652640e+00
6.559683229948523930e+00 6.747575832908254689e+00
6.735523473667891281e+00 6.881418495514266098e+00
6.943245351397383303e+00 7.039045146232408179e+00
7.122576653604657970e+00 7.217186345792138802e+00
7.242397637658497089e+00 7.383398333646811196e+00
7.422809341416083839e+00 7.553510155707876983e+00
7.593626546488707163e+00 7.719077343525333035e+00
7.754773150154575134e+00 7.873337570279699271e+00
7.893088281613172441e+00 8.040697258583669793e+00
8.051610877649437725e+00 8.188079350378949073e+00
8.228241313202200757e+00 8.344505256641500779e+00
8.384791044901749757e+00 8.490025141248546348e+00
8.642696188184679329e+00 8.524691119434145037e+00
8.791102472748447028e+00 8.649419064831928239e+00
8.944123708441782838e+00 8.765183988793971537e+00
9.099236237304582531e+00 8.910550665031562900e+00
9.097207214394099850e+00 9.249609351441101524e+00
9.412104015573559579e+00 9.268789843635740766e+00
9.462659852290395079e+00 9.561511884132301020e+00
9.590727950357173626e+00 9.725608781283103355e+00
9.884734342378207472e+00 9.761813800344128822e+00
1.004859547011563770e+01 9.930678471845043376e+00
1.020151961588684308e+01 1.006558944015828239e+01
1.037242739446974049e+01 1.027551968644531399e+01
1.054271074372334915e+01 1.043297439015317174e+01
1.070423759864432434e+01 1.057458425521324585e+01
1.086833897954024941e+01 1.071605673956896965e+01
1.103821961257128237e+01 1.092264031393619561e+01
1.120946663904887330e+01 1.110810665877195014e+01
1.137737395360967696e+01 1.129071194271321943e+01
1.156361243946134820e+01 1.145073414080699159e+01
1.174104171782995110e+01 1.162206898498292240e+01
1.192909534139317884e+01 1.174678644343470069e+01
1.209968228532405554e+01 1.198343718262419166e+01
1.228289032701103523e+01 1.213045290730119596e+01
1.245771342065444820e+01 1.231099008195052669e+01
1.263501918740770513e+01 1.252333316781736805e+01
1.282289472700472110e+01 1.268725262237724927e+01
1.300213597087045692e+01 1.281816094500561043e+01
1.317371660422561952e+01 1.302182507779416198e+01
1.337141865894290937e+01 1.320126964197854491e+01
1.355349161096056321e+01 1.340527070828978573e+01
1.374908724884480549e+01 1.360005460589206372e+01
1.393322015217082388e+01 1.373880789605618880e+01
1.412376345399610145e+01 1.396827101148144834e+01
1.431490186497473083e+01 1.404575358500740911e+01
1.450648131930417328e+01 1.426274419716634334e+01
1.469285867525791467e+01 1.447397468318924751e+01
1.487087564285145724e+01 1.463787384982970963e+01
1.505103336336399167e+01 1.483179642003803522e+01
1.524032227117579552e+01 1.500056249143862708e+01
1.541723748010910278e+01 1.521354405732509463e+01
1.561137564623199125e+01 1.533872523191261372e+01
1.578526003861783877e+01 1.551608178834476170e+01
1.598976262447929031e+01 1.574713952248211157e+01
1.617148103042880791e+01 1.591491390591419375e+01
1.637008911549999723e+01 1.613721531803333775e+01
1.655027768476925942e+01 1.630175124832899414e+01
1.674846411545497560e+01 1.648199147822176869e+01
1.691962805230520672e+01 1.667431403099161713e+01
1.710880692125630631e+01 1.683326784009736699e+01
1.730260449285364643e+01 1.703645774928392953e+01
1.748155080623568480e+01 1.724667355561440374e+01
1.768620397397331701e+01 1.739704650338248371e+01
1.786390761002919803e+01 1.766889390315031605e+01
1.805714480814504341e+01 1.782833769336617991e+01
1.825069383837693948e+01 1.795390236185812682e+01
1.842811330807167280e+01 1.822625695827291281e+01
1.863098982375783308e+01 1.840186111325190765e+01
1.880480283963748889e+01 1.852642892016368492e+01
1.899132293951122463e+01 1.872828340011389514e+01
1.917121767687677902e+01 1.894973331540587580e+01
1.935207242235624392e+01 1.910207871977905114e+01
1.952983406085691698e+01 1.935607578904059167e+01
1.973055480457538380e+01 1.945720076436380097e+01
1.990773907169873880e+01 1.972529068178810974e+01
2.009312267531446494e+01 1.975334283737144503e+01
2.028862296631851692e+01 2.008230423173738544e+01
