0.000000000000000000e+00 0.000000000000000000e+00
0.000000000000000000e+00 0.000000000000000000e+00
0.000000000000000000e+00 0.000000000000000000e+00
0.000000000000000000e+00 0.000000000000000000e+00
0.000000000000000000e+00 0.000000000000000000e+00
1.434295770352395517e-03 0.000000000000000000e+00
9.715998065799281384e-04 0.000000000000000000e+00
3.443297732042540304e-04 0.000000000000000000e+00
0.000000000000000000e+00 0.000000000000000000e+00
1.428705562102871142e-03 0.000000000000000000e+00
2.733256611526621929e-02 0.000000000000000000e+00
7.152235179094022875e-04 0.000000000000000000e+00
6.636969616700064134e-02 0.000000000000000000e+00
4.386450109671309605e-02 0.000000000000000000e+00
7.863871501357289073e-02 0.000000000000000000e+00
2.737671787521564135e-02 0.000000000000000000e+00
6.332017854675875412e-02 0.000000000000000000e+00
7.676813285201351811e-02 0.000000000000000000e+00
1.025635756514095553e-01 0.000000000000000000e+00
4.214467089858088822e-01 -4.642720352938225353e-02
1.519163533901732310e-01 0.000000000000000000e+00
2.245850440521034441e-01 0.000000000000000000e+00
8.662684255243571219e-01 5.345990994488986736e+00
1.683355438875980159e+00 7.081679510720142012e+00
6.185590404145153265e+00 7.295520945217976561e+00
7.326813322828085617e+00 7.334552952972241080e+00
7.479935101660959873e+00 7.486604633758032534e+00
7.570441001180075347e+00 7.702585427551590591e+00
7.729240979525697774e+00 7.839596765611220874e+00
7.892798300873024253e+00 7.988229446352187679e+00
8.099707073325939533e+00 8.053498262709258171e+00
8.164744014840048081e+00 8.284131583220997186e+00
8.382574655555075083e+00 8.312710007631507025e+00
8.487828448457090502e+00 8.574358737752865167e+00
8.649796501767193391e+00 8.723369735683695225e+00
8.796200012480829500e+00 8.860625075459781286e+00
8.999390121477492954e+00 8.959885126926774745e+00
9.155755216640519834e+00 9.102833736249108298e+00
9.298934065177849817e+00 9.252774061475209422e+00
9.456252755132814158e+00 9.413448091676023921e+00
9.610656273846505115e+00 9.541886964233405877e+00
9.761671722442693877e+00 9.722273522654248268e+00
9.917970057037566178e+00 9.853479948318053516e+00
1.007925898661869724e+01 9.999093388801790994e+00
1.023962621852342991e+01 1.011805782461667746e+01
1.040653067524567454e+01 1.030457428658489860e+01
1.057001982822660047e+01 1.047345059220014640e+01
1.073453552651681164e+01 1.066898640091018002e+01
1.090529219957457130e+01 1.078857355469104107e+01
1.107596519233042898e+01 1.092436276000791828e+01
1.124413410693571969e+01 1.114145402692062348e+01
1.141233954342026102e+01 1.130860386979837884e+01
1.157890502960592194e+01 1.145132696284352214e+01
1.175941666991567836e+01 1.168939316987725086e+01
1.193565281590716864e+01 1.181601873197475072e+01
1.210403796643799623e+01 1.199764187820341199e+01
1.228598586633897582e+01 1.215580671119619360e+01
1.246872087451300537e+01 1.234695921431758592e+01
1.264298277061036480e+01 1.245143972759331952e+01
1.281826072337373112e+01 1.267683127111964403e+01
1.299573954447438240e+01 1.286965129700514687e+01
1.316653354622911465e+01 1.296854430892132193e+01
1.334787829792363389e+01 1.319394694182051531e+01
1.352361808096242157e+01 1.334929528228455808e+01
1.370322594239255842e+01 1.354641493828698096e+01
1.389041918707012080e+01 1.372121080719218789e+01
1.408205244437340475e+01 1.393161669754627141e+01
1.425718669294091434e+01 1.400634497500865905e+01
1.444605749087605773e+01 1.426466754719718821e+01
1.462452610006891618e+01 1.441023760304088697e+01
1.480331373693039865e+01 1.453429837977722627e+01
1.498026910654881938e+01 1.473691549291878466e+01
1.517410775899003106e+01 1.496695775849190824e+01
1.535073848324071832e+01 1.513732038792502799e+01
1.553856025788179984e+01 1.534887143460586501e+01
1.572843295500617167e+01 1.555273868969911888e+01
1.590176279489427991e+01 1.566467512846372934e+01
1.608463172960113141e+01 1.585781831380683649e+01
1.627955030416999094e+01 1.606768943242924763e+01
1.645217885298002969e+01 1.613507100205643496e+01
1.664327900220884970e+01 1.627350435570397025e+01
1.683312016579441206e+01 1.652089149346733521e+01
1.700638392138034405e+01 1.679579552381688501e+01
1.719655277628415035e+01 1.689532764440746959e+01
1.738972408082794630e+01 1.702518261036701830e+01
1.756088109676923636e+01 1.720822431426475063e+01
1.775445936614427112e+01 1.745156180588788075e+01
1.794382518871601206e+01 1.768101613319501197e+01
1.814171489965924522e+01 1.777825883645624927e+01
1.832286290489200908e+01 1.800020020947712140e+01
1.851693962132081239e+01 1.812886012050495310e+01
1.871458177925315880e+01 1.835813787333093572e+01
1.890383236214571738e+01 1.850779066209073420e+01
1.909975850041408307e+01 1.868894525504977722e+01
1.929886869806963645e+01 1.885658214688303147e+01
1.949935962463774430e+01 1.906418995879858969e+01
1.969035588957549265e+01 1.916784514135851580e+01
1.988229331653566589e+01 1.934950620090279827e+01
2.006935009952286464e+01 1.957709048807723207e+01
2.026593574707253964e+01 1.982365222094649582e+01
2.046289306916773043e+01 2.002196905895581480e+01
