0.000000000000000000e+00 0.000000000000000000e+00
0.000000000000000000e+00 0.000000000000000000e+00
0.000000000000000000e+00 0.000000000000000000e+00
0.000000000000000000e+00 0.000000000000000000e+00
0.000000000000000000e+00 0.000000000000000000e+00
0.000000000000000000e+00 0.000000000000000000e+00
0.000000000000000000e+00 0.000000000000000000e+00
0.000000000000000000e+00 0.000000000000000000e+00
0.000000000000000000e+00 0.000000000000000000e+00
0.000000000000000000e+00 0.000000000000000000e+00
0.000000000000000000e+00 0.000000000000000000e+00
0.000000000000000000e+00 0.000000000000000000e+00
0.000000000000000000e+00 0.000000000000000000e+00
0.000000000000000000e+00 2.938508298035631405e+00
4.896051361048048833e-01 2.757483411845643939e+00
4.623940560786637732e+00 5.781730423340982306e+00
4.972541703164163884e+00 5.941435698609077498e+00
5.395003521196497509e+00 6.024446814697149932e+00
6.091298986143221406e+00 6.126383418060736830e+00
6.179150771785892005e+00 6.138461200049837529e+00
6.264300415481000250e+00 6.352595905068160853e+00
6.455416169568151119e+00 6.569683592241527315e+00
6.516516699887081820e+00 6.685151609312288912e+00
6.793121908915090046e+00 6.729997993012864832e+00
6.880338011842492385e+00 7.040553699076631311e+00
7.079200293066746141e+00 7.164218722895730806e+00
7.260367763575524158e+00 7.316823285474346683e+00
7.404423887148805505e+00 7.470470959635711061e+00
7.554277643243111129e+00 7.626965379631921671e+00
7.703257332877352148e+00 7.776583816651611691e+00
7.860083591734371211e+00 7.933886347636702752e+00
8.048926055915735844e+00 7.998139688015300841e+00
8.183233011653019418e+00 8.163074615095208486e+00
8.302542110362548300e+00 8.424866374441732475e+00
8.477735155503015818e+00 8.592296744259094510e+00
8.632118415802439770e+00 8.759348887580355125e+00
8.780464232935237590e+00 8.908073214207494317e+00
8.955086993639199022e+00 9.065218591028049389e+00
9.213847738280433575e+00 9.129063734622159032e+00
9.280563462214486137e+00 9.371134749611664816e+00
9.435417826582849443e+00 9.519461907385352362e+00
9.682388109720175606e+00 9.616839439385341137e+00
9.843014953094133546e+00 9.754804115011229015e+00
1.000375691522877375e+01 9.910982257530797312e+00
1.015633703920455844e+01 1.009970060197634112e+01
1.032699994012801703e+01 1.025072744576445771e+01
1.048478506311236913e+01 1.040236053368504621e+01
1.065166109606341038e+01 1.056043450016692198e+01
1.082202789684571442e+01 1.070020751633651379e+01
1.099943482846246745e+01 1.089116666287851132e+01
1.116571967740272520e+01 1.105348696819662813e+01
1.134903576771484168e+01 1.121240882998443666e+01
1.151608883918777515e+01 1.140811242572281614e+01
1.169345399062529545e+01 1.155525959520420898e+01
1.187533356942571494e+01 1.175453139581126294e+01
1.204320465354494907e+01 1.193529693123832836e+01
1.221886892696885241e+01 1.210165816104536596e+01
1.239214131673435837e+01 1.226211685108385474e+01
1.256904810336460798e+01 1.239842231426838737e+01
1.274479101439913364e+01 1.260632394139580015e+01
1.292278330487312488e+01 1.278405558346993232e+01
1.310460275743945147e+01 1.296731226771970213e+01
1.327992168921376148e+01 1.314853103656968081e+01
1.345900337992970819e+01 1.331303483447804226e+01
1.363953113323483279e+01 1.347752911846318824e+01
1.381549265511073621e+01 1.370832106068492173e+01
1.399310126815060507e+01 1.389597033556533212e+01
1.418519660279935479e+01 1.401030715621136125e+01
1.438857154395487115e+01 1.425050285730950961e+01
1.456173081680686998e+01 1.436846879062144389e+01
1.475692469633839643e+01 1.457553274283129419e+01
1.492665076940964752e+01 1.475452918362907617e+01
1.511102779116218819e+01 1.487840113686132781e+01
1.529861412347609040e+01 1.508351314844685476e+01
1.548023458814891029e+01 1.529210077723623407e+01
1.565526761306589165e+01 1.541750181343402737e+01
1.585517743895487719e+01 1.562374910084317925e+01
1.604420614323586847e+01 1.582145433178836313e+01
1.622038017557729006e+01 1.603332459703145219e+01
1.642684066312835256e+01 1.610971400150873478e+01
1.661304685397421466e+01 1.638269440469166227e+01
1.680304534629463831e+01 1.653582544605419358e+01
1.698886282237925727e+01 1.668280497856316913e+01
1.717275750589985606e+01 1.691311470358045099e+01
1.735202648183260621e+01 1.705214240697476669e+01
1.754301469922776491e+01 1.722894311675136692e+01
1.772181264528968470e+01 1.744586161620917508e+01
1.791440913720467520e+01 1.762174693624100996e+01
1.809275312626920140e+01 1.775658827616691937e+01
1.829016551045597438e+01 1.798774536044875205e+01
1.847391730148052957e+01 1.818203873041795049e+01
1.867144419687500090e+01 1.839503583980223311e+01
1.884408728109721665e+01 1.857904886731975225e+01
1.905212785016448862e+01 1.873235751824446638e+01
1.922654901965891483e+01 1.895666501498795142e+01
1.940965034146752188e+01 1.912283395259114371e+01
1.959974452882489615e+01 1.923712290887233323e+01
1.978305616393444666e+01 1.944671994487610789e+01
1.997617885093454149e+01 1.963660173877293502e+01
2.016605674219208311e+01 1.982498633387603348e+01
2.036600521898629523e+01 2.002537597441073558e+01
