0.000000000000000000e+00 0.000000000000000000e+00
0.000000000000000000e+00 0.000000000000000000e+00
0.000000000000000000e+00 0.000000000000000000e+00
0.000000000000000000e+00 0.000000000000000000e+00
0.000000000000000000e+00 0.000000000000000000e+00
0.000000000000000000e+00 0.000000000000000000e+00
0.000000000000000000e+00 0.000000000000000000e+00
0.000000000000000000e+00 0.000000000000000000e+00
3.184965769892375564e-02 0.000000000000000000e+00
1.438690498609401125e+00 3.866659901415512302e+00
4.639351464891666055e+00 4.633880569203444821e+00
4.529635280047001444e+00 4.555811325992761951e+00
4.807686006648698829e+00 4.796911128489854903e+00
4.891662939022754841e+00 4.895663487262956970e+00
4.967436748810415637e+00 4.964959996709598755e+00
5.087646744936158427e+00 5.071454158235860987e+00
5.225954129798219050e+00 5.293355845791363201e+00
5.406601606058005771e+00 5.519026807378595301e+00
5.544048126047944614e+00 5.726843199081718794e+00
5.805747452020019850e+00 5.780361914178586247e+00
5.938748781563873536e+00 6.060520479262495819e+00
6.084815780839094579e+00 6.276777531705215907e+00
6.280727954631252885e+00 6.486737672988197367e+00
6.479038596767951574e+00 6.716368906394231786e+00
6.631906512431213763e+00 6.875875354649917170e+00
6.838904741494217454e+00 7.041453340730799759e+00
6.997882605408237922e+00 7.206742300425527326e+00
7.179781772656816052e+00 7.377382255477436424e+00
7.405063729008685591e+00 7.531923691839917723e+00
7.568126746724810339e+00 7.687343031664436666e+00
7.731328064155165158e+00 7.836069273007391978e+00
7.883663618381008931e+00 7.995479396796303817e+00
8.043533977848218441e+00 8.147965270205126842e+00
8.207962011819203596e+00 8.286546630139479674e+00
8.431676765153722997e+00 8.336558693682684762e+00
8.585448370027947362e+00 8.479839831661806215e+00
8.737098107623605614e+00 8.624510811340039496e+00
8.890246840096267533e+00 8.784318088748547027e+00
9.050286636135197682e+00 8.904888504245995762e+00
9.202748139150671136e+00 9.112412026520663844e+00
9.357971127583782689e+00 9.265862994954332521e+00
9.440041569134162813e+00 9.513627816304154550e+00
9.578193568218170029e+00 9.673951248151331228e+00
9.837670736032841035e+00 9.743743408659677030e+00
9.995080444117494523e+00 9.926285269306839965e+00
1.015874780962009893e+01 1.003509465118589006e+01
1.032013017351544093e+01 1.023945406825977678e+01
1.048570900855986032e+01 1.041052472671426443e+01
1.066664769014311887e+01 1.060423461340596063e+01
1.083808344228951626e+01 1.074138021173827440e+01
1.101467101347658151e+01 1.092613791692830283e+01
1.119470283532060151e+01 1.108646510152937914e+01
1.136829911531119031e+01 1.127776440567095406e+01
1.155427492493812558e+01 1.145010414834693968e+01
1.172799956906323615e+01 1.163226889861751445e+01
1.189577571857921257e+01 1.180353495155871357e+01
1.197714168969157811e+01 1.204386026883268102e+01
1.224392223033721194e+01 1.211186136991024220e+01
1.242070604648754362e+01 1.221300314742659765e+01
1.260590388675848494e+01 1.250929312066172017e+01
1.278222467151563535e+01 1.267692203548119600e+01
1.295910389357071324e+01 1.285807818958598325e+01
1.314344112238433659e+01 1.298278463903593227e+01
1.332084259514812175e+01 1.320799662808003561e+01
1.350568038399865323e+01 1.335647870483031596e+01
1.369249906299527630e+01 1.354790577506019922e+01
1.388049929950132011e+01 1.372127480378186348e+01
1.406804889782620016e+01 1.393505088481468945e+01
1.425537542518265433e+01 1.409973427144871216e+01
1.443872874765046710e+01 1.432429911493642294e+01
1.462018069983512625e+01 1.436368033147692280e+01
1.480746060113939855e+01 1.467036787932487307e+01
1.498000528220096328e+01 1.482151424744043133e+01
1.518105811692269924e+01 1.496652041398399469e+01
1.525820724478187884e+01 1.528849483334814252e+01
1.551807844795725622e+01 1.537751525399277597e+01
1.571760611327100143e+01 1.551935541292810683e+01
1.589624478000691177e+01 1.569753416944178426e+01
1.609800936476069211e+01 1.594877884787370270e+01
1.627141287269535042e+01 1.607745701831145979e+01
1.646600379484145193e+01 1.628375711771110090e+01
1.664669412173902074e+01 1.643564419847524150e+01
1.685145033372351975e+01 1.660934550277048416e+01
1.704065469969199853e+01 1.683107444717894197e+01
1.723531443566224297e+01 1.704514016200797855e+01
1.742646546859195311e+01 1.722526470770520390e+01
1.761486736971187383e+01 1.736327529710336748e+01
1.783055251253834683e+01 1.749677035395761848e+01
1.800175107437042143e+01 1.769245636099651264e+01
1.820615249578805361e+01 1.786485988235657629e+01
1.841110718638558552e+01 1.808929111258694533e+01
1.860509652172182271e+01 1.824952365834507262e+01
1.878109988849590195e+01 1.850602036940292550e+01
1.898405946163373059e+01 1.867814056710257020e+01
1.916813065828164042e+01 1.883392608580570027e+01
1.936885341512328651e+01 1.901322560921079230e+01
1.955295113666451812e+01 1.926912628367102087e+01
1.974687376153319107e+01 1.935639043348471233e+01
1.992370608972812818e+01 1.957132668622574201e+01
2.010319311414493981e+01 1.978610883407294452e+01
2.030638711280569098e+01 2.012270080566586472e+01
