0.000000000000000000e+00 0.000000000000000000e+00
0.000000000000000000e+00 0.000000000000000000e+00
0.000000000000000000e+00 0.000000000000000000e+00
0.000000000000000000e+00 0.000000000000000000e+00
0.000000000000000000e+00 0.000000000000000000e+00
0.000000000000000000e+00 0.000000000000000000e+00
0.000000000000000000e+00 0.000000000000000000e+00
0.000000000000000000e+00 0.000000000000000000e+00
0.000000000000000000e+00 0.000000000000000000e+00
0.000000000000000000e+00 0.000000000000000000e+00
0.000000000000000000e+00 0.000000000000000000e+00
0.000000000000000000e+00 0.000000000000000000e+00
0.000000000000000000e+00 0.000000000000000000e+00
0.000000000000000000e+00 0.000000000000000000e+00
0.000000000000000000e+00 0.000000000000000000e+00
7.489860714057497426e-02 -1.756616488687861785e-02
1.934066515191599778e-01 0.000000000000000000e+00
1.223917699416341986e-01 0.000000000000000000e+00
2.662831104386966241e-01 4.560573720283800370e+00
9.756234002213211021e-01 2.061697249248206187e+00
1.490422769584192508e+00 6.160955297944815001e+00
4.760072572762840792e+00 2.851831536317113613e+00
6.236943055496986688e+00 6.672537212893128178e+00
6.317050065945990056e+00 7.096458673567818565e+00
6.713390828407806765e+00 7.114917687035736016e+00
7.236720007140547750e+00 7.198852491132954334e+00
7.329113541766727913e+00 7.429766995891895931e+00
7.495742604822698496e+00 7.609388393863350863e+00
7.614292379841709035e+00 7.774852274806181462e+00
7.768010136515750119e+00 7.902504881102661471e+00
8.022307774544159997e+00 7.923925727254606421e+00
8.045248917397714195e+00 8.171844214749388158e+00
8.246757174626386799e+00 8.368082903661143490e+00
8.437359708694270211e+00 8.529122902826475894e+00
8.585211157711283292e+00 8.686953609421717459e+00
8.736199384687838077e+00 8.843812176933607105e+00
8.880439824059019216e+00 8.992979649388578522e+00
9.135660516876326298e+00 9.032045571545667784e+00
9.194719858261523271e+00 9.292581779607358428e+00
9.443927123174040261e+00 9.343929243116081196e+00
9.595237226165762578e+00 9.513897036514910255e+00
9.751197610760545587e+00 9.657540584000388506e+00
9.908068288239235244e+00 9.804878418487435354e+00
1.005948994427176402e+01 9.970334161113425964e+00
1.022417714532922162e+01 1.012263537035823013e+01
1.038789361068552353e+01 1.024803057995596589e+01
1.054869672377790124e+01 1.042061768445251779e+01
1.071180517419610467e+01 1.057383519652763404e+01
1.087185958364083582e+01 1.077244612199711682e+01
1.104700784634305499e+01 1.094943333330142998e+01
1.119979318669251356e+01 1.112573420144006775e+01
1.137833948998644473e+01 1.129507146523547334e+01
1.154930726945483066e+01 1.144840341572973230e+01
1.172757715671282774e+01 1.162542060654072706e+01
1.189707774857282985e+01 1.178815562609788792e+01
1.207933449959692496e+01 1.193541842204644610e+01
1.225564513276594170e+01 1.214425422418490719e+01
1.242501684936762096e+01 1.229184822941280153e+01
1.260435745295271914e+01 1.248862901923889979e+01
1.278529600893736351e+01 1.260961452594205312e+01
1.296330825785139140e+01 1.284890649966328091e+01
1.314445796403970412e+01 1.290023408937178395e+01
1.333382300284002930e+01 1.319746126502743877e+01
1.349400494745654200e+01 1.339489132637995361e+01
1.368589945345054382e+01 1.355720484671857129e+01
1.385814344529737241e+01 1.372752739056980076e+01
1.403826861689146632e+01 1.391237869921316417e+01
1.422036686902314351e+01 1.402573784420881964e+01
1.439643367390520545e+01 1.429965108874050372e+01
1.456793563569145533e+01 1.442320170403034574e+01
1.475606643356560177e+01 1.458425302355367847e+01
1.493900710269659804e+01 1.475734243726265404e+01
1.511971609256446136e+01 1.502391914811998497e+01
1.530878558139135670e+01 1.511110837031458409e+01
1.548773557698457637e+01 1.528351541524899382e+01
1.567391922855471620e+01 1.540673262768586049e+01
1.585198521748061751e+01 1.569823583709766268e+01
1.602734656348503961e+01 1.592675813711004906e+01
1.621643479835144674e+01 1.601279970430743305e+01
1.639841069450498878e+01 1.625916421140175316e+01
1.658237472278806379e+01 1.636331139012247249e+01
1.676333998920677715e+01 1.654749129582170397e+01
1.696060133797996983e+01 1.674467221588635724e+01
1.715551115791014070e+01 1.687139569918058157e+01
1.733684709688093051e+01 1.703887255780250598e+01
1.752689628638546182e+01 1.732219307098275962e+01
1.772337624984925242e+01 1.741014822323230504e+01
1.791390233270417909e+01 1.757396076087700720e+01
1.809821254107319888e+01 1.785869471310079248e+01
1.828631736064159341e+01 1.798233549997943825e+01
1.847230115111268844e+01 1.824362521094759870e+01
1.865472222911251876e+01 1.836276103732359033e+01
1.885045809555717966e+01 1.844112847512816700e+01
1.904242162271307492e+01 1.882406559690941705e+01
1.924047741039877835e+01 1.885679055721821484e+01
1.942486495675830938e+01 1.914361989081148252e+01
1.962190735659021357e+01 1.932197165742600831e+01
1.981521861327774658e+01 1.945803789350244628e+01
2.000663469397798266e+01 1.957873705645270235e+01
2.018600122213575787e+01 1.984038055370467646e+01
2.038251595940358385e+01 2.008166796413844324e+01
