0.000000000000000000e+00 0.000000000000000000e+00
0.000000000000000000e+00 0.000000000000000000e+00
0.000000000000000000e+00 0.000000000000000000e+00
0.000000000000000000e+00 0.000000000000000000e+00
0.000000000000000000e+00 0.000000000000000000e+00
0.000000000000000000e+00 0.000000000000000000e+00
0.000000000000000000e+00 0.000000000000000000e+00
0.000000000000000000e+00 0.000000000000000000e+00
0.000000000000000000e+00 0.000000000000000000e+00
7.716890100890377857e-02 -1.631175994854019290e-02
1.903422357621007144e-01 0.000000000000000000e+00
3.685652875149343644e-02 -3.428636707838099863e-03
1.211365890203466716e-01 1.335676026497063518e+00
3.616249923285223211e+00 5.659297061429035658e+00
5.033339269364329738e+00 5.737394826002454096e+00
5.826516115315659938e+00 5.826859150664660980e+00
5.897139216263513006e+00 5.886156785485039400e+00
5.988140921450061605e+00 5.986633971216842376e+00
6.076431793999561570e+00 6.037406860141667941e+00
6.140968027464457357e+00 6.140095926092441481e+00
6.238263789534070902e+00 6.333092415116391649e+00
6.392779739158403807e+00 6.492762604726568298e+00
6.559805938991160268e+00 6.461146698323886994e+00
6.637168141963891266e+00 6.843188348952245370e+00
6.879404499509710114e+00 6.979201664026481566e+00
7.072820565555645089e+00 7.039232825120389947e+00
7.191131186645047357e+00 7.342322985619018638e+00
7.328282628508385521e+00 7.526203387219170260e+00
7.507352341533217732e+00 7.669102970499089622e+00
7.669083870537569680e+00 7.830360479747445979e+00
7.876718946380178998e+00 7.973383948872584170e+00
8.040740465647601809e+00 8.109420721126634035e+00
8.190170209388860201e+00 8.256367306202172074e+00
8.397605941751981717e+00 8.347385197289208136e+00
8.491697039190494678e+00 8.557399157943358148e+00
8.694923633957273523e+00 8.646131697304975106e+00
8.844425601011545623e+00 8.804266315694016853e+00
8.995653130029284128e+00 8.950824271874871840e+00
9.144650480183194929e+00 9.091012595818261488e+00
9.305291918609587043e+00 9.234219636374167095e+00
9.470629643246860851e+00 9.415287515995867551e+00
9.627314113947228691e+00 9.588529950228059207e+00
9.795151871849517633e+00 9.690959590367928200e+00
9.951214091612422763e+00 9.862493202218606925e+00
1.011672237247874762e+01 1.004852787801727843e+01
1.027990934844570070e+01 1.018218631895967086e+01
1.043797001648390221e+01 1.036384735831149762e+01
1.060639833214457894e+01 1.049348081046804460e+01
1.077324245478135545e+01 1.067583985722966311e+01
1.094635036262633321e+01 1.079602380704972475e+01
1.111979998081454646e+01 1.099498681652377030e+01
1.129196596726914592e+01 1.115843487515518007e+01
1.146692798437963923e+01 1.138456647226887419e+01
1.163468860365182600e+01 1.153887408567110562e+01
1.182390396472965577e+01 1.170355064766670594e+01
1.200468931255108629e+01 1.186088280289735586e+01
1.218342600753231686e+01 1.201175394932793772e+01
1.235893044599567503e+01 1.224750632801104366e+01
1.253501827633048649e+01 1.237694723365099847e+01
1.272330187371175114e+01 1.257202255271660540e+01
1.289651530098670129e+01 1.275431183763820364e+01
1.308233252077531894e+01 1.294729321028121305e+01
1.326931538775811070e+01 1.307855528406440726e+01
1.344545574438681435e+01 1.327054077052356718e+01
1.361562814785175846e+01 1.349619858876365264e+01
1.380412233116337717e+01 1.366647043331120415e+01
1.399065766309070113e+01 1.385498837831121577e+01
1.419111749143678303e+01 1.403138857158603869e+01
1.436836267448148874e+01 1.409531909036176067e+01
1.455090595470627868e+01 1.436130962119550247e+01
1.473477352789408457e+01 1.454270425335390726e+01
1.492728972179829761e+01 1.465130889029064143e+01
1.512301539431133079e+01 1.492678758352205648e+01
1.529679662259684925e+01 1.508546205944637286e+01
1.548578997314467287e+01 1.526844639852207486e+01
1.566848697529373169e+01 1.540807746398299294e+01
1.586096401996546312e+01 1.561142437949437500e+01
1.602989158847606888e+01 1.582957369258658709e+01
1.623166145898440860e+01 1.592266878103552230e+01
1.640978663328426990e+01 1.621385725199502303e+01
1.659948439384506003e+01 1.639401908682176767e+01
1.677064981247505315e+01 1.654586343003292015e+01
1.695534243471589875e+01 1.673228010303731494e+01
1.713921256215815347e+01 1.696297389197041383e+01
1.733209388750480429e+01 1.712867590351861224e+01
1.750048805867053403e+01 1.719032877603005005e+01
1.769313923289168855e+01 1.750069920958055292e+01
1.788048391083214028e+01 1.774791632714508438e+01
1.805958483901882161e+01 1.782165650895078457e+01
1.824954511374962252e+01 1.801214833805766347e+01
1.842503473123104030e+01 1.814449061376269867e+01
1.861992886225177202e+01 1.834415006733340547e+01
1.880363326093192100e+01 1.853880769474564971e+01
1.900014094078096605e+01 1.877180827856697221e+01
1.917914372493340380e+01 1.892684496125782090e+01
1.937931262747066441e+01 1.906845977927921965e+01
1.957463575503659925e+01 1.931646737360270549e+01
1.976965223203515265e+01 1.943271124240837722e+01
1.995884685837398109e+01 1.965314780611364398e+01
2.012733598544576452e+01 1.983189304454691282e+01
2.034018039054051386e+01 2.011682515564280749e+01
