0.000000000000000000e+00 0.000000000000000000e+00
0.000000000000000000e+00 0.000000000000000000e+00
0.000000000000000000e+00 0.000000000000000000e+00
2.691078940990501711e-02 0.000000000000000000e+00
4.783122619973392831e-02 1.463528557354103199e-01
1.037868472681542642e-01 -2.522140225680336370e-02
3.330815135700344598e-01 1.506787033741028292e+00
1.597381689894012302e+00 1.740877961574909039e+00
1.815420705173838245e+00 1.930278954695491711e+00
2.084668828494209869e+00 2.102903160696135476e+00
2.270279976073303008e+00 2.235584464535957938e+00
2.425452051153041300e+00 2.461523393796370307e+00
2.636733533164385523e+00 2.613811342952036654e+00
2.793550936316988587e+00 2.828893458468245026e+00
3.004888600176818247e+00 2.955276187311233205e+00
3.188745067977169612e+00 3.150144715449993971e+00
3.369538903167284882e+00 3.330893538205361271e+00
3.548735596276940463e+00 3.480001345288129322e+00
3.736211931249344698e+00 3.706309036443012683e+00
3.929835622391857353e+00 3.874450167732619743e+00
4.126370619419955865e+00 4.076363180226606708e+00
4.310487610521470891e+00 4.232174523161152280e+00
4.500915622415827322e+00 4.462430481891503931e+00
4.691053924508170603e+00 4.618115249603969019e+00
4.888994243697261766e+00 4.775915552411579057e+00
5.070518738423615446e+00 4.989393997019744731e+00
5.254525570654870137e+00 5.149293782642523354e+00
5.448607488366630669e+00 5.354164675536916107e+00
5.644466517720344356e+00 5.574012255942907501e+00
5.829597877776338422e+00 5.741706280007911722e+00
6.027783348359127658e+00 5.901880854445781921e+00
6.222226880552011785e+00 6.094899072000191431e+00
6.416279321323157703e+00 6.296289314297133899e+00
6.604898796155906915e+00 6.494080991357000343e+00
6.804873839398015711e+00 6.711782537122743975e+00
7.003320951255914473e+00 6.878879260661198813e+00
7.194900691081745236e+00 7.053165163517331138e+00
7.395072646046761733e+00 7.257914466535867248e+00
7.586672239614490998e+00 7.435091024365022783e+00
7.772795059951556063e+00 7.626968962727637802e+00
7.980233312126617129e+00 7.800262238529920289e+00
8.177680909205236048e+00 8.032943920300052554e+00
8.383653258838762667e+00 8.204864982269272744e+00
8.570798149614107686e+00 8.406635051875584352e+00
8.769510910524932257e+00 8.527561686454721013e+00
8.959975942285263173e+00 8.784042881031361105e+00
9.158439915831355194e+00 8.974130158276791391e+00
9.342384279263322711e+00 9.148117952020090371e+00
9.535012405907856703e+00 9.357276719349000516e+00
9.722683248916107246e+00 9.558334386104322178e+00
9.915612599905244906e+00 9.785785162838488205e+00
1.010449551648176580e+01 9.916065571121023936e+00
1.029684669194351265e+01 1.009991903085126808e+01
1.049202500073194777e+01 1.031490978808995607e+01
1.069399685991483295e+01 1.051222379580652522e+01
1.088082969847375558e+01 1.066959000540953895e+01
1.107576238940953317e+01 1.085336348582751143e+01
1.127568478184353395e+01 1.102065933728197678e+01
1.147001967331985739e+01 1.127162143847091613e+01
1.166215970446799943e+01 1.144558030256188630e+01
1.185335529301599422e+01 1.164347426273388741e+01
1.204327455360086319e+01 1.185561387690922253e+01
1.223787031840825179e+01 1.203965118843560944e+01
1.244710735567556448e+01 1.220780667334435243e+01
1.263855728656787392e+01 1.237271108468156910e+01
1.283537779533899403e+01 1.258438220361735560e+01
1.305136066568135078e+01 1.279626366236102264e+01
1.323797182519854587e+01 1.301084086475120749e+01
1.344022460126427987e+01 1.315961620243786534e+01
1.364070610292547592e+01 1.336622747831944658e+01
1.384196202949500254e+01 1.354479798157911929e+01
1.404251815924705227e+01 1.378760965133099070e+01
1.423613761567358260e+01 1.401193873474000462e+01
1.444849358617425317e+01 1.416322063505559470e+01
1.464345850009539340e+01 1.433785036553220138e+01
1.483444333709799778e+01 1.450890395819867429e+01
1.503904790536164704e+01 1.470612928318309365e+01
1.523116215483908853e+01 1.488135714828409739e+01
1.541265069941586319e+01 1.513509702966422488e+01
1.560288363203072315e+01 1.534950489975152088e+01
1.582033792349908197e+01 1.549417583429352341e+01
1.600574081520320746e+01 1.567540492303116828e+01
1.620589261698109240e+01 1.596249267727695553e+01
1.640805580979644063e+01 1.608819142179311257e+01
1.659526584250633974e+01 1.631441505177560813e+01
1.680119401161008952e+01 1.645018404667433387e+01
1.698978418232547227e+01 1.661650106455716269e+01
1.717486621101611632e+01 1.686426915524264913e+01
1.738349782024934242e+01 1.705320603530477541e+01
1.757895482810927490e+01 1.728425223876782368e+01
1.777597011758462031e+01 1.745572683985134077e+01
1.797126341323439291e+01 1.760216361283472253e+01
1.816781269080560079e+01 1.778689160583265760e+01
1.836767199365811720e+01 1.802778490573165726e+01
1.856043294646016761e+01 1.820681724392816037e+01
1.876275152247128375e+01 1.839357661413325218e+01
1.894853365877214557e+01 1.862290877143223256e+01
1.914689871314522307e+01 1.876157826739197176e+01
1.933316101405460330e+01 1.899300330423990957e+01
1.952823396005956980e+01 1.913799777191371376e+01
1.973186311380415958e+01 1.943172206755668086e+01
