0.000000000000000000e+00 0.000000000000000000e+00
0.000000000000000000e+00 0.000000000000000000e+00
3.553888571851249786e-03 0.000000000000000000e+00
4.242420320683324558e-02 -1.294556799492707112e-02
1.478576460663356129e-01 6.638527395635687375e-04
3.589052692803544886e-01 1.812660902255725792e-01
3.643452100484249057e-01 9.391378666347692805e-01
1.122003369612093238e+00 1.187035996133679383e+00
1.410043421211280013e+00 1.366236772053049497e+00
1.622505244254772272e+00 1.575039400857835448e+00
1.825432479528052987e+00 1.791025629110531758e+00
2.048122029470840655e+00 1.982318345098830648e+00
2.246242908962853502e+00 2.168184391658946275e+00
2.447205587110173663e+00 2.396250460457133080e+00
2.652833734867852122e+00 2.579076390367633920e+00
2.853195983587448303e+00 2.791263735542265145e+00
3.056246941275806428e+00 3.006398084440196516e+00
3.256015996018457592e+00 3.209316706044324174e+00
3.462840977143831545e+00 3.398837498592569784e+00
3.662939344364912309e+00 3.589197962870243064e+00
3.865657765773359955e+00 3.793751857151125062e+00
4.061469583965585883e+00 3.990429176781339571e+00
4.255371045530677243e+00 4.207432035009480487e+00
4.453890453281165840e+00 4.347484048603035944e+00
4.651470694844156206e+00 4.584516503175976254e+00
4.851816268229388385e+00 4.755345648092522914e+00
5.058551862256122966e+00 4.994639083676610802e+00
5.255600878092945294e+00 5.163556593259782446e+00
5.445396910951264324e+00 5.386380565865927394e+00
5.641128798102283071e+00 5.520343809230390697e+00
5.844198108718911655e+00 5.739458823662427100e+00
6.049455874738573158e+00 5.929078714446274212e+00
6.254758729470593082e+00 6.095308701298110421e+00
6.462690857015332746e+00 6.349207867833354335e+00
6.664374890034500787e+00 6.533122308251648747e+00
6.855800719936958387e+00 6.674548573573500398e+00
7.058569168559165163e+00 6.918025259538315375e+00
7.255539636767878164e+00 7.112070946358078238e+00
7.458245095549668413e+00 7.292317692993811384e+00
7.650964001750664600e+00 7.461266385639460985e+00
7.852780638161070748e+00 7.686640603178779507e+00
8.049399729940214243e+00 7.923228752773145978e+00
8.254480549469382922e+00 8.089025241964156621e+00
8.446739157818406341e+00 8.220927000340269686e+00
8.645295223960609121e+00 8.451521289812596649e+00
8.834734975103300414e+00 8.660173203686159837e+00
9.029605169675491538e+00 8.775984425224022445e+00
9.232492356458104510e+00 9.023210833752758120e+00
9.433290748041155638e+00 9.167191767959486981e+00
9.628185330052053459e+00 9.455098684202546622e+00
9.825456098610944267e+00 9.591970982766149234e+00
1.001947147611785205e+01 9.752548616556987682e+00
1.021873381654379109e+01 1.000921746489125752e+01
1.041023624386670399e+01 1.019294720814019151e+01
1.060391786297470773e+01 1.041011204754337882e+01
1.080037808543590394e+01 1.057745575538847049e+01
1.098941972721853233e+01 1.075992141280108250e+01
1.119841863154408834e+01 1.099895182159164442e+01
1.139482767672967967e+01 1.115176866348356199e+01
1.159589643572454243e+01 1.134704911562283236e+01
1.180125121693001411e+01 1.164050625255372928e+01
1.199726696442613338e+01 1.173723332825884214e+01
1.218978583354456191e+01 1.187754373721211643e+01
1.239297697902309459e+01 1.208755677818490604e+01
1.258530271379613552e+01 1.231921560291343454e+01
1.279078545890626728e+01 1.249169008971296080e+01
1.298655227153748193e+01 1.265866666112489547e+01
1.318550718448936188e+01 1.283771934452719954e+01
1.339967258626372626e+01 1.308377149912407056e+01
1.359236528864116522e+01 1.323382841390388798e+01
1.379544461264981692e+01 1.349226296286808413e+01
1.398502791970650883e+01 1.364375256417100957e+01
1.419376283853915233e+01 1.384891957539644913e+01
1.438372254204008982e+01 1.406783741266550969e+01
1.457818668805669660e+01 1.428374371965923118e+01
1.476386624207598075e+01 1.446668918240694879e+01
1.496490616864393708e+01 1.468029504703846300e+01
1.514616036330665061e+01 1.475296521994679999e+01
1.533578574719122045e+01 1.501265117868252474e+01
1.553563339026964840e+01 1.522866746869292065e+01
1.572529012950059979e+01 1.543541821347369059e+01
1.590068677343879422e+01 1.554322687014557935e+01
1.612018611291620473e+01 1.581740507255940464e+01
1.631110684402834465e+01 1.596538409389195223e+01
1.651288970269036227e+01 1.616907686789843979e+01
1.670646893407557698e+01 1.646509226938439241e+01
1.691619125019564152e+01 1.653268273108059105e+01
1.708770051167623549e+01 1.679099000586110435e+01
1.729014571029499336e+01 1.690662303431741620e+01
1.748705727946119737e+01 1.714792542976083212e+01
1.767440156216955671e+01 1.733727585619729794e+01
1.788057748679086245e+01 1.753610972850360028e+01
1.807498676485568012e+01 1.772031297085222334e+01
1.827976327701753689e+01 1.793288720031045003e+01
1.848059349391320794e+01 1.809730599222692504e+01
1.867353659509435104e+01 1.838298992322259551e+01
1.886299502594857458e+01 1.841779628791459444e+01
1.905881689512670008e+01 1.878979218488845504e+01
1.927958566845856581e+01 1.892727877955531568e+01
1.948286294665107476e+01 1.918244556099706699e+01
1.966418737708703901e+01 1.931267640074068126e+01
