0.000000000000000000e+00 0.000000000000000000e+00
0.000000000000000000e+00 0.000000000000000000e+00
0.000000000000000000e+00 0.000000000000000000e+00
0.000000000000000000e+00 0.000000000000000000e+00
0.000000000000000000e+00 0.000000000000000000e+00
0.000000000000000000e+00 0.000000000000000000e+00
0.000000000000000000e+00 0.000000000000000000e+00
0.000000000000000000e+00 0.000000000000000000e+00
0.000000000000000000e+00 0.000000000000000000e+00
8.535420112340683096e-02 7.417107228679351572e+00
6.815584196296196495e+00 9.159117074100256772e+00
8.279001312455687156e+00 8.258020680980918016e+00
8.217579245469835314e+00 8.216920972775479726e+00
8.166926845223153819e+00 8.222612426213864012e+00
8.244525231811676846e+00 8.422632063455749218e+00
8.390066651916782803e+00 8.480554175840849140e+00
8.575371006828031994e+00 8.814605025708223351e+00
8.830297958216776877e+00 8.943399420694207791e+00
8.985649867345303576e+00 9.087949860135273283e+00
9.122976496504348276e+00 9.298854690872511597e+00
9.270859856451989955e+00 9.469992084364390550e+00
9.440664771308123093e+00 9.649607445756785751e+00
9.643523902894099109e+00 9.830319685601743629e+00
9.821042526417640417e+00 1.000117366193559754e+01
9.995061688953049028e+00 1.019214288085747278e+01
1.015420297644836900e+01 1.035835821910468546e+01
1.033600952856217425e+01 1.053339295685182897e+01
1.050098001325090813e+01 1.071009114494777670e+01
1.069000453883533375e+01 1.087665982847603807e+01
1.085318254787627623e+01 1.104241497144822048e+01
1.099709826207829266e+01 1.120082815540223109e+01
1.119788756174231281e+01 1.137184323561442056e+01
1.137802230890737221e+01 1.154812597760460768e+01
1.156425105610654924e+01 1.170937090798013180e+01
1.173972585369430277e+01 1.188082730334708614e+01
1.188329884153290905e+01 1.203837108024602465e+01
1.203811811315532587e+01 1.221407306073403909e+01
1.221094365474336207e+01 1.238108270521517973e+01
1.239181743028393257e+01 1.253757894951191965e+01
1.252956406883589757e+01 1.270600129195299210e+01
1.269545006215776972e+01 1.287533414026019685e+01
1.284274591293868006e+01 1.305324085683001911e+01
1.303078907545064702e+01 1.321420264020471258e+01
1.318667451425880799e+01 1.338221425613967064e+01
1.338016078471595094e+01 1.353787871784184738e+01
1.353249396693212070e+01 1.370055849878523802e+01
1.374466139692556688e+01 1.387164335957094607e+01
1.391264307284979296e+01 1.402634534480308304e+01
1.406775796006894730e+01 1.419622253157078084e+01
1.420866514655783419e+01 1.436196254458680244e+01
1.437914120967733211e+01 1.451658332239228066e+01
1.456427749071031386e+01 1.468538215243930800e+01
1.468872637682448357e+01 1.485714303800695468e+01
1.485908217094241301e+01 1.501806762994604050e+01
1.501640749045192358e+01 1.517394248608007423e+01
1.517286074767495485e+01 1.533344025978512981e+01
1.535903277877085849e+01 1.549509281534899330e+01
1.552345926714683699e+01 1.566015894712084133e+01
1.567697633007387203e+01 1.582152393668484436e+01
1.583038880703524143e+01 1.598618583957882855e+01
1.602867987274195727e+01 1.616158592796250915e+01
1.616182738080131287e+01 1.631585538842872296e+01
1.631559407518629001e+01 1.648196535727795009e+01
1.643829028560108796e+01 1.664036214622638710e+01
1.664196318591756807e+01 1.680716870665123253e+01
1.681800651455755258e+01 1.697083637949163659e+01
1.695044062995909684e+01 1.712791438999532545e+01
1.715899676423325815e+01 1.728293593726276001e+01
1.740442973860141507e+01 1.726290121495532404e+01
1.744026212202651749e+01 1.758619022438145763e+01
1.760428152115198586e+01 1.773920360142568242e+01
1.777234893956514838e+01 1.790680448976927153e+01
1.791877275547027537e+01 1.805275567362073730e+01
1.817393403460708967e+01 1.807108139581134054e+01
1.827379051183455516e+01 1.837324463432435451e+01
1.843066579800864702e+01 1.853884070746625667e+01
1.859192372095077772e+01 1.868679078779099711e+01
1.865925221874183393e+01 1.884761401623977406e+01
1.889852627333880264e+01 1.902231784447196361e+01
1.908557540526780016e+01 1.918840773095894292e+01
1.933321492339397096e+01 1.924572049701360754e+01
1.936835959910090921e+01 1.951312288280758622e+01
1.963717751096914199e+01 1.954945301992364648e+01
1.973625907345502384e+01 1.982788012647929676e+01
1.996905396158683388e+01 1.990766274191638985e+01
2.013311251422202375e+01 1.998784807544317488e+01
2.022190871726515837e+01 2.031789320936507437e+01
2.033484730427420573e+01 2.048275173764825396e+01
2.051550344667301573e+01 2.064906471469784321e+01
2.070824958482090850e+01 2.082115695683981471e+01
2.080538622415523520e+01 2.099117062407545475e+01
2.102953238942837899e+01 2.115579732817637648e+01
2.132765247099614569e+01 2.121886692580847011e+01
2.149734787101873223e+01 2.134052061823381408e+01
2.166939643221461864e+01 2.147396739312231517e+01
2.169927413664129645e+01 2.182390171702952131e+01
2.184812496637032098e+01 2.201291632567491163e+01
2.192371320928623746e+01 2.216826437089454416e+01
2.232698848032536176e+01 2.207147836809969021e+01
2.249160277977803446e+01 2.219356450093867394e+01
2.266361655013883336e+01 2.252845781368761635e+01
