0.000000000000000000e+00 0.000000000000000000e+00
0.000000000000000000e+00 0.000000000000000000e+00
0.000000000000000000e+00 -1.009729082409312542e-02
1.260487699254336444e-02 0.000000000000000000e+00
6.318666285341556499e-02 0.000000000000000000e+00
1.449306744309493411e-01 0.000000000000000000e+00
3.147002120298531547e-01 1.004120744292031242e+00
1.023088032640686595e+00 1.414005969867566437e+00
1.525563044897315423e+00 1.657984450307602220e+00
1.752167452899832334e+00 1.850348245425421645e+00
2.046449561995910216e+00 1.978421285935688223e+00
2.230156324490651709e+00 2.150408248732533334e+00
2.433607634640833073e+00 2.354722823161208289e+00
2.627909512180680363e+00 2.546761062877931359e+00
2.808712460041959069e+00 2.726560666458543558e+00
2.999909123670594813e+00 2.933605303386816576e+00
3.198071687574440602e+00 3.118533566515146127e+00
3.386781678935002926e+00 3.320699651632306182e+00
3.576823438003325695e+00 3.506905285713642240e+00
3.775927435245769015e+00 3.710439257508552302e+00
3.973562271643666488e+00 3.884655931585271116e+00
4.177686059163709054e+00 4.097213387134670981e+00
4.364172090678250626e+00 4.257233396499923828e+00
4.556976847760578764e+00 4.484767131189264511e+00
4.758158602602632570e+00 4.672116450113933617e+00
4.950584547458758422e+00 4.863983605149478251e+00
5.146306106286077764e+00 5.068456804957415684e+00
5.338241305935061298e+00 5.251977110450967601e+00
5.533194288945519013e+00 5.440998061710527800e+00
5.715156015408807022e+00 5.610843618432627800e+00
5.911428696372755809e+00 5.820391334662107674e+00
6.105529046640287838e+00 6.036830427162307444e+00
6.303702580995153681e+00 6.190145924606891725e+00
6.494843496278321027e+00 6.425559495914335173e+00
6.687670816930952888e+00 6.594787064370464691e+00
6.882831342870758817e+00 6.828870483662779378e+00
7.086198065453130468e+00 6.995993868431468421e+00
7.280250724716482935e+00 7.187460516553024092e+00
7.477243094207816299e+00 7.339232342228828365e+00
7.670570451541570911e+00 7.558032303158621623e+00
7.866879063893652990e+00 7.752199979250879558e+00
8.062113826039185582e+00 7.973469224974627068e+00
8.259728361501071703e+00 8.147805520440391192e+00
8.470324103784614422e+00 8.302053439666591927e+00
8.664596241132382914e+00 8.560075095158492076e+00
8.867307917300621511e+00 8.720923976300360536e+00
9.071973885699209816e+00 8.878846339746193195e+00
9.273587688490763981e+00 9.121515317937133105e+00
9.463332834308745944e+00 9.262626626310460409e+00
9.666261235351697678e+00 9.511266442784716446e+00
9.858049714340941350e+00 9.631717343472431025e+00
1.005860189850190878e+01 9.877072963251729121e+00
1.026009045872141812e+01 1.006698491595673062e+01
1.045844912042381125e+01 1.023117752486663790e+01
1.065614877772530633e+01 1.038902222709503675e+01
1.085241295134407657e+01 1.064492284228632890e+01
1.106299370603679755e+01 1.089703705065760531e+01
1.123602141253487474e+01 1.104637082209996812e+01
1.142464089363925694e+01 1.120742888041728591e+01
1.162602465272289542e+01 1.147606714159612906e+01
1.182705758849038880e+01 1.158441200336863375e+01
1.201826226550183030e+01 1.182219646588808715e+01
1.221103753533665959e+01 1.204506057687671650e+01
1.240259742160701961e+01 1.216412321241094574e+01
1.260176889900437303e+01 1.235651477119920116e+01
1.280209239082889106e+01 1.260096182297780842e+01
1.300573798174216655e+01 1.278831210379243544e+01
1.319625168204253995e+01 1.303505354908955205e+01
1.339239664273551789e+01 1.312921481279035341e+01
1.358765728436335607e+01 1.332984784017268254e+01
1.378370156966976623e+01 1.358343151419687089e+01
1.399383333767702275e+01 1.372987446732401473e+01
1.417925114062199832e+01 1.392025666664572903e+01
1.437467329105749947e+01 1.414368572929536150e+01
1.457054272227123626e+01 1.431669649851719051e+01
1.475854676179520197e+01 1.452476835200087635e+01
1.495611936318000978e+01 1.467461404975741246e+01
1.516385302641424637e+01 1.486086524912349915e+01
1.536297702450457514e+01 1.506033358727093585e+01
1.555854892345067597e+01 1.529974073448626370e+01
1.575738936729225159e+01 1.549205889611369180e+01
1.595015144589724088e+01 1.569331209237465607e+01
1.616439282478955519e+01 1.577707947520128329e+01
1.634996554813473324e+01 1.604650137665088039e+01
1.656929032091987963e+01 1.620204254929877763e+01
1.675641316239933687e+01 1.653584187738384514e+01
1.696346615660728574e+01 1.660781676820754527e+01
1.715763685374155756e+01 1.688572616443822483e+01
1.736260556602870508e+01 1.704920271327925718e+01
1.756792553767613541e+01 1.720426323592921847e+01
1.776107124739843002e+01 1.740307555699372699e+01
1.796851143972210707e+01 1.764942212472492855e+01
1.817110742705669324e+01 1.783046764195737310e+01
1.836131124235930301e+01 1.802127944489505396e+01
1.855692322295865182e+01 1.815976153301819096e+01
1.877182865064503758e+01 1.840140542459569417e+01
1.896628237426321206e+01 1.870005049383865980e+01
1.916198292376809675e+01 1.875558047512755522e+01
1.936495830949059638e+01 1.890848812272531987e+01
1.954984950281753342e+01 1.906020164394442418e+01
1.974527559473407479e+01 1.947270784025468870e+01
