0.000000000000000000e+00 0.000000000000000000e+00
0.000000000000000000e+00 0.000000000000000000e+00
0.000000000000000000e+00 0.000000000000000000e+00
0.000000000000000000e+00 0.000000000000000000e+00
0.000000000000000000e+00 0.000000000000000000e+00
7.205211717439517771e-02 3.050947528450111967e-01
2.075440000307635091e-01 1.533888873886644633e-01
3.532300085267183198e-01 2.065401333420942454e+00
1.525822244881676060e+00 2.429079675073676725e+00
2.487125916627716649e+00 2.557349807758401372e+00
2.681621173658462531e+00 2.671772252655899127e+00
2.840548337215088814e+00 2.834285508076036297e+00
2.991372168366282835e+00 3.028143711371400482e+00
3.166205333591933346e+00 3.147708321375732865e+00
3.312842651816352291e+00 3.419909367915570542e+00
3.475090167810540365e+00 3.620847913125758044e+00
3.669815505722610727e+00 3.801067283936520713e+00
3.890280325174473752e+00 3.962538380819876860e+00
4.106101358259615530e+00 4.142063382082942447e+00
4.306521196998270185e+00 4.282124881387814774e+00
4.450615383653743429e+00 4.487100213804978921e+00
4.654321270555985990e+00 4.623328003153322818e+00
4.820583875852950229e+00 4.791067209435897922e+00
5.012346438453089803e+00 4.950147474905945977e+00
5.186431129561265507e+00 5.153234892165496461e+00
5.356373163856161135e+00 5.283596272206446898e+00
5.539087199603755174e+00 5.489027689283140887e+00
5.738934564984245590e+00 5.677642503047887423e+00
5.923564100061603277e+00 5.825159771077503379e+00
6.105453314918345420e+00 6.015472565380082237e+00
6.215517947438368829e+00 6.277292688736483939e+00
6.473501816271004294e+00 6.430840816660317927e+00
6.640078987569596691e+00 6.584815718246880500e+00
6.836916627786916223e+00 6.741572419095228419e+00
7.023477593253093509e+00 6.942812422431119401e+00
7.204666267086440534e+00 7.113693388282805508e+00
7.396902834777425717e+00 7.307333248114765922e+00
7.581951251365360633e+00 7.499380019578492096e+00
7.776884765681720602e+00 7.671410853779762284e+00
7.968284378416502278e+00 7.872938074375404049e+00
8.162290021109948057e+00 8.016537351779637888e+00
8.363667033256589889e+00 8.245473780026463473e+00
8.544533988859804197e+00 8.387105817498660798e+00
8.742458905674455494e+00 8.597206358621139799e+00
8.945372780870968654e+00 8.794411150491960427e+00
9.125817909487951241e+00 8.991079143247732830e+00
9.316614560474448581e+00 9.179989590772050789e+00
9.522193166738881942e+00 9.340582695901995081e+00
9.709371324806317816e+00 9.545608904081525736e+00
9.895024775970728825e+00 9.699303869073856887e+00
1.009206289130130685e+01 9.947824764460790448e+00
1.029527620104042995e+01 1.010399884362611367e+01
1.048066252214964500e+01 1.030420502450123266e+01
1.067233651545157969e+01 1.049944330627715416e+01
1.085192821576705136e+01 1.064885454389934338e+01
1.105350894971210352e+01 1.086267038899311821e+01
1.123685284404678342e+01 1.102434730523841111e+01
1.143353585601959566e+01 1.121948183274597177e+01
1.162175165580381986e+01 1.142310530083178222e+01
1.181037886371243140e+01 1.165238053087657022e+01
1.201713573884782527e+01 1.180122736789003923e+01
1.221060478593668464e+01 1.197055015720615323e+01
1.242609944049869775e+01 1.221844867669993562e+01
1.261032276767809002e+01 1.236361255253140357e+01
1.280038642113377456e+01 1.260699218962571777e+01
1.299833983429672912e+01 1.275773384961557255e+01
1.319263398076546245e+01 1.295334861105954438e+01
1.337290672030213656e+01 1.315194441120297064e+01
1.356369790005719800e+01 1.333425418871983759e+01
1.375221738677253391e+01 1.351396065528525625e+01
1.394928981313296568e+01 1.376766690042960839e+01
1.413695636695433144e+01 1.391677772526516677e+01
1.433664969725720972e+01 1.414214366044641125e+01
1.452058465568245715e+01 1.434756816642582322e+01
1.472630006678026149e+01 1.446683481135967497e+01
1.491408646147923101e+01 1.463712043369985238e+01
1.510890788096653559e+01 1.487552599213513460e+01
1.530590065502735797e+01 1.507062548985571127e+01
1.550162164492052419e+01 1.528775749510631776e+01
1.569184228177550366e+01 1.541773567760234798e+01
1.588951197037844842e+01 1.565249199686709858e+01
1.609436172031512768e+01 1.581587781367613488e+01
1.627158501985936923e+01 1.611234522582572382e+01
1.647352796392983620e+01 1.625304235395071117e+01
1.668614609897383261e+01 1.644731739249727198e+01
1.686608455342635438e+01 1.661368998653499673e+01
1.706111586752373910e+01 1.687175086850960426e+01
1.726190744416531331e+01 1.708773559305950940e+01
1.745633170573492521e+01 1.715131299976074430e+01
1.765314248481088910e+01 1.744287449054661110e+01
1.785943058900722846e+01 1.762757598917919211e+01
1.805121183534270202e+01 1.775780348989100332e+01
1.825962817122762871e+01 1.796907401408618909e+01
1.844750577608494879e+01 1.812290206875574938e+01
1.864147549773523949e+01 1.842622038285358954e+01
1.882485465927170409e+01 1.859997888896387508e+01
1.902450041928207014e+01 1.871554440343525272e+01
1.921236053293645440e+01 1.897859405239569952e+01
1.939874213747680542e+01 1.915823779713159070e+01
1.958566892249593749e+01 1.925582189146203760e+01
1.979888045781266470e+01 1.956933963463506032e+01
