0.000000000000000000e+00 0.000000000000000000e+00
0.000000000000000000e+00 0.000000000000000000e+00
0.000000000000000000e+00 0.000000000000000000e+00
0.000000000000000000e+00 0.000000000000000000e+00
7.352702314588983601e-01 1.119888310081913918e+00
1.719899431420901070e+00 2.546037565457945462e+00
2.684616948044901363e+00 2.702865501023434369e+00
2.737772398386242756e+00 2.754501383502728107e+00
2.818897949835078354e+00 2.854127368099155682e+00
2.895488432673201995e+00 3.106441989564627359e+00
3.122852952876471466e+00 3.246390014193738072e+00
3.358562699247814809e+00 3.491985501145664639e+00
3.514150183171265596e+00 3.742253780173384836e+00
3.661381204391833677e+00 3.953979172105694939e+00
3.875773833691633197e+00 4.117658451281628551e+00
4.103773560926152086e+00 4.290281308625748302e+00
4.253012620055873327e+00 4.459620702421591254e+00
4.481006743504164724e+00 4.630241199389812934e+00
4.647307290424746107e+00 4.779175103417411030e+00
4.815298263337561835e+00 4.928990744972439941e+00
4.959690774326503515e+00 5.077418084006771970e+00
5.094752513246561421e+00 5.222745896865013115e+00
5.262591989714535679e+00 5.363089466036172759e+00
5.418749927645854392e+00 5.512305773081576099e+00
5.566001175029387404e+00 5.647178193445071770e+00
5.722333610636365364e+00 5.789895895164759665e+00
5.847662784800629510e+00 5.923125229763494204e+00
6.052250956522980729e+00 6.008934048380092818e+00
6.189281641532468292e+00 6.066298451178025353e+00
6.328027690723645904e+00 6.175304970228289392e+00
6.471791109070306192e+00 6.357228011960301295e+00
6.485359929362203069e+00 6.634359400427649156e+00
6.651708575464247097e+00 6.790559841832745747e+00
6.938327995070488363e+00 6.805073832721137528e+00
7.083703269931010738e+00 6.909812049074630202e+00
7.232771710980279600e+00 7.072482674969921668e+00
7.383080909452999663e+00 7.179076400963140259e+00
7.526821610154399878e+00 7.376748950792634929e+00
7.671865536675794850e+00 7.529540474186519283e+00
7.830444040910650827e+00 7.656473848869348231e+00
7.996712133242006360e+00 7.760200215632183429e+00
8.139309732507173933e+00 7.953963179563992902e+00
8.294098707170617146e+00 8.143468462565159882e+00
8.448696217551400878e+00 8.258975745537597390e+00
8.610298286675453383e+00 8.465847972960254708e+00
8.586402892752401428e+00 8.755888166836362174e+00
8.918409022400835440e+00 8.768925498515674377e+00
9.081154510641891164e+00 8.892444557921821868e+00
9.236936380758557164e+00 9.081444052085329233e+00
9.389763576852503846e+00 9.204928795154883048e+00
9.543051286380780596e+00 9.384319376896254283e+00
9.705727633056847381e+00 9.526877286350163843e+00
9.866511985409273322e+00 9.663705955336668652e+00
1.000836477814165626e+01 9.889352982629301181e+00
1.017675393567700048e+01 1.002169027773941146e+01
1.033264494797977129e+01 1.015664221505593900e+01
1.033404501091227523e+01 1.046730869913382556e+01
1.064902399470935102e+01 1.045619509466111907e+01
1.079960515031475055e+01 1.065518184386712619e+01
1.096683006076889022e+01 1.079698764638375330e+01
1.112991484507985085e+01 1.093780599710759738e+01
1.129302442719195732e+01 1.115147304146456086e+01
1.145258131430444060e+01 1.129793523348967454e+01
1.161490623750844264e+01 1.145403094450252546e+01
1.178742805009511585e+01 1.161685084138893487e+01
1.194669781205496939e+01 1.172126413972168635e+01
1.212717067754537759e+01 1.196171411404671758e+01
1.229778131503320537e+01 1.206499498496558154e+01
1.245548203663764397e+01 1.224181625114688288e+01
1.262497977671121241e+01 1.244544841458077578e+01
1.280463490262289206e+01 1.257622014264742027e+01
1.296685840763117170e+01 1.273178730971502759e+01
1.313637326827815244e+01 1.295696381743237424e+01
1.311808014399419875e+01 1.325533993294378554e+01
1.345822129298362313e+01 1.324940222288524794e+01
1.361816452506497122e+01 1.342540319388310621e+01
1.378595085829092248e+01 1.356802985270132211e+01
1.394982761758685008e+01 1.371198570628697766e+01
1.412448582120701701e+01 1.390744735653120223e+01
1.429130179859158822e+01 1.402874443558796713e+01
1.445265839690724263e+01 1.422323839142351432e+01
1.434703595806937138e+01 1.456080663843844292e+01
1.479105174559373381e+01 1.455001887878846389e+01
1.495031379553055828e+01 1.472135764724681017e+01
1.509817336225661677e+01 1.492413683621166065e+01
1.527541239845221099e+01 1.506376576450446336e+01
1.544368925329745501e+01 1.519439817574717289e+01
1.561047733196601683e+01 1.538003174962529940e+01
1.578164103901549709e+01 1.552779648372413490e+01
1.595021089720066954e+01 1.571940462400275962e+01
1.610762419915032240e+01 1.586967910839209850e+01
1.627871635019129926e+01 1.600419909898133142e+01
1.646445596334297790e+01 1.623385217477961007e+01
1.661326640626459294e+01 1.638436266577522815e+01
1.678719353910836531e+01 1.654203063213269331e+01
1.694230135128458414e+01 1.671375516291098862e+01
1.713039463863182021e+01 1.689493887592688637e+01
1.729315198297861400e+01 1.708797536620571833e+01
1.746559273442745308e+01 1.725417877222190199e+01
1.763632685257082144e+01 1.738121260529677059e+01
1.781199594530317043e+01 1.757486360127216329e+01
