0.000000000000000000e+00 0.000000000000000000e+00
0.000000000000000000e+00 0.000000000000000000e+00
0.000000000000000000e+00 0.000000000000000000e+00
0.000000000000000000e+00 0.000000000000000000e+00
0.000000000000000000e+00 0.000000000000000000e+00
0.000000000000000000e+00 0.000000000000000000e+00
0.000000000000000000e+00 0.000000000000000000e+00
0.000000000000000000e+00 0.000000000000000000e+00
0.000000000000000000e+00 0.000000000000000000e+00
0.000000000000000000e+00 0.000000000000000000e+00
0.000000000000000000e+00 0.000000000000000000e+00
0.000000000000000000e+00 0.000000000000000000e+00
0.000000000000000000e+00 0.000000000000000000e+00
0.000000000000000000e+00 0.000000000000000000e+00
0.000000000000000000e+00 0.000000000000000000e+00
0.000000000000000000e+00 0.000000000000000000e+00
0.000000000000000000e+00 0.000000000000000000e+00
3.481018366663557462e-01 2.404516664269991111e+00
0.000000000000000000e+00 3.917452388685888770e-02
3.801032234564832635e+00 5.726747715337948463e+00
3.237715956939919870e+00 7.127635695354831213e+00
7.005124400844758625e+00 7.454603233425670439e+00
7.281710810076429397e+00 7.972130580593609572e+00
8.099627697206278398e+00 8.244664276046055562e+00
8.295604563561044031e+00 8.407221976753122661e+00
8.471301946542910244e+00 8.546114784560412403e+00
8.715638245611954105e+00 8.812627541530707376e+00
8.886248479546223322e+00 9.026303018097395992e+00
9.049473196463678093e+00 9.247470020560935922e+00
9.264648660676343184e+00 9.507462706147013165e+00
9.517116194206764135e+00 9.721262325805643201e+00
9.661205105737293408e+00 9.938484562795757427e+00
9.904623078785254719e+00 1.018414521993806687e+01
1.016568046983166163e+01 1.042270435559698072e+01
1.035999529316339718e+01 1.065915161217630747e+01
1.058023134974619950e+01 1.086607287318464188e+01
1.086326268961723684e+01 1.108335280368217290e+01
1.106055185401449314e+01 1.129867145494632830e+01
1.123093572320459543e+01 1.149970362571776050e+01
1.143594469736535935e+01 1.170336593247149537e+01
1.167162718597050564e+01 1.190187731652981107e+01
1.190887997919081975e+01 1.209564258470374831e+01
1.209468869984699602e+01 1.229321011916601059e+01
1.232148481643610793e+01 1.249449717408213978e+01
1.250628133713042267e+01 1.269480552039058807e+01
1.286016809839262187e+01 1.267932503098509933e+01
1.281850039971010524e+01 1.307333077020114587e+01
1.306793485127624166e+01 1.325295815757760565e+01
1.327065513566223842e+01 1.345570982400957405e+01
1.347533850861054816e+01 1.364197175567794140e+01
1.383141791054101155e+01 1.370120025304732181e+01
1.403493324837620193e+01 1.380651351970672813e+01
1.422444829936249100e+01 1.402110893616738352e+01
1.426584904501334172e+01 1.441186396576688011e+01
1.461368189349362900e+01 1.445120560802139842e+01
1.482304878970361983e+01 1.469622935849374734e+01
1.485276328480816233e+01 1.502031280707718430e+01
1.525093421905127755e+01 1.508889810571930390e+01
1.545971894115677259e+01 1.527699506055077983e+01
1.568178359974075065e+01 1.548980206826381689e+01
1.589290016883392553e+01 1.566914347985609268e+01
1.593253741650643285e+01 1.609581267439089913e+01
1.632634743979727432e+01 1.613595418348836219e+01
1.632046068542215878e+01 1.650258994520176969e+01
1.672955635425050502e+01 1.654511121199518442e+01
1.675627801603055644e+01 1.691125385630460087e+01
1.715971723939974325e+01 1.694347150794902035e+01
1.738685163592588623e+01 1.720526907228355995e+01
1.760178810345018974e+01 1.741397675637959708e+01
1.781809087288759486e+01 1.766139640104675479e+01
1.804425866747231311e+01 1.789796120619231345e+01
1.826302965379474941e+01 1.812210340877144432e+01
1.849972774192463731e+01 1.834771648071043870e+01
1.872489140028789123e+01 1.853043589807968772e+01
1.896581550575425368e+01 1.880075149084437314e+01
1.917865596607986944e+01 1.900818687254067285e+01
1.940350265138819452e+01 1.918840497802844425e+01
1.964268237378576032e+01 1.944998954779335421e+01
1.987830531609371931e+01 1.972306824307054995e+01
2.010594880656150352e+01 1.989076379740960121e+01
2.033576036890230299e+01 2.011905743792710055e+01
2.056681480455081967e+01 2.034705638460585320e+01
2.079434892625348041e+01 2.058237906715137200e+01
2.104510805782166116e+01 2.082351495969731303e+01
2.126487336754663460e+01 2.105570247615462520e+01
2.150465816468850377e+01 2.128099026249657655e+01
2.173750891670826491e+01 2.154132026919898735e+01
2.198393938650978185e+01 2.171324403667952652e+01
2.221508210169847430e+01 2.203336727296523634e+01
2.244758600997873543e+01 2.225815681727458184e+01
2.268536780650959273e+01 2.245657298573621929e+01
2.292935301348514443e+01 2.266727444715155215e+01
2.315543014732233829e+01 2.297166113217636152e+01
2.340303579701241077e+01 2.310492979519654710e+01
2.363839769630063614e+01 2.338452219899607343e+01
2.389106556783119117e+01 2.361655649485477682e+01
2.410650221206939747e+01 2.388198911652530398e+01
2.434852678077484001e+01 2.405906797714040124e+01
2.458987832809173923e+01 2.433719337863533738e+01
2.481636292876336825e+01 2.457954640297765891e+01
2.504937536350738725e+01 2.481559088108931022e+01
