0.000000000000000000e+00 0.000000000000000000e+00
0.000000000000000000e+00 0.000000000000000000e+00
0.000000000000000000e+00 0.000000000000000000e+00
0.000000000000000000e+00 0.000000000000000000e+00
0.000000000000000000e+00 0.000000000000000000e+00
0.000000000000000000e+00 0.000000000000000000e+00
0.000000000000000000e+00 8.634493035952904572e-02
3.547218436171441502e-01 4.995020627291289761e-02
1.951711491805414589e-01 2.463484683669071029e-01
4.425691066166093091e-01 2.394371642878719619e+00
2.796467565759716001e-01 5.549474872338969078e+00
6.679979975551653126e+00 8.287080609601204628e+00
8.351712499701783088e+00 8.658106747232643841e+00
8.553419795581200802e+00 8.572487099110025710e+00
8.597506784355248399e+00 8.644416710978010343e+00
8.669295147957043923e+00 8.892083750668248854e+00
8.702706696426808719e+00 9.144680182646876432e+00
8.992774962290495111e+00 9.336041742314263203e+00
9.255835256524441945e+00 9.546680734811573643e+00
9.485423232076113820e+00 9.763941264112407481e+00
9.653678649179370908e+00 9.949269412902934206e+00
9.933113497309514983e+00 1.014412199197337650e+01
1.013590850220725947e+01 1.034756023312147200e+01
1.030509798995146120e+01 1.053625441085462278e+01
1.050461714849949679e+01 1.070967295344764381e+01
1.069646969292408833e+01 1.089189823178569227e+01
1.089618747343772576e+01 1.106041635818081659e+01
1.107002145539762239e+01 1.120845507612878578e+01
1.124132164506989717e+01 1.138024376101623503e+01
1.139757586760086916e+01 1.154859114976594192e+01
1.155740193978555475e+01 1.171275231870562550e+01
1.175301773431155716e+01 1.187660366452303684e+01
1.194419411378782669e+01 1.202980629186056660e+01
1.209325070386778833e+01 1.220306359656730955e+01
1.225950848364137968e+01 1.236371205557543185e+01
1.245004226413301396e+01 1.253238663477046977e+01
1.261665238996912208e+01 1.269371026579081096e+01
1.275206186246618323e+01 1.284938257593910649e+01
1.292871523441360893e+01 1.301674385309351933e+01
1.306988818008269604e+01 1.318855345469839691e+01
1.327324076180484980e+01 1.333806963122802891e+01
1.341347114549756370e+01 1.350857466809244833e+01
1.357070453465553506e+01 1.366595223200478060e+01
1.375747790136901472e+01 1.383801356047095155e+01
1.388477790822760838e+01 1.399220176550925920e+01
1.406638663053902860e+01 1.416409590924435768e+01
1.421298508190469789e+01 1.432637567682290936e+01
1.437272543520509060e+01 1.449073924247326239e+01
1.455242329825222747e+01 1.465654697806892592e+01
1.470534855186970624e+01 1.483286797831349624e+01
1.487303593678257130e+01 1.500367841288563930e+01
1.500399323712959543e+01 1.516420248590984876e+01
1.518551889417476453e+01 1.533329533859348004e+01
1.534286170596377552e+01 1.548956319193435860e+01
1.550239413005756184e+01 1.566217263166115536e+01
1.563193670063938967e+01 1.582233753370836560e+01
1.579253251892325061e+01 1.597384239050074939e+01
1.597980252156946790e+01 1.612277677083178418e+01
1.620515478952047772e+01 1.612684495712974098e+01
1.625011619031898391e+01 1.642351401286504142e+01
1.640339620598538062e+01 1.658298294058106848e+01
1.658777692785024982e+01 1.675236621490730471e+01
1.670027527412116797e+01 1.690679778318005333e+01
1.689563238711902216e+01 1.707259152279268477e+01
1.715762141207151004e+01 1.703087179254298533e+01
1.716070114828195514e+01 1.736093882692457058e+01
1.735952759400063528e+01 1.751892001806860932e+01
1.752906653996630837e+01 1.767222348208898097e+01
1.766641395428009176e+01 1.783911836145043850e+01
1.792795481567997129e+01 1.779996633880026735e+01
1.796436181577487190e+01 1.813882048599986163e+01
1.813170255129728758e+01 1.829580025960961720e+01
1.829437509125082428e+01 1.845724094554299199e+01
1.845228172378376286e+01 1.861393732098377285e+01
1.862500193191881337e+01 1.877582670989237457e+01
1.878839989008228883e+01 1.893622491434904731e+01
1.896941888852140323e+01 1.911879175954730670e+01
1.912771030695881080e+01 1.927425077732512193e+01
1.924666840508931998e+01 1.943507552716251752e+01
1.944234631248736989e+01 1.959354520616520645e+01
1.959238775296693191e+01 1.976476975606734854e+01
1.976882927010005986e+01 1.992876437162691516e+01
1.992970332018013835e+01 2.009188083701203809e+01
2.007099505129647454e+01 2.024265819162354774e+01
2.025226950727315867e+01 2.041000347756356703e+01
2.054455791100776096e+01 2.037961671947290654e+01
2.056805220490345221e+01 2.072762185493758125e+01
2.085424311101822070e+01 2.072490920294436734e+01
2.091673648693350884e+01 2.103550358685837196e+01
2.105114575741562888e+01 2.120483202813138845e+01
2.122845392789255570e+01 2.137174526254156959e+01
2.141447413897099850e+01 2.153116514783922852e+01
2.167843721341433394e+01 2.151260887026732149e+01
2.184441263604993466e+01 2.164671572031000935e+01
2.186282734043448173e+01 2.201138498380262476e+01
2.216351896974584079e+01 2.201898834474289401e+01
2.232200373621028433e+01 2.216333501528132999e+01
2.248249701171963366e+01 2.234575362554549827e+01
2.248252445272177624e+01 2.265019277598253922e+01
2.257934111286542489e+01 2.281310045906060679e+01
2.283203426674311132e+01 2.298800469683215297e+01
