0.000000000000000000e+00 0.000000000000000000e+00
0.000000000000000000e+00 0.000000000000000000e+00
0.000000000000000000e+00 0.000000000000000000e+00
0.000000000000000000e+00 0.000000000000000000e+00
0.000000000000000000e+00 0.000000000000000000e+00
0.000000000000000000e+00 2.585708480048632546e-02
0.000000000000000000e+00 7.597677501610183848e-02
4.638717431642764427e-02 5.257213089195132694e-02
2.862165947361611007e+00 5.551775870994504203e+00
3.441721398748636140e+00 4.287339347315122673e+00
4.353564068019517563e+00 7.274250029434371712e+00
7.100287428007721502e+00 7.091904608248070119e+00
7.107476908919304392e+00 7.114780582690949373e+00
7.129164526902447285e+00 7.306892108440346867e+00
7.166062861071981871e+00 7.261186848113003300e+00
7.364630360912014950e+00 7.575062273503886168e+00
7.654399799616411038e+00 7.722556848964115872e+00
7.765082799887215614e+00 8.008169713215663066e+00
7.902061031845060590e+00 8.152686046659887609e+00
8.090224573286203480e+00 8.397684646711727652e+00
8.248191292685342901e+00 8.619441961575523337e+00
8.487772994918890035e+00 8.843471339654032093e+00
8.693679452528439100e+00 9.036552466542246975e+00
8.889827820217005794e+00 9.199423562513636909e+00
9.076762761553400338e+00 9.382601556713758839e+00
9.330129023361086738e+00 9.548443409623681433e+00
9.517192551863322691e+00 9.705426735831185425e+00
9.729391129005044547e+00 9.873497533689736372e+00
9.888761571735701139e+00 1.003503874733692669e+01
1.009442774209615834e+01 1.020993228992618285e+01
1.025985792550171105e+01 1.036662867965440959e+01
1.044391875180903106e+01 1.052603525731075784e+01
1.058639694350972960e+01 1.068905751759064060e+01
1.073852002986022924e+01 1.085858638885421534e+01
1.092102772941669286e+01 1.101623643839621813e+01
1.111285894255429696e+01 1.118654313180113391e+01
1.125202159888713993e+01 1.134090608843791870e+01
1.142525441452812984e+01 1.150339569534008888e+01
1.160108449354086524e+01 1.166598690737196797e+01
1.175689187515156142e+01 1.183137517052760401e+01
1.191284900079650910e+01 1.200710031786435472e+01
1.204172800388777098e+01 1.216829564558009125e+01
1.222461726702754703e+01 1.232622647967829188e+01
1.239791103514727943e+01 1.249709210070135867e+01
1.253043447999872129e+01 1.266865002863099221e+01
1.270007986706328218e+01 1.281528875450216987e+01
1.289458444122759850e+01 1.299548988986751574e+01
1.303516276173281696e+01 1.315882171589991145e+01
1.317411327025459755e+01 1.332123413366474729e+01
1.337064477099515791e+01 1.349010738873627702e+01
1.348169562787916753e+01 1.365352400715599579e+01
1.364869025121123158e+01 1.381255075620448558e+01
1.380323322156105803e+01 1.397778383035905136e+01
1.399486363485191021e+01 1.413787371949809568e+01
1.414163402973774630e+01 1.430053086228539883e+01
1.428785514139454982e+01 1.445885668568230287e+01
1.443121537803532206e+01 1.461156831748176366e+01
1.472172199080247523e+01 1.459356940368392230e+01
1.485591768564587412e+01 1.473274323637898675e+01
1.484683328754237763e+01 1.504032485340140823e+01
1.503814696373581050e+01 1.519524644604965680e+01
1.521339376336922555e+01 1.536616524818828999e+01
1.537770188273004024e+01 1.551219583908612698e+01
1.554412988941083995e+01 1.567702415894858348e+01
1.566758602295095493e+01 1.584216366379570218e+01
1.585021544047127406e+01 1.601609089904545868e+01
1.602729177745744593e+01 1.617857417581720370e+01
1.616656307634198342e+01 1.633334403186190897e+01
1.649380616486940809e+01 1.638513412325794860e+01
1.663551492707347279e+01 1.651365935262924722e+01
1.679088010799688391e+01 1.668791205282121481e+01
1.684016207276784627e+01 1.698481485459416973e+01
1.712289327896488089e+01 1.700403371497483818e+01
1.729344331570693782e+01 1.714855733193406095e+01
1.729126322030219143e+01 1.747136691208726589e+01
1.742858772301855197e+01 1.762896944355160045e+01
1.778249888796827349e+01 1.759484931108217509e+01
1.780797730200267281e+01 1.794776016907535876e+01
1.795709741614825816e+01 1.811050704956181079e+01
1.826819245318825580e+01 1.810589905608361860e+01
1.829389388468036515e+01 1.843595308474201744e+01
1.858969516878904926e+01 1.848874610002517827e+01
1.875163306954155118e+01 1.855308168291275805e+01
1.878147415200744774e+01 1.890635141888029835e+01
1.907939281400169307e+01 1.898284786212718700e+01
1.925405152171602197e+01 1.911063142689312144e+01
1.941045868923036366e+01 1.929706638226942772e+01
1.958466621411221453e+01 1.941727646272020280e+01
1.958291030554175194e+01 1.975006727676452201e+01
1.991467477780708251e+01 1.976276061962278519e+01
1.995567811830280291e+01 2.007261258164338003e+01
2.013637701107685629e+01 2.025125177659694131e+01
2.027239505078877713e+01 2.042094981677420407e+01
2.044774259440195507e+01 2.058625205866707475e+01
2.075890813696142345e+01 2.062309532396622203e+01
2.093746604715985526e+01 2.077164406712455147e+01
2.110094049122171711e+01 2.098595043222295331e+01
2.128995826452510443e+01 2.114156998095204187e+01
2.129037397447486413e+01 2.143484828688047727e+01
2.164013751181520462e+01 2.150997528351126675e+01
2.181790956853034658e+01 2.171688130349172141e+01
