0.000000000000000000e+00 0.000000000000000000e+00
0.000000000000000000e+00 0.000000000000000000e+00
0.000000000000000000e+00 0.000000000000000000e+00
0.000000000000000000e+00 0.000000000000000000e+00
0.000000000000000000e+00 0.000000000000000000e+00
1.885550420078547715e-02 0.000000000000000000e+00
0.000000000000000000e+00 2.960617498623986155e+00
3.186307937513826793e+00 3.239909333494881416e+00
3.326703390671489569e+00 3.319899249725735579e+00
3.386183432266789417e+00 3.397026718627210951e+00
3.477063853285044637e+00 3.477768217621022728e+00
3.588470344830058334e+00 3.586232498280574443e+00
3.683849936266710312e+00 3.667606265251978304e+00
3.776864579706946667e+00 3.806172681581852846e+00
3.904742856853422150e+00 3.949859445726024543e+00
4.041418190052198156e+00 4.192630686492118564e+00
4.237434231542420271e+00 4.445065967451465205e+00
4.394291050061712056e+00 4.664713492675174322e+00
4.634725363502161244e+00 4.849014075507750654e+00
4.838607543155842627e+00 5.016521361590748462e+00
5.058261053228706672e+00 5.188047527322111385e+00
5.274822306597404697e+00 5.352763209662622756e+00
5.438379374046681924e+00 5.524773914445969325e+00
5.613084999657483642e+00 5.677309907942384548e+00
5.792292398232602224e+00 5.837690440583888751e+00
5.970491459128161260e+00 5.998816399292427270e+00
6.152511181942814211e+00 6.128253058420490618e+00
6.316349509693251818e+00 6.293763371288905617e+00
6.482192574993465684e+00 6.426832136023993058e+00
6.633638523887917415e+00 6.560262803624640426e+00
6.806527617993681112e+00 6.743534083606388840e+00
6.971927803896032394e+00 6.952858150415963223e+00
7.151215143401925545e+00 7.050176411603543691e+00
7.247291059136889757e+00 7.330076924821947060e+00
7.449541903592422187e+00 7.515623292731436145e+00
7.639916522071447780e+00 7.685164434079597484e+00
7.865569507858745979e+00 7.784505221245255235e+00
8.038651744788113618e+00 7.969821820440120774e+00
8.209021965816505784e+00 8.141698072723441371e+00
8.387951566700456496e+00 8.311455576907077258e+00
8.568181841933510512e+00 8.480960580406801341e+00
8.746884669717584160e+00 8.685185836980144458e+00
8.930499096122170855e+00 8.829559756001739146e+00
9.111994322552007475e+00 9.038587463278057399e+00
9.296164379539602507e+00 9.243050617622010634e+00
9.479944577897366997e+00 9.332146129190238781e+00
9.665613051778061404e+00 9.616306096919041480e+00
9.853069404056485681e+00 9.702283969210371950e+00
1.004100769925775438e+01 9.883041943761121217e+00
1.023191310093090145e+01 1.006710079494873966e+01
1.042197342853760311e+01 1.021846521468315494e+01
1.060901684543018675e+01 1.042354845677632369e+01
1.080682804867869073e+01 1.057706063426188159e+01
1.099864251986365460e+01 1.080604749400196773e+01
1.118132239093969105e+01 1.099569128003727059e+01
1.136867400824103136e+01 1.118749785496083859e+01
1.156634617054730541e+01 1.131145150039696823e+01
1.175284015852141017e+01 1.152896245644574336e+01
1.193922197069934299e+01 1.175193262967320607e+01
1.212704573797708107e+01 1.191098777833550493e+01
1.229932654406611547e+01 1.209852902056155166e+01
1.250285059922435060e+01 1.227226758583855748e+01
1.267324159108336623e+01 1.243917533826974164e+01
1.268710809567004283e+01 1.280958209063494735e+01
1.303354687315167659e+01 1.289698315091896141e+01
1.320513323648547299e+01 1.306364073472379950e+01
1.338620873735614047e+01 1.326712410975515510e+01
1.358313131942504093e+01 1.342317038311091437e+01
1.378466477097666676e+01 1.366580765587323043e+01
1.397048625647231290e+01 1.383308289034453331e+01
1.416055922280066071e+01 1.400728138187088412e+01
1.436880552558839774e+01 1.418045129086806000e+01
1.456130246724449151e+01 1.434150469019981067e+01
1.475825058856265670e+01 1.455111873380591092e+01
1.495771691959192395e+01 1.475673485555238429e+01
1.515966775739115135e+01 1.503570833520670469e+01
1.533044389530479812e+01 1.513205343787567259e+01
1.552831341932076370e+01 1.532923660226784612e+01
1.572279118939595577e+01 1.553590678398736458e+01
1.592366985171685911e+01 1.564593331505496643e+01
1.612657842558837018e+01 1.584945408609008943e+01
1.630143255054967355e+01 1.602508903567586884e+01
1.649891281085334072e+01 1.626788014547364369e+01
1.669281089149378516e+01 1.647543900583760745e+01
1.688830577314156045e+01 1.654720773880252338e+01
1.706898502094403369e+01 1.683298853365212011e+01
1.726111203610118494e+01 1.702718858620889009e+01
1.744577565516295081e+01 1.712542252165699352e+01
1.765348983715666975e+01 1.741106007260407651e+01
1.784483514017750139e+01 1.755949094333079685e+01
1.804387199063511815e+01 1.773901480726706126e+01
1.822935637861101554e+01 1.793234484071803081e+01
1.844072103035747290e+01 1.815778083061561787e+01
1.863832250554358083e+01 1.839594334081242977e+01
1.882521596961814936e+01 1.851573922764194080e+01
1.901395476379751059e+01 1.871693977599597503e+01
1.923432276568442134e+01 1.878482904811952992e+01
1.940855970510987305e+01 1.910266991367248579e+01
1.960250273847983848e+01 1.925224833919614298e+01
1.981256220753160946e+01 1.945618268405887363e+01
1.999845172812319305e+01 1.971144795673974315e+01
