0.000000000000000000e+00 0.000000000000000000e+00
0.000000000000000000e+00 0.000000000000000000e+00
0.000000000000000000e+00 0.000000000000000000e+00
0.000000000000000000e+00 0.000000000000000000e+00
0.000000000000000000e+00 0.000000000000000000e+00
5.936030526799852824e-02 0.000000000000000000e+00
1.006710904410491048e-01 5.047062978754671830e-02
2.386260212426451477e-01 -1.709865889473652367e-02
3.695285201648998985e-01 9.341200539912313250e-01
2.305269945525644903e+00 3.131494162533788206e+00
3.020890776171309966e+00 3.200555998623438647e+00
3.324955513650201144e+00 3.356996286183124401e+00
3.501643552841581464e+00 3.658564836633689588e+00
3.680512012198298599e+00 3.933069345607942413e+00
3.895962123798425658e+00 4.095507896351594290e+00
4.150534182536876671e+00 4.296427039526248493e+00
4.309135714201181244e+00 4.495891351617376408e+00
4.528609424680324125e+00 4.661966243783412622e+00
4.729733677446154694e+00 4.816451105681585965e+00
4.919619879827775932e+00 4.985698075020487785e+00
5.089599463849879157e+00 5.144745480377207691e+00
5.267347325298514349e+00 5.308447182962912514e+00
5.412387360802721759e+00 5.455994234554562894e+00
5.607919738285100486e+00 5.576303755982472410e+00
5.730594211606231170e+00 5.791769852531102991e+00
5.908974767442308540e+00 5.953762222268396798e+00
6.106702639455088288e+00 6.072310023970845627e+00
6.234196389168330299e+00 6.276923510063518563e+00
6.431502998688059414e+00 6.397421908079432562e+00
6.605529715469009133e+00 6.568975657102626542e+00
6.777543282148386083e+00 6.710233989492027540e+00
6.943988018597245571e+00 6.851647155602598183e+00
7.104265175621128137e+00 7.033210415979702645e+00
7.280281661839943297e+00 7.220816010831040188e+00
7.445444488823889984e+00 7.410276923687399986e+00
7.616719348650742738e+00 7.554397135289406151e+00
7.805902956703177686e+00 7.779651888592191256e+00
7.982430949451624791e+00 7.938316163829172822e+00
8.157786259047060895e+00 8.071254997480394877e+00
8.253341872384780231e+00 8.339893364440188250e+00
8.523582509965351051e+00 8.417947289306990655e+00
8.710748184405666450e+00 8.548339569814372041e+00
8.894892952693831845e+00 8.811295354828306614e+00
9.089126809683094166e+00 8.929716913399834866e+00
9.273268230624649888e+00 9.157229070812670457e+00
9.375476950456366865e+00 9.431924187857120501e+00
9.623291640068257990e+00 9.547694242316767443e+00
9.809882121726017701e+00 9.714949066037405601e+00
9.993602863657681468e+00 9.897586502084420701e+00
1.017506959056662197e+01 1.007855015132478904e+01
1.036405123516201954e+01 1.022494467613923774e+01
1.054472912282382957e+01 1.044909805896097765e+01
1.073749831650258102e+01 1.061310482696434931e+01
1.091633367018765277e+01 1.079660853808495879e+01
1.111495867584624975e+01 1.101269478894572096e+01
1.128605676261739177e+01 1.116577130452883715e+01
1.147825395870763465e+01 1.135800820248176457e+01
1.167005518560867294e+01 1.151726842499165393e+01
1.185659547029945671e+01 1.170819488279768628e+01
1.205223614257489295e+01 1.193223092138297936e+01
1.225046153907448776e+01 1.214126379591349192e+01
1.244205392290507817e+01 1.229573251738698758e+01
1.262839918349755308e+01 1.247462244799764974e+01
1.282329470186894760e+01 1.264943241741005053e+01
1.302778437606289330e+01 1.286059740590132705e+01
1.322314439510355655e+01 1.302252602742720100e+01
1.341680466272281436e+01 1.318448643843352386e+01
1.360672613420019594e+01 1.338189575687763266e+01
1.356655801149152119e+01 1.373703671508457624e+01
1.396765513573732775e+01 1.380744330117096119e+01
1.414653354498495297e+01 1.396734403458062879e+01
1.433159474079929474e+01 1.415548151664853194e+01
1.453390101396700018e+01 1.431937395387496004e+01
1.472712354493698506e+01 1.448540823270667666e+01
1.492767614199305903e+01 1.468942573440366672e+01
1.511541593472358080e+01 1.493685047908932617e+01
1.530030682561130106e+01 1.513985972435882843e+01
1.549974817963562579e+01 1.533585123035055986e+01
1.569187773131413621e+01 1.552855894849309948e+01
1.587929036593801868e+01 1.569075150887193892e+01
1.607621988731936469e+01 1.585742087744121420e+01
1.626008189979175711e+01 1.605364645862587025e+01
1.646225614747563881e+01 1.623976134421153361e+01
1.664099416467245973e+01 1.640001738574176926e+01
1.684240936118756693e+01 1.667062899261198794e+01
1.703545377097837132e+01 1.681083517014590001e+01
1.723287916408243348e+01 1.693724739656633460e+01
1.742412786259066593e+01 1.716121676450551092e+01
1.761896307118642113e+01 1.735741149939625672e+01
1.781629610072427994e+01 1.750508733309108322e+01
1.801523189058819341e+01 1.779416210883580263e+01
1.819784429632681366e+01 1.794097703461688909e+01
1.839389156681204796e+01 1.809396698956936689e+01
1.859089586797125904e+01 1.840826296357915481e+01
1.878587438791333852e+01 1.853955696736020542e+01
1.896678712798692956e+01 1.873126211958240717e+01
1.915557174913327287e+01 1.889347232927489628e+01
1.934251053452717528e+01 1.908032497658869175e+01
1.953728275125373059e+01 1.929711939545780197e+01
1.971001414249165151e+01 1.943010503786472398e+01
1.992267286260982573e+01 1.975425606816945390e+01
