0.000000000000000000e+00 0.000000000000000000e+00
0.000000000000000000e+00 0.000000000000000000e+00
0.000000000000000000e+00 0.000000000000000000e+00
0.000000000000000000e+00 0.000000000000000000e+00
0.000000000000000000e+00 0.000000000000000000e+00
1.333674496949545200e-02 0.000000000000000000e+00
9.385823833964671015e-02 0.000000000000000000e+00
6.402285816195543711e-02 0.000000000000000000e+00
4.285303134614665055e+00 4.440675813344043377e+00
3.838545952936039285e+00 4.072283743099513131e+00
4.157187628449753092e+00 4.161310422648803353e+00
4.211185645351195106e+00 4.215081303619649944e+00
4.293930088056006511e+00 4.296977169611206904e+00
4.390040264373213041e+00 4.427057953758231079e+00
4.489430340635494510e+00 4.633486345489165714e+00
4.619560803798968607e+00 4.918662563233377583e+00
4.839518432850050900e+00 5.099431332931136041e+00
5.073413481299191119e+00 5.289181699542894854e+00
5.349694155068090318e+00 5.530355530615721271e+00
5.531669700146768953e+00 5.781071713892673714e+00
5.660242900069523131e+00 5.980912819484490939e+00
5.881000539145884609e+00 6.151191021721637675e+00
6.108036846279486731e+00 6.332894547381346939e+00
6.317191924468244402e+00 6.500707425134978124e+00
6.507434622525648749e+00 6.665824130222975263e+00
6.679987809647781383e+00 6.823271232141514098e+00
6.909093065768276531e+00 6.994904973190032571e+00
7.070284630859753783e+00 7.152386418657508571e+00
7.235638312596445409e+00 7.315193305148620873e+00
7.387845922723036196e+00 7.482985447893137909e+00
7.549647587491118195e+00 7.632148991337805555e+00
7.682978251658724389e+00 7.783879645884306697e+00
7.933170561697101775e+00 7.847911681975182852e+00
8.083046374433351389e+00 7.970407814833758486e+00
8.231901878486024060e+00 8.082621054957440876e+00
8.382751673478246346e+00 8.236932726782672631e+00
8.534963540554926453e+00 8.410361440760308227e+00
8.684328148629687050e+00 8.567659678366094766e+00
8.728782070211888566e+00 8.857291786399850153e+00
9.014138392174077197e+00 8.894469411065067277e+00
9.174783477668732701e+00 9.060763909571880603e+00
9.331495481484452625e+00 9.206262963201590210e+00
9.389315612719386195e+00 9.507741274923862562e+00
9.671013936844046199e+00 9.565751504122630422e+00
9.856709607964369013e+00 9.704388385859331834e+00
1.002062172773686832e+01 9.905208313345843507e+00
1.020410517219648305e+01 1.007618696264956704e+01
1.038747620608483224e+01 1.023092972487571295e+01
1.056314118714456640e+01 1.039017956608614490e+01
1.074337615138118451e+01 1.056058430617386712e+01
1.092927300467755103e+01 1.076950312236679963e+01
1.109543111530730997e+01 1.092526757287769890e+01
1.128532291009894273e+01 1.108626997978104534e+01
1.146232022204840995e+01 1.126389677294457670e+01
1.164062006825680129e+01 1.146355109034325004e+01
1.160514454410023433e+01 1.179964328616210167e+01
1.199209550608384234e+01 1.184164959637141301e+01
1.217442754910484659e+01 1.197604562963896235e+01
1.234154216066439780e+01 1.213059709189402291e+01
1.252522828959182100e+01 1.232076679468999281e+01
1.269593392704380008e+01 1.252009559844190179e+01
1.289042302553452934e+01 1.268935959858977824e+01
1.306820535720552989e+01 1.286915495247792229e+01
1.324461309621175253e+01 1.303749737723900282e+01
1.324860975281242936e+01 1.340615014738883204e+01
1.359202629979933619e+01 1.339937199165100878e+01
1.377755542155721535e+01 1.359668814083775423e+01
1.395986519748051791e+01 1.379917415137453673e+01
1.415169994470775983e+01 1.391592027404557008e+01
1.433481502840307797e+01 1.411501588250578187e+01
1.451462454156136062e+01 1.431205716852987031e+01
1.470733854249090911e+01 1.451499628731477998e+01
1.488965565006327196e+01 1.464439898464599743e+01
1.507683306654782918e+01 1.487279383488492002e+01
1.526590318806156787e+01 1.507723358243077705e+01
1.545493566079550973e+01 1.517130541901151730e+01
1.563087645559704875e+01 1.544802403648676403e+01
1.581498648220639147e+01 1.563562454019448822e+01
1.600767266860870919e+01 1.578792398243878381e+01
1.618901810052236456e+01 1.595798399534272960e+01
1.636590587872793989e+01 1.610737056236479958e+01
1.655731485957262450e+01 1.637046064509865317e+01
1.675271346695159380e+01 1.652696850112796056e+01
1.693761596644054990e+01 1.670052260837851676e+01
1.712361570078791928e+01 1.693090203255336590e+01
1.731691099857793859e+01 1.709352429802357420e+01
1.750200899830590373e+01 1.729673861813371616e+01
1.768080108118809335e+01 1.751706981666719187e+01
1.757962532616942752e+01 1.778912724123042821e+01
1.804657176304625921e+01 1.777708778355889052e+01
1.821892357014280250e+01 1.802846157630426305e+01
1.839648346880755270e+01 1.820584270293586471e+01
1.859308826919275148e+01 1.836634932489806005e+01
1.878315316108686517e+01 1.846041162153857940e+01
1.897871274627846461e+01 1.869802691386507476e+01
1.916407696201119037e+01 1.902758257335299419e+01
1.935249609736096588e+01 1.914161497616640872e+01
1.955803146248538482e+01 1.925885522775262615e+01
1.974297789446781692e+01 1.940951702361142850e+01
1.992311726241052483e+01 1.964627450101338724e+01
2.012376747426713663e+01 1.988443459024531279e+01
