0.000000000000000000e+00 0.000000000000000000e+00
0.000000000000000000e+00 0.000000000000000000e+00
0.000000000000000000e+00 0.000000000000000000e+00
0.000000000000000000e+00 0.000000000000000000e+00
0.000000000000000000e+00 0.000000000000000000e+00
0.000000000000000000e+00 0.000000000000000000e+00
0.000000000000000000e+00 0.000000000000000000e+00
0.000000000000000000e+00 0.000000000000000000e+00
0.000000000000000000e+00 5.010828006052612693e+00
2.622174718971344465e+00 1.149891039267575132e-01
5.739313735274311767e+00 8.729724035915349845e+00
6.011927700814492681e+00 8.659271112848374585e+00
8.661892130743442664e+00 8.651649676968549585e+00
8.559265459001268894e+00 8.585540494586531679e+00
8.557718578284037036e+00 8.688657610540422738e+00
8.735070103653921336e+00 8.830903779096518136e+00
8.808339095854821110e+00 9.072428843148447442e+00
9.069918266173960575e+00 9.280006813134699328e+00
9.304179377329187872e+00 9.545706421009986897e+00
9.547643652103895207e+00 9.784037250573595301e+00
9.653295531794533701e+00 9.960752014233179352e+00
9.905341070681597415e+00 1.013141314082988309e+01
1.006908502938597394e+01 1.030977903020358610e+01
1.032049403457500070e+01 1.048276665305550814e+01
1.048721485513964602e+01 1.066311927577639374e+01
1.067945176282551323e+01 1.083921146236647282e+01
1.082531537477064632e+01 1.101636982369574902e+01
1.103428869318384820e+01 1.118555184615601483e+01
1.117672790095404700e+01 1.136549226600644857e+01
1.135761957784414733e+01 1.153584923699105680e+01
1.155622589667618705e+01 1.170479205803847300e+01
1.171015037773378431e+01 1.187160927558923618e+01
1.185521044797396861e+01 1.203100759309343282e+01
1.202437480320632979e+01 1.220964445384953478e+01
1.220911015321859416e+01 1.236587004251572175e+01
1.236225859225463353e+01 1.253198067448162512e+01
1.252320073678716916e+01 1.270310342665298720e+01
1.272609676730081318e+01 1.286182386534102484e+01
1.283021176580131950e+01 1.301807234301475091e+01
1.301565288702584056e+01 1.318891299996873379e+01
1.315993869864191801e+01 1.333955707196413343e+01
1.334390639701285508e+01 1.350629275410688912e+01
1.353235415734736691e+01 1.367740273598014689e+01
1.365551936493830709e+01 1.383665929010588869e+01
1.384705612289081778e+01 1.399946176863010194e+01
1.401984595039139236e+01 1.416572230770207952e+01
1.418759620107893582e+01 1.432748819034274668e+01
1.438481663210383665e+01 1.448367452152490742e+01
1.451310228834252136e+01 1.465614733666004632e+01
1.465381190499620523e+01 1.481120487606130709e+01
1.485036187402046615e+01 1.497550588098533275e+01
1.498826573140637386e+01 1.514210386567539679e+01
1.514055524423970311e+01 1.531210403473466819e+01
1.532810462725326417e+01 1.546376568055779011e+01
1.551526283538940554e+01 1.562187273082286687e+01
1.562106070913470290e+01 1.579760161589184619e+01
1.578563071387029026e+01 1.595605074177801974e+01
1.594537682519900912e+01 1.612982115594811461e+01
1.606005594001918624e+01 1.629495845005021337e+01
1.627800487209120206e+01 1.645558764335795487e+01
1.645328972017651381e+01 1.660543387867238252e+01
1.656043433128870390e+01 1.678058059738753371e+01
1.673302865088116320e+01 1.694364003898255078e+01
1.690897048754647258e+01 1.711620418202499394e+01
1.710854191238041011e+01 1.728218404735167724e+01
1.721564027132869512e+01 1.744108824658443879e+01
1.738666987744885617e+01 1.761013153621090410e+01
1.750940334100151219e+01 1.777407292304672026e+01
1.772255133085269918e+01 1.792842513742972343e+01
1.802661455069260299e+01 1.788192311289246916e+01
1.802335533919096733e+01 1.823217938707002261e+01
1.820594158199606127e+01 1.838286873454384462e+01
1.839462290752757312e+01 1.855866321417523679e+01
1.854743565053302490e+01 1.871745273420463818e+01
1.880770980670471104e+01 1.872918309965974615e+01
1.886154239679270717e+01 1.902589235793672273e+01
1.895287193950998272e+01 1.917704740580869682e+01
1.918910880797486485e+01 1.933126286922247772e+01
1.934672863018954558e+01 1.948424644521345428e+01
1.959964853106640348e+01 1.951309611229667240e+01
1.970080665369472328e+01 1.979209588409034382e+01
1.979967320993793933e+01 1.995399152439305368e+01
1.999420366321061948e+01 2.010992252776780020e+01
2.012632865854124020e+01 2.026837251430743692e+01
2.032588690633936324e+01 2.043368314431629429e+01
2.041864479834099555e+01 2.059582776595708964e+01
2.061001411718773113e+01 2.075790174166088420e+01
2.084896849765389248e+01 2.090694544686225953e+01
2.103279116689213168e+01 2.108473614602807089e+01
2.113460398009242880e+01 2.123344094387111269e+01
2.136992357010690213e+01 2.141235547830085650e+01
2.149423033850013809e+01 2.158242155944709495e+01
2.171082940179302057e+01 2.161117157329621463e+01
2.173343333519457232e+01 2.190435359269405780e+01
2.183936832855021848e+01 2.206963743883252604e+01
2.203688741471392376e+01 2.222971668586041361e+01
2.236796174511010804e+01 2.225828417779441892e+01
2.243725040300067519e+01 2.255843986009084290e+01
2.257305851483997472e+01 2.270724245909906358e+01
2.269891941340472030e+01 2.289002210964298811e+01
2.298727399970391616e+01 2.304472751992864943e+01
