0.000000000000000000e+00 0.000000000000000000e+00
0.000000000000000000e+00 0.000000000000000000e+00
0.000000000000000000e+00 0.000000000000000000e+00
2.713992024180569493e-02 0.000000000000000000e+00
3.505694263101680197e-02 0.000000000000000000e+00
7.303688204893733944e-03 0.000000000000000000e+00
5.295615093351186964e-01 1.999571391561364209e+00
1.786231172542637413e+00 2.298946284663266226e+00
2.427064223370647422e+00 2.438220961662970421e+00
2.575250257513899577e+00 2.560231677364315228e+00
2.708482145129929464e+00 2.721298236835480555e+00
2.851777088932308857e+00 2.847317306233920764e+00
3.020296939636767153e+00 3.032983844321293088e+00
3.171946629559486031e+00 3.312587715266356980e+00
3.363573784663842048e+00 3.511957086932368632e+00
3.544988501877979648e+00 3.690171027747989996e+00
3.734757487255592867e+00 3.859930383033571832e+00
3.925920323366407061e+00 4.034586522110356732e+00
4.138061481419076593e+00 4.192703337664727137e+00
4.318351916563262449e+00 4.367539359369943419e+00
4.535898744628042323e+00 4.497834869436467820e+00
4.659751617299783710e+00 4.716532816257948291e+00
4.881411693981623223e+00 4.824585624115569793e+00
5.063194911619264715e+00 4.999185349528320721e+00
5.238354497852892422e+00 5.196635580769979335e+00
5.414923664989691687e+00 5.354239671090192942e+00
5.590437676111373655e+00 5.551514142364558424e+00
5.777154231778978577e+00 5.731350792776725989e+00
5.964647329043610391e+00 5.906615575267091245e+00
6.147077261823183036e+00 6.102656815879218044e+00
6.322481389530741680e+00 6.278219578905196663e+00
6.503363108837850959e+00 6.438575409625911128e+00
6.683724917018040834e+00 6.631248845696240402e+00
6.879360534909584324e+00 6.796136998773818050e+00
7.057907925458960285e+00 6.958286577587978528e+00
7.254868309115416025e+00 7.095868234286259124e+00
7.451034826356048413e+00 7.331718159382607070e+00
7.636291849452336855e+00 7.503379289534646723e+00
7.828510426911182485e+00 7.689074457107376581e+00
8.004083277126252227e+00 7.827662335409798722e+00
8.191900528810904802e+00 8.109395877301246003e+00
8.378242928029695946e+00 8.292912456301616331e+00
8.444291582590134126e+00 8.520613139458694363e+00
8.731821425329409081e+00 8.652176006950439202e+00
8.920428261675585446e+00 8.812220755860064259e+00
9.117447060399594960e+00 9.012467531929729603e+00
9.309262456456814050e+00 9.211324044994105620e+00
9.495435336736891330e+00 9.337830621000435372e+00
9.704815362798649758e+00 9.575576383966085459e+00
9.895475050955994334e+00 9.750935072758480260e+00
1.009287720238109110e+01 9.962670767068555477e+00
1.028323135952330780e+01 1.016768157085485136e+01
1.047205381945982872e+01 1.033426302801912833e+01
1.066592108290652163e+01 1.055820315771513052e+01
1.085145388993368520e+01 1.074201619344301939e+01
1.105578734815275510e+01 1.089955733589934717e+01
1.124899403097231065e+01 1.110770209415780130e+01
1.144203885492567174e+01 1.119576554805273005e+01
1.163354433180467851e+01 1.150521735038773841e+01
1.183186752383276996e+01 1.166203228162878958e+01
1.202064470426451415e+01 1.184701273108469977e+01
1.220720123662989032e+01 1.206443992917109220e+01
1.240679574361405280e+01 1.228907795515523205e+01
1.260065312446558394e+01 1.237351620477222092e+01
1.280393314562263463e+01 1.260497007474126185e+01
1.298330622728254724e+01 1.283796768422089762e+01
1.318147184789867943e+01 1.296881513975649547e+01
1.336271697726491681e+01 1.324719771118588341e+01
1.355445510568534040e+01 1.334946645258684050e+01
1.376029151388853045e+01 1.358472314168372819e+01
1.394233784328717007e+01 1.382246184500857034e+01
1.414482655424963653e+01 1.399718681990477620e+01
1.432763334763389551e+01 1.420116924015098192e+01
1.452475275677502076e+01 1.435960043588744739e+01
1.471184473348007238e+01 1.452285011625083655e+01
1.491525742621400497e+01 1.463138545600867779e+01
1.510646042887914042e+01 1.494590417863887843e+01
1.531713829701012841e+01 1.506419212426112431e+01
1.550648397162308889e+01 1.536105004783891737e+01
1.569379140806007022e+01 1.543141755537252635e+01
1.589021541316130381e+01 1.570931558961564001e+01
1.609326754896135370e+01 1.596735951849252899e+01
1.628227410972831990e+01 1.607181557863773591e+01
1.647887459471674632e+01 1.629411819246488236e+01
1.666513026565620592e+01 1.644545443898892501e+01
1.686439223393772480e+01 1.657551962322111194e+01
1.705489523355295489e+01 1.679469284271293716e+01
1.725866355681482744e+01 1.696999639718080743e+01
1.745242213651331298e+01 1.718749678674744175e+01
1.765061418829370155e+01 1.734401727317730746e+01
1.784611103814286892e+01 1.753555106438743394e+01
1.805229943548507165e+01 1.773075564046532193e+01
1.824636856675132890e+01 1.794238225745994697e+01
1.844147494661216768e+01 1.816781758338002106e+01
1.864004497529570159e+01 1.839738236326838461e+01
1.883079146627679634e+01 1.850590247588463555e+01
1.902576562131872606e+01 1.876922937539479364e+01
1.922943041468991154e+01 1.883879339842476952e+01
1.941981287766870423e+01 1.910020027623992078e+01
1.962177386659248768e+01 1.932132105469086980e+01
1.981401916792556506e+01 1.964833534553115868e+01
