0.000000000000000000e+00 0.000000000000000000e+00
1.418682589473044806e-04 0.000000000000000000e+00
1.712549416448593334e-03 0.000000000000000000e+00
3.930216113526105448e-03 0.000000000000000000e+00
7.356176539639341927e-02 -3.437101193284101963e-02
2.045914406921114093e-01 0.000000000000000000e+00
3.674396585978789709e-01 1.358469309815851511e-01
1.177592146303784171e+00 1.338849883219424441e+00
1.609687009664924950e+00 1.747420553104689134e+00
1.820790746111979663e+00 1.953881233694533259e+00
2.030018916713196120e+00 2.138670931844507628e+00
2.319528733992179514e+00 2.278187540392698551e+00
2.429726957491725070e+00 2.519342362008744285e+00
2.703602333271424296e+00 2.640932702952162980e+00
2.897278759243374857e+00 2.811506271831846426e+00
3.083642917903425040e+00 3.034658738952170864e+00
3.277889771541399710e+00 3.212813468903519709e+00
3.465918371418123201e+00 3.396808962432284584e+00
3.656995500338057425e+00 3.585913169202750606e+00
3.842631349948884889e+00 3.787007232747155339e+00
4.034213934299870630e+00 3.966129100378876782e+00
4.227092551557157130e+00 4.165606263386487207e+00
4.423162703217514036e+00 4.345372736755510168e+00
4.619744087607618788e+00 4.532577079458101288e+00
4.800561838492973799e+00 4.759928446143006475e+00
4.990903230413268332e+00 4.938006134793186952e+00
5.186565442251486857e+00 5.103493206627228496e+00
5.378829976769436527e+00 5.295264779305655978e+00
5.596333447759496593e+00 5.474727667309804424e+00
5.784369510020890282e+00 5.671671942752166906e+00
5.972409456555170415e+00 5.858742535190442524e+00
6.163064435435917865e+00 6.080718879884178030e+00
6.361313628752670368e+00 6.196612081227238278e+00
6.554582255529724399e+00 6.441252429313330197e+00
6.749417235584494357e+00 6.653446468591257101e+00
6.939607049652185999e+00 6.846240462345391187e+00
7.139009325839479558e+00 7.005291918687472474e+00
7.330710374880267999e+00 7.181172769342418327e+00
7.527632002663168009e+00 7.396148289963438316e+00
7.727440099908042370e+00 7.558689815099812748e+00
7.923974136255236722e+00 7.789796561665209396e+00
8.108141742763660176e+00 7.988124463564409083e+00
8.308907478830835913e+00 8.194284029774191680e+00
8.499717324659341600e+00 8.376156679774000580e+00
8.701818502507087771e+00 8.556348318027765742e+00
8.888110102723331352e+00 8.772135072749977169e+00
9.090698067395019066e+00 8.892301551987348063e+00
9.283062429483369016e+00 9.065859547460345169e+00
9.478977404015420660e+00 9.343685935149970589e+00
9.671945552574918281e+00 9.528345189139736604e+00
9.884869890918791313e+00 9.685005151976847415e+00
1.006563879271622319e+01 9.897556199228455753e+00
1.027898337107629523e+01 1.011695563253717367e+01
1.047747330326235016e+01 1.031038246214212073e+01
1.065333278485056212e+01 1.048011566072750433e+01
1.085172511188863709e+01 1.066015943376774544e+01
1.104674949152551910e+01 1.083933883703952539e+01
1.124006508500991330e+01 1.102346477275423986e+01
1.143724348665643120e+01 1.125878993018997321e+01
1.163901417133325822e+01 1.141105973461338152e+01
1.182715993473465588e+01 1.164040166579827584e+01
1.203593118227553127e+01 1.180207612124509531e+01
1.223553324848744062e+01 1.203543612990426048e+01
1.242979188347463904e+01 1.222436046009937627e+01
1.263762285947059283e+01 1.237597540970068977e+01
1.282923200616087378e+01 1.251764727604480143e+01
1.304448065340370810e+01 1.275329068509330099e+01
1.322870242169272714e+01 1.297360982680302399e+01
1.342252377288244247e+01 1.314559739425220286e+01
1.362204843289031508e+01 1.332664971362712869e+01
1.383103528093940504e+01 1.350063147981840572e+01
1.402196273613392385e+01 1.369272340642566377e+01
1.421130320487445609e+01 1.393035318246925058e+01
1.441674936118354822e+01 1.417284155997007922e+01
1.461402330732381394e+01 1.438358200605081372e+01
1.481168088673806515e+01 1.447601495756512513e+01
1.500679430234514733e+01 1.466560602460398322e+01
1.519286045713463906e+01 1.488027732850700069e+01
1.539269672332293304e+01 1.512815995745856945e+01
1.559291975629710691e+01 1.523128105444940239e+01
1.577493066566671409e+01 1.549111798270389784e+01
1.597655228526128823e+01 1.570702079593046463e+01
1.617795988078211877e+01 1.583343777053052470e+01
1.637671910981737966e+01 1.603306122452486093e+01
1.655045627198544622e+01 1.626328214302782627e+01
1.676569474278957017e+01 1.635988998265573713e+01
1.694581215772550919e+01 1.660781569829492454e+01
1.714873987704744351e+01 1.685500039828491836e+01
1.735222685340390925e+01 1.701013713956012552e+01
1.755415776917643811e+01 1.720373622409681147e+01
1.773249651114232250e+01 1.736703711836353037e+01
1.792731075063501578e+01 1.759500373167668741e+01
1.811762706431181513e+01 1.776390582699593779e+01
1.831057012086569813e+01 1.806315557287364015e+01
1.851949274560774938e+01 1.814441465445984747e+01
1.870901682790147902e+01 1.837708566934177412e+01
1.891418414669732684e+01 1.857751494126675240e+01
1.911883452750416978e+01 1.871832370434563231e+01
1.931484558875269997e+01 1.892713717267113793e+01
1.951700961573092030e+01 1.906587487257852942e+01
1.970799190185490346e+01 1.939786005373974120e+01
