0.000000000000000000e+00 0.000000000000000000e+00
0.000000000000000000e+00 0.000000000000000000e+00
0.000000000000000000e+00 0.000000000000000000e+00
0.000000000000000000e+00 0.000000000000000000e+00
0.000000000000000000e+00 0.000000000000000000e+00
0.000000000000000000e+00 0.000000000000000000e+00
0.000000000000000000e+00 0.000000000000000000e+00
0.000000000000000000e+00 0.000000000000000000e+00
0.000000000000000000e+00 0.000000000000000000e+00
0.000000000000000000e+00 0.000000000000000000e+00
1.065200301475147882e+02 2.398030597779677748e+02
3.558797873475629103e+02 3.591847154920742469e+02
4.130335004883274905e+02 4.899467123902675212e+02
4.810597220496064210e+02 5.699108321475146113e+02
5.879801570472812955e+02 6.200736755512276659e+02
5.942549057053522574e+02 6.644491738289109435e+02
6.326404564039452225e+02 6.914498795040152572e+02
6.638872332759025312e+02 7.173311984341263496e+02
6.906310107850339364e+02 7.418094459298959009e+02
7.154021679808704448e+02 7.554980003083098836e+02
7.343768153501083589e+02 7.664052887518521402e+02
7.449233048527753454e+02 7.736061162364427446e+02
7.579367096129003585e+02 7.796008446936008340e+02
7.665375981530174840e+02 7.840659686497256189e+02
7.736257170216135819e+02 7.876887084276969517e+02
7.782472082634120625e+02 7.905246644373847857e+02
7.834153042707997656e+02 7.928031660427932366e+02
7.863622874554663440e+02 7.946658860207373891e+02
7.877734615920335273e+02 7.962631311756210835e+02
7.898571805470878644e+02 7.977022593393436409e+02
7.918185695257506040e+02 7.988827943315253606e+02
7.933406463832933468e+02 8.000060885491523095e+02
7.945098038425043114e+02 8.009537393884903622e+02
7.949337999522940663e+02 8.018622710054138452e+02
7.964830179992777630e+02 8.026786065554595098e+02
7.974410161862294899e+02 8.034312178191094063e+02
7.977901357410629544e+02 8.041260921990341330e+02
7.982253988498030139e+02 8.047239806853617665e+02
7.987334154092759491e+02 8.052477226224847300e+02
7.986970044623741387e+02 8.058133764914376798e+02
7.987804089275678052e+02 8.061906750643327086e+02
8.064492272956763372e+02 7.975994945921094086e+02
8.066862411695293531e+02 7.950603105947194535e+02
7.951296278811407774e+02 8.070383774396933632e+02
8.072654924702694643e+02 7.937286575547414031e+02
8.074871763170889380e+02 7.920799243883732288e+02
8.076785608973734725e+02 7.942708970136928883e+02
8.079055299538529198e+02 7.929469456329637751e+02
7.931979047210666067e+02 8.081909591248214610e+02
8.084173744302164550e+02 7.951869385455174779e+02
8.086019583112283726e+02 7.938324457727298977e+02
8.087974663420056913e+02 7.942342911056928187e+02
7.941330651836020706e+02 8.091001930531207336e+02
7.965094679034382352e+02 8.093615788751596938e+02
8.095858989007773516e+02 7.940465681814291656e+02
8.097879314541938811e+02 7.916974330581608683e+02
8.100460974143567228e+02 7.924124536495878601e+02
7.953677505558063103e+02 8.103259701076482315e+02
8.105745939110501013e+02 7.919020675112916479e+02
8.108293375512338343e+02 7.951818533075112327e+02
8.110903403823000417e+02 7.923222371167842084e+02
7.930614917743521346e+02 8.114008096682752011e+02
8.116308514059965091e+02 7.934657803756768999e+02
8.118951871451312172e+02 7.918333796542186747e+02
7.946594773531335250e+02 8.121624316789681188e+02
7.950599021993034512e+02 8.124332160287295892e+02
8.126913993690700408e+02 7.963241224052709413e+02
7.936641119458977300e+02 8.128960521355040783e+02
8.131962054022243365e+02 7.950797324902679293e+02
7.961526213082510139e+02 8.134311915749698301e+02
7.964613014578189905e+02 8.137018056191760706e+02
8.139872639682746467e+02 7.969804589140829876e+02
8.142263131688279145e+02 7.926723017451708984e+02
7.942315719149382858e+02 8.144597471543653455e+02
8.147245591068129897e+02 7.949383650611079020e+02
8.149747014920266110e+02 7.937403995317145018e+02
8.152146701435658542e+02 7.916209550308195730e+02
7.954514315220819753e+02 8.154215738037668189e+02
7.964083506875057310e+02 8.156716738203964496e+02
8.159172493868513811e+02 7.956163912870364356e+02
7.944741896505182694e+02 8.160832394345786724e+02
8.163461804770662411e+02 7.964775729415346177e+02
8.165611795714069103e+02 7.945574225453150348e+02
8.167599388561644673e+02 7.932788738612091493e+02
8.170112231360889155e+02 7.976609699857110627e+02
7.913414158851248885e+02 8.171514464629037775e+02
7.967211677609349181e+02 8.173580006233711401e+02
7.949571380873356929e+02 8.175267472869988978e+02
8.178010076154404260e+02 7.905247680477284575e+02
8.179856338402520350e+02 7.931948071567333045e+02
7.947887412527107927e+02 8.181173279535223628e+02
7.939098922583197009e+02 8.183069974641373392e+02
7.959713946229503563e+02 8.184891865386634890e+02
8.187359535262116879e+02 7.971591147263014818e+02
7.935510510452544395e+02 8.188438851242023020e+02
8.191215580209978953e+02 7.961106302536861676e+02
8.193255543442791122e+02 7.968357296800398899e+02
7.963777306184059626e+02 8.194297935063776777e+02
7.923572584053612218e+02 8.195538628452430885e+02
7.826786703842295765e+02 8.194090326205460997e+02
8.202710831946529879e+02 8.042271680705688368e+02
