0.000000000000000000e+00 0.000000000000000000e+00
0.000000000000000000e+00 0.000000000000000000e+00
0.000000000000000000e+00 0.000000000000000000e+00
0.000000000000000000e+00 0.000000000000000000e+00
8.837508634501684002e-02 0.000000000000000000e+00
1.624886411030319888e-02 -1.949863693236383866e-02
2.941088700566465292e-02 0.000000000000000000e+00
7.231574776764461143e-01 2.478663999236625060e+00
2.947077104516697688e+00 3.045996602223955740e+00
2.996547974746122556e+00 3.056407732227136798e+00
3.148766781325746056e+00 3.165138039312574758e+00
3.232128323180964102e+00 3.299230242846399541e+00
3.354328637165582716e+00 3.342910686107066986e+00
3.445000280813176552e+00 3.529522449139095741e+00
3.565582817854065834e+00 3.659047750060302917e+00
3.691379512345229763e+00 3.899001865509317710e+00
3.843821895108790354e+00 4.120014343126365830e+00
4.100539789770652810e+00 4.290269137976376435e+00
4.323035676242678704e+00 4.461358145560946120e+00
4.523498780354715976e+00 4.610074291259626200e+00
4.669859949152244560e+00 4.759349877778833893e+00
4.866452089709922824e+00 4.854469973502518521e+00
5.010771448794717919e+00 5.102092224067819259e+00
5.190379311380462823e+00 5.286971061970676899e+00
5.350402236571068393e+00 5.470485222329252828e+00
5.486807881294168077e+00 5.634184655783537998e+00
5.645232832324531991e+00 5.781167996907397466e+00
5.813388342244822482e+00 5.934368571217860655e+00
5.983143150965951840e+00 6.083985795072559100e+00
6.156818765947027927e+00 6.228059130008792188e+00
6.319468332046821679e+00 6.377185738769107104e+00
6.514910646842956510e+00 6.459064425594362113e+00
6.567179804900723283e+00 6.685930575814875709e+00
6.734131889403834670e+00 6.834504699062108557e+00
6.982634299601326866e+00 6.890611541437297483e+00
7.017914136333963881e+00 7.141091946057614770e+00
7.284148810685834974e+00 7.146960921337491612e+00
7.334183610318276259e+00 7.441744849922193872e+00
7.601316785922623609e+00 7.486514320767886588e+00
7.748405222770588630e+00 7.604751416674517372e+00
7.911881172502923221e+00 7.744340256254444554e+00
8.080960233223462907e+00 7.895382129391992798e+00
8.236157827206856297e+00 8.084135744537242374e+00
8.393570072936322291e+00 8.243108207873840243e+00
8.545949567299160776e+00 8.388761677723092447e+00
8.719876271660369937e+00 8.577974680794239859e+00
8.710635062268353934e+00 8.860767505069873096e+00
9.036234598256639217e+00 8.881695401453665539e+00
9.036446275150096241e+00 9.176129735230237117e+00
9.350584389167488908e+00 9.196367883213932615e+00
9.394994847631023660e+00 9.501690455918788913e+00
9.669435919136988744e+00 9.517698243304527850e+00
9.835314875635106091e+00 9.723396823421186497e+00
1.000299637011276310e+01 9.850557063971759675e+00
1.015975016666991415e+01 1.005161556545470702e+01
1.032773815035096376e+01 1.021856849199960138e+01
1.049669995553488278e+01 1.037511364420799964e+01
1.067509825631478826e+01 1.052930913089481280e+01
1.084235055966699157e+01 1.069740264812237740e+01
1.101482618782389977e+01 1.088153246866272994e+01
1.118030025618766388e+01 1.103189092145013817e+01
1.135043039406568965e+01 1.119067984384364145e+01
1.152767006872585043e+01 1.136749545046169274e+01
1.169104632533559851e+01 1.151986812318927633e+01
1.185262060712977927e+01 1.172397693828643739e+01
1.202103373102290540e+01 1.185123036101067839e+01
1.204282153383903520e+01 1.215836263783263149e+01
1.235815329525666328e+01 1.220140276596257145e+01
1.253302416053009161e+01 1.237868179738034158e+01
1.269680997146474510e+01 1.258755199507183953e+01
1.287575983098263777e+01 1.273222165260381544e+01
1.306021040953252133e+01 1.294231221968985146e+01
1.323129158505671654e+01 1.300471206262127133e+01
1.340530836198376186e+01 1.326661727815053737e+01
1.358938267741867278e+01 1.344349407975543187e+01
1.375435622616770104e+01 1.358739833468267655e+01
1.391847718386597776e+01 1.376547365995928551e+01
1.409535806920665557e+01 1.389593946271451586e+01
1.426878556724597757e+01 1.414950175466375626e+01
1.443805286443126157e+01 1.426790881668593691e+01
1.461005206901617548e+01 1.449525874539808079e+01
1.478750762172429489e+01 1.466312776997235900e+01
1.495991038703048837e+01 1.477081238027911425e+01
1.514554083470739343e+01 1.494304776041052207e+01
1.531260478980910378e+01 1.517769786001845667e+01
1.549720007595696281e+01 1.529084081631406811e+01
1.568225576279648337e+01 1.550270547965411261e+01
1.585208732426812972e+01 1.566394825870111518e+01
1.602334753005389345e+01 1.584995259516536770e+01
1.619709280623462533e+01 1.600454237365808652e+01
1.636694494078379236e+01 1.620284432942523623e+01
1.654363989487631414e+01 1.635791616906053392e+01
1.671838293823721955e+01 1.652942803208847522e+01
1.689537331481276894e+01 1.670703635184144886e+01
1.705551762222233947e+01 1.687592223998867524e+01
1.724467730233995866e+01 1.704540366112108529e+01
1.741094086100015659e+01 1.725621834501584928e+01
1.757245227317753233e+01 1.739961447172676756e+01
1.774446690062617904e+01 1.755428096426927809e+01
1.789727729430830649e+01 1.778000432508556727e+01
1.809227010039679939e+01 1.786969298312477861e+01
