0.000000000000000000e+00 0.000000000000000000e+00
0.000000000000000000e+00 0.000000000000000000e+00
0.000000000000000000e+00 0.000000000000000000e+00
0.000000000000000000e+00 0.000000000000000000e+00
0.000000000000000000e+00 0.000000000000000000e+00
0.000000000000000000e+00 0.000000000000000000e+00
1.594871980176587323e-01 4.853484103060346638e-02
1.558423407115018255e-01 1.535381185236801560e-01
2.163646902947760520e+00 4.737555652738843825e+00
5.211158412333745993e+00 5.657824967437445451e+00
5.809261171489875863e+00 5.820076582383943098e+00
5.837636860745281098e+00 5.898861329200563830e+00
5.968924882973154489e+00 5.958361054361701825e+00
6.028695126033240648e+00 6.024276887715163120e+00
6.135899996194687844e+00 6.192127905740993477e+00
6.206000058657664908e+00 6.513184390094617804e+00
6.500863500609646906e+00 6.751793467957738493e+00
6.762458124608800247e+00 7.041647732864534603e+00
7.013016757528765410e+00 7.246968336617594098e+00
7.242277646592397033e+00 7.474364669768934100e+00
7.453916749445974155e+00 7.647789821199756588e+00
7.697972287285188564e+00 7.837007874672721641e+00
7.884537904243054562e+00 8.041461608300819464e+00
8.092666231836888713e+00 8.217893369579199359e+00
8.281665292578898274e+00 8.400974145926909387e+00
8.486214704212011739e+00 8.590969636286295952e+00
8.679995427801296515e+00 8.792123373868458103e+00
8.837381018115028297e+00 8.973364298547728879e+00
9.023073964749482201e+00 9.163106231072273289e+00
9.190841169357899076e+00 9.345659908408455507e+00
9.349675124537553117e+00 9.519707005891509866e+00
9.524243258495641129e+00 9.703580980825501356e+00
9.695954426010239047e+00 9.874067291352368159e+00
9.865966290687085305e+00 1.003882921033722120e+01
1.002072836701323055e+01 1.019407496326209817e+01
1.035447786630299127e+01 1.017746541518968151e+01
1.033764143644504507e+01 1.052744829542237248e+01
1.053343542393704979e+01 1.070399815228550899e+01
1.070049538428819780e+01 1.087796077725138133e+01
1.102825556051345401e+01 1.085821570603046915e+01
1.120022054460216054e+01 1.104031415382911341e+01
1.122850954162643156e+01 1.139963830027755876e+01
1.139750450086083333e+01 1.157086629366284924e+01
1.159633548365033384e+01 1.174940730219986484e+01
1.177728126710961476e+01 1.192758537593959822e+01
1.196037644163299341e+01 1.210648706857163148e+01
1.215470753939600179e+01 1.228464575465964614e+01
1.246757732595087376e+01 1.232998011758545687e+01
1.252977061994108610e+01 1.265033523268558646e+01
1.282157927531440578e+01 1.271721122615809563e+01
1.301013742536852291e+01 1.287075408311431168e+01
1.319471290039316891e+01 1.309677522231955749e+01
1.325801199601566616e+01 1.338447644874978870e+01
1.357694212278749113e+01 1.343406266905465962e+01
1.376399959144248619e+01 1.360601921887188226e+01
1.377725378436618975e+01 1.394040765027046369e+01
1.396685238525219752e+01 1.410964467394858701e+01
1.421749478530968780e+01 1.429357703475182007e+01
1.449568406219296079e+01 1.435855754451323207e+01
1.468502589672088732e+01 1.456719278700568232e+01
1.487225443506718570e+01 1.467888894567453661e+01
1.507808524023480956e+01 1.493658407123792031e+01
1.527363125820241407e+01 1.512696120202479655e+01
1.547217081947659700e+01 1.524729960610800816e+01
1.566272760871077274e+01 1.553022950117978418e+01
1.568662127087046265e+01 1.582514022402277831e+01
1.602069080967775250e+01 1.587887030527052445e+01
1.621045743292315677e+01 1.610618484462436228e+01
1.625463443017099863e+01 1.637471803168444850e+01
1.659834002913514084e+01 1.640457921100329131e+01
1.680845499689926825e+01 1.668206457563571021e+01
1.700105072943668816e+01 1.682536228511419552e+01
1.719897860175701965e+01 1.700658804608823971e+01
1.741685584807734699e+01 1.722730256049744568e+01
1.764150428752432731e+01 1.742047117358972841e+01
1.783869706648026821e+01 1.759757148021201090e+01
1.804596598062194701e+01 1.787246519952596557e+01
1.825501687806393392e+01 1.805240540504192026e+01
1.845323572290966396e+01 1.817470898686098479e+01
1.866083879075157981e+01 1.838521375899032861e+01
1.886284159164789287e+01 1.867854855271458447e+01
1.882131885525210535e+01 1.901705983093721386e+01
1.925406201717272836e+01 1.906664673827788903e+01
1.946544188549658472e+01 1.916655813985204659e+01
1.966619342032689133e+01 1.938128550397298611e+01
1.987390434061896372e+01 1.955155674292091916e+01
2.008197121648982630e+01 1.982100793229182045e+01
2.028220889258005144e+01 1.998702467959078533e+01
2.050771442910367170e+01 2.019868108601691503e+01
2.069460507006265360e+01 2.041624732386420504e+01
2.090103681207605391e+01 2.057640585478602802e+01
2.110674533181498091e+01 2.075375368754560057e+01
2.131756577845489886e+01 2.098446732076899934e+01
2.153699364958441365e+01 2.123175554052841463e+01
2.173908827324694215e+01 2.142894471167511128e+01
2.194877776396362989e+01 2.159264967164208926e+01
2.214620606016797666e+01 2.188039467539107008e+01
2.235204822992139384e+01 2.197302880901535715e+01
2.258064757818594614e+01 2.223539107390586267e+01
2.276037446981814938e+01 2.242048625576901344e+01
2.298551116774445546e+01 2.270926650445097650e+01
