0.000000000000000000e+00 0.000000000000000000e+00
0.000000000000000000e+00 0.000000000000000000e+00
0.000000000000000000e+00 0.000000000000000000e+00
0.000000000000000000e+00 0.000000000000000000e+00
0.000000000000000000e+00 0.000000000000000000e+00
0.000000000000000000e+00 0.000000000000000000e+00
2.330259075900057708e-01 8.383592182071968046e-02
1.818606329255496867e-01 3.868378813527297400e+00
1.226953222871844273e+00 3.346974822047398684e-02
2.178497743308732026e+01 2.429009033446112653e+01
2.863782908458087917e+01 3.072394663995042308e+01
3.068460389462783411e+01 3.084138771747068830e+01
3.093287776614482354e+01 3.093458996890691282e+01
3.095298130760152233e+01 3.094640455473379603e+01
3.010539420989647397e+01 3.091906239785233268e+01
3.094542290739618906e+01 3.111306475300124319e+01
3.107332989477045615e+01 3.149220678892157110e+01
3.121029258462413836e+01 3.203400585465924877e+01
3.163192523815709478e+01 3.252143168815596397e+01
3.210323612808603144e+01 3.304102720073903754e+01
3.250037911771771348e+01 3.351642772490782818e+01
3.297387682537925002e+01 3.391028346991325293e+01
3.347508606090539729e+01 3.432974105070161386e+01
3.389401124478677474e+01 3.469958854898536060e+01
3.432253427956064940e+01 3.505203739052342371e+01
3.476353829032457554e+01 3.537576730006833969e+01
3.512831563719990413e+01 3.568620346779908914e+01
3.543671344876420903e+01 3.598088144837734603e+01
3.576290311942894817e+01 3.627157490493890890e+01
3.613756774297218044e+01 3.654177714715093828e+01
3.642564309369931408e+01 3.680569354631969503e+01
3.667499782917266060e+01 3.708569925462239070e+01
3.695448567946871776e+01 3.733696908791816327e+01
3.726049478492269884e+01 3.760654136669231917e+01
3.753602405192508940e+01 3.785682535960852135e+01
3.775634507868339540e+01 3.810437097659157502e+01
3.799585553603640165e+01 3.834626243041887506e+01
3.825439033398127719e+01 3.859027805241245090e+01
3.850419435945919133e+01 3.883463871530049971e+01
3.874637504380981312e+01 3.907006579328711382e+01
3.895671915121802442e+01 3.928858194523485992e+01
3.910603096897660436e+01 3.950342146480345207e+01
3.969299952930681030e+01 3.930288705084524992e+01
3.989502087797205832e+01 3.941076913459470177e+01
4.009134279772325016e+01 3.940581412481744650e+01
4.030421205333533408e+01 3.964106238516102820e+01
4.051472692419337562e+01 3.972279986505083826e+01
3.995970398907176246e+01 4.076555402750823731e+01
4.096013675099067797e+01 4.035877790863155212e+01
4.060353826742535688e+01 4.125166951669703508e+01
4.078099828260015869e+01 4.147789896106937135e+01
4.102407685242538093e+01 4.172610024685242536e+01
4.192953141734066946e+01 4.121581906744571455e+01
4.215228963826215391e+01 4.140231681108600270e+01
4.160389570290449512e+01 4.240234338353980093e+01
4.262818606853251424e+01 4.183993979609047642e+01
4.285941289138047949e+01 4.211489132937615665e+01
4.308631251639938142e+01 4.223673701334718089e+01
4.251962913326743632e+01 4.332697221412488631e+01
4.356613609311348512e+01 4.275395249350769689e+01
4.380571596694102965e+01 4.301267993247044785e+01
4.405056026516747636e+01 4.321979678459535990e+01
4.428918629888414671e+01 4.337332958430719998e+01
4.370675970784393627e+01 4.452883376008365701e+01
4.478057039564878750e+01 4.410405712316475757e+01
4.417018178292845221e+01 4.500205204402269743e+01
4.443296005778411484e+01 4.525870063023623402e+01
4.470611514006542819e+01 4.549755114592026928e+01
4.577256564614187795e+01 4.473340102085683867e+01
4.601137527359758650e+01 4.519071781218128336e+01
4.531260761515725477e+01 4.623016759434588607e+01
4.649728736155549313e+01 4.568113215658190995e+01
4.585480762806300703e+01 4.673165444980609351e+01
4.700495740604882400e+01 4.622554550340625923e+01
4.635591833932696915e+01 4.722800320452708434e+01
4.750920642648435432e+01 4.661444703877761242e+01
4.777178198128507347e+01 4.688340999258648623e+01
4.803173603611823239e+01 4.694967288162482077e+01
4.744010134995686911e+01 4.824268174371950835e+01
4.853367055769221849e+01 4.763791987533591765e+01
4.879838049405723410e+01 4.782178173687933764e+01
4.905080923850597685e+01 4.822827860634330932e+01
4.932903494547130663e+01 4.844493255958568767e+01
4.870134718038703880e+01 4.952957970232761653e+01
4.984248721321953468e+01 4.886071135103306062e+01
5.012276612901217021e+01 4.924654967228286750e+01
5.037806317251678934e+01 4.946907073095926677e+01
5.067397123779363000e+01 4.964206360096316928e+01
5.093992204642141530e+01 4.998176602561026272e+01
5.036491144700742950e+01 5.114829375750090179e+01
5.147682387467700238e+01 5.046519453857248294e+01
5.084657214402992764e+01 5.167511581001553367e+01
5.202499715098976196e+01 5.090726999011005205e+01
5.227041179805920734e+01 5.136368540477629097e+01
5.254671977026854535e+01 5.150920661325810102e+01
5.191608990753686470e+01 5.273622125215448619e+01
5.202762052962474115e+01 5.296907123633858561e+01
5.332538939213874585e+01 5.218633874821338026e+01
5.357415303146948560e+01 5.248158760280102086e+01
5.382060911025533301e+01 5.270973145955906602e+01
5.414052065170254480e+01 5.318066929699584477e+01
