0.000000000000000000e+00 0.000000000000000000e+00
1.558962732431037478e-04 0.000000000000000000e+00
2.151475893061708267e-03 0.000000000000000000e+00
1.367085444840192461e-02 0.000000000000000000e+00
7.540631876787684540e-02 9.826596169530910980e-06
1.742846686201511563e-01 4.032404808288012066e-02
1.332060714525715728e-01 6.160897362674497835e-01
7.077409824255016524e-01 7.520670169213237166e-01
8.625922751002513822e-01 8.431763019640599044e-01
9.699919110967279989e-01 9.610138981628529864e-01
1.076494989868899799e+00 1.059142790000279000e+00
1.183573035914184945e+00 1.168536080953956668e+00
1.296390300534487450e+00 1.274729765755193034e+00
1.404054729860056305e+00 1.380893778267650474e+00
1.511380199196842966e+00 1.488215057087616033e+00
1.621417994972458088e+00 1.594514191428128891e+00
1.730572829779305710e+00 1.698024952130175125e+00
1.839481560876720767e+00 1.808429453642444340e+00
1.948353760038226135e+00 1.916851519448456775e+00
2.058990021585815899e+00 2.024394088792785595e+00
2.167664228056743969e+00 2.129514981598673806e+00
2.272541886220496465e+00 2.243418558211971447e+00
2.384714480844770890e+00 2.348677005510137139e+00
2.491156336704883234e+00 2.439177187284930604e+00
2.601525198678368067e+00 2.553836954720729580e+00
2.711603223044809496e+00 2.659951592240563656e+00
2.819462454169592291e+00 2.774664034293709225e+00
2.924723018024458998e+00 2.859311574021844216e+00
3.034010469790890063e+00 2.968943325090604990e+00
3.146768078756687181e+00 3.080909699132189594e+00
3.254851009185583344e+00 3.192545535411641655e+00
3.359089232081807985e+00 3.315368781887205518e+00
3.464216705481594438e+00 3.422794310887365743e+00
3.576476763959887339e+00 3.523921320700210913e+00
3.682304909089196610e+00 3.621519507622787515e+00
3.785942481135266657e+00 3.717865569933039627e+00
3.898408830345682752e+00 3.836466466122053109e+00
4.004482263690436916e+00 3.927471738470836193e+00
4.106956556430926497e+00 4.058250684929772589e+00
4.215810539748422237e+00 4.131554019846422676e+00
4.326594002679128081e+00 4.260457601184953980e+00
4.438032155260041911e+00 4.377764921105847584e+00
4.544065221014641942e+00 4.457013108286006720e+00
4.652899075599843393e+00 4.575621782895840539e+00
4.764204478597978465e+00 4.689569033586881375e+00
4.871744972621886660e+00 4.800703794151262471e+00
4.979045165517018035e+00 4.922830171680519840e+00
5.085722097665533958e+00 4.992055859470632129e+00
5.191113720362277917e+00 5.100199212070450017e+00
5.295185004742942070e+00 5.211579035781539915e+00
5.408561482935859921e+00 5.355770928583859281e+00
5.511119881959642086e+00 5.433423166157929529e+00
5.619677813949507161e+00 5.541624259022613685e+00
5.730153936126136216e+00 5.646920438701059197e+00
5.836532127238604595e+00 5.737743657141513687e+00
5.950862129155015445e+00 5.845411213230175207e+00
6.051732695054070632e+00 5.975920472914687309e+00
6.163885524043458908e+00 6.053778638042697224e+00
6.273956859374927753e+00 6.177096435154590282e+00
6.370669405314698608e+00 6.300686737592189779e+00
6.490166882425285166e+00 6.401243575100921568e+00
6.603538817996637000e+00 6.507433218344591985e+00
6.707785998975904107e+00 6.606299538510031155e+00
6.816380855721037690e+00 6.734450410794623032e+00
6.927981248972872486e+00 6.832319886271862153e+00
7.034925909344962314e+00 6.910657896777186338e+00
7.134471180402595536e+00 7.046465025174359909e+00
7.251234787605647547e+00 7.102699268898135188e+00
7.361433928782777691e+00 7.275980073435014184e+00
7.466095208698426688e+00 7.361119245299894587e+00
7.570922370769822329e+00 7.471641430676434048e+00
7.679357241461199912e+00 7.546893287248336080e+00
7.780841456347540763e+00 7.674519606726836862e+00
7.887786348257564306e+00 7.798762560072895589e+00
8.002077331434488627e+00 7.896750511948936513e+00
8.109805624054919448e+00 7.994032440192612832e+00
8.212699244458397274e+00 8.117436969999992868e+00
8.323071497595323720e+00 8.196366685890517090e+00
8.431300640445906325e+00 8.335703126594344425e+00
8.538483343248909563e+00 8.447703045342866091e+00
8.652799911151419110e+00 8.553859456898065261e+00
8.758868573707790262e+00 8.630151940499759533e+00
8.872656446559828325e+00 8.728538493923329256e+00
8.981698831734389543e+00 8.858408238686337199e+00
9.087438964415543552e+00 9.012280882568994400e+00
9.197844276889258097e+00 9.067596537361804820e+00
9.313971129507077507e+00 9.180020211568107769e+00
9.411346422576830406e+00 9.265234473606062338e+00
9.521844833231556393e+00 9.415101419377743142e+00
9.627169473490322815e+00 9.527976287088700147e+00
9.743621977988556893e+00 9.599249212886876492e+00
9.847649313977573371e+00 9.682089485834580955e+00
9.963297561836172989e+00 9.841591985581880309e+00
1.006585378214950666e+01 9.895279069971493868e+00
1.017339251371249809e+01 1.002125822431651692e+01
1.028923644943531990e+01 1.014063030898721607e+01
1.039548937512303262e+01 1.022686061410452751e+01
1.050330938530119163e+01 1.036804531269726581e+01
1.061536904257437008e+01 1.045930991942374355e+01
1.072848290908167357e+01 1.055250322085531067e+01
1.082869527712334801e+01 1.067536824651051930e+01
