0.000000000000000000e+00 0.000000000000000000e+00
0.000000000000000000e+00 0.000000000000000000e+00
0.000000000000000000e+00 0.000000000000000000e+00
0.000000000000000000e+00 0.000000000000000000e+00
0.000000000000000000e+00 0.000000000000000000e+00
0.000000000000000000e+00 0.000000000000000000e+00
0.000000000000000000e+00 0.000000000000000000e+00
0.000000000000000000e+00 0.000000000000000000e+00
0.000000000000000000e+00 0.000000000000000000e+00
0.000000000000000000e+00 0.000000000000000000e+00
0.000000000000000000e+00 0.000000000000000000e+00
0.000000000000000000e+00 0.000000000000000000e+00
0.000000000000000000e+00 0.000000000000000000e+00
0.000000000000000000e+00 0.000000000000000000e+00
0.000000000000000000e+00 0.000000000000000000e+00
1.617727919258971081e-02 0.000000000000000000e+00
2.441873115009986911e-02 0.000000000000000000e+00
9.822222393587360934e-01 6.342520587504107077e+00
3.489760078644954966e+00 6.263600355398093456e+00
6.471811963256658196e+00 6.478445556822486573e+00
6.553338664303244521e+00 6.539675330791740571e+00
6.634271059403055837e+00 6.659517093695234813e+00
6.763206561684068419e+00 6.752804370457691441e+00
6.907331535916243936e+00 6.866486155760165744e+00
6.992970037534928629e+00 6.977948889436498270e+00
7.128196017880584101e+00 7.105309527771324518e+00
7.250144380266321242e+00 7.419423209144762943e+00
7.432421870964644128e+00 7.571271932371071323e+00
7.604013255724306752e+00 7.686781793809443819e+00
7.802078039270909038e+00 7.849354342381124283e+00
7.945118044795752787e+00 7.962394119578554808e+00
8.088287599692586483e+00 8.166508006575277534e+00
8.227839773199773887e+00 8.338187195321037137e+00
8.379462343149482351e+00 8.517206657737274256e+00
8.528091854712153363e+00 8.666282986611360428e+00
8.682415888147330563e+00 8.821139707431186139e+00
8.836894998633024301e+00 8.973846445709689590e+00
8.999477545718118421e+00 9.117373891560042409e+00
9.273571340860938150e+00 9.173677593922167972e+00
9.429685398196756552e+00 9.310489046454138773e+00
9.472922847829277515e+00 9.565520040077878150e+00
9.730135311362715811e+00 9.644070164680515589e+00
9.892953123497541412e+00 9.764591507858446207e+00
1.005011819071599355e+01 9.959279271614688511e+00
1.021000837761463842e+01 1.010013521757868737e+01
1.037664839953639273e+01 1.026481221380111641e+01
1.053405589923964492e+01 1.043103656037203741e+01
1.072069124689087438e+01 1.060146806154180865e+01
1.087090396577682405e+01 1.076034144870162201e+01
1.103412977864590871e+01 1.092048711409762696e+01
1.120471005740735393e+01 1.107184542263379612e+01
1.137253097469052854e+01 1.130107166198969360e+01
1.153455841204197441e+01 1.144516914283343390e+01
1.170020627611281050e+01 1.161523968479249014e+01
1.186120697529209345e+01 1.180180735395685332e+01
1.203656523759742569e+01 1.199237020810792131e+01
1.220544295307079707e+01 1.215366078112748305e+01
1.238063690391652294e+01 1.229390461586055494e+01
1.255523287444830594e+01 1.250965413080525401e+01
1.272896412981236836e+01 1.267587443572781503e+01
1.290811075081516002e+01 1.285489095694307160e+01
1.309217768210225685e+01 1.304319526361508608e+01
1.327488135925904089e+01 1.319211959680896307e+01
1.344588099132022307e+01 1.339354095152925517e+01
1.363467397139354276e+01 1.351506756186905456e+01
1.381742645683684678e+01 1.370593412382507026e+01
1.400565466195790520e+01 1.386218393344372046e+01
1.418829278675259609e+01 1.409742530003227401e+01
1.437995352260270998e+01 1.428854224753525592e+01
1.455230461606732639e+01 1.447210097717877986e+01
1.474534288931867820e+01 1.456951851718863722e+01
1.493441984304888948e+01 1.482027167787384236e+01
1.511874279934312426e+01 1.495639265953427177e+01
1.530972676072568284e+01 1.511408883164248351e+01
1.549585854763556370e+01 1.536212796475413356e+01
1.569022170258933002e+01 1.552178915956029925e+01
1.587183431774866804e+01 1.563942681510746269e+01
1.605517351999015219e+01 1.583529747278010902e+01
1.623940898264754296e+01 1.599408223789837002e+01
1.642500891638641392e+01 1.622474092138448043e+01
1.662024471176097862e+01 1.642252099148392830e+01
1.679936270942875609e+01 1.659639447631869658e+01
1.698388060414972145e+01 1.676546372505459459e+01
1.715461376022615880e+01 1.694457069371424396e+01
1.734392441647666416e+01 1.707160605148065358e+01
1.752078745236381963e+01 1.729559846482640140e+01
1.771015198534425750e+01 1.744989979190720675e+01
1.790503178621339231e+01 1.759091305631862312e+01
1.809315736357605076e+01 1.787023633073529894e+01
1.828409887433140213e+01 1.799947291168662034e+01
1.846977945667025267e+01 1.821543617573750495e+01
1.867432222997545566e+01 1.836210975850188376e+01
1.887220509509962341e+01 1.858255149515873228e+01
1.906135906269665981e+01 1.876101063302612815e+01
1.924389830558800085e+01 1.890785632104508807e+01
1.943096080347008936e+01 1.904702907910827037e+01
1.963252562291794590e+01 1.927973027360861380e+01
1.982156844819935770e+01 1.950873964381279180e+01
2.001397443756653161e+01 1.964491953036622363e+01
2.020772960415055763e+01 1.988038178499742870e+01
2.040591863136652861e+01 2.001352738286210808e+01
