0.000000000000000000e+00 0.000000000000000000e+00
0.000000000000000000e+00 0.000000000000000000e+00
0.000000000000000000e+00 0.000000000000000000e+00
0.000000000000000000e+00 0.000000000000000000e+00
0.000000000000000000e+00 0.000000000000000000e+00
0.000000000000000000e+00 0.000000000000000000e+00
0.000000000000000000e+00 0.000000000000000000e+00
8.804502736234934290e-02 0.000000000000000000e+00
4.920654458508229301e-02 3.924633132184870199e+00
3.702550093069538306e+00 3.974483904081270058e+00
4.041956303690042773e+00 4.046651533393358591e+00
4.126725689960145438e+00 4.170859682120471312e+00
4.232834148082222470e+00 4.281466320384546442e+00
4.344395822188584333e+00 4.316912856915152474e+00
4.484240374375725757e+00 4.582912958527598946e+00
4.609309678517400144e+00 4.797507255212848598e+00
4.818861567342366037e+00 5.031652256538820644e+00
4.968686248042507358e+00 5.300187602676622589e+00
5.170708324679414325e+00 5.564573670050017462e+00
5.446293835499383285e+00 5.793481333419856938e+00
5.696873372941572811e+00 5.981477202523495684e+00
5.898768572868475779e+00 6.180116282957087925e+00
6.108712774582233607e+00 6.352418024737901625e+00
6.334464400613901702e+00 6.523845759106616349e+00
6.523159677638285636e+00 6.684975652151771364e+00
6.712457551704024361e+00 6.850393458365444666e+00
6.892185995299109358e+00 7.018945769827610981e+00
7.055058900830682767e+00 7.181873198813922166e+00
7.251970045606985771e+00 7.346960418664192360e+00
7.433174961791509716e+00 7.509286807434149225e+00
7.591847219827966065e+00 7.666473353224814602e+00
7.761819092463457359e+00 7.824142144942398680e+00
7.889460503394617241e+00 7.980125340610310758e+00
8.121356935532364929e+00 8.033842154995545215e+00
8.264645060439914204e+00 8.130575939371889049e+00
8.416609901767067470e+00 8.221357762297200722e+00
8.574371395914855754e+00 8.397539286450845353e+00
8.733074658389972100e+00 8.545961649610861244e+00
8.898718713623521737e+00 8.728357499928138807e+00
8.907578712338322546e+00 9.065309375642776502e+00
9.229830325539616354e+00 9.073602638636684148e+00
9.388322096392355931e+00 9.256619706485128773e+00
9.553544765195240984e+00 9.380080291175593388e+00
9.731864024616882602e+00 9.546419820117646893e+00
9.895146163630467839e+00 9.688804484037103038e+00
1.006189647739783588e+01 9.872306984369053851e+00
1.006336024475470126e+01 1.022717907466621057e+01
1.041146801500497432e+01 1.026133790031954263e+01
1.058215174425182248e+01 1.038717250379323787e+01
1.055890858448284497e+01 1.074090305524997291e+01
1.092428604945155790e+01 1.072428256909708644e+01
1.109919616278181742e+01 1.089886932015776999e+01
1.106367970864887340e+01 1.125995093271143332e+01
1.144970539037897517e+01 1.127273070347709449e+01
1.163541501638362696e+01 1.143767168527724820e+01
1.181282905600585487e+01 1.162608423859945184e+01
1.199600627362989158e+01 1.180936050334010012e+01
1.216977810869621557e+01 1.199504544873145839e+01
1.235271428521146042e+01 1.218770974214669778e+01
1.232115429431737041e+01 1.250228850273660441e+01
1.270416670010257221e+01 1.248336458104455282e+01
1.287904745734761391e+01 1.267644672851163001e+01
1.287424035467951455e+01 1.302309217144799547e+01
1.323156625130662967e+01 1.308685809739751882e+01
1.341324876530724808e+01 1.324470318659020762e+01
1.359151931468455565e+01 1.338880599276534511e+01
1.377703341336681930e+01 1.364241986802926654e+01
1.397119040513882204e+01 1.376774408713019149e+01
1.413715983716564217e+01 1.395505995430907298e+01
1.432442081820008539e+01 1.416615336873426223e+01
1.450476581377404095e+01 1.434368377209611367e+01
1.469493364165000315e+01 1.452396153699225856e+01
1.487392377813077182e+01 1.471275785067255093e+01
1.506848892272689433e+01 1.490267969342349375e+01
1.525522501864439029e+01 1.506946999335072945e+01
1.543413061547388487e+01 1.525534748074696445e+01
1.563979522708211078e+01 1.547324083619412249e+01
1.580861101342119213e+01 1.566575541536411542e+01
1.599825407280476242e+01 1.580019585292153117e+01
1.618558193059076800e+01 1.597500706425065964e+01
1.636247578951969217e+01 1.614276201828568347e+01
1.653588271901262274e+01 1.634877422718580675e+01
1.673294545198277206e+01 1.652194984065013017e+01
1.692412275430828572e+01 1.673110278185503930e+01
1.710866020911906560e+01 1.691685355975339178e+01
1.730028056564511374e+01 1.708054813246245018e+01
1.748542656247796145e+01 1.727917673571793955e+01
1.768242108781335276e+01 1.750966667305559454e+01
1.787912887446494636e+01 1.770910219756417447e+01
1.807480178361792156e+01 1.781929484366645156e+01
1.825830643480000859e+01 1.804030527845432630e+01
1.846483487071790108e+01 1.822862563043638318e+01
1.865133420952810894e+01 1.845612450679269756e+01
1.884694832143579291e+01 1.855432332304142662e+01
1.903816641786631081e+01 1.888335798147032918e+01
1.923109977854852914e+01 1.897023142971979226e+01
1.942527333786610555e+01 1.916767484571841251e+01
1.961340818629164673e+01 1.937453293921195296e+01
1.981061577958740116e+01 1.953361745685324280e+01
1.999161388566534470e+01 1.968688491763620974e+01
2.019902263955175670e+01 1.991250619254481435e+01
