0.000000000000000000e+00 0.000000000000000000e+00
0.000000000000000000e+00 0.000000000000000000e+00
0.000000000000000000e+00 0.000000000000000000e+00
0.000000000000000000e+00 0.000000000000000000e+00
0.000000000000000000e+00 0.000000000000000000e+00
0.000000000000000000e+00 0.000000000000000000e+00
0.000000000000000000e+00 0.000000000000000000e+00
0.000000000000000000e+00 1.793172601467084293e-02
1.271634719072855635e+00 2.175412842503428479e+00
2.367016576405167605e+00 2.662900013831827284e+00
2.883417756960457545e+00 2.986413370444534365e+00
2.984398329812984141e+00 3.122514203509655140e+00
3.211525558162673821e+00 3.274439684715409360e+00
3.295233537190807027e+00 3.439093821062224610e+00
3.453129873628974167e+00 3.641301336240614361e+00
3.727558955446518940e+00 3.907652006930148580e+00
3.901713871398293509e+00 4.111721145089870966e+00
4.131392087639515154e+00 4.341324983952926431e+00
4.307497013165296984e+00 4.524722689653038366e+00
4.463360888813954652e+00 4.673098939971759513e+00
4.627758345650495819e+00 4.825173174090793715e+00
4.856956770718059424e+00 4.975803853315374781e+00
4.996543814151395146e+00 5.130765750668148328e+00
5.193909894892314583e+00 5.278484736168835845e+00
5.333911827230983782e+00 5.437874726889987187e+00
5.558005928197702339e+00 5.499214773061331663e+00
5.611143438974517395e+00 5.748644280604255918e+00
5.792972366511549787e+00 5.906298523424641012e+00
5.945929794016574732e+00 6.064661284091753757e+00
6.138004231751798656e+00 6.229125450653604901e+00
6.301415938632522362e+00 6.393013276279885915e+00
6.464696599990358727e+00 6.539436997744909164e+00
6.608471625623022483e+00 6.684684499296158933e+00
6.771763830537697260e+00 6.832738986689088634e+00
6.979269373010563271e+00 6.938106096442464121e+00
7.059962356497774039e+00 7.144719282018760609e+00
7.292581313450878788e+00 7.174992607671866196e+00
7.340650867573481619e+00 7.442250862466744721e+00
7.598536901557181089e+00 7.525019740524836465e+00
7.652181788592804956e+00 7.757036224130762214e+00
7.914767943750783630e+00 7.771578298611799163e+00
8.077444238937756538e+00 7.957851914214888467e+00
8.136384035435206386e+00 8.230809879659876316e+00
8.394447820736925081e+00 8.285734874631062397e+00
8.561728499501839451e+00 8.430534628605519387e+00
8.726196154015061879e+00 8.574921996834868665e+00
8.886608374644833219e+00 8.769238001165769347e+00
9.043802098401609868e+00 8.903925799787099749e+00
9.206736307088821292e+00 9.083808770844690628e+00
9.375797340239849120e+00 9.225559604517377110e+00
9.550003269311755361e+00 9.366580855611912781e+00
9.709197667144881194e+00 9.568913404441484971e+00
9.880711842959827962e+00 9.700757502781071295e+00
9.910000347220623951e+00 1.002917187701990542e+01
1.020729575967558667e+01 1.007426468807361175e+01
1.037446990993463736e+01 1.022649334565262791e+01
1.054995660439113792e+01 1.036249001764833899e+01
1.070884051992313957e+01 1.055461335963739167e+01
1.088027674273784484e+01 1.072605121572400932e+01
1.104074592006647038e+01 1.087086874101853518e+01
1.121332584460688686e+01 1.104565225804756246e+01
1.121944942122016720e+01 1.134454371822671348e+01
1.154754296884827625e+01 1.141541764432052020e+01
1.172372498855565048e+01 1.158047061905280017e+01
1.189318623365753247e+01 1.169876759561163659e+01
1.206567373821112454e+01 1.188909543495140930e+01
1.224280791496998333e+01 1.204617531588744761e+01
1.242179373473487125e+01 1.225018433226479786e+01
1.258596061749816819e+01 1.236997675527924123e+01
1.275820297845962514e+01 1.256922483505777244e+01
1.292979414153476192e+01 1.275453753196614848e+01
1.309219475653853237e+01 1.290663379196563199e+01
1.325504002825486971e+01 1.311708210814835418e+01
1.343490655495712893e+01 1.326497744148296754e+01
1.360716294681235006e+01 1.342375721509274911e+01
1.377464970800124355e+01 1.360832301985344195e+01
1.395238876970899078e+01 1.377741025529074470e+01
1.412421849533525453e+01 1.395087451125275457e+01
1.430814158323878793e+01 1.407879311641128872e+01
1.447349481553657924e+01 1.432689592733652262e+01
1.464651857444270000e+01 1.449786279111226328e+01
1.483333063527710927e+01 1.463345757688196969e+01
1.500638916315015692e+01 1.483974148917914171e+01
1.517625608387903924e+01 1.499047233031661186e+01
1.534216915530365277e+01 1.518621967695757213e+01
1.551144492668137609e+01 1.533317790558050042e+01
1.547547835882798140e+01 1.561567277331135806e+01
1.584527260122662895e+01 1.565071127333026091e+01
1.599837055788084506e+01 1.580361292918213323e+01
1.618636996348766033e+01 1.600048310220878633e+01
1.635358467741904320e+01 1.618418698277960388e+01
1.653397714816282260e+01 1.632759617310903622e+01
1.669767284699682719e+01 1.656849761889858641e+01
1.689070064424318218e+01 1.668102480155581446e+01
1.706962323443602259e+01 1.687932755248075267e+01
1.722964260444434714e+01 1.697075945854947676e+01
1.740381848910375595e+01 1.723322996523317485e+01
1.758637467071672233e+01 1.734135677950199650e+01
1.777496553269662272e+01 1.756870469154908676e+01
1.794734093121125440e+01 1.770787763940985826e+01
1.812375001347443515e+01 1.789697467063441039e+01
