0.000000000000000000e+00 0.000000000000000000e+00
0.000000000000000000e+00 0.000000000000000000e+00
0.000000000000000000e+00 0.000000000000000000e+00
0.000000000000000000e+00 0.000000000000000000e+00
3.556303650577356118e-02 0.000000000000000000e+00
8.855162917449374560e-02 2.696769106573282393e-01
3.081384488552434409e-01 4.889171498125043785e-02
3.704769057536886345e-01 7.869441155513512420e-01
9.082419789211707561e-01 9.436057737717660210e-01
1.030023398821474867e+00 1.068142201445874573e+00
1.175940354860473214e+00 1.148447832855436834e+00
1.255062026411757570e+00 1.298347291475466569e+00
1.370434311073308375e+00 1.408137967675272550e+00
1.489752313592155319e+00 1.519058415232197534e+00
1.631809947765428426e+00 1.613212644325481726e+00
1.743772178106743453e+00 1.723176843764265387e+00
1.857565530224182249e+00 1.829756784671370262e+00
1.973998013686766750e+00 1.924302988116950663e+00
2.083879675144522103e+00 2.049245043364642527e+00
2.194867001101549864e+00 2.172376847825492785e+00
2.309253498618377254e+00 2.283112296323978274e+00
2.423861896181430886e+00 2.392956271852761496e+00
2.540869407256772128e+00 2.491576170365229270e+00
2.655162692464483332e+00 2.619107986897901696e+00
2.769939935177919033e+00 2.724949678065573089e+00
2.884095266291498039e+00 2.844891170810337044e+00
3.007023652567410110e+00 2.950389263480807767e+00
3.119754534601193896e+00 3.051599846182831755e+00
3.232644790687751346e+00 3.180117424635039658e+00
3.345529363726004846e+00 3.266108740680524036e+00
3.461395309008185706e+00 3.403041822067262245e+00
3.577173120625173564e+00 3.506468833893152670e+00
3.691800998067868100e+00 3.615403481946663611e+00
3.807459246865477542e+00 3.738445096574197102e+00
3.917375885171842320e+00 3.875496146310378531e+00
4.030984636800035048e+00 3.965024619527743877e+00
4.142782241646177255e+00 4.085806464335227872e+00
4.251177905899106158e+00 4.193747546099030998e+00
4.373747676570631349e+00 4.300460184293003252e+00
4.490742678973465907e+00 4.424616396342822000e+00
4.607144441486767050e+00 4.541024575440624211e+00
4.723942606861236904e+00 4.624922875170910608e+00
4.837466999319003591e+00 4.781953696270902832e+00
4.951516020406137031e+00 4.890573016193437539e+00
5.067630458116570757e+00 4.994950932999352666e+00
5.182408256617826225e+00 5.107888319480050399e+00
5.301602387320877519e+00 5.197196396757312264e+00
5.413810298684283318e+00 5.335621779768686679e+00
5.524035470325796560e+00 5.410544433701594436e+00
5.641836202088186702e+00 5.571933164448678255e+00
5.753579573084192766e+00 5.671901115277937500e+00
5.868947616687183455e+00 5.786206075528748549e+00
5.975698489794538659e+00 5.888970686145115430e+00
6.089767229809871729e+00 6.019836183488956216e+00
6.207815791493186630e+00 6.141041120269922438e+00
6.322787597006066740e+00 6.265932308949306417e+00
6.446464270397817664e+00 6.321496810889556173e+00
6.559573817048534927e+00 6.456185433319748590e+00
6.671618111464572287e+00 6.598869918996708606e+00
6.795259009753167767e+00 6.678579515622514506e+00
6.909223679647590544e+00 6.809100545489812362e+00
7.022133319839923615e+00 6.915786172403195486e+00
7.141947553853334796e+00 7.031999099141743592e+00
7.256006771518340059e+00 7.125163877988820005e+00
7.364053318608674736e+00 7.290966502018896733e+00
7.487253903648340980e+00 7.350748802317321307e+00
7.602112360298728611e+00 7.536701399687726344e+00
7.718732021356631279e+00 7.610029711708623523e+00
7.829784882114919853e+00 7.722908876959339253e+00
7.940998311266315390e+00 7.797579497337431498e+00
8.057169171902231142e+00 7.989953502434163468e+00
8.176239951160564345e+00 8.095710968781856920e+00
8.290646984570571476e+00 8.193395267811727223e+00
8.405173151601333714e+00 8.298185745069046604e+00
8.517364264026518583e+00 8.380439338457392751e+00
8.630076188510436452e+00 8.466063972114257652e+00
8.757493607299604577e+00 8.651861770623636261e+00
8.867215770945701792e+00 8.733455039381290419e+00
8.983913142617915071e+00 8.829988846843303207e+00
9.101867104901305794e+00 8.980293316517206748e+00
9.214027147250147820e+00 9.060501117202827359e+00
9.330431815723603250e+00 9.200944180218433743e+00
9.449185503253243468e+00 9.293391605911592634e+00
9.560159911795294008e+00 9.391207885036584102e+00
9.677290680097341280e+00 9.565365721299862400e+00
9.789865033811887329e+00 9.681566824588450970e+00
9.899836404680241841e+00 9.762623272902525073e+00
1.002282263748436719e+01 9.910417095609950877e+00
1.013380880260886130e+01 9.998668128131187771e+00
1.024880529541648855e+01 1.008827537669685803e+01
1.036387166049531494e+01 1.019929404809650109e+01
1.048215655747866570e+01 1.036547831899275351e+01
1.058597825320474684e+01 1.045080578282453843e+01
1.070795273425966698e+01 1.058596406829406789e+01
1.083149814247078702e+01 1.069618807093413615e+01
1.094463360264584750e+01 1.079124410049701766e+01
1.106700073606843837e+01 1.091742744322079872e+01
1.118809853076592020e+01 1.104203832719558775e+01
1.129687444223084292e+01 1.111537458736188455e+01
1.140897973628774587e+01 1.125752472091023115e+01
1.152853357530264944e+01 1.142343472688998141e+01
