0.000000000000000000e+00 0.000000000000000000e+00
0.000000000000000000e+00 0.000000000000000000e+00
0.000000000000000000e+00 0.000000000000000000e+00
8.711653004379909387e-03 0.000000000000000000e+00
5.314383545951766735e-02 0.000000000000000000e+00
4.819783239196871738e-02 5.957918640980902625e-01
1.101492758787430581e+00 1.340973113066660005e+00
1.562294207645229083e+00 1.601617280221969253e+00
1.750923291120971781e+00 1.773702388339653435e+00
1.957972182147958318e+00 1.950942686736252485e+00
2.128890764843966554e+00 2.129467532483603431e+00
2.311514859179567782e+00 2.309801436437263433e+00
2.499042885600617048e+00 2.469433045629853218e+00
2.680295832593210914e+00 2.678642581969451708e+00
2.877359019591958500e+00 2.852103790770212921e+00
3.081090008597207941e+00 3.041878915442781661e+00
3.274545107317095916e+00 3.240778823411907261e+00
3.472706741556677024e+00 3.426320419349322410e+00
3.666828055043377610e+00 3.620630727544727812e+00
3.854916109837116522e+00 3.812200206013223625e+00
4.049785180562999187e+00 3.997036989674551677e+00
4.238382160570536961e+00 4.164661062439656725e+00
4.438884524234369522e+00 4.366264091512910284e+00
4.625442550498775951e+00 4.559139371080434877e+00
4.822890630965858350e+00 4.743983325971856679e+00
4.991236604227551332e+00 4.914709408270358182e+00
5.194535030211890003e+00 5.122040617850672106e+00
5.384846934574206045e+00 5.340191950552584110e+00
5.579221541556359298e+00 5.527249632775397714e+00
5.783020528975526986e+00 5.710385211357158042e+00
5.981306063398344364e+00 5.869125405489621805e+00
6.171958558699302877e+00 6.077269252932990362e+00
6.371021663058580309e+00 6.279660501987968324e+00
6.561625284889005094e+00 6.420412077914376070e+00
6.758435405758472569e+00 6.619455368040386034e+00
6.956215373989968143e+00 6.865814071531798568e+00
7.154801487252647973e+00 7.001266580646094972e+00
7.351419166743030864e+00 7.228647694634019238e+00
7.541516157872604431e+00 7.403773793605484599e+00
7.746707197824182600e+00 7.590875010204757523e+00
7.947842844177557708e+00 7.764832754329939135e+00
8.147805761495272137e+00 7.946084858653608585e+00
8.344035835142737056e+00 8.145025857678923842e+00
8.544124529774229870e+00 8.351741269094750564e+00
8.743382118238715250e+00 8.547735715590391692e+00
8.942174293079174774e+00 8.728760801410862413e+00
9.136627812123975900e+00 8.940308369917314479e+00
9.340732938172326527e+00 9.115438075301650400e+00
9.525223324636863609e+00 9.301865025114354424e+00
9.714400772425928920e+00 9.494212428752918598e+00
9.920200229022585248e+00 9.693712997945478804e+00
1.009712210237469066e+01 9.876610176142389008e+00
1.029701533512347922e+01 1.008516234663803068e+01
1.048705134076869072e+01 1.027459802132927891e+01
1.067882800523201325e+01 1.048245403171068446e+01
1.087692214011490144e+01 1.068492318075994341e+01
1.106847494774431340e+01 1.088026580021203138e+01
1.127094963125380112e+01 1.103842729240331089e+01
1.147077348892270798e+01 1.127178103444609825e+01
1.166122406406587508e+01 1.147237977545012377e+01
1.187466149100436219e+01 1.162649156351614188e+01
1.206180088595251298e+01 1.185754144573312097e+01
1.225676745990790195e+01 1.200623810844641781e+01
1.245975184800535374e+01 1.226843753022783545e+01
1.264730511116412792e+01 1.242725852771459394e+01
1.285057917541113071e+01 1.262535963565423280e+01
1.304078641884097500e+01 1.285632775461602861e+01
1.323609418007206706e+01 1.303033198522625646e+01
1.341799865477722165e+01 1.319058298028955889e+01
1.362677940134872401e+01 1.343360699231448940e+01
1.381380384635917480e+01 1.359846420518583976e+01
1.401266484621395314e+01 1.378643748595736795e+01
1.421358546936968992e+01 1.399368390437711973e+01
1.441151258678555358e+01 1.419128667467173699e+01
1.460937203975458587e+01 1.443960224301642548e+01
1.480861294379766768e+01 1.454100443870026460e+01
1.499879007134653719e+01 1.470957845441478007e+01
1.518492484149024158e+01 1.495049050294038473e+01
1.538698520262610003e+01 1.510002645977028379e+01
1.557224495872746672e+01 1.530122113828838692e+01
1.577228462736734826e+01 1.552246810729693571e+01
1.594959454761650441e+01 1.572652572305359264e+01
1.614752711377038707e+01 1.595656195612559536e+01
1.633461562091064323e+01 1.611603994537283668e+01
1.653130742697956279e+01 1.623717736595346750e+01
1.673314866617992891e+01 1.650785711122111721e+01
1.692506130962654254e+01 1.670795544455481974e+01
1.711985250755333254e+01 1.691132969365349226e+01
1.731256700936176074e+01 1.703316147010910342e+01
1.750273500297216955e+01 1.718824150869607692e+01
1.770429489726843286e+01 1.749111822575748576e+01
1.789416083428758597e+01 1.766910715988471736e+01
1.809033066596158790e+01 1.788874008407864125e+01
1.828309638150984995e+01 1.802259506380486087e+01
1.848197673454419387e+01 1.821789742505559317e+01
1.868052142097989687e+01 1.840986229368110827e+01
1.888870366025710723e+01 1.858907493968177249e+01
1.909155381857662093e+01 1.867747378535884906e+01
1.928967296188703529e+01 1.902471851265289260e+01
1.949499300186837658e+01 1.912254302794930894e+01
1.968749641819531249e+01 1.944403078400566187e+01
