0.000000000000000000e+00 0.000000000000000000e+00
0.000000000000000000e+00 0.000000000000000000e+00
0.000000000000000000e+00 0.000000000000000000e+00
0.000000000000000000e+00 0.000000000000000000e+00
0.000000000000000000e+00 0.000000000000000000e+00
0.000000000000000000e+00 0.000000000000000000e+00
0.000000000000000000e+00 0.000000000000000000e+00
9.876126545012559044e-02 1.523027975847826565e-01
2.946237645282718809e-01 3.672895578377316284e+00
4.982392259338268292e-02 7.790594784107516269e+00
4.251605860797776693e+00 3.455590604158652823e+00
8.047848852664436947e+00 8.649637073600001003e+00
8.368780376204352223e+00 8.517588856173555101e+00
8.604693828903357655e+00 8.710754466321041889e+00
8.614317357041596068e+00 8.796378643948294496e+00
8.678679209183043142e+00 8.900204981920715852e+00
8.855464630168427220e+00 9.243150214560232669e+00
9.193647922829246255e+00 9.505534175399150243e+00
9.278164817620737637e+00 9.676634536160213074e+00
9.549037543341388101e+00 9.863338654397772132e+00
9.695163255210404785e+00 1.001417224501079062e+01
9.955507638669017112e+00 1.019208390307744239e+01
1.014326506114943527e+01 1.035843848904486997e+01
1.033072964115401504e+01 1.050189267817333238e+01
1.051375446135317304e+01 1.067583521762429655e+01
1.074843465174350499e+01 1.084278065389979773e+01
1.089317249644427754e+01 1.100237984017765136e+01
1.102528005494726138e+01 1.116945625628739691e+01
1.120062915922044411e+01 1.133213559940867121e+01
1.134722847165880921e+01 1.150029502003508419e+01
1.151404402421309925e+01 1.167222510611151698e+01
1.167420300454935500e+01 1.184012311294606690e+01
1.184670069093254163e+01 1.200518887921345801e+01
1.203097124395234552e+01 1.216645209437273500e+01
1.218294251769606973e+01 1.233431650463949758e+01
1.237170443322718683e+01 1.249540609783098688e+01
1.254092409247265749e+01 1.266855408433405650e+01
1.269741644945341363e+01 1.283618045156425147e+01
1.285561949503374812e+01 1.300831323158351438e+01
1.304823042259324239e+01 1.316214957649932948e+01
1.319597993549646375e+01 1.332677085514769999e+01
1.336080886563858705e+01 1.349536283808666326e+01
1.350170260919510667e+01 1.366730124706701055e+01
1.364792265953320083e+01 1.383665455763651408e+01
1.385045992274342375e+01 1.399080428646853669e+01
1.401397958343055983e+01 1.415733810832935546e+01
1.418072206656487744e+01 1.431742941986623485e+01
1.434575867915876479e+01 1.448327360117217033e+01
1.449017665026586066e+01 1.464192778777126591e+01
1.465461642461383818e+01 1.480182428882255508e+01
1.483034728139279146e+01 1.497479982926820163e+01
1.498975605644312381e+01 1.514025622520745351e+01
1.513587218063639206e+01 1.529680125963424153e+01
1.530996346577611078e+01 1.546303866778854008e+01
1.548022622323821018e+01 1.562921684256718358e+01
1.564869491836369875e+01 1.579356540525596841e+01
1.579462662795000050e+01 1.594842148570302776e+01
1.598960337919825747e+01 1.611058224452096610e+01
1.610190653342662870e+01 1.627997407734785895e+01
1.628137595726032316e+01 1.644588162521684183e+01
1.644913495078990096e+01 1.660139337856700692e+01
1.660905299427590975e+01 1.676861743841038077e+01
1.681190762100126435e+01 1.693025658707291470e+01
1.692631474634460886e+01 1.708265292418366599e+01
1.707990902358551821e+01 1.724598100197746220e+01
1.725005428356253745e+01 1.742341401119736588e+01
1.739166988265735725e+01 1.758191558531732568e+01
1.757813036274361096e+01 1.774167115573851916e+01
1.772184421213739824e+01 1.791414559853433985e+01
1.786559147364504341e+01 1.808015925682823521e+01
1.808499326988868816e+01 1.825125320864895428e+01
1.815900394191094946e+01 1.842386064309904370e+01
1.836892334338081056e+01 1.858092384285972543e+01
1.851340821392936675e+01 1.875252227441744424e+01
1.866058409253244577e+01 1.890942085511701976e+01
1.886433640387169319e+01 1.908438683956356741e+01
1.899776071068993133e+01 1.924948503465714822e+01
1.916493411879855557e+01 1.941291849929022106e+01
1.934546595632747668e+01 1.957828403410378826e+01
1.953544327605861142e+01 1.974395370482530510e+01
1.967316023339748909e+01 1.990452713852949529e+01
1.984827585918304038e+01 2.007294298726440829e+01
1.998664446305012277e+01 2.024803824847880307e+01
2.036161252107047304e+01 2.011588748363832124e+01
2.032887883236434590e+01 2.054805597340157419e+01
2.066270474496398180e+01 2.049848520463627111e+01
2.053921519935075679e+01 2.084699901241564746e+01
2.080429083552710523e+01 2.101281823396512394e+01
2.091933985251439765e+01 2.117002729784636728e+01
2.107621773972971368e+01 2.132298430606188688e+01
2.119742094618803918e+01 2.149297532129115851e+01
2.139464731246325968e+01 2.164522011489810538e+01
2.154150448968192677e+01 2.181587675886130739e+01
2.168144357855029369e+01 2.198005822850860724e+01
2.211635386672317694e+01 2.191021734003447463e+01
2.203572880917037224e+01 2.230532968243804604e+01
2.245777999816920456e+01 2.226866344772116335e+01
2.262328012140235955e+01 2.233706018043477926e+01
2.249458964000980998e+01 2.279325211503816462e+01
2.294067858959556716e+01 2.267188824016524862e+01
2.294547341248424033e+01 2.310912950172549785e+01
