0.000000000000000000e+00 0.000000000000000000e+00
0.000000000000000000e+00 0.000000000000000000e+00
8.870110383523621342e-04 0.000000000000000000e+00
8.831266779820493712e-03 0.000000000000000000e+00
1.027757301030830517e-01 -6.367676338953619231e-02
1.462530195771168939e-01 2.588529888961102476e-02
3.314504872730085761e-01 1.459256423166967798e+00
1.655454619206885303e+00 1.693795503704150107e+00
1.872509203518781806e+00 1.888511219687616594e+00
2.055338974561972343e+00 2.087055102362157299e+00
2.230556903677816560e+00 2.252557248331709339e+00
2.427476890007506327e+00 2.399550113626030878e+00
2.608562674607279419e+00 2.569958647742254243e+00
2.788777148895030589e+00 2.752282363969773993e+00
2.984678294691805789e+00 2.939482256944429661e+00
3.156431741466612984e+00 3.127348897610845668e+00
3.340872566355141515e+00 3.319604058260427148e+00
3.535111390193553138e+00 3.485910353335916589e+00
3.716679753696307209e+00 3.669400066513488046e+00
3.892233199980273284e+00 3.866461072296083934e+00
4.083869255136931109e+00 4.065652509228682376e+00
4.279561087214166726e+00 4.242708690015265738e+00
4.473950782796523029e+00 4.452123462815933408e+00
4.660023421327928794e+00 4.595910872918423706e+00
4.856549895287660235e+00 4.818679719432087616e+00
5.065554406885000915e+00 5.002661076801046214e+00
5.244774616856152427e+00 5.211531688621692027e+00
5.439335699715040384e+00 5.359469716589051025e+00
5.637132438769766551e+00 5.570372772017024410e+00
5.834598141054559761e+00 5.741922670004232288e+00
6.027242083516942905e+00 5.943973387930827634e+00
6.218922803950525768e+00 6.134389234640307720e+00
6.407196106415709913e+00 6.326061416819408478e+00
6.607090404453052734e+00 6.533052296842533302e+00
6.809198116723091943e+00 6.715289356288001166e+00
7.002722198265276532e+00 6.895944628850047664e+00
7.194169302264286969e+00 7.101624532683191937e+00
7.391380684512168564e+00 7.271151436024633874e+00
7.583991465605782523e+00 7.517719040321199309e+00
7.776068843124868124e+00 7.675847178721778796e+00
7.975143335885208629e+00 7.857712362183425725e+00
8.171729842021640877e+00 8.086012846587037117e+00
8.370635096974043066e+00 8.277960933229998375e+00
8.557717284940373759e+00 8.496181612637299096e+00
8.775329674858385332e+00 8.630904566293397195e+00
8.959956272142051148e+00 8.796940858831819199e+00
9.146302241877267036e+00 8.994753963475597303e+00
9.340199692892012351e+00 9.274649767025897162e+00
9.532928543871193483e+00 9.412797181290125437e+00
9.731056110831048045e+00 9.628443362314374809e+00
9.923458368842114297e+00 9.790787992356387193e+00
1.012240000938506945e+01 1.001554833260866673e+01
1.031693307913612578e+01 1.022265913056401665e+01
1.050928978053366336e+01 1.038454988868696027e+01
1.069623130083752649e+01 1.055327085294216261e+01
1.089379197906954211e+01 1.069819500404562973e+01
1.110528210671483151e+01 1.095458090930189599e+01
1.129879548246151266e+01 1.115738727832452426e+01
1.149306725111354055e+01 1.130632535957439444e+01
1.169551904902070127e+01 1.149233022306324514e+01
1.189695703729970866e+01 1.166496272766039866e+01
1.209200043682231573e+01 1.191630702951799847e+01
1.228363019879749807e+01 1.209563553642654732e+01
1.249571337651408598e+01 1.227888512674031141e+01
1.268086267654770616e+01 1.244957624200566393e+01
1.287814734569454167e+01 1.267189942383119394e+01
1.308172577355017907e+01 1.285078849573527471e+01
1.327940124663855315e+01 1.315052303407438217e+01
1.346832498147378843e+01 1.321481475901757285e+01
1.367935516327509049e+01 1.341356804764071065e+01
1.387204489889586512e+01 1.363940492658960224e+01
1.407107472975295792e+01 1.387552758281548471e+01
1.426996516267379178e+01 1.405788060639337012e+01
1.446031217727897733e+01 1.416913196573936595e+01
1.467109878881202611e+01 1.443883589182300042e+01
1.484982221795658930e+01 1.462711695900486930e+01
1.506802158936198133e+01 1.479056035341039532e+01
1.526040219386180397e+01 1.502861990173341944e+01
1.544901134481162330e+01 1.518526102444748815e+01
1.564928705519361607e+01 1.530367187448127275e+01
1.586202791004381574e+01 1.557714777261523054e+01
1.605100620044100168e+01 1.572890550295433520e+01
1.626739103637525119e+01 1.592772401342935140e+01
1.645095375929473391e+01 1.620052647164025927e+01
1.665811381904924815e+01 1.636084198095539577e+01
1.684623575375097460e+01 1.639316950444891319e+01
1.706042475790901847e+01 1.670283290327505554e+01
1.726622596162314238e+01 1.695029684326250674e+01
1.746349920164066205e+01 1.711993726586663556e+01
1.765001904867150273e+01 1.730418224941857019e+01
1.784390242612530386e+01 1.755220084805242564e+01
1.804596932160830036e+01 1.772140638398068901e+01
1.824221916134875343e+01 1.790299362158012286e+01
1.842697105799683044e+01 1.812197258552803092e+01
1.864861605179780568e+01 1.827588868964722479e+01
1.883049082900537741e+01 1.844558517002651499e+01
1.903367664078199795e+01 1.861228367435912290e+01
1.923623110153351945e+01 1.887283706230308411e+01
1.944404729500723761e+01 1.906964154650160381e+01
1.962805943145945164e+01 1.921030175520266425e+01
1.983247768106676290e+01 1.954259312282632166e+01
