0.000000000000000000e+00 0.000000000000000000e+00
0.000000000000000000e+00 0.000000000000000000e+00
0.000000000000000000e+00 0.000000000000000000e+00
0.000000000000000000e+00 0.000000000000000000e+00
6.636744483816826856e-02 -2.190685630831867847e-02
0.000000000000000000e+00 0.000000000000000000e+00
1.342565152328938638e-01 8.970802844482596017e-01
9.473130799878307085e-02 2.459671015045572950e+00
2.675255515659944017e+00 2.787168613418439023e+00
2.885558553391779579e+00 2.883643569233456105e+00
2.994799080599461760e+00 3.005502910233385894e+00
3.150728070118474999e+00 3.169010109507122586e+00
3.268983747531334139e+00 3.262883975144192483e+00
3.415935911593123375e+00 3.444921601465173566e+00
3.585901760018272988e+00 3.670511783415826290e+00
3.747562053427197171e+00 3.889096408968776508e+00
3.914515894733726409e+00 4.109424617134406432e+00
4.140080913093238557e+00 4.303046923982917882e+00
4.323697334888718657e+00 4.487185528243970545e+00
4.530165097427707899e+00 4.663916041540655755e+00
4.734241033324653181e+00 4.839223823297022165e+00
4.902251263578664364e+00 5.001816303799746066e+00
5.073832130907067750e+00 5.172446885886671453e+00
5.332920926941467243e+00 5.234112912042808041e+00
5.392526541551847963e+00 5.499727629563991194e+00
5.670079023440365518e+00 5.569221086642787810e+00
5.741323018661432798e+00 5.843130960341645697e+00
5.939959095205142425e+00 6.012720182993921192e+00
6.183040229825914835e+00 6.113530876417797799e+00
6.356851770925766587e+00 6.293937894646832731e+00
6.451178912208119343e+00 6.521745507715846379e+00
6.699621550128639136e+00 6.633151593972040239e+00
6.874645882871064373e+00 6.775334693960783028e+00
6.996934332385734479e+00 7.037508094823845539e+00
7.222219227832285426e+00 7.161827689612030312e+00
7.405120634080606834e+00 7.348778973861670671e+00
7.526194567044880657e+00 7.584580651240138138e+00
7.768298863955000577e+00 7.668951074450941263e+00
7.951133573451323322e+00 7.834636418865932761e+00
8.128987675341544872e+00 8.027254066214212003e+00
8.323078195064910645e+00 8.182554047319101187e+00
8.385880071521837564e+00 8.482672470411053212e+00
8.682401921314484738e+00 8.607373854018543824e+00
8.869611107285487961e+00 8.747141662765157477e+00
9.051404372703464318e+00 8.971290103968568630e+00
9.241338516272559644e+00 9.146281375826580629e+00
9.427312920687162645e+00 9.345527604108989195e+00
9.612378840355296106e+00 9.503961703706751862e+00
9.821672734018223494e+00 9.671842068153120309e+00
1.001198784741773551e+01 9.855850017051196232e+00
1.019958386137774831e+01 1.008187203388090580e+01
1.038553962388235874e+01 1.024981484630773565e+01
1.057888985674362203e+01 1.047457457340651388e+01
1.078183072781696517e+01 1.063212817869592897e+01
1.095777363914516478e+01 1.083767443310292755e+01
1.116085049479927527e+01 1.096898982008288925e+01
1.136625726073555498e+01 1.119200271338176655e+01
1.154740529630766588e+01 1.141096265059342763e+01
1.174209304794456621e+01 1.156709894389381077e+01
1.192137183721357552e+01 1.169049184053464785e+01
1.214062023155045722e+01 1.195319179165402801e+01
1.232087132399384366e+01 1.217527133654277627e+01
1.252051555829464391e+01 1.225863071001202442e+01
1.272596302030986593e+01 1.250953705696396057e+01
1.290578712908117964e+01 1.268063668675973688e+01
1.310311973016890263e+01 1.290322029632677037e+01
1.328878038900487013e+01 1.307426037939289998e+01
1.348528952100540046e+01 1.323956859300366773e+01
1.366896471871749341e+01 1.343102455127257855e+01
1.385837914824618089e+01 1.363742319193790031e+01
1.405021753438872167e+01 1.382006708003426354e+01
1.424844057918050844e+01 1.400074794474888229e+01
1.443366211582607761e+01 1.424177551118675744e+01
1.462259618506118919e+01 1.440486216972442257e+01
1.480742206640105252e+01 1.456965693599098977e+01
1.501082630835240828e+01 1.477975025999224457e+01
1.518964203739738039e+01 1.502137031268001977e+01
1.539345695119039270e+01 1.519755290293364425e+01
1.556237150361284982e+01 1.533809557496369003e+01
1.576729910795992495e+01 1.551466781974194653e+01
1.595190359019292181e+01 1.577467301849198300e+01
1.615263888042442275e+01 1.599149593680274251e+01
1.635343736283665805e+01 1.613982049741129288e+01
1.655120300762559538e+01 1.633572300147585565e+01
1.674497816067723477e+01 1.643872234677583677e+01
1.694769590937606552e+01 1.666329212747968214e+01
1.712598008692241436e+01 1.693257727884683916e+01
1.732792303532169242e+01 1.707828633826616382e+01
1.751916418732356107e+01 1.729034451597982525e+01
1.772898463805814373e+01 1.743626142494840181e+01
1.791489184898319209e+01 1.767727775413167990e+01
1.812068746205962810e+01 1.780097126569324217e+01
1.831310980698371438e+01 1.803707767010887153e+01
1.849094141647212552e+01 1.825117566824719972e+01
1.869494270530263336e+01 1.844480879414507513e+01
1.889137624872221011e+01 1.859336566715014527e+01
1.909091238057266082e+01 1.881681444578684292e+01
1.927720391964006907e+01 1.905895550281749706e+01
1.947583237176815274e+01 1.918189748733825439e+01
1.965908492413830899e+01 1.936101667235504209e+01
1.986163363077195498e+01 1.961954347969513535e+01
