0.000000000000000000e+00 0.000000000000000000e+00
0.000000000000000000e+00 0.000000000000000000e+00
0.000000000000000000e+00 0.000000000000000000e+00
0.000000000000000000e+00 0.000000000000000000e+00
8.591532287480216357e-02 1.092631233763432297e+00
5.447921213162353060e-02 -1.756893137931731658e-02
8.284207576989460753e-02 2.029014128376711579e+00
5.079143305573614597e-01 2.020149200778743381e+00
2.134882013915963661e+00 2.531081870136942857e+00
2.769148218207856615e+00 2.815908602732586807e+00
2.940225089747456888e+00 3.003710107067838031e+00
3.059204721260840643e+00 3.165606282822881923e+00
3.254451662100575238e+00 3.341002614432377893e+00
3.392717769166745612e+00 3.531644216179445461e+00
3.628206456414633241e+00 3.721175401487946566e+00
3.794932376785674411e+00 3.889804843940467549e+00
4.011824983365102071e+00 3.946662307612532672e+00
4.120073798798555842e+00 4.273233310627280623e+00
4.304697371597420386e+00 4.457674172558714787e+00
4.500074118024054215e+00 4.641642685762766618e+00
4.694761464238557558e+00 4.808416384188259229e+00
4.895087221777396636e+00 4.977550224111036314e+00
5.135596588831936593e+00 5.065509042340033297e+00
5.229746411064433609e+00 5.304033801706805384e+00
5.469261140446278979e+00 5.421269038057586975e+00
5.557366275359767016e+00 5.652552747576430114e+00
5.732471343051786405e+00 5.826931551592018366e+00
6.005705699903665540e+00 5.936216555066254230e+00
6.094097097194334900e+00 6.191034293700616864e+00
6.255091811276682456e+00 6.364123305231021988e+00
6.546154082772271288e+00 6.439963237207943614e+00
6.721303346087781350e+00 6.597337152204340249e+00
6.898586767397349995e+00 6.788242898481001930e+00
7.071241749682253719e+00 6.980267120831409322e+00
7.161368162084701616e+00 7.230938398277833912e+00
7.346241406847926925e+00 7.407347248894917691e+00
7.590966871267021077e+00 7.517502781638179421e+00
7.779140975170555805e+00 7.700106629817210724e+00
7.966247084650359689e+00 7.870516181330982519e+00
8.157046787080085792e+00 8.055102558320799133e+00
8.333040123147634759e+00 8.249314672074621768e+00
8.527172625186340227e+00 8.421186984676655385e+00
8.705146224478705008e+00 8.599772350526659892e+00
8.890857224240614087e+00 8.806756234138248374e+00
9.069740384995453653e+00 8.987199369577147934e+00
9.258601845297386390e+00 9.141208953932107306e+00
9.450041158230805038e+00 9.339907078207483337e+00
9.646804872616158377e+00 9.527957002441347356e+00
9.836187632666218761e+00 9.746020812575512338e+00
1.002342062998857841e+01 9.843147555927144410e+00
1.020440769685400184e+01 1.007017825612372164e+01
1.039577900423794965e+01 1.026663537265224413e+01
1.058673397407810413e+01 1.040174624319840291e+01
1.077548797895964228e+01 1.066181634433779024e+01
1.096495337005490889e+01 1.083881687284865869e+01
1.115323734853793169e+01 1.102455884774152040e+01
1.134961145081228473e+01 1.122868611387137783e+01
1.152206017534543037e+01 1.143204064602265291e+01
1.171586624679884814e+01 1.160125019664563517e+01
1.190023069834072622e+01 1.179505852775376340e+01
1.209645153875165491e+01 1.197245675100785967e+01
1.229073505481421158e+01 1.213789290841632607e+01
1.247052562830290690e+01 1.233898716048372535e+01
1.267654776934469751e+01 1.251744259276269489e+01
1.287330966314270597e+01 1.271598693240468947e+01
1.305803693844197255e+01 1.289806450616651645e+01
1.325915993936321868e+01 1.307805418686329268e+01
1.345081189672944433e+01 1.330888604409867071e+01
1.364490835474932595e+01 1.351048484197029431e+01
1.383564762677105264e+01 1.368871901908776145e+01
1.403191470905587224e+01 1.386981585932607430e+01
1.422190241441461112e+01 1.400669603325458290e+01
1.441331004081884437e+01 1.417122742956260240e+01
1.461245560346593741e+01 1.438179175314746239e+01
1.481024584183363935e+01 1.455797334701504830e+01
1.499399749824478079e+01 1.481248601883365090e+01
1.519073320291718154e+01 1.500594914845274452e+01
1.538259526617143003e+01 1.513920219679420143e+01
1.559105550615994495e+01 1.536869830237602841e+01
1.578017757638090224e+01 1.554100405698332921e+01
1.598616592154250604e+01 1.579334447064665348e+01
1.617441920131693678e+01 1.589692464287194085e+01
1.635892035296424751e+01 1.615088988518382607e+01
1.656048805285179526e+01 1.633893155207227110e+01
1.676100081812191789e+01 1.654720153415203043e+01
1.695529349007884079e+01 1.671795302384218118e+01
1.715893207440465673e+01 1.695564733741980845e+01
1.735824590338728868e+01 1.709199126998156615e+01
1.754930066197764305e+01 1.729945679337970432e+01
1.773845700173082918e+01 1.750737603775138496e+01
1.794488213017279321e+01 1.764538093719763978e+01
1.814155865248521593e+01 1.783689659646254810e+01
1.834151338471733439e+01 1.806500728981798432e+01
1.852818787014453505e+01 1.820164710872424862e+01
1.873370351875109208e+01 1.848627842408362909e+01
1.892930350908223858e+01 1.862594771676587158e+01
1.912257450069441944e+01 1.882983682627513744e+01
1.931614548936073916e+01 1.894058974528972783e+01
1.951484953092717589e+01 1.909049222577107585e+01
1.969848007062086026e+01 1.923319193721077980e+01
1.989872560666611889e+01 1.966818562282653104e+01
