0.000000000000000000e+00 0.000000000000000000e+00
0.000000000000000000e+00 0.000000000000000000e+00
0.000000000000000000e+00 0.000000000000000000e+00
0.000000000000000000e+00 0.000000000000000000e+00
0.000000000000000000e+00 0.000000000000000000e+00
0.000000000000000000e+00 0.000000000000000000e+00
0.000000000000000000e+00 0.000000000000000000e+00
1.606782349794455833e-01 1.518862854559865083e-01
0.000000000000000000e+00 6.620768405928030287e-01
2.299457743906245799e-01 2.461881993600230967e+00
7.710502604696772622e+00 7.811495492624011661e+00
7.761902436086562496e+00 6.587076718260052921e+00
8.060967079704541405e+00 8.186737587473775335e+00
8.328862005706765714e+00 8.405270690056491745e+00
8.515983449351420376e+00 8.624317119376517127e+00
8.717361213896806404e+00 8.702357499429552945e+00
8.987689395725094954e+00 9.074799869803205965e+00
9.054781877836280302e+00 9.409007068589477996e+00
9.156597495649943852e+00 9.650610239469120444e+00
9.395396151041548904e+00 9.819022808951467951e+00
9.735408200862311290e+00 9.993056945343473885e+00
9.977331738585741405e+00 1.017695925172752069e+01
1.013344555345561915e+01 1.036067744142573410e+01
1.033527806608445054e+01 1.055000759946822697e+01
1.053594873862746439e+01 1.072265355224979544e+01
1.069705279348518978e+01 1.088750123869785291e+01
1.086706794090621742e+01 1.104939191872660764e+01
1.106767070789858565e+01 1.121370088341509330e+01
1.122660629345736538e+01 1.137584413677295281e+01
1.142140875526148314e+01 1.154087798968594214e+01
1.159139295256730584e+01 1.170762644748687542e+01
1.175763160237476690e+01 1.186909535406467064e+01
1.192353891231938512e+01 1.203122563890630481e+01
1.209983023316840267e+01 1.218082025137970525e+01
1.226264824247720320e+01 1.234925869329195258e+01
1.244480335010916505e+01 1.251818547982132479e+01
1.259664527806964784e+01 1.268014221365571892e+01
1.275563770702521182e+01 1.284620109743848460e+01
1.294158170856702483e+01 1.300626167653102172e+01
1.310538253782029194e+01 1.316441454410370149e+01
1.324960872552903091e+01 1.333181526348714563e+01
1.341845087025311578e+01 1.349221332800973094e+01
1.357979789359118605e+01 1.366499836089572817e+01
1.373515313520485925e+01 1.381751221569044930e+01
1.388682997637084782e+01 1.399273547889249691e+01
1.405850285449303527e+01 1.415192738412722484e+01
1.424763765767631618e+01 1.430767245986850789e+01
1.438348257513670525e+01 1.448029768805043460e+01
1.454623786147500120e+01 1.464129048510040221e+01
1.473440379743375139e+01 1.480120976915485187e+01
1.484919217463901830e+01 1.495891863671233679e+01
1.505841061551916837e+01 1.512446955544080573e+01
1.517651098136015797e+01 1.528238265517512495e+01
1.531442804876522246e+01 1.545410855658557026e+01
1.549124936471060998e+01 1.562567920425347623e+01
1.565395017747214901e+01 1.579252551803379312e+01
1.584116242416619436e+01 1.596158859248078699e+01
1.602655747120507002e+01 1.613886738889400974e+01
1.613966922429061768e+01 1.630132243185978425e+01
1.632226540835986128e+01 1.646194749313313821e+01
1.647235430544582258e+01 1.662270515280370731e+01
1.664603353836019650e+01 1.678975369890360270e+01
1.678029726228664842e+01 1.695351235185553307e+01
1.694971761581522784e+01 1.711708583970175113e+01
1.712291080002053434e+01 1.726982312801833785e+01
1.728093770483002345e+01 1.743251967446551021e+01
1.740138768664693814e+01 1.759190999386087384e+01
1.754584147317223142e+01 1.776368033571590388e+01
1.775060818683294528e+01 1.791203331632011597e+01
1.790796329147519117e+01 1.807744365614344417e+01
1.805409932431835429e+01 1.823987346971490453e+01
1.821856689742039848e+01 1.840298156339298075e+01
1.840130264035473928e+01 1.856861804800637472e+01
1.858556532615025603e+01 1.873002196422482513e+01
1.866245571515884549e+01 1.890670960685539370e+01
1.891237267168365577e+01 1.906326301336276785e+01
1.903648571971242731e+01 1.923483779368192970e+01
1.916724598989929262e+01 1.940320322928770125e+01
1.930997747962732802e+01 1.956118954104593399e+01
1.954691885570279908e+01 1.973988186648070808e+01
1.971278490662393423e+01 1.990348739847248183e+01
1.983921769311264427e+01 2.006152661818054384e+01
2.002530392417318694e+01 2.023369545139181369e+01
2.011860932121422962e+01 2.039360577789006257e+01
2.036424482623092302e+01 2.055065480009604784e+01
2.045251869982823933e+01 2.072605779447479435e+01
2.069423025624204016e+01 2.088605468749015870e+01
2.087393323000808465e+01 2.105032095294486538e+01
2.097341064917121045e+01 2.122170250669138980e+01
2.117517471353779968e+01 2.137379106974676191e+01
2.131020185196954131e+01 2.154657293896401526e+01
2.149643953715714417e+01 2.170146657275985547e+01
2.184230539425021433e+01 2.169111808856890988e+01
2.200366385562023552e+01 2.180261576466374152e+01
2.193730361133250994e+01 2.218102767630206174e+01
2.212695228357895871e+01 2.233429080050618865e+01
2.246987531192444010e+01 2.231605990941817552e+01
2.234029389271563559e+01 2.264854838070788645e+01
2.252714019106507592e+01 2.281456705246644745e+01
2.295937133387014839e+01 2.263919681713843701e+01
2.313243833926439663e+01 2.296740539869927389e+01
