0.000000000000000000e+00 0.000000000000000000e+00
0.000000000000000000e+00 0.000000000000000000e+00
0.000000000000000000e+00 0.000000000000000000e+00
0.000000000000000000e+00 0.000000000000000000e+00
0.000000000000000000e+00 0.000000000000000000e+00
0.000000000000000000e+00 0.000000000000000000e+00
0.000000000000000000e+00 2.067406196933064599e+00
9.328691818519885270e-01 2.308200515250474982e+00
2.424053455567698911e+00 2.420343753967820088e+00
2.572283437683470897e+00 2.568999986673353053e+00
2.699195453028091052e+00 2.692460538486241894e+00
2.820824862873478445e+00 2.862637011048033475e+00
2.988073565436316414e+00 3.047570319661733418e+00
3.199114556936246245e+00 3.129508802466831163e+00
3.309146125689379492e+00 3.413592655715231405e+00
3.491435449787664069e+00 3.650329361622304702e+00
3.735807711430796374e+00 3.819860232353715634e+00
3.895083634598060396e+00 3.999626466419018200e+00
4.099252634046952615e+00 4.167013682497234583e+00
4.292817195122439422e+00 4.339975376298760068e+00
4.497035042595256549e+00 4.469330949445882162e+00
4.671339204821403079e+00 4.640263791131291171e+00
4.822971885874093978e+00 4.860174616056870178e+00
5.026857702405948203e+00 4.993232685680392358e+00
5.210672593586204826e+00 5.166212490668650403e+00
5.385676801465991481e+00 5.351302461450726966e+00
5.524617606389230495e+00 5.559704776659711634e+00
5.744795829200096904e+00 5.716806225299366773e+00
5.936145296876331301e+00 5.874562481066259778e+00
6.116065000367076898e+00 6.071055750451234800e+00
6.309270223396126198e+00 6.242019798715310763e+00
6.496613537501033875e+00 6.422244127554978199e+00
6.679643136350448707e+00 6.608859187365418109e+00
6.872943049683220451e+00 6.796898658246576019e+00
7.063552822522424890e+00 6.947432807324894100e+00
7.242085409588482570e+00 7.148156673369163272e+00
7.420187932597127833e+00 7.341950255685833149e+00
7.607114573842682859e+00 7.522025378319457722e+00
7.792136225234987279e+00 7.683629407030944769e+00
7.973171496683541193e+00 7.867598087144552998e+00
8.167698751739786545e+00 8.068859284184394909e+00
8.351558379120936237e+00 8.260017928706504975e+00
8.542610141481894459e+00 8.471689074697176025e+00
8.735008265043761710e+00 8.624178008588074817e+00
8.923740059392537560e+00 8.794012817578114038e+00
9.116449124590596753e+00 9.037649697595005804e+00
9.312738141349210963e+00 9.180906881249761398e+00
9.507580021149006910e+00 9.382930944133050843e+00
9.694009546595262705e+00 9.573308806466020116e+00
9.893149748745040384e+00 9.769771601722682774e+00
1.008886934837794591e+01 9.976364834417344341e+00
1.029578865822066547e+01 1.012326498791880525e+01
1.047954250557220846e+01 1.033394194186561776e+01
1.068243488986621870e+01 1.050700544786820068e+01
1.086726744886898111e+01 1.069810037523033408e+01
1.105829574227108658e+01 1.086633808140230784e+01
1.123962059421380744e+01 1.106326160488942456e+01
1.143601140131960037e+01 1.127211376358021688e+01
1.162469422409287922e+01 1.145423063383758944e+01
1.182354154216001518e+01 1.160092635319180765e+01
1.200812461173859269e+01 1.177554500160690942e+01
1.220129994472845070e+01 1.201010191540548711e+01
1.240524626483780857e+01 1.222822468494927861e+01
1.258868970125769771e+01 1.241693206150557849e+01
1.279662566932100987e+01 1.260171218609807653e+01
1.299555108350206822e+01 1.280057586308901385e+01
1.318579019908883687e+01 1.298805257848402128e+01
1.339677345809174902e+01 1.321308480134001861e+01
1.357643358686239310e+01 1.336918477807430250e+01
1.379269413341274486e+01 1.352754012039171982e+01
1.397456792423018435e+01 1.379448062574798506e+01
1.416691784028286172e+01 1.396260993566537500e+01
1.435881250570313661e+01 1.413424674448587659e+01
1.455486573946015483e+01 1.433766596201942889e+01
1.475896906451822765e+01 1.452388975150654638e+01
1.494445691104741769e+01 1.470758936753559531e+01
1.514311602628743181e+01 1.486640105629495778e+01
1.532899052561822906e+01 1.510952456716848680e+01
1.552343993773857633e+01 1.526763187414975675e+01
1.570354258766420941e+01 1.544697773695819620e+01
1.589981840363550525e+01 1.568658177516158325e+01
1.608966065619723551e+01 1.594864650083879276e+01
1.628896849179441020e+01 1.609807098523967639e+01
1.646971624088354957e+01 1.617524763307196523e+01
1.666002946138840102e+01 1.644939324348759868e+01
1.685156475597813142e+01 1.664717875377484191e+01
1.704722812111864982e+01 1.681303889987603739e+01
1.723547618874261644e+01 1.690576081867477143e+01
1.743299942352920340e+01 1.718085211591074923e+01
1.762530271902782175e+01 1.749243678643074063e+01
1.783287818875523456e+01 1.763112978353592553e+01
1.802838911380331055e+01 1.772787137065223106e+01
1.820967774982069187e+01 1.794343486921490083e+01
1.841096276482497629e+01 1.814924746949008849e+01
1.861298506506101802e+01 1.834193795475062316e+01
1.880529304299518856e+01 1.856809443657957459e+01
1.899278262133738338e+01 1.870702291328871780e+01
1.920411854095152648e+01 1.891353928314971000e+01
1.940310805134009087e+01 1.910817259639553356e+01
1.959516188335328479e+01 1.926973837462448103e+01
1.978363314977033482e+01 1.957120890193390039e+01
