0.000000000000000000e+00 0.000000000000000000e+00
0.000000000000000000e+00 0.000000000000000000e+00
1.429461676866202553e-03 0.000000000000000000e+00
2.432967310706783020e-04 2.792097649068753240e-02
2.313095144465549587e-03 4.453235767337252460e-01
5.903071566106832258e-01 1.507866730274730060e-01
2.291466964325528100e-01 9.670230856109951478e-01
1.168188474129298049e+00 1.197280200393563643e+00
1.414056616065830774e+00 1.395953457864183456e+00
1.627187221848553467e+00 1.600913411340656678e+00
1.844758285236772766e+00 1.817452585055797654e+00
2.053793849384494496e+00 1.986591861136679293e+00
2.256297226903301922e+00 2.220123200221817417e+00
2.459058223306830548e+00 2.406352966599353493e+00
2.670343843300471587e+00 2.604739126418949891e+00
2.860944007093341401e+00 2.811374876241897525e+00
3.062575479254328936e+00 2.980763489244047104e+00
3.271963823071713406e+00 3.185637965459083620e+00
3.476265090675335845e+00 3.404366324007238376e+00
3.683920189856817462e+00 3.609210577861571956e+00
3.890205846534398493e+00 3.770750021407033969e+00
4.084363028198417567e+00 3.972869255406331401e+00
4.271070609126194739e+00 4.187365732351828740e+00
4.473482871783869719e+00 4.367999142247305677e+00
4.679025773603638250e+00 4.591412968544635653e+00
4.873724407878290421e+00 4.790166106080834041e+00
5.068491382820263347e+00 4.980666620071699136e+00
5.279255872770546532e+00 5.195823728379310502e+00
5.469135496888980263e+00 5.366531511919096609e+00
5.674702769918359202e+00 5.592945207375014327e+00
5.872309413959181157e+00 5.790462635987008611e+00
6.072720910078554191e+00 5.964602710611480063e+00
6.262037961278946518e+00 6.163274324772223700e+00
6.461916036111545303e+00 6.364711134573813212e+00
6.656193182006036047e+00 6.533551239307239911e+00
6.850608717242920420e+00 6.761485319171190334e+00
7.048668254362435270e+00 6.955276884520277925e+00
7.246867233340058334e+00 7.121311478758826752e+00
7.448978592384041697e+00 7.337858467546098495e+00
7.649485097723308868e+00 7.495989665111788547e+00
7.846131412431292418e+00 7.687149524366482467e+00
8.051072060988404999e+00 7.940586310777460355e+00
8.246971987247890823e+00 8.127726671668874303e+00
8.451713317914117951e+00 8.282189227484851202e+00
8.647492161014536549e+00 8.496218419171750469e+00
8.846519304148900531e+00 8.670553818467672258e+00
9.025886605051349321e+00 8.918130415314259096e+00
9.224459278405243268e+00 9.067321178879652166e+00
9.421754362407478212e+00 9.244803580168648338e+00
9.626804540798245213e+00 9.400019092346044047e+00
9.820850355104759899e+00 9.643321593121489954e+00
1.002599309532287997e+01 9.766878623240115687e+00
1.022470475238468346e+01 1.001311562411782674e+01
1.042166699562734955e+01 1.013879820015230848e+01
1.062213956199656373e+01 1.048193563548674234e+01
1.081160884402413558e+01 1.058890127504940537e+01
1.102158393026468275e+01 1.085003857559132534e+01
1.122319417696761334e+01 1.099947173848504889e+01
1.141309350950693080e+01 1.115206730804007051e+01
1.161249886276515042e+01 1.136946360693947966e+01
1.181993125048834692e+01 1.154305645342420839e+01
1.201848656530613546e+01 1.174757539413006135e+01
1.221415547936769741e+01 1.194344796929685160e+01
1.242499081113131432e+01 1.210021686670393848e+01
1.262006033204043121e+01 1.230647081565520295e+01
1.280604851462394578e+01 1.254811758529624122e+01
1.300089463930497757e+01 1.269260748619928592e+01
1.320084356476158582e+01 1.294732836220894256e+01
1.338862310910575282e+01 1.315926041150025227e+01
1.360270850765113337e+01 1.327397278479217313e+01
1.378131100439921397e+01 1.356850734580971007e+01
1.398341631473730473e+01 1.364195997233138691e+01
1.417206361122819658e+01 1.392397424209415036e+01
1.436991347282273601e+01 1.407360502095265709e+01
1.456146352286454260e+01 1.429623458699419025e+01
1.476608900172788630e+01 1.450519527514270912e+01
1.496299198143316467e+01 1.467995308488552020e+01
1.516276905427471711e+01 1.487971291595798995e+01
1.535288824950963615e+01 1.502162163683184737e+01
1.554493992268274383e+01 1.532451569027566762e+01
1.576080850701344893e+01 1.543319297767065024e+01
1.594724799780117230e+01 1.563191606964451807e+01
1.613625664479438271e+01 1.574877162168202993e+01
1.633101193556015218e+01 1.607036120342971586e+01
1.653383926826287720e+01 1.626340941797610640e+01
1.673815303937657006e+01 1.645676533989500712e+01
1.692144663457453646e+01 1.660118185930210188e+01
1.712200973505773760e+01 1.680536261450694724e+01
1.732777292343666886e+01 1.699915964932234758e+01
1.751421470330101826e+01 1.725086256311882593e+01
1.770103751823290850e+01 1.731369508500791099e+01
1.789648978431301174e+01 1.754671085290563681e+01
1.807738014211172128e+01 1.777338463496012366e+01
1.827938067306953585e+01 1.807611926157777660e+01
1.848288804053531464e+01 1.826534244614912339e+01
1.868883021097362374e+01 1.837515255940456527e+01
1.886874292680685627e+01 1.852556607812969958e+01
1.907917510414628381e+01 1.877309658177331286e+01
1.926910114001549701e+01 1.906394062171165160e+01
1.945349139367367286e+01 1.914372563799523874e+01
1.965651048868814854e+01 1.950830101440316611e+01
