0.000000000000000000e+00 0.000000000000000000e+00
0.000000000000000000e+00 0.000000000000000000e+00
0.000000000000000000e+00 0.000000000000000000e+00
0.000000000000000000e+00 0.000000000000000000e+00
0.000000000000000000e+00 0.000000000000000000e+00
0.000000000000000000e+00 9.566146981658203707e-02
4.472456957016339441e-02 0.000000000000000000e+00
0.000000000000000000e+00 1.411348159486291165e-01
4.404505351592488793e+00 8.675246405155057516e+00
7.780932820050975529e+00 9.941225820608345032e+00
9.039365682110375388e+00 9.080428896839398689e+00
8.702594697675502644e+00 8.567892578651612467e+00
8.514088611578573662e+00 8.450673347817456715e+00
8.381711571766620850e+00 8.256194179144584311e+00
8.221313148942659410e+00 8.250187049417915475e+00
8.255736117091670323e+00 8.284163220802005512e+00
8.343763893632850426e+00 8.606599536321754229e+00
8.497857184342727521e+00 8.918767114950092889e+00
8.735905185181467303e+00 9.051453284178050396e+00
9.049381333677002814e+00 9.341444985766226949e+00
9.317441144795138186e+00 9.540711131406578005e+00
9.486634730857348430e+00 9.722292596852513569e+00
9.708517318034219912e+00 9.900474106033820831e+00
9.871797648024065452e+00 1.008730024841275075e+01
1.005712690502429396e+01 1.027129104122649927e+01
1.023447719491864838e+01 1.044034354041364843e+01
1.040677812240962830e+01 1.061106797665724066e+01
1.059365096800182471e+01 1.076939572728198691e+01
1.076495415293951829e+01 1.094584113953884774e+01
1.097337684004352099e+01 1.109597939316688731e+01
1.114835221299778034e+01 1.126484958913153989e+01
1.130126920554103798e+01 1.141607363481878323e+01
1.144065450990471433e+01 1.159137341693398504e+01
1.160997917460946738e+01 1.175045097044056597e+01
1.179323389423276680e+01 1.190977835524885897e+01
1.195886249940978630e+01 1.207832829032475175e+01
1.209201025947333896e+01 1.224230343200850157e+01
1.229514428787551594e+01 1.240646827323774914e+01
1.246137346781209487e+01 1.257503682836848569e+01
1.260209923674280041e+01 1.273799575756778601e+01
1.277549819295760969e+01 1.290573651136988431e+01
1.295488285660378480e+01 1.306393704193693139e+01
1.308358520870798891e+01 1.322460645988869210e+01
1.325459937926099130e+01 1.339317958148482646e+01
1.337686392533151292e+01 1.354812518354168560e+01
1.354685151270893684e+01 1.372223192691863147e+01
1.374466525572044162e+01 1.388654049902403109e+01
1.390398187602720270e+01 1.404781072419689281e+01
1.405132070255456789e+01 1.420282372203221755e+01
1.419947129665825614e+01 1.437062640335048336e+01
1.437596735089344335e+01 1.452144858647968029e+01
1.454475652244282458e+01 1.468817702573270978e+01
1.472123276026835903e+01 1.485637063917972611e+01
1.481512518748593976e+01 1.500726547123476173e+01
1.500851954011480593e+01 1.517500999610454038e+01
1.516637182200564915e+01 1.533834202860573548e+01
1.530670197971051394e+01 1.550153469261367789e+01
1.550497699588160927e+01 1.567567617125314605e+01
1.559273238174277942e+01 1.583056700318751275e+01
1.579026170108248373e+01 1.599646677459172928e+01
1.598340401455469362e+01 1.615647573101641044e+01
1.614038449869525138e+01 1.631993654888658085e+01
1.628633099439807097e+01 1.646841347941943212e+01
1.648880975600538079e+01 1.663997459413157287e+01
1.674237660524719118e+01 1.658250416273853389e+01
1.673773748169191578e+01 1.693744085967711044e+01
1.689660346607573516e+01 1.709509881685212207e+01
1.707284104363178656e+01 1.726032504872853934e+01
1.721486431428625608e+01 1.742112767216206493e+01
1.732193855794803738e+01 1.759240071068657940e+01
1.748348174371565733e+01 1.775274146180279189e+01
1.767906619335498419e+01 1.792605625580137030e+01
1.786349891672864132e+01 1.809382859100673357e+01
1.809798467117779097e+01 1.826401413074469104e+01
1.817135342611479487e+01 1.843115412584016255e+01
1.833978074756477739e+01 1.859890983386399910e+01
1.847578619541562972e+01 1.875095947533716156e+01
1.887898962836838024e+01 1.865644668611085422e+01
1.874564699997557327e+01 1.906330652383936552e+01
1.893555817780310591e+01 1.922946334234664079e+01
1.912067387700928123e+01 1.939231711536554670e+01
1.952691320138350051e+01 1.930225853234933098e+01
1.948008145504282851e+01 1.971412024763064963e+01
1.954719431140823716e+01 1.987530505331752551e+01
1.977697520524061758e+01 2.003447533762602362e+01
2.017243491186544802e+01 1.992801747868506013e+01
2.010207072492329416e+01 2.034759863988925943e+01
2.026425376062596939e+01 2.050397511191038546e+01
2.064937244762207413e+01 2.037681199482590699e+01
2.058955144954836669e+01 2.082015944502242633e+01
2.098063171909518587e+01 2.076841026409250190e+01
2.092170962494980913e+01 2.113791673491442680e+01
2.107720204988078549e+01 2.131662323829969097e+01
2.148099584798454487e+01 2.122541591346747936e+01
2.164506016902964802e+01 2.136413864499484916e+01
2.180909987541748407e+01 2.153784844193581804e+01
2.197310517378908301e+01 2.175057104747335401e+01
2.214866169579613242e+01 2.189651121040139259e+01
2.230592990516787566e+01 2.198625775516705261e+01
2.218410415966504701e+01 2.246222403797418821e+01
2.264609622279679613e+01 2.248265825122306083e+01
