0.000000000000000000e+00 0.000000000000000000e+00
3.979705647657235182e-03 0.000000000000000000e+00
3.296596711260228740e-02 0.000000000000000000e+00
2.756290961421094948e-02 0.000000000000000000e+00
2.641544734565519081e-01 -7.277344756468934195e-03
3.905393657050639233e-01 4.288321539979794011e-02
1.026345401385794442e+00 1.042838034071391640e+00
1.231556946913080264e+00 1.289559672528697076e+00
1.477373697672428321e+00 1.505226327190356095e+00
1.706253151331187379e+00 1.689848004492418454e+00
1.920814879789057850e+00 1.892567556210846158e+00
2.114738149660262412e+00 2.082930831529148374e+00
2.312351475809918178e+00 2.282905824430279118e+00
2.515254090493230787e+00 2.456849608457565282e+00
2.711824455860396110e+00 2.647618934242267574e+00
2.913589374724545600e+00 2.860637904000975063e+00
3.115014829585376344e+00 3.046469764490999932e+00
3.314380002238940914e+00 3.248246241575226900e+00
3.519751575862108961e+00 3.463489951623603069e+00
3.708921690945102601e+00 3.650918079597907706e+00
3.907846819969276631e+00 3.848248008672484843e+00
4.113083708961731588e+00 4.035954084585551271e+00
4.324301474422834524e+00 4.239537970974172509e+00
4.523336629638034623e+00 4.429153423030547820e+00
4.720295555311968094e+00 4.655142920579237398e+00
4.922041953113512669e+00 4.825778533464895936e+00
5.120689909552252672e+00 5.008192405452623674e+00
5.301592931715644497e+00 5.211527787786941701e+00
5.499981424231314087e+00 5.431820979834398599e+00
5.693070063594144692e+00 5.629916265626017768e+00
5.890664312773732370e+00 5.818196085486685654e+00
6.088446737756119553e+00 6.001550216024830853e+00
6.291135749805813582e+00 6.229643116975334571e+00
6.487200513189494977e+00 6.411579678270889815e+00
6.689750777829693185e+00 6.613768382010622560e+00
6.881040883223110249e+00 6.736480152022276791e+00
7.072440644117211406e+00 6.956363981031050692e+00
7.277326717852117710e+00 7.194830090571265657e+00
7.472474308177251778e+00 7.391388389217855348e+00
7.665315539048190630e+00 7.586646898745391887e+00
7.862083426733085467e+00 7.788708678560664289e+00
8.056236114987543218e+00 7.882446510585653598e+00
8.251632018496099619e+00 8.115052167724259746e+00
8.450743660500290133e+00 8.346977500048433640e+00
8.650457396373893104e+00 8.492051670456019608e+00
8.852542152708592127e+00 8.724159902831894797e+00
9.045762794525630923e+00 8.916616661108347941e+00
9.238605330403766303e+00 9.128618270674168755e+00
9.441775793955162754e+00 9.318710953872720637e+00
9.638440109065276928e+00 9.474223056180694158e+00
9.829175884781367500e+00 9.689859826647731822e+00
1.003675611692375469e+01 9.892686249495868722e+00
1.023412570504984842e+01 1.003412783512886541e+01
1.044016776190501083e+01 1.022587664008978869e+01
1.063098391901175788e+01 1.041212488696841376e+01
1.082891568004230542e+01 1.065224447677850961e+01
1.103481590335424301e+01 1.074580140806108552e+01
1.123265315587283730e+01 1.100932044380944852e+01
1.143200162758180838e+01 1.119501593122741312e+01
1.163238688942251819e+01 1.139458294142936445e+01
1.183085792063185870e+01 1.155144926622294577e+01
1.203892741395185872e+01 1.171657756511510584e+01
1.223106063560643086e+01 1.193095717206742989e+01
1.241806790110052816e+01 1.219726921901905925e+01
1.262472806501468270e+01 1.232581915846312093e+01
1.282412359051751594e+01 1.253721344370259771e+01
1.302823062259473197e+01 1.274876134981541576e+01
1.321370835821659639e+01 1.292062541101240569e+01
1.340173133420834262e+01 1.310193817603411581e+01
1.359248213952074202e+01 1.329101232262154042e+01
1.379469879134008892e+01 1.348466080155839109e+01
1.398877443359460138e+01 1.370587235749471411e+01
1.417636880264604038e+01 1.392505720205853059e+01
1.437336459579860382e+01 1.399637082717679881e+01
1.457320497931394065e+01 1.428534707802628745e+01
1.477342715339555745e+01 1.437933678350874267e+01
1.496604674607240426e+01 1.460184978750531926e+01
1.517645068731591884e+01 1.487096901547671912e+01
1.537253280734821637e+01 1.505959029644985847e+01
1.557347413321012830e+01 1.523748935755919298e+01
1.576645689469137146e+01 1.540825075013861856e+01
1.597831935452688334e+01 1.563345487041898352e+01
1.617226109764652264e+01 1.576449851206522013e+01
1.637315279621498121e+01 1.602616581351436054e+01
1.657337923221137999e+01 1.615126063563533521e+01
1.678390773272004211e+01 1.629876990353209365e+01
1.697404098673181494e+01 1.653693441505277661e+01
1.716696506747603834e+01 1.682249039177392547e+01
1.736539507768925361e+01 1.697877807915800119e+01
1.757124434203969088e+01 1.716990721145748822e+01
1.776376972128974785e+01 1.733724974298273480e+01
1.797100229718103748e+01 1.753088943547641421e+01
1.814933845437609961e+01 1.767689549843204233e+01
1.834344809495992479e+01 1.789469346479146239e+01
1.856630208167216978e+01 1.812871880772616962e+01
1.874178800783271015e+01 1.840306634884014514e+01
1.892983102705853682e+01 1.853730323036437611e+01
1.912849143932917784e+01 1.865099767033092348e+01
1.932749056015879674e+01 1.885469349150606888e+01
1.949871619637366749e+01 1.907705528517879046e+01
1.972543222009222674e+01 1.936266492265229644e+01
