0.000000000000000000e+00 0.000000000000000000e+00
0.000000000000000000e+00 0.000000000000000000e+00
0.000000000000000000e+00 0.000000000000000000e+00
2.718337479280436356e-02 -1.166684801349311337e-02
1.764212510785406751e-02 -1.471972705371309142e-02
2.734543037590080744e-02 2.354226031639345545e-02
1.213626386246678679e-01 9.186327451999627414e-01
1.371752452467279726e+00 2.399821778134801242e+00
2.484206297181322576e+00 2.490101695840431173e+00
2.564386947148690421e+00 2.556551432832397275e+00
2.611098840266212751e+00 2.635840563684998195e+00
2.686454850925971805e+00 2.681349017771452292e+00
2.791736085082369367e+00 2.833541383525865154e+00
2.887836143054648197e+00 2.880307959971537546e+00
2.998440308907702967e+00 3.147811610061772125e+00
3.159576079952685745e+00 3.313607407444203012e+00
3.365353561616702294e+00 3.483830468300410654e+00
3.502630667543895626e+00 3.638743776642929362e+00
3.686192891065489530e+00 3.772571106003626440e+00
3.825559169133730286e+00 3.925366327171751379e+00
3.988091398640420504e+00 4.080907353059354037e+00
4.119241358178669543e+00 4.237333114200137807e+00
4.271037934230926147e+00 4.387645328497222330e+00
4.420988808850639273e+00 4.531868485535738067e+00
4.574200283141084178e+00 4.664438940717314352e+00
4.727353957798762885e+00 4.808133309693151780e+00
4.866754102532819815e+00 4.946214054286512507e+00
5.030092555851552127e+00 5.087576716092829798e+00
5.217350793609085713e+00 5.165194710612654561e+00
5.298264441432957383e+00 5.363140737657450252e+00
5.441872840424953672e+00 5.509597120155204308e+00
5.582416579981051896e+00 5.646403438975512223e+00
5.750683125691288922e+00 5.801389491184716363e+00
5.941384997001674328e+00 5.868964081331174754e+00
6.090597743234744676e+00 6.013837438641369992e+00
6.233517931690069958e+00 6.139247362218510418e+00
6.381403556451464176e+00 6.297966302388495308e+00
6.530597819163738826e+00 6.449373331959612266e+00
6.689293682067561697e+00 6.587209264056199665e+00
6.841150921471298219e+00 6.748827915174756775e+00
6.990304849144734156e+00 6.901241316402660253e+00
7.134026224788958537e+00 7.026594422879669288e+00
7.284762795019104509e+00 7.198249243945758380e+00
7.434081866727395571e+00 7.361060588668372873e+00
7.588235403565689374e+00 7.488484362676159911e+00
7.738180158301016576e+00 7.660892972094821118e+00
7.895195446141944018e+00 7.781833853031370651e+00
8.051566955821844118e+00 7.973439340240656925e+00
8.202733293095976208e+00 8.091317276551347248e+00
8.366355391075957826e+00 8.271673594614718183e+00
8.512318622871497098e+00 8.431442689330140183e+00
8.665378636700650006e+00 8.592961295505155306e+00
8.829002177128051798e+00 8.687718036995569548e+00
8.991476356367398282e+00 8.878514571710720560e+00
9.153288020936399150e+00 9.015411143291848006e+00
9.305731626376877230e+00 9.183370233825359108e+00
9.329845504783326859e+00 9.418468548307021848e+00
9.598685701745743870e+00 9.472499272997236375e+00
9.750838842451534205e+00 9.610619750300267938e+00
9.911890560044559706e+00 9.796709795566897583e+00
1.006977656363236839e+01 9.954543360440892386e+00
1.022854585260909843e+01 1.011713858604466054e+01
1.038286655924484947e+01 1.027909541968424101e+01
1.053547311480116200e+01 1.041231892083318300e+01
1.069863457055920897e+01 1.059873116079372934e+01
1.086281592135477858e+01 1.072863260629590521e+01
1.102815483398705965e+01 1.089246921337839424e+01
1.119080234392723483e+01 1.110825692785464192e+01
1.135213662770853382e+01 1.125732320243944962e+01
1.151583124145643566e+01 1.142333034831026950e+01
1.167994009851013715e+01 1.151998570780508580e+01
1.185071053959830323e+01 1.173910622028474648e+01
1.201458117700977013e+01 1.183711641995940944e+01
1.216928480258766854e+01 1.201828627275611261e+01
1.235315775181091880e+01 1.218158651521625302e+01
1.250539487495417745e+01 1.232784653636990058e+01
1.267051337430391023e+01 1.252182857543282068e+01
1.283105400067235458e+01 1.270144042766015247e+01
1.299370003904374649e+01 1.282770387746232643e+01
1.314742871444767403e+01 1.302342871146608339e+01
1.331025367401735693e+01 1.317035995531291803e+01
1.346882711744953198e+01 1.327021857130817928e+01
1.362694802669576433e+01 1.348362584929698471e+01
1.378610896612780401e+01 1.362525740329568080e+01
1.395198946502571857e+01 1.378436947913593436e+01
1.411389224773147077e+01 1.399062707801689953e+01
1.427978764853849469e+01 1.409653734505954503e+01
1.443190737499841880e+01 1.432738201152572799e+01
1.461220681368940255e+01 1.443737738342911747e+01
1.476208738967938139e+01 1.460631815210943429e+01
1.491529749988022147e+01 1.474591107165547399e+01
1.508448603190280402e+01 1.492233965270336604e+01
1.523674547917357991e+01 1.511329198453982237e+01
1.540788646273803231e+01 1.522062432113441055e+01
1.557007574972018382e+01 1.534110942895965479e+01
1.574617552436627399e+01 1.553599678931120742e+01
1.589235614393059315e+01 1.570696882315669285e+01
1.606746704534337766e+01 1.590609817514624602e+01
1.623226011433850502e+01 1.603255577373943552e+01
1.639869109999563790e+01 1.618078429591975720e+01
1.656332568262791582e+01 1.639227546046058137e+01
