0.000000000000000000e+00 0.000000000000000000e+00
0.000000000000000000e+00 0.000000000000000000e+00
0.000000000000000000e+00 0.000000000000000000e+00
0.000000000000000000e+00 0.000000000000000000e+00
0.000000000000000000e+00 0.000000000000000000e+00
0.000000000000000000e+00 0.000000000000000000e+00
9.424100287849117297e-02 2.871257301923265448e+00
3.174847085787237122e-02 5.453908193441254326e+00
5.900354315425862417e+00 5.884904529233820014e+00
5.935394154417314994e+00 5.930304948603844828e+00
5.913629146715188689e+00 5.904023836150318338e+00
5.909239776466591820e+00 5.896355509632417835e+00
5.931022488228207656e+00 5.931369581116028300e+00
5.961019230222802889e+00 5.929356652182089071e+00
6.065378449825571394e+00 6.237541722649097231e+00
6.235635349929964377e+00 6.388299721644806972e+00
6.368307132054987107e+00 6.619759531657201990e+00
6.585489155586449428e+00 6.932203937333453858e+00
6.859108916228524144e+00 7.196332690772129226e+00
7.041848497042731303e+00 7.424342732463735217e+00
7.263655082838934796e+00 7.663139456410966055e+00
7.507983368656319989e+00 7.861996423095734876e+00
7.830020938774281625e+00 8.084677383983878585e+00
8.094172086567610336e+00 8.275287596076772445e+00
8.306534257583724212e+00 8.449646478675683525e+00
8.514078184172612751e+00 8.646480198956149721e+00
8.689890880428153608e+00 8.825103678096695603e+00
8.877831409472538127e+00 8.993719096024459958e+00
9.061877984065487723e+00 9.169012921278737238e+00
9.230083989372793951e+00 9.350199201678574212e+00
9.418741670825591328e+00 9.509058870860641832e+00
9.591685984243095930e+00 9.681449452890854346e+00
9.767987651558726725e+00 9.847575633038610832e+00
9.984275271931467799e+00 9.925634097818893053e+00
1.014543437237263923e+01 1.003123809546013767e+01
1.019711657973524765e+01 1.034117946813368505e+01
1.038210381827723339e+01 1.051131679018065412e+01
1.066801785481179188e+01 1.051414729541812321e+01
1.070573544030617796e+01 1.085397153223764555e+01
1.101716677998191862e+01 1.082446743942637823e+01
1.101043812167358737e+01 1.119983709856690091e+01
1.136005300208172031e+01 1.117543279153175817e+01
1.153911585237490911e+01 1.134734624491246180e+01
1.151360380854952759e+01 1.172392821542461583e+01
1.175403489437382198e+01 1.191203930496863883e+01
1.191762903449516031e+01 1.208403333697341608e+01
1.225935323273836097e+01 1.210868595032979478e+01
1.229498478041016440e+01 1.244705361031959256e+01
1.264174161961823550e+01 1.250659260978491893e+01
1.282320418235441117e+01 1.263429561324269557e+01
1.283100694062305891e+01 1.300777605425110117e+01
1.319582926237851517e+01 1.299957851402004394e+01
1.338386110958792585e+01 1.318540955062197995e+01
1.357212947542972969e+01 1.340171539099701015e+01
1.355782893992346061e+01 1.375318076729097072e+01
1.378328619675504285e+01 1.392429701675854581e+01
1.397276195261878406e+01 1.411726738964009265e+01
1.414091275871627751e+01 1.430335145303957134e+01
1.450052258669170158e+01 1.432767949567947419e+01
1.469192065267179004e+01 1.451128013197791056e+01
1.488005362938775455e+01 1.471666389023844168e+01
1.508080991252667857e+01 1.489565059403188840e+01
1.527466044036119897e+01 1.508855609530463049e+01
1.547679076516550545e+01 1.524838851303108989e+01
1.543901321163541240e+01 1.564182258920576096e+01
1.562537643676173005e+01 1.583014510791442575e+01
1.604707122962878429e+01 1.585380620699741883e+01
1.624989826385238345e+01 1.604234082962053876e+01
1.644650172547439482e+01 1.620448903550935782e+01
1.664652235382483170e+01 1.633735239336927592e+01
1.683887209450731959e+01 1.659818751754074384e+01
1.704220563967497526e+01 1.680088993696845634e+01
1.724253722937674027e+01 1.693921218924549521e+01
1.744167586530812031e+01 1.714078908991076844e+01
1.764040688368618959e+01 1.740635394404832681e+01
1.784165128971612191e+01 1.752475461096544862e+01
1.804845652161586500e+01 1.777960128248916050e+01
1.825682023758179895e+01 1.799403238461218280e+01
1.843685470375159241e+01 1.815721101955810823e+01
1.865306641384060526e+01 1.837069324194928299e+01
1.859625916651237532e+01 1.877710376035501838e+01
1.902326210969699005e+01 1.877341837765843024e+01
1.922121129087130242e+01 1.898027161080146286e+01
1.940942217141196480e+01 1.921514839233289962e+01
1.961884433181158016e+01 1.937652776372568297e+01
1.981775281309361247e+01 1.954519493891048043e+01
2.004026556204043885e+01 1.980164060020735306e+01
2.022331815560404422e+01 2.003421144503705520e+01
2.044312514263816638e+01 2.027828676713550493e+01
2.065587566303688405e+01 2.042916517396568921e+01
2.086616094351078488e+01 2.063175128958182825e+01
2.106875922794950640e+01 2.085484970000060301e+01
2.128047880595798702e+01 2.097417540709941619e+01
2.148705744518341021e+01 2.118007252145666186e+01
2.168977394583714613e+01 2.142326856312519467e+01
2.189347337806960425e+01 2.166382348214435538e+01
2.209836447668424952e+01 2.193732948382017867e+01
2.230878840563940813e+01 2.210947952629352287e+01
2.252111950354879255e+01 2.221733547658257990e+01
2.272300296905639883e+01 2.238563345296581986e+01
2.293777303900221654e+01 2.275770530655903201e+01
