0.000000000000000000e+00 0.000000000000000000e+00
0.000000000000000000e+00 0.000000000000000000e+00
0.000000000000000000e+00 0.000000000000000000e+00
0.000000000000000000e+00 0.000000000000000000e+00
0.000000000000000000e+00 0.000000000000000000e+00
6.989423874224758026e-02 0.000000000000000000e+00
1.388236940197800084e-01 6.759814127232678382e-01
5.197147012131848598e-01 2.512907981762540488e-01
1.140573608539777517e+00 1.345995282415664462e+00
1.396612081172280861e+00 1.819890121022506690e+00
1.941536366033818073e+00 1.989249413711936532e+00
2.113162388947932513e+00 2.157309923140328767e+00
2.233929451284491385e+00 2.331575390746535081e+00
2.389085953273233365e+00 2.521840171136362496e+00
2.550886069468060846e+00 2.689978484723907659e+00
2.722089028801315536e+00 2.825886133890019636e+00
2.866972222472725651e+00 2.958589442013218385e+00
3.014203913725455486e+00 3.085039455938590081e+00
3.155236782196324974e+00 3.215291035390393404e+00
3.330075912628342127e+00 3.282277229526465945e+00
3.416425482324179530e+00 3.473155017271368994e+00
3.549665463911241492e+00 3.607842061242392706e+00
3.708105499747045286e+00 3.737832872471847701e+00
3.862385486423786318e+00 3.822292985205547833e+00
3.993649242014467582e+00 3.951158125364907736e+00
4.076136431031402552e+00 4.143756874773404597e+00
4.268608942545952800e+00 4.208337450225177356e+00
4.365126377866513252e+00 4.411842798950336153e+00
4.498849996508713645e+00 4.555308843785632611e+00
4.679508763150737494e+00 4.643785998494436740e+00
4.791332667537720802e+00 4.827047231828399454e+00
4.963515572688658395e+00 4.929714164874054561e+00
5.108521478200057864e+00 5.082116785303641748e+00
5.247544382245261652e+00 5.205434551982540903e+00
5.393770376841822589e+00 5.343017661599870571e+00
5.527651686345685711e+00 5.476374829312573134e+00
5.674655668887749194e+00 5.627753078363395112e+00
5.815361224041841304e+00 5.766195847803762042e+00
5.956179866855402238e+00 5.899599408643101839e+00
6.097690705132363220e+00 6.051429922422296492e+00
6.240217697171789091e+00 6.165774031363662644e+00
6.392879622484986868e+00 6.326207906814905080e+00
6.539520209900600456e+00 6.452679490227533066e+00
6.627055190711251598e+00 6.664818237613659768e+00
6.825115142718373384e+00 6.776316800122192063e+00
6.975694970111812943e+00 6.911047690203873550e+00
7.120857585438431059e+00 7.050885185347874007e+00
7.269925623858763508e+00 7.152177587052369390e+00
7.425990384971146163e+00 7.333869913892293368e+00
7.576517254931742329e+00 7.475037753719399269e+00
7.720688965302576534e+00 7.619780696026706934e+00
7.876141519728311557e+00 7.775806845968376457e+00
8.019900461410887971e+00 7.902932794860206833e+00
8.168282799435035102e+00 8.074877986514117367e+00
8.323244573260719648e+00 8.221737353749244193e+00
8.471098044972981356e+00 8.354054654218895593e+00
8.629030649597355662e+00 8.500746574616329099e+00
8.780915392426260624e+00 8.678124369941665250e+00
8.936718469986296043e+00 8.796173023725083695e+00
9.090463984756743443e+00 8.966205083554866562e+00
9.235277560398328589e+00 9.103817788942050626e+00
9.387274033006660190e+00 9.267192258596882226e+00
9.517003274351491626e+00 9.396182027701549089e+00
9.669162038307630880e+00 9.536121009313339059e+00
9.839228947111866574e+00 9.662711765551112109e+00
9.985658049005468939e+00 9.861094569255053344e+00
1.014348910643201584e+01 9.954071788939728549e+00
1.030266279775602989e+01 1.016513523086577386e+01
1.044085734050707970e+01 1.028587523033228557e+01
1.059729822264291954e+01 1.044105086013546035e+01
1.074816280935738710e+01 1.060728334928959171e+01
1.089091888525468299e+01 1.073590446720473679e+01
1.104114945038991991e+01 1.092745144613979669e+01
1.118486774898048353e+01 1.103994457677638508e+01
1.133033187390213392e+01 1.120867605058598393e+01
1.148581883338438914e+01 1.131567806779070651e+01
1.163344324200604341e+01 1.153194042696415167e+01
1.177666911940919725e+01 1.165047944178526507e+01
1.192882621027087531e+01 1.178009989536190893e+01
1.207529643480901171e+01 1.188400850614955218e+01
1.222414789117762091e+01 1.205217909181641112e+01
1.237592421565898881e+01 1.222414576825075017e+01
1.251628294730781121e+01 1.242353059431965789e+01
1.266769819765666227e+01 1.249471745415143431e+01
1.281178537819132757e+01 1.268109944099850850e+01
1.296401770064257519e+01 1.281249355448245097e+01
1.311090109832099948e+01 1.298758171630575831e+01
1.325867470698850781e+01 1.313949101376802098e+01
1.341081695053627776e+01 1.323222924214441498e+01
1.356235211175004629e+01 1.341121603585951583e+01
1.371067207595423199e+01 1.349527289467226865e+01
1.386274778343380909e+01 1.371046147589100350e+01
1.401114740190175567e+01 1.385764731954047591e+01
1.416324767407042273e+01 1.402963748139076472e+01
1.431479238651856711e+01 1.416149081767542661e+01
1.446318429863843136e+01 1.430561263061456323e+01
1.461724188360525645e+01 1.445063123323757814e+01
1.476853112911297217e+01 1.453841975348479032e+01
1.492429716729078137e+01 1.458751969172244145e+01
1.507494688149873063e+01 1.484659652336093849e+01
1.522122353724059174e+01 1.512594623382660153e+01
