0.000000000000000000e+00 0.000000000000000000e+00
1.211296095571399913e-03 0.000000000000000000e+00
4.312258582828280666e-03 0.000000000000000000e+00
3.373803437571358532e-02 0.000000000000000000e+00
3.333468787181680104e-02 2.692701832407685680e-01
2.121784237748291779e-01 3.849692287390804601e-01
4.884838024596159234e-01 4.765660144003364129e-01
5.893408571565285081e-01 5.466143298486439983e-01
6.845760564861604891e-01 6.585899287774733546e-01
7.760712705124871436e-01 7.512552223420583264e-01
8.622301491321580080e-01 8.337739178103750204e-01
9.518138267522255891e-01 9.140027459759327844e-01
1.042948218268851424e+00 1.015650025995614048e+00
1.129569102795574542e+00 1.098001802015268868e+00
1.217933482229723419e+00 1.196295770605811493e+00
1.305899179196117643e+00 1.273501404667478187e+00
1.395985839736603618e+00 1.358366266219654728e+00
1.482906989577158274e+00 1.456345239078599585e+00
1.573093744102062930e+00 1.533353548313938886e+00
1.664570967162824155e+00 1.616422011518460655e+00
1.752684688700886451e+00 1.714323863185606367e+00
1.840086337664802452e+00 1.795697344878137702e+00
1.924039882751732877e+00 1.864496426374562921e+00
2.010623351795916225e+00 1.962579409952364351e+00
2.098076316068269165e+00 2.050920894218101420e+00
2.185335603677318606e+00 2.148124366218371772e+00
2.273118652478566037e+00 2.232372464900200804e+00
2.361402902277158322e+00 2.302110546613465480e+00
2.445405080018149935e+00 2.385602686211261148e+00
2.532206328664202921e+00 2.482045371399299594e+00
2.616017490731630701e+00 2.572033129026893850e+00
2.704639619899930292e+00 2.667262073560206836e+00
2.790920853037567984e+00 2.731118186686461780e+00
2.878955245521829021e+00 2.831840034426529318e+00
2.964912618432336000e+00 2.927144582686066254e+00
3.052023346687278149e+00 2.993663417358283674e+00
3.144123780940519808e+00 3.072452297055623838e+00
3.231221287456194968e+00 3.143261695175362025e+00
3.316133545181738196e+00 3.258282220120224171e+00
3.404697595512639285e+00 3.361443274753928012e+00
3.486004009190406538e+00 3.432287159056347292e+00
3.579869437730710757e+00 3.504987805203036544e+00
3.660454154497329693e+00 3.593249325033038399e+00
3.752905292054815156e+00 3.684952801112329368e+00
3.839372911175358283e+00 3.759886884045369637e+00
3.923273616974424449e+00 3.865016357211387810e+00
4.009036277402076465e+00 3.962519713691189160e+00
4.095430911120109485e+00 4.022743389806421099e+00
4.180792257002088341e+00 4.115884841531446625e+00
4.275716720786703284e+00 4.235733920195833946e+00
4.363090579939830072e+00 4.293639382096208656e+00
4.444885827435427039e+00 4.362350293442980309e+00
4.532687548476351580e+00 4.435653770330735490e+00
4.626637520697767236e+00 4.549632987048568111e+00
4.711313646460828508e+00 4.668350102227496023e+00
4.796704765188239072e+00 4.739924142826856368e+00
4.884753682539421327e+00 4.799273314383748712e+00
4.973224112001117803e+00 4.891198329167912640e+00
5.055760873124917509e+00 4.961660997840562359e+00
5.146896719845678092e+00 5.082827009985381395e+00
5.232018511736908017e+00 5.143220097213328401e+00
5.321947685218450630e+00 5.208291629089445429e+00
5.408419031792529807e+00 5.323848924729663423e+00
5.493890609564948235e+00 5.443705363851330858e+00
5.577165321727751035e+00 5.512310678707935452e+00
5.668158263993197110e+00 5.589497987394618228e+00
5.753630226344794707e+00 5.659297439991574308e+00
5.842775183527470162e+00 5.767072640099659253e+00
5.932689887939232243e+00 5.809891611357656416e+00
6.016859273548730513e+00 5.915219001560354073e+00
6.105483301698185983e+00 6.034701039806825484e+00
6.200133106569190033e+00 6.091840714947275970e+00
6.281046971355423558e+00 6.193452692469303855e+00
6.367843943712422572e+00 6.309017838221927299e+00
6.452393168079635366e+00 6.320880565711457955e+00
6.541602189238608034e+00 6.468721740943344400e+00
6.632219018719062831e+00 6.555631647712012011e+00
6.720159488343584897e+00 6.633786938766254693e+00
6.806168419828519056e+00 6.697303883939833113e+00
6.897598655369776566e+00 6.795459967865531858e+00
6.986401554970520067e+00 6.908067231019275667e+00
7.066044404000227708e+00 6.968707505534477598e+00
7.158224790260861781e+00 7.052639441621198380e+00
7.249163629518467822e+00 7.109276135789531104e+00
7.329320441947049680e+00 7.205817175180938783e+00
7.413450119915775183e+00 7.308015058586613932e+00
7.504181248497896917e+00 7.363217384819435551e+00
7.592847599409527248e+00 7.481124754726061532e+00
7.672544064429558830e+00 7.590293817537363097e+00
7.767672504831221403e+00 7.659078258609794965e+00
7.851996178213203059e+00 7.761618855729983224e+00
7.938589820293176835e+00 7.840459633848966270e+00
8.024944887248912195e+00 7.934993263765372618e+00
8.112923861162519401e+00 8.030259886784540058e+00
8.200595192711009673e+00 8.090133372110225096e+00
8.288753116735819049e+00 8.185060608548601735e+00
8.372295664503610624e+00 8.265479533505192933e+00
8.461778165802572360e+00 8.375916421295537262e+00
8.542209498892940900e+00 8.438507376645553393e+00
8.630219477939235162e+00 8.495339953538966427e+00
8.722276836893607666e+00 8.610312573916372614e+00
