0.000000000000000000e+00 0.000000000000000000e+00
3.180919118444552494e-04 0.000000000000000000e+00
0.000000000000000000e+00 0.000000000000000000e+00
8.790942792915701354e-03 0.000000000000000000e+00
2.655149002656089635e-02 1.231630447357909231e-03
8.468678212536505379e-02 3.692031152314881326e-01
4.521800663702268963e-01 1.485758006047274149e-01
4.580798990138821303e-01 7.271530304242465048e-01
8.181388222750000105e-01 8.593357283005670366e-01
9.657231170263420594e-01 9.580038486031214884e-01
1.047967246839174305e+00 1.080147299847528330e+00
1.188586931980938344e+00 1.164695845515573813e+00
1.271412815729429324e+00 1.290326483968797122e+00
1.404181340280392210e+00 1.383970008888623315e+00
1.512552220088029920e+00 1.492867806823065191e+00
1.621074251835504798e+00 1.578770987552625238e+00
1.729985526088233749e+00 1.688768880941657446e+00
1.841143567298184847e+00 1.807955667323578153e+00
1.947940254517747993e+00 1.913991123780985903e+00
2.054444399212088435e+00 2.028881194829254664e+00
2.162103180662221291e+00 2.113564600181232489e+00
2.270810311854904562e+00 2.230922389720373378e+00
2.381312356153550969e+00 2.341090315715166348e+00
2.486192487836365927e+00 2.434890818434609194e+00
2.595114879241351424e+00 2.539963851750453916e+00
2.706168982316093263e+00 2.649961379891459856e+00
2.810498273775506206e+00 2.762044764125464180e+00
2.922410961791671813e+00 2.878986393111435227e+00
3.026742556655868555e+00 2.977601951261452662e+00
3.137252305199235369e+00 3.092065881361142576e+00
3.249774783549299162e+00 3.181158522462896876e+00
3.359806500493566439e+00 3.300801244054197614e+00
3.465963276717265895e+00 3.403446451395365724e+00
3.578300344549838918e+00 3.498899331855529926e+00
3.686917818912875067e+00 3.611259057020793861e+00
3.785653896819224151e+00 3.750253324043560266e+00
3.893160447739870023e+00 3.820348691754463566e+00
4.004285251106459498e+00 3.927573595773073745e+00
4.112205718464009507e+00 4.047152147477690143e+00
4.221483613496238796e+00 4.171995980977121654e+00
4.334128493893172340e+00 4.254838725761443285e+00
4.435849280297912145e+00 4.384886051201458024e+00
4.543669345235148427e+00 4.487193532328744183e+00
4.657883624914546772e+00 4.568696261534231695e+00
4.762819001948186859e+00 4.688262840763861128e+00
4.868584664114224303e+00 4.790543243420899877e+00
4.982606696281653313e+00 4.913891182229978227e+00
5.086953467808283058e+00 5.042572896822606232e+00
5.194219032749775700e+00 5.100690441644400330e+00
5.303595825268338615e+00 5.206724547260551894e+00
5.409243997406099069e+00 5.315303396326505947e+00
5.518849953058839297e+00 5.428919241069218415e+00
5.618563400688617371e+00 5.562268681302166229e+00
5.735401054218796091e+00 5.651606868198046918e+00
5.842124190289438523e+00 5.751229354430053675e+00
5.950047549604617458e+00 5.858820764700461758e+00
6.058075003988145468e+00 5.950237161167293287e+00
6.168621515660150934e+00 6.070980726546920891e+00
6.273978179913796360e+00 6.171881179034818032e+00
6.377393428667684105e+00 6.280232648772926751e+00
6.487034697736225652e+00 6.414175948875535660e+00
6.593598127049268065e+00 6.482660926978944360e+00
6.699846758812419090e+00 6.620776781033662850e+00
6.815139033289781878e+00 6.735968172708223456e+00
6.914266087765812863e+00 6.829135243507541198e+00
7.030859143944999445e+00 6.935559702564686901e+00
7.134480120230707989e+00 7.027876652484268405e+00
7.246100090455279030e+00 7.132785702993280630e+00
7.355835034497681058e+00 7.254723937653900556e+00
7.458094466712546833e+00 7.347300544298955849e+00
7.577968828596005402e+00 7.444939296110156590e+00
7.684300300405724649e+00 7.566560503138489047e+00
7.793828684368835802e+00 7.635535128349415501e+00
7.900609013332062780e+00 7.771579198942367483e+00
8.011433115753117562e+00 7.897516915217117628e+00
8.116433849027171021e+00 7.993344488198146358e+00
8.222475074087521207e+00 8.074800324830617271e+00
8.335136274780479582e+00 8.210085222531589011e+00
8.437212472950417208e+00 8.328037910268545119e+00
8.549753972420900183e+00 8.459418789552007212e+00
8.653921520750538221e+00 8.527115287827648160e+00
8.765249480264483140e+00 8.616071225867157679e+00
8.879004330033366088e+00 8.758998759622826924e+00
8.994166311346512899e+00 8.838988329457446724e+00
9.096644603208659419e+00 8.952543600627484111e+00
9.202717608208249800e+00 9.071579360154442995e+00
9.315421718519186101e+00 9.186732576118847859e+00
9.427471011687458713e+00 9.250259557028291724e+00
9.530922077949245619e+00 9.368390441638561938e+00
9.640615022804855272e+00 9.486440016937024211e+00
9.752294470749694355e+00 9.553315805074177547e+00
9.860238111314666654e+00 9.648245084217178302e+00
9.969137510291046667e+00 9.841993790101852824e+00
1.007979026750680163e+01 9.867635320850853375e+00
1.018220972099608446e+01 1.005328201626231532e+01
1.029480490236738532e+01 1.016307236777740819e+01
1.040610945834845502e+01 1.024468410294216447e+01
1.050090919404523859e+01 1.032618598037429791e+01
1.061575040477158538e+01 1.041889665192923786e+01
1.070477255038224662e+01 1.057056397958741734e+01
1.082221968240587806e+01 1.066487250288822075e+01
