0.000000000000000000e+00 0.000000000000000000e+00
0.000000000000000000e+00 0.000000000000000000e+00
0.000000000000000000e+00 0.000000000000000000e+00
3.213457725824761524e-02 -3.086624200745551050e-02
7.188471513923226641e-02 -6.925733695700128471e-03
1.827853577134626872e-01 0.000000000000000000e+00
1.457144578295753168e-01 0.000000000000000000e+00
3.208003603900817513e-01 9.568074214461856630e-02
6.522232684915415524e-01 1.066619877044451270e+00
1.227492600931550326e+00 1.507745690147499928e+00
1.478404548195140222e+00 1.688775777639837106e+00
1.775086447018626279e+00 1.891075780740431700e+00
1.898781571365590004e+00 2.051789324589069263e+00
2.068761125106815868e+00 2.169171911030464361e+00
2.218838372897821376e+00 2.295392166964790093e+00
2.367156889965412958e+00 2.445123268775246217e+00
2.494176420394204730e+00 2.574794157679384909e+00
2.617190344417935410e+00 2.701087823559024770e+00
2.781272192513227548e+00 2.831881753479260411e+00
2.903340632537526833e+00 2.955312798279042585e+00
3.072472683559663409e+00 3.027841228321336509e+00
3.149974827517646681e+00 3.208192235689650396e+00
3.298260041740393333e+00 3.331146624020665747e+00
3.451568448645423892e+00 3.433108116574027147e+00
3.579660565785098392e+00 3.530368915521557849e+00
3.674065361146623410e+00 3.722786353972696194e+00
3.854053770476256524e+00 3.816188617854000320e+00
3.987870702835895731e+00 3.921440874409870325e+00
4.115162928487042571e+00 4.057490080335028892e+00
4.243236423793177003e+00 4.189755660615234412e+00
4.373105784047177202e+00 4.331758314529404075e+00
4.503353145910205413e+00 4.450865783313396662e+00
4.637437985386235084e+00 4.576024673666178266e+00
4.771970508118667631e+00 4.723353128639654841e+00
4.909330975969947275e+00 4.847601940406656595e+00
5.048942219703302037e+00 4.969495133739408210e+00
5.181965356887655361e+00 5.103034523806549316e+00
5.315457957434394309e+00 5.234757876466221482e+00
5.456788517770716496e+00 5.382101740304233495e+00
5.602161327137468838e+00 5.528343638819397832e+00
5.741921289872072620e+00 5.660536232385350530e+00
5.878987395817377504e+00 5.802449762121960397e+00
6.009828759861147063e+00 5.953691821438473752e+00
6.154038872229295798e+00 6.087809281732823763e+00
6.290696103656001625e+00 6.199404865313998592e+00
6.426336378688318085e+00 6.351231662921995813e+00
6.565479367075401029e+00 6.513070114236256813e+00
6.707992907196496546e+00 6.636812883681400876e+00
6.846163351362824834e+00 6.759252158877275818e+00
6.983044478276775990e+00 6.882172303267611646e+00
7.128705271661864629e+00 7.037406552441956897e+00
7.262082579928158310e+00 7.170282100853810014e+00
7.405442653781300955e+00 7.308895332973743386e+00
7.543608825766573212e+00 7.440482111277605171e+00
7.682684750151010711e+00 7.550046090444235247e+00
7.831114157960922917e+00 7.736544537169732116e+00
7.965596343640210186e+00 7.869719372821206704e+00
8.106057279893917666e+00 7.993333855684122469e+00
8.251971563608124782e+00 8.147368223338782300e+00
8.389705002189151273e+00 8.268486756337516397e+00
8.532366264445778725e+00 8.385681769343422687e+00
8.662958345365385782e+00 8.560705680161536435e+00
8.806089812990697041e+00 8.694281955130817252e+00
8.953574426444669498e+00 8.827612862138424887e+00
9.091674279277526693e+00 8.975259059068445566e+00
9.227700764805163658e+00 9.123308690283673528e+00
9.364091170635351347e+00 9.280304645756400461e+00
9.498330192336069899e+00 9.356526267426835020e+00
9.640818903068410606e+00 9.495257821633945383e+00
9.785092654521621469e+00 9.628796283831533742e+00
9.920635906228483236e+00 9.759166429293427925e+00
1.006108313282080857e+01 9.931320194755981490e+00
1.020000088861998400e+01 1.008062265656443657e+01
1.033329460460602256e+01 1.023630451493917093e+01
1.049002492038095546e+01 1.034457241878207867e+01
1.062648577002217820e+01 1.045621900186219833e+01
1.076269591561104200e+01 1.060950090137282942e+01
1.090811541522107575e+01 1.078874082938670220e+01
1.105639713970393601e+01 1.093327733934322410e+01
1.118410590711784458e+01 1.104868606556393829e+01
1.132903010640494479e+01 1.122431043602856349e+01
1.146933049024747575e+01 1.123737431644339146e+01
1.160764787898909844e+01 1.143049018247207727e+01
1.175292419391482035e+01 1.158737564430486700e+01
1.188907460674646721e+01 1.171538506005434677e+01
1.203395743572005827e+01 1.186205499568914057e+01
1.217325791953961200e+01 1.197738967478830929e+01
1.231796656844218596e+01 1.212165571282933385e+01
1.245959585505395317e+01 1.230093091172794573e+01
1.259837761673370871e+01 1.243856976629772326e+01
1.273902611355454084e+01 1.255329528267169614e+01
1.287266013454568458e+01 1.266884717338528255e+01
1.302008538973089635e+01 1.277075600548737100e+01
1.316246466441695162e+01 1.297327698094789561e+01
1.329754472615294247e+01 1.306585427217888729e+01
1.344659865043385416e+01 1.324392427969786112e+01
1.356948872165633624e+01 1.336124457879868643e+01
1.371690234283492060e+01 1.350896270176273184e+01
1.386056415865253300e+01 1.367678743720765056e+01
1.399580617803811045e+01 1.378158076564784906e+01
1.413711025823430134e+01 1.398138752287938047e+01
