0.000000000000000000e+00 0.000000000000000000e+00
0.000000000000000000e+00 0.000000000000000000e+00
0.000000000000000000e+00 0.000000000000000000e+00
0.000000000000000000e+00 0.000000000000000000e+00
0.000000000000000000e+00 0.000000000000000000e+00
7.610455346972515300e-03 0.000000000000000000e+00
8.695701774921060778e-02 1.570801662241959676e-02
1.664956365961549167e+00 3.712839704148867881e+00
4.774217591129355398e+00 5.323492180236832461e+00
5.273813301940301734e+00 5.534591056681488652e+00
5.440918343458753803e+00 5.655219543796110138e+00
5.734490356949112133e+00 5.749580253717085476e+00
5.793619834152369918e+00 5.793556990467316758e+00
5.879490077907808754e+00 5.874114100867648958e+00
5.938307025421384999e+00 6.096962857561685212e+00
6.085426838847285858e+00 6.325031239650281023e+00
6.301526453188103005e+00 6.665877345425730738e+00
6.678189486872296854e+00 6.924615235321972762e+00
6.912484561823064588e+00 7.222502275285780371e+00
7.073476690619876273e+00 7.398666229862357113e+00
7.281194508990492587e+00 7.634455177886290578e+00
7.429314965475732002e+00 7.843404522984802618e+00
7.733604022777475606e+00 8.051087244217166372e+00
7.966790886175317610e+00 8.247036559080138218e+00
8.216277322870100264e+00 8.433414177304593196e+00
8.434849851839913981e+00 8.628981306716823951e+00
8.631748031201915694e+00 8.806294675315202269e+00
8.882600489277455935e+00 8.984769201055181398e+00
9.100460797056815210e+00 9.162079309900457602e+00
9.284830984751396343e+00 9.343179534604324488e+00
9.451283289619645700e+00 9.520036292999977334e+00
9.621196682690330348e+00 9.700583273025891629e+00
9.832675474511006541e+00 9.888818576340215216e+00
9.991847562040598874e+00 1.005294018051146132e+01
1.014646327873609266e+01 1.023560784693111181e+01
1.029399910456773881e+01 1.040238074868036122e+01
1.045775354842209914e+01 1.058186726203879324e+01
1.072436494889154268e+01 1.061831582570419563e+01
1.075884539099368808e+01 1.089281257986208828e+01
1.105544244745061810e+01 1.094010773419183558e+01
1.121514702396323138e+01 1.109169999047143484e+01
1.138721096692828816e+01 1.123046842082304408e+01
1.140202543468011420e+01 1.156978081820335724e+01
1.164412886535275504e+01 1.174371565975587650e+01
1.192574156214454462e+01 1.177315633733027767e+01
1.199092199886487720e+01 1.211192631970944866e+01
1.229492627617415046e+01 1.211539161478645710e+01
1.230918342244329367e+01 1.248176220596580421e+01
1.266995285471939781e+01 1.249840806565839202e+01
1.263850825219853924e+01 1.283982953297685548e+01
1.302620484129164424e+01 1.286436836032974185e+01
1.322057274814876848e+01 1.302178502940690308e+01
1.318692755085747947e+01 1.340055691558314699e+01
1.359685804021557232e+01 1.339263402857971030e+01
1.359087126706360671e+01 1.377809985262507730e+01
1.397089343772062442e+01 1.376373941902491183e+01
1.416848308004481183e+01 1.390319398324879607e+01
1.435258909953846285e+01 1.412544021434896990e+01
1.454791617932794168e+01 1.433592213782016778e+01
1.474832516077889011e+01 1.449575417039762648e+01
1.493109848233092407e+01 1.468973187414728798e+01
1.513527237675489268e+01 1.487896770059288620e+01
1.531576950035333340e+01 1.506724971352074149e+01
1.552435688145570047e+01 1.524839557758020270e+01
1.570466514057618213e+01 1.548946339606024125e+01
1.591500753676799995e+01 1.566662658315746981e+01
1.610202906778328114e+01 1.581621782239955998e+01
1.632282176182388156e+01 1.606537903129908074e+01
1.652416448172620989e+01 1.624260180242823637e+01
1.673072318981774842e+01 1.643549466515842639e+01
1.692522604966514166e+01 1.665587769777812710e+01
1.712556890090285933e+01 1.679318688520969616e+01
1.733310316361405157e+01 1.704454815376292487e+01
1.752958938716761139e+01 1.723113684899316667e+01
1.772788859132899830e+01 1.738253509273440045e+01
1.793991892820015721e+01 1.763445042267857588e+01
1.812974349273435948e+01 1.778752058360462840e+01
1.833555447977133923e+01 1.798602926003754376e+01
1.852341348476867822e+01 1.815226162984557590e+01
1.873327623547790921e+01 1.841338260478590172e+01
1.892793114886370276e+01 1.863173211282575181e+01
1.914180868230706167e+01 1.890716979132400510e+01
1.934761629675372063e+01 1.900008051479674975e+01
1.953108229530107209e+01 1.918884543792222530e+01
1.975819801780743745e+01 1.944742502589344824e+01
1.992299214812317842e+01 1.965407123007802070e+01
2.015607484231862401e+01 1.985120024845645048e+01
2.035832931127931644e+01 2.008770338149294332e+01
2.055905917101897984e+01 2.022757297045504998e+01
2.076650437902181423e+01 2.047048514735766744e+01
2.096069885212942907e+01 2.065434905597449600e+01
2.117315769254259550e+01 2.083488515546472541e+01
2.135712541644888773e+01 2.096771655827808090e+01
2.157917568538437081e+01 2.124271256455660151e+01
2.179143481332492271e+01 2.145866779195815255e+01
2.198109439549314104e+01 2.168880623283239828e+01
2.219941753130882844e+01 2.185646798066575869e+01
2.239575503875135709e+01 2.205423293532603424e+01
2.259177216140595945e+01 2.228261778876172983e+01
2.278861637357331205e+01 2.245678257811979961e+01
2.301875400383114822e+01 2.274600655336857358e+01
