0.000000000000000000e+00 0.000000000000000000e+00
2.760256689716875079e-04 0.000000000000000000e+00
6.679519708520131535e-03 0.000000000000000000e+00
4.616066991461179742e-02 8.162299659198261545e-03
1.121864418774362188e-01 5.982431518273544383e-04
2.807760300123368080e-01 1.468788854503736974e-01
3.740000172564149072e-01 5.734216538768426297e-01
6.420675219942537648e-01 6.980743929282758886e-01
8.040636206196425384e-01 7.774943736855854937e-01
9.103398352074565381e-01 8.824632320015902698e-01
1.014833493547744547e+00 9.752993005405511395e-01
1.118598774268834140e+00 1.067810453387389336e+00
1.222042234286638829e+00 1.183813553359412296e+00
1.324442581577749634e+00 1.277394937040877254e+00
1.432434471688490474e+00 1.384680022752963868e+00
1.534721326175388034e+00 1.497582777670603660e+00
1.634009855035553738e+00 1.601906198621867672e+00
1.734381052015917746e+00 1.706763389974504275e+00
1.835197513305615979e+00 1.803376201600071616e+00
1.938629659736334387e+00 1.904643343394281096e+00
2.040296265362990358e+00 2.004925679843335917e+00
2.142565389879827364e+00 2.100746035764238240e+00
2.242243975241902998e+00 2.191758184808119569e+00
2.345773742775694171e+00 2.303375751922209336e+00
2.445200441760332577e+00 2.359998702724542152e+00
2.550531056887961778e+00 2.500351826408131473e+00
2.654628598954712704e+00 2.597695278889919468e+00
2.755860961475820048e+00 2.733321620960271758e+00
2.860439838996778228e+00 2.810409001470519197e+00
2.957521221306671499e+00 2.895806011318744488e+00
3.058810442143932384e+00 3.024637945932079575e+00
3.162911444363755376e+00 3.098363828071073467e+00
3.260561645630611238e+00 3.207282418326692586e+00
3.363775264145727917e+00 3.311600359864665943e+00
3.469150772907960700e+00 3.430053882097479523e+00
3.571033486647728239e+00 3.522541102367931831e+00
3.671920823954846647e+00 3.610874313015765225e+00
3.776398634539835264e+00 3.709042254358076995e+00
3.879198682563712364e+00 3.831407929942929780e+00
3.979394173489602338e+00 3.921397002066414839e+00
4.086626401484661386e+00 3.999923054359272534e+00
4.177133825818483359e+00 4.107578798097176076e+00
4.286926618892648477e+00 4.222966603094779003e+00
4.385762041878751738e+00 4.330828724246508443e+00
4.484257270674748774e+00 4.414528907413099112e+00
4.585078489909197863e+00 4.522089622362565287e+00
4.685797415803812704e+00 4.608109582009157101e+00
4.790337414051049514e+00 4.712265631422774881e+00
4.889119377578658110e+00 4.818486195418706153e+00
4.992609072907161938e+00 4.911382249864176153e+00
5.097229794816759529e+00 5.040047709303697054e+00
5.197618331663247382e+00 5.113394678924070291e+00
5.304946984565287238e+00 5.230047996478881522e+00
5.402059356321099237e+00 5.328974792847071207e+00
5.508682499537471244e+00 5.437739684600320089e+00
5.606861493745242342e+00 5.541454288226746350e+00
5.714298716873537742e+00 5.609770963067814087e+00
5.818873142941552778e+00 5.729828944052804296e+00
5.924980758640464806e+00 5.833867951500178783e+00
6.029082924437211055e+00 5.914485586990905652e+00
6.132065962113904867e+00 6.029499775498588399e+00
6.231176417745861507e+00 6.121353851373587673e+00
6.335452202068037941e+00 6.232077994605452531e+00
6.446108862139965368e+00 6.356627285671902605e+00
6.543000145619850549e+00 6.423789542230135652e+00
6.645534987660242088e+00 6.544339367927056728e+00
6.747244500966846026e+00 6.646263450517993832e+00
6.857637039477213037e+00 6.737391201707433552e+00
6.950451133969670181e+00 6.840936198722553208e+00
7.059359411607463386e+00 6.912056932830624056e+00
7.161202583001649025e+00 7.075194827634896377e+00
7.267267394949952219e+00 7.167128335437928932e+00
7.366704952741060630e+00 7.285127208779081265e+00
7.468344401278117495e+00 7.352634643639679446e+00
7.570467949032005706e+00 7.471739273220556754e+00
7.673619603858253591e+00 7.562857612326909340e+00
7.771470589065087253e+00 7.626447820156496249e+00
7.878757078434873051e+00 7.806659355681981438e+00
7.975634143392835718e+00 7.875503183231403526e+00
8.073351891415436299e+00 7.932110945089868359e+00
8.184528888148191683e+00 8.045063218640425617e+00
8.281961641322402201e+00 8.151012267598391148e+00
8.382366793703461383e+00 8.273964340270460127e+00
8.485217631862164822e+00 8.359692381439801423e+00
8.584733823776337758e+00 8.432269752128869200e+00
8.690288669939981503e+00 8.554003220526697149e+00
8.783181022755634615e+00 8.667105960626889427e+00
8.884851649074120061e+00 8.760834899293946876e+00
8.989310369677692591e+00 8.859661724684476880e+00
9.083226640935924578e+00 8.967168491164638766e+00
9.184939086847915490e+00 9.066055631622322863e+00
9.289564637279543291e+00 9.141826671680387761e+00
9.387378920035422070e+00 9.269994818380144608e+00
9.487066269537576702e+00 9.373046018929072076e+00
9.590220676574688241e+00 9.440511008020587624e+00
9.687784967966981853e+00 9.576151739797548856e+00
9.794196405272002082e+00 9.687301076257963217e+00
9.893582347618286477e+00 9.800549814197843546e+00
9.993677428571892563e+00 9.860668657728425046e+00
1.010436516559891373e+01 9.966124561904273094e+00
1.020065489111949297e+01 1.011300570372466900e+01
