0.000000000000000000e+00 0.000000000000000000e+00
3.396834262712904217e-04 0.000000000000000000e+00
2.074221818244251225e-02 0.000000000000000000e+00
1.282168766711188901e-01 -1.176877755746081125e-02
2.542220166203046916e-01 8.816752865057345123e-02
3.849641522584975606e-01 2.098205693915824177e-01
4.134972559692825511e-01 4.764993833454898575e-01
5.792808629564036860e-01 5.445865583073815630e-01
6.803841832612472773e-01 6.442229111284064613e-01
7.739921406955834193e-01 7.228855940860575702e-01
8.637833070333896801e-01 8.169427198850087724e-01
9.513954516260211269e-01 9.175973484906592148e-01
1.039027909038960473e+00 1.002482557992954160e+00
1.124902131352181867e+00 1.098317921296396937e+00
1.213759281104727972e+00 1.193354766571244951e+00
1.304752667064233540e+00 1.282351869795860910e+00
1.394486277776715077e+00 1.361386162390773924e+00
1.483390272624583339e+00 1.450618337036239547e+00
1.568376420666803162e+00 1.521637612182145105e+00
1.658975468862834868e+00 1.617682246111981970e+00
1.740600851711193497e+00 1.713455076904746077e+00
1.831196581199554752e+00 1.777228648135093181e+00
1.916589796522048861e+00 1.876747062690164336e+00
2.005902091815092270e+00 1.975955943031885820e+00
2.088771888968231405e+00 2.050452764013900531e+00
2.174670542792312311e+00 2.129541644901555397e+00
2.262726469098134352e+00 2.222404984234422898e+00
2.346702491315918682e+00 2.319510730075606819e+00
2.437439536877909152e+00 2.396699441875638215e+00
2.526520615076486287e+00 2.455024342413655969e+00
2.615357981355091344e+00 2.561704496662943420e+00
2.706429312095243844e+00 2.665368329524565816e+00
2.794246396279461475e+00 2.746001904434228091e+00
2.877941151388815122e+00 2.830370667048635269e+00
2.970501482345510258e+00 2.904729367785567007e+00
3.054169632031533688e+00 2.998052829169855382e+00
3.139978871119392778e+00 3.081004890204099844e+00
3.230541497263182293e+00 3.185343828509740849e+00
3.314963430952158063e+00 3.261169608022000066e+00
3.396245234258081336e+00 3.338740742261303129e+00
3.484249821658337520e+00 3.424362124455543110e+00
3.572909519545796275e+00 3.531880606183318783e+00
3.656553093292507217e+00 3.595194749368155307e+00
3.747890953789983381e+00 3.684941210119853761e+00
3.838450154243200796e+00 3.778353389666214479e+00
3.923259082316778112e+00 3.845031450461395828e+00
4.015313434447955743e+00 3.925142651202260247e+00
4.100315167932923721e+00 4.022188961987537503e+00
4.188136977462650457e+00 4.100050350900720453e+00
4.272310986964390267e+00 4.188365431079803081e+00
4.362928761476104533e+00 4.289984806107463911e+00
4.448957595342721838e+00 4.372035348318392245e+00
4.536113094084403663e+00 4.486676425659907430e+00
4.623739066216601579e+00 4.541162024625991833e+00
4.708974562722187507e+00 4.634117174118100202e+00
4.798001775243593947e+00 4.749890602594144973e+00
4.885391404002979776e+00 4.775198722723646760e+00
4.974416984545014131e+00 4.883208376341907631e+00
5.058699403281436524e+00 5.010080789283097857e+00
5.151383495628317988e+00 5.073923327746692635e+00
5.236182718623838106e+00 5.154115191461055900e+00
5.322922248455429717e+00 5.247398763166046365e+00
5.412779230995584889e+00 5.310668774851194485e+00
5.489018095389542218e+00 5.447348674364531185e+00
5.583775414942517834e+00 5.509568371228688477e+00
5.671344357564003680e+00 5.567804951715304540e+00
5.756317344718453910e+00 5.664802589213217665e+00
5.848393775881138623e+00 5.749669870589304566e+00
5.940947277930984427e+00 5.850635284919184720e+00
6.024559207830294305e+00 5.936300719480111177e+00
6.117032977265758120e+00 5.975801382310822696e+00
6.207587881823436682e+00 6.095360609220048076e+00
6.297498078350679762e+00 6.165331546588916467e+00
6.385827665021707844e+00 6.239408675165182494e+00
6.470405939582774657e+00 6.396559982560059865e+00
6.554266479623922059e+00 6.450575534678210765e+00
6.643119448679457584e+00 6.541579981795138110e+00
6.729563534626645804e+00 6.612905343889362797e+00
6.811671937156392964e+00 6.683626089120147995e+00
6.895358235871282382e+00 6.792496170859351423e+00
6.987972398304633792e+00 6.896308696501053603e+00
7.077798731030374491e+00 6.930952796805001093e+00
7.162150253613138062e+00 7.050331924617726287e+00
7.245581576820241843e+00 7.102938295795111046e+00
7.338042819283523421e+00 7.224980042330175323e+00
7.420779910504383459e+00 7.326529277491982128e+00
7.514095102259886971e+00 7.369810760555057350e+00
7.596718724565110215e+00 7.488087543884335062e+00
7.680545417536976061e+00 7.594225027207260226e+00
7.771946366455437349e+00 7.666920846091359820e+00
7.853062997595549710e+00 7.725888344492553017e+00
7.937160036099511373e+00 7.812400579998856287e+00
8.027916741105102005e+00 7.890200320517315014e+00
8.112215252163242241e+00 7.992009629856505093e+00
8.204401641865052497e+00 8.093300577801517903e+00
8.286352820841120348e+00 8.150894307401536309e+00
8.374738595119787021e+00 8.225485503923296804e+00
8.464832808048790014e+00 8.346075147034685671e+00
8.551602051933299364e+00 8.399976003986042272e+00
8.650196959365503702e+00 8.546569993834616241e+00
8.727194938783759071e+00 8.623250302443093318e+00
