0.000000000000000000e+00 0.000000000000000000e+00
0.000000000000000000e+00 0.000000000000000000e+00
0.000000000000000000e+00 0.000000000000000000e+00
1.195239009728476555e-03 0.000000000000000000e+00
1.379251538301383244e-03 0.000000000000000000e+00
1.773890875035429504e-03 0.000000000000000000e+00
2.657638409393589529e-02 2.624616693966216330e-01
2.860918946475272673e-01 8.334026699281887884e-01
9.249617781088890212e-01 1.251701976392081139e+00
1.299301968158172116e+00 1.320638743361594258e+00
1.393435374432216101e+00 1.563063712984877007e+00
1.584019208228792497e+00 1.688261195933752346e+00
1.758859061162719284e+00 1.797493893176342228e+00
1.858942632400369943e+00 1.930397093121665186e+00
1.983660056470374800e+00 2.049125825315947669e+00
2.112844707583397152e+00 2.161129765438892125e+00
2.270260885811132834e+00 2.243813067717778775e+00
2.364464335794980610e+00 2.397716778593213416e+00
2.498146382950588329e+00 2.522556129177754514e+00
2.609129665722846880e+00 2.646165323497478461e+00
2.761392207530435350e+00 2.742504349245771245e+00
2.883991269791719159e+00 2.842258915049895585e+00
3.014214268122677343e+00 2.966542148210668639e+00
3.139814137563397445e+00 3.078738166404115795e+00
3.265782224122128596e+00 3.218607325829183630e+00
3.391043431065916991e+00 3.338430311444708476e+00
3.514641553870991864e+00 3.458265894164115117e+00
3.597114774299326356e+00 3.632172662487487713e+00
3.763044256318732739e+00 3.723545061223020980e+00
3.890437746558911947e+00 3.840545615356489861e+00
4.014768327233420919e+00 3.965205419596507852e+00
4.138045792342932572e+00 4.081636023314574757e+00
4.263062137740854851e+00 4.212285580615636071e+00
4.388119776019189899e+00 4.342057641426670500e+00
4.520635118445003542e+00 4.485324631988019561e+00
4.643370953409695190e+00 4.592919272488940940e+00
4.778919847451247094e+00 4.709042855466210042e+00
4.914954840988465357e+00 4.836546961698743097e+00
5.040857297285789684e+00 4.975321069969409926e+00
5.173158931800394100e+00 5.097301980522908949e+00
5.308032098546179078e+00 5.220182531409060189e+00
5.438954005134804426e+00 5.342672206226461107e+00
5.568357952492180019e+00 5.501280984331745394e+00
5.697774440876120394e+00 5.614645449270236455e+00
5.833927659273189903e+00 5.734370931012947814e+00
5.955693982288693178e+00 5.878269944140192216e+00
6.101205899113637088e+00 5.995945091094912804e+00
6.230344886558639494e+00 6.131986070840664382e+00
6.362408659824953183e+00 6.280915480023957720e+00
6.492625680563025803e+00 6.372477516736215541e+00
6.628716917177580825e+00 6.532153218274481254e+00
6.755952863996088631e+00 6.638970636684518922e+00
6.891360320517293303e+00 6.769973802807625951e+00
7.019451407541846599e+00 6.905289638408068420e+00
7.151148125100470487e+00 7.042708884618176235e+00
7.281377710119443236e+00 7.152258763218140025e+00
7.404557201531513755e+00 7.295443990329102846e+00
7.533877753615220385e+00 7.406735676850555450e+00
7.662276309554735043e+00 7.560890360006513156e+00
7.793563804551369323e+00 7.691698134384827412e+00
7.920322060196045122e+00 7.843079608123821878e+00
8.057504445397139392e+00 7.976773173816593676e+00
8.184202695363312685e+00 8.100838752488270345e+00
8.321231440239142074e+00 8.194490077519541060e+00
8.457275241769933061e+00 8.387458316512313772e+00
8.587164911934250355e+00 8.434328354228361135e+00
8.716515315579179912e+00 8.619505203104457891e+00
8.846495943753073021e+00 8.713746431478822885e+00
8.986876997047248850e+00 8.881426957139126444e+00
9.110450513409309892e+00 8.983690176373727354e+00
9.254994310984802297e+00 9.061974596311188179e+00
9.386457083568734205e+00 9.268387205217839764e+00
9.515157511397440260e+00 9.428566913431756902e+00
9.647279395950985048e+00 9.515459253040019050e+00
9.784167598776326358e+00 9.657866459894433930e+00
9.904472782918400497e+00 9.731722991038886050e+00
1.002933208195588044e+01 9.907698858724360846e+00
1.017233629754707280e+01 1.002516578549055914e+01
1.030323165695020826e+01 1.010946621834373360e+01
1.044574725509912305e+01 1.031663874848295670e+01
1.056709230976930591e+01 1.047134922525781242e+01
1.070528415808575851e+01 1.051191449326821115e+01
1.082625426016999981e+01 1.072789880269711027e+01
1.096015966967668120e+01 1.086850682539206225e+01
1.109740136062204385e+01 1.090950604608770647e+01
1.123123955271848295e+01 1.110246021211369971e+01
1.136009332049404463e+01 1.120050061536422881e+01
1.148971357777538138e+01 1.129190543489497678e+01
1.162985701511081515e+01 1.146699825460480504e+01
1.175489894338936736e+01 1.159213546736637213e+01
1.188893826924618757e+01 1.171512014045686279e+01
1.201879009849701774e+01 1.180764542109170279e+01
1.215907387408558726e+01 1.193603768709889046e+01
1.228490825791962671e+01 1.211549345431476787e+01
1.241312338486415712e+01 1.222806448083844799e+01
1.254996508693849577e+01 1.238165548479381606e+01
1.266709982913591581e+01 1.243018412487669799e+01
1.280870250649211251e+01 1.261387090316023318e+01
1.294086457824786329e+01 1.275556607849068946e+01
1.307202210111679541e+01 1.280316949859323294e+01
1.321007988596357130e+01 1.304387718234925941e+01
