0.000000000000000000e+00 0.000000000000000000e+00
0.000000000000000000e+00 0.000000000000000000e+00
0.000000000000000000e+00 0.000000000000000000e+00
0.000000000000000000e+00 0.000000000000000000e+00
0.000000000000000000e+00 0.000000000000000000e+00
0.000000000000000000e+00 0.000000000000000000e+00
0.000000000000000000e+00 0.000000000000000000e+00
0.000000000000000000e+00 0.000000000000000000e+00
0.000000000000000000e+00 0.000000000000000000e+00
0.000000000000000000e+00 0.000000000000000000e+00
0.000000000000000000e+00 0.000000000000000000e+00
0.000000000000000000e+00 0.000000000000000000e+00
0.000000000000000000e+00 0.000000000000000000e+00
0.000000000000000000e+00 0.000000000000000000e+00
0.000000000000000000e+00 0.000000000000000000e+00
1.578629916842116607e-02 0.000000000000000000e+00
1.648341754263639436e-01 -2.985771807546275941e-02
9.593528170622744877e-02 5.316061856734660473e+00
2.743097555703955415e+00 6.422295469319547756e+00
6.226331842873841005e+00 6.404335487871474442e+00
6.481406315988240685e+00 6.516886635735233746e+00
6.573291314299603449e+00 6.617506440994283423e+00
6.673298124255474306e+00 6.663230211695018390e+00
6.843607249792480474e+00 6.958721671261603348e+00
7.003066381421442443e+00 7.106399997917281830e+00
7.151248668024639876e+00 7.304988367716553022e+00
7.261432596713457421e+00 7.423516804313208262e+00
7.519881301514353744e+00 7.451685937374040947e+00
7.615648598695646143e+00 7.763402406795405497e+00
7.756729361893419217e+00 7.922416179603276376e+00
7.906561303442606992e+00 8.072419762799020404e+00
8.083594724556036226e+00 8.233460345288657223e+00
8.348951920707378349e+00 8.234028072834432166e+00
8.400549861179475997e+00 8.530492229915131119e+00
8.593128480881848219e+00 8.672550423881139281e+00
8.749576760677353349e+00 8.811002959087200992e+00
8.959635773014447579e+00 8.911903645221668668e+00
9.108975646837855322e+00 9.032019042863144165e+00
9.262853607918946963e+00 9.175483794191471532e+00
9.421567779082007377e+00 9.309235480964636267e+00
9.574301296563630714e+00 9.444378491851452395e+00
9.736177760983581564e+00 9.609146363467491625e+00
9.885061643162201150e+00 9.783367865419418052e+00
1.004628290335299745e+01 9.918706539012474011e+00
1.020384375752226802e+01 1.007743094411034335e+01
1.036096296439248121e+01 1.025571398898105002e+01
1.052561726581170909e+01 1.036827899438337752e+01
1.068337685584608110e+01 1.060811546659199500e+01
1.085609333553446021e+01 1.077656932366028641e+01
1.103113118616791155e+01 1.090400919241435318e+01
1.120762594369362297e+01 1.105398438673497985e+01
1.138315936459277644e+01 1.124460989992170390e+01
1.155291876316855237e+01 1.144215543504115118e+01
1.172720446860129861e+01 1.160590247383484552e+01
1.190498869245816138e+01 1.180169015840861846e+01
1.207893189589863603e+01 1.193898366783375842e+01
1.224798758327660408e+01 1.212464244138484482e+01
1.243324897534099982e+01 1.226629863755762706e+01
1.260113944788717433e+01 1.243365060189344895e+01
1.278627848552754998e+01 1.264781340058761039e+01
1.296412516933108883e+01 1.268715402500590983e+01
1.313367696804115070e+01 1.293267089034429418e+01
1.330900846127327775e+01 1.310121530461904626e+01
1.347922844167737289e+01 1.330211957167647441e+01
1.365372647878761114e+01 1.345116561070587480e+01
1.381811128409057510e+01 1.361785553902613444e+01
1.401808028538168216e+01 1.381642789233440105e+01
1.420103315756036721e+01 1.398970918109676909e+01
1.436701692737800684e+01 1.423363688458023191e+01
1.455568169817563096e+01 1.436831637806486484e+01
1.473393958599920950e+01 1.455124692396216446e+01
1.491863686271080347e+01 1.471560369806459256e+01
1.511377914718765325e+01 1.488409728308618263e+01
1.529040228037123406e+01 1.507428966283019101e+01
1.548685203915059994e+01 1.529918097110518360e+01
1.567881066467445628e+01 1.541970194660500226e+01
1.586892385395236893e+01 1.562426543117453726e+01
1.606241490774264236e+01 1.579547547182981226e+01
1.625015806660753626e+01 1.597017229346930733e+01
1.644022809768531701e+01 1.618544723472768254e+01
1.662300500470619724e+01 1.635848521832815550e+01
1.682271174249611789e+01 1.655392161868222090e+01
1.700461454294073604e+01 1.677021802553176499e+01
1.718819317065595698e+01 1.692508299167203489e+01
1.737181674134582465e+01 1.710909534518460973e+01
1.756363042024023002e+01 1.724971454835378992e+01
1.774006833364424551e+01 1.745360705099340137e+01
1.793641291815954730e+01 1.756549198024975666e+01
1.810998939372385408e+01 1.787956891158760442e+01
1.830053721877188977e+01 1.806079924145165450e+01
1.849282832025420120e+01 1.816203752628749513e+01
1.868816337772852876e+01 1.833000291622489186e+01
1.885860232465160991e+01 1.849864840033115598e+01
1.905985482909413520e+01 1.875720859546524721e+01
1.924726582403859254e+01 1.888938412403897260e+01
1.943944354812274611e+01 1.910604103748778115e+01
1.962220186095878205e+01 1.927487048461793151e+01
1.981505062238689874e+01 1.954622513595386835e+01
1.999095591893273749e+01 1.971621753585028713e+01
2.021585349323535397e+01 1.972306951816293719e+01
2.039654708122528604e+01 2.006847361674844876e+01
