0.000000000000000000e+00 0.000000000000000000e+00
0.000000000000000000e+00 0.000000000000000000e+00
0.000000000000000000e+00 0.000000000000000000e+00
0.000000000000000000e+00 0.000000000000000000e+00
0.000000000000000000e+00 0.000000000000000000e+00
0.000000000000000000e+00 0.000000000000000000e+00
0.000000000000000000e+00 0.000000000000000000e+00
0.000000000000000000e+00 0.000000000000000000e+00
0.000000000000000000e+00 0.000000000000000000e+00
0.000000000000000000e+00 0.000000000000000000e+00
0.000000000000000000e+00 0.000000000000000000e+00
0.000000000000000000e+00 0.000000000000000000e+00
0.000000000000000000e+00 1.744471544449551770e+00
2.008548216139955933e+00 4.462261700979740731e+00
1.685098457584917497e+00 3.664182565892191601e+00
4.330999051479727413e+00 5.214647412050720021e+00
5.654589836308361761e+00 5.879566421538520160e+00
5.696768526355647566e+00 5.970196015090948549e+00
5.992133549303400031e+00 6.077708616994333291e+00
6.136437807763128305e+00 6.195755987724889557e+00
6.249816026157070326e+00 6.339603046075751536e+00
6.388739766079144289e+00 6.499268751018199453e+00
6.527239790804307162e+00 6.690946193466649206e+00
6.682327128549131245e+00 6.861542604937655554e+00
6.889156058900874235e+00 6.998867201208613054e+00
7.096539775399910432e+00 7.050827770267496852e+00
7.233661035036965004e+00 7.328835709932246090e+00
7.382731454206226118e+00 7.481028872715316247e+00
7.520845513856081688e+00 7.630101462111747779e+00
7.674334517159680402e+00 7.766664864002723156e+00
7.888425823824958272e+00 7.838219748966086975e+00
7.995033334146206094e+00 8.071610222411873536e+00
8.147743399156370359e+00 8.236420207411867977e+00
8.358449372002123567e+00 8.302330815995260238e+00
8.462810417667190777e+00 8.534631971216155577e+00
8.673339180861670883e+00 8.625522477049116787e+00
8.778240076312844309e+00 8.849014479813288148e+00
8.951542823421085870e+00 8.999919544050538178e+00
9.149060155343040179e+00 9.103594216131201122e+00
9.253903361826615992e+00 9.299865125516312503e+00
9.458765870423720301e+00 9.410254033076871139e+00
9.616789937022868884e+00 9.579649315351939975e+00
9.784440608043693643e+00 9.748410716858700198e+00
9.938158347632365164e+00 9.890887048297624773e+00
1.010820074850222383e+01 1.007271183084975519e+01
1.022052322213234987e+01 1.026205638347905236e+01
1.043937279339747093e+01 1.034746331701961175e+01
1.060265662672418685e+01 1.049906376208908654e+01
1.077244251969428213e+01 1.068624313019177485e+01
1.093680209753109445e+01 1.090502232233336777e+01
1.110645073943792127e+01 1.104302053571310793e+01
1.128372913412119516e+01 1.122675018116077617e+01
1.146059070252120016e+01 1.140516091135405929e+01
1.163586513424385060e+01 1.159854041457707652e+01
1.181949344604916519e+01 1.177271813084717778e+01
1.199447227926870951e+01 1.187908684482061084e+01
1.217870994369480719e+01 1.211489870584998307e+01
1.235161212101701622e+01 1.223768369836466263e+01
1.253343395455783593e+01 1.242992475076387393e+01
1.271418701485886338e+01 1.261080280275091070e+01
1.289679909216923548e+01 1.279965448678113837e+01
1.307821561184139725e+01 1.298394932396667656e+01
1.326337311928259943e+01 1.310880336999820450e+01
1.344324814242936483e+01 1.330864735586829362e+01
1.362380192326627792e+01 1.347208064448163611e+01
1.380635444291505465e+01 1.366672219851759706e+01
1.399702443716292777e+01 1.380698410506240847e+01
1.417242087372247994e+01 1.409832316871171543e+01
1.435822978845232001e+01 1.415963462118576643e+01
1.455361798475814794e+01 1.434406689035797910e+01
1.473230733273384097e+01 1.453971881917159514e+01
1.492475542662900523e+01 1.470191818523958638e+01
1.511566151832347238e+01 1.488147229290611762e+01
1.530008517838623305e+01 1.506576774703528443e+01
1.547909284914985761e+01 1.520066635787779497e+01
1.566931502503245000e+01 1.541925608087633748e+01
1.585451854516006165e+01 1.558263347562739298e+01
1.603842353332705883e+01 1.582989682926092101e+01
1.621152184658100737e+01 1.597847860436465517e+01
1.641097811184974375e+01 1.616860534935394611e+01
1.658988372275246803e+01 1.633789921063261730e+01
1.678826812201025476e+01 1.647451010308130748e+01
1.695292846978155410e+01 1.666035952412401500e+01
1.717394389794670673e+01 1.689928355125964288e+01
1.735700078635873567e+01 1.704241778413758368e+01
1.754077898827151927e+01 1.730937989027314572e+01
1.773305073875486926e+01 1.741688805703661203e+01
1.792080875075808777e+01 1.763607046597537575e+01
1.810987109703781073e+01 1.789550606143398781e+01
1.829955050114944370e+01 1.800036704856755065e+01
1.848921716281777705e+01 1.824471205394904416e+01
1.866962505303745701e+01 1.841901103156583019e+01
1.885602710829691020e+01 1.859558109529962522e+01
1.904663349543612938e+01 1.875065185835063986e+01
1.923606314072056023e+01 1.900316594946326632e+01
1.943177389167652791e+01 1.915277097631889802e+01
1.962918381344287866e+01 1.931144550180718866e+01
1.981085416176562219e+01 1.947584681914839067e+01
1.999770438437210274e+01 1.968183187968412895e+01
2.017689117929261755e+01 1.995016691775966322e+01
2.037462389351923875e+01 2.009083942659343691e+01
