0.000000000000000000e+00 0.000000000000000000e+00
0.000000000000000000e+00 0.000000000000000000e+00
0.000000000000000000e+00 0.000000000000000000e+00
0.000000000000000000e+00 0.000000000000000000e+00
0.000000000000000000e+00 0.000000000000000000e+00
0.000000000000000000e+00 0.000000000000000000e+00
0.000000000000000000e+00 0.000000000000000000e+00
0.000000000000000000e+00 0.000000000000000000e+00
0.000000000000000000e+00 0.000000000000000000e+00
0.000000000000000000e+00 0.000000000000000000e+00
0.000000000000000000e+00 0.000000000000000000e+00
0.000000000000000000e+00 0.000000000000000000e+00
0.000000000000000000e+00 0.000000000000000000e+00
0.000000000000000000e+00 0.000000000000000000e+00
0.000000000000000000e+00 0.000000000000000000e+00
0.000000000000000000e+00 0.000000000000000000e+00
0.000000000000000000e+00 0.000000000000000000e+00
0.000000000000000000e+00 0.000000000000000000e+00
0.000000000000000000e+00 0.000000000000000000e+00
0.000000000000000000e+00 0.000000000000000000e+00
2.348724570011702650e-01 5.564213677651650869e+00
1.690507720770515754e-01 4.610755741561460397e+00
2.660702917544844670e+00 5.955380280252183134e+00
4.754350979298927804e+00 3.873730753388031633e+00
4.733140472930990938e+00 7.107466605577642760e+00
6.431773918346216590e+00 7.341936142615210770e+00
7.273842127402624591e+00 7.520312140564620051e+00
7.560786467722538262e+00 7.615393416903477153e+00
7.704706093181946436e+00 7.817708566657228353e+00
7.878462918978621055e+00 7.864773491390322668e+00
7.999966521796445740e+00 8.106281457207943575e+00
8.139489665398162543e+00 8.270181407455929445e+00
8.286998476390616375e+00 8.429716123361899349e+00
8.466681696954314162e+00 8.566656661196494937e+00
8.643272243325897719e+00 8.715373992286108873e+00
8.855876706320417568e+00 8.803296936459764410e+00
8.998033332220016334e+00 8.940030520044919271e+00
9.145944861310280061e+00 9.101812289747726936e+00
9.297142363636268669e+00 9.207045131307742380e+00
9.444612149179349103e+00 9.377467210534248920e+00
9.525073929978979947e+00 9.586792994063703333e+00
9.743017686394633614e+00 9.695056209771031774e+00
9.901806101983060771e+00 9.841258298722257436e+00
1.005700163301151484e+01 9.977170387227802806e+00
1.021685479606514235e+01 1.017187322859082244e+01
1.038204940451093705e+01 1.031996347942910575e+01
1.053559897738129436e+01 1.048184331436794459e+01
1.070884719698007004e+01 1.065482206793931219e+01
1.088204492476645058e+01 1.079054880391255722e+01
1.105014792081853336e+01 1.095448851666086121e+01
1.123010677012731762e+01 1.111542853219186178e+01
1.140154063864153677e+01 1.128392857709178365e+01
1.157312752254599530e+01 1.147838578559413669e+01
1.175256142452861852e+01 1.164462754731539995e+01
1.192020862034723727e+01 1.183009908386521403e+01
1.210074616461297481e+01 1.197340660703503801e+01
1.226307017989906711e+01 1.215593782140916801e+01
1.244503926633246493e+01 1.231929880977834024e+01
1.261392997445282838e+01 1.247376445078960217e+01
1.277601316792417308e+01 1.265119220069262518e+01
1.296845354492677771e+01 1.279668365737389557e+01
1.313281962020288773e+01 1.306810320613319298e+01
1.332328245339072481e+01 1.316522830000552169e+01
1.350307266056343103e+01 1.339268311230806674e+01
1.367207262970476300e+01 1.351791613593316121e+01
1.385123954828184090e+01 1.371762382235349520e+01
1.402655949978725580e+01 1.387468623210802932e+01
1.421092122618697928e+01 1.405951400708196175e+01
1.438852038890141749e+01 1.425762471878631032e+01
1.457504902046565576e+01 1.439579158767528000e+01
1.475249706667132976e+01 1.455508920823365848e+01
1.493935715372891160e+01 1.474370455035356109e+01
1.512067007021767218e+01 1.495712102234239005e+01
1.531647751872676899e+01 1.510060874343762904e+01
1.549285537520207257e+01 1.531496323004704685e+01
1.569390768470184838e+01 1.548488869410283364e+01
1.586894417505699728e+01 1.565458050121736555e+01
1.604587171135516144e+01 1.578167366420510476e+01
1.624634065439532549e+01 1.598380421486297287e+01
1.643775810727650466e+01 1.616486912114157093e+01
1.661733049433108178e+01 1.632854680927644608e+01
1.680254363469511247e+01 1.649741206838399776e+01
1.699547773267313389e+01 1.675313446185952770e+01
1.718302332855667913e+01 1.694778063635065379e+01
1.735496827304396916e+01 1.717311872564362218e+01
1.755658729973174914e+01 1.730044831535966310e+01
1.775607294723777940e+01 1.740411667540570306e+01
1.793955909133406124e+01 1.755356541502902701e+01
1.814842220173049725e+01 1.781699152462968883e+01
1.832212700010816064e+01 1.799494152319890361e+01
1.850306842184477318e+01 1.816356441283474510e+01
1.869888044403150928e+01 1.826870997696051901e+01
1.888956219757818644e+01 1.857010255411752908e+01
1.907560181682769240e+01 1.869391036314477361e+01
1.927525004047650725e+01 1.876581440284418534e+01
1.944971833030426822e+01 1.897556590991877101e+01
1.965385340023331651e+01 1.911787764145780244e+01
1.983332512043487128e+01 1.931623696954022407e+01
2.003555065798084911e+01 1.958627674283018294e+01
2.020391486423949701e+01 1.974661759748615353e+01
2.040683186447220976e+01 1.984754582687905256e+01
