0.000000000000000000e+00 0.000000000000000000e+00
0.000000000000000000e+00 0.000000000000000000e+00
0.000000000000000000e+00 0.000000000000000000e+00
0.000000000000000000e+00 0.000000000000000000e+00
0.000000000000000000e+00 0.000000000000000000e+00
0.000000000000000000e+00 0.000000000000000000e+00
0.000000000000000000e+00 0.000000000000000000e+00
0.000000000000000000e+00 0.000000000000000000e+00
0.000000000000000000e+00 0.000000000000000000e+00
1.456185658954207707e-01 2.903447080869106522e-02
1.407164542513316685e-01 6.020968592243600703e-01
1.800139461673574970e-01 3.056669056261736905e+00
4.659825175680930798e+00 4.902069779559188767e+00
4.681031969049596064e+00 4.839298728761435520e+00
5.138388820428418491e+00 5.167305765919667060e+00
5.285108103765572274e+00 5.371008529400675968e+00
5.305644246036992584e+00 5.445585113975831781e+00
5.459067437490744190e+00 5.597212046100594307e+00
5.688472994597182364e+00 5.853260771703310716e+00
5.832002800673099507e+00 6.035483165682631324e+00
6.004494361793448753e+00 6.197499635443055155e+00
6.154071632291053362e+00 6.374561071645366894e+00
6.335189853388601300e+00 6.546843980789813777e+00
6.530690238703926731e+00 6.708620567675489532e+00
6.735742612702096288e+00 6.848797455595404315e+00
6.908391966289061159e+00 6.994701473440636974e+00
7.109279662116335885e+00 7.058645220769598438e+00
7.192085664802308820e+00 7.306202135055022140e+00
7.411500761500670720e+00 7.353365193725089455e+00
7.493480739380271594e+00 7.697899035581547977e+00
7.671775394370094148e+00 7.884141087327793507e+00
7.893037389980133156e+00 8.048442453989661516e+00
8.014583933577691610e+00 8.207970194843014156e+00
8.233011105070431768e+00 8.369588281037490418e+00
8.364580910900786037e+00 8.520914370786083936e+00
8.570879459557906088e+00 8.681451424776632564e+00
8.734148696585815941e+00 8.826407509203159307e+00
8.979082528107642958e+00 8.895126109903980449e+00
9.131080060924595898e+00 8.999098229101113233e+00
9.290498445616190537e+00 9.142879110810868681e+00
9.456248223177421863e+00 9.286809484826660466e+00
9.620671482807438224e+00 9.441216698858189815e+00
9.778677563431649844e+00 9.594040102026250239e+00
9.949857264258861633e+00 9.785953216588762160e+00
9.944869208038376485e+00 1.008844052207519937e+01
1.026682364870637265e+01 1.012071532260087992e+01
1.043612081853468965e+01 1.026422146251972478e+01
1.060654582938066071e+01 1.039223079778333592e+01
1.077050120647148290e+01 1.060880593136230132e+01
1.093937268358109272e+01 1.077125841125626238e+01
1.110895364487021375e+01 1.092398323370438362e+01
1.128393080936593407e+01 1.111268390093325742e+01
1.126817330859872790e+01 1.141215805763688529e+01
1.161430143181545560e+01 1.146479685012114480e+01
1.164401676770250482e+01 1.174366420474619233e+01
1.193522012492876350e+01 1.176865046625970379e+01
1.211874448116411074e+01 1.197339237982834881e+01
1.229842498443188425e+01 1.213438575287644561e+01
1.247545004232252985e+01 1.232017942343908601e+01
1.246355848076832196e+01 1.260261396757029750e+01
1.281081412023255339e+01 1.267378809770767845e+01
1.298637942277127877e+01 1.285300878335596408e+01
1.316528515862676407e+01 1.302727623451893102e+01
1.334249102706916368e+01 1.320876399836032178e+01
1.352008120619664489e+01 1.337156716043969773e+01
1.368994717558354957e+01 1.356611255711692188e+01
1.387326476787911034e+01 1.372101877292907801e+01
1.406658376054923210e+01 1.389156986470572441e+01
1.424144942408057446e+01 1.407330317380277940e+01
1.441106922330808793e+01 1.430062710794720715e+01
1.460057537217130452e+01 1.445684625689237457e+01
1.478698163890783768e+01 1.466461278338395857e+01
1.497137018673320519e+01 1.479373859898375088e+01
1.515844323722456011e+01 1.498635721073537930e+01
1.533817328805070801e+01 1.519824021365161926e+01
1.552551542366585657e+01 1.536502752314652831e+01
1.572081140647099673e+01 1.559501847688511589e+01
1.590182754333981840e+01 1.572529823448468456e+01
1.609728585476347718e+01 1.593853959096629325e+01
1.628651377790158961e+01 1.613584652923825047e+01
1.646881747880523506e+01 1.632682604582051411e+01
1.666821351723634237e+01 1.647318034314836055e+01
1.682919493707447600e+01 1.664528975173857006e+01
1.701936270468293699e+01 1.674069262685888049e+01
1.721678375170433739e+01 1.697826691367585639e+01
1.739569643644083996e+01 1.721986673966157966e+01
1.759107837736688751e+01 1.734916400033985795e+01
1.777441172688935467e+01 1.759001275807213460e+01
1.796349253366522447e+01 1.776686592276915633e+01
1.816003174631520523e+01 1.796257612190994024e+01
1.835150268635066340e+01 1.812728214472473098e+01
1.854344275750961657e+01 1.829781576778071894e+01
1.873911489878557290e+01 1.850342504181953274e+01
1.892451860893329041e+01 1.869976394717503965e+01
1.912997752598268164e+01 1.885828477914708756e+01
1.930856338596987243e+01 1.906689478257937864e+01
1.950583002995207593e+01 1.931740990700297900e+01
1.969864771304548867e+01 1.941844214710893368e+01
1.988444915394947543e+01 1.964465134864607876e+01
2.008474597452080701e+01 1.981404332356352072e+01
2.026171837579374468e+01 2.000543317120671816e+01
