0.000000000000000000e+00 0.000000000000000000e+00
0.000000000000000000e+00 0.000000000000000000e+00
0.000000000000000000e+00 0.000000000000000000e+00
0.000000000000000000e+00 0.000000000000000000e+00
0.000000000000000000e+00 0.000000000000000000e+00
0.000000000000000000e+00 0.000000000000000000e+00
0.000000000000000000e+00 0.000000000000000000e+00
0.000000000000000000e+00 0.000000000000000000e+00
0.000000000000000000e+00 0.000000000000000000e+00
0.000000000000000000e+00 0.000000000000000000e+00
0.000000000000000000e+00 0.000000000000000000e+00
0.000000000000000000e+00 0.000000000000000000e+00
0.000000000000000000e+00 0.000000000000000000e+00
0.000000000000000000e+00 0.000000000000000000e+00
0.000000000000000000e+00 0.000000000000000000e+00
0.000000000000000000e+00 0.000000000000000000e+00
0.000000000000000000e+00 1.666997141584500575e-01
1.521745398654050438e-02 0.000000000000000000e+00
5.769937840880384750e-02 0.000000000000000000e+00
1.035389397099267250e-01 -6.863435457049212908e-03
1.438144708724821419e-01 3.922841623404284661e+00
3.703843282396055425e+00 6.956835135944555049e+00
6.541395758286618900e+00 6.875920048007067464e+00
6.718817035347057320e+00 7.031660096837821783e+00
7.040056796829552432e+00 7.160654823302433414e+00
7.219725762534609181e+00 7.290708454131879179e+00
7.396470212254124377e+00 7.355496988020722604e+00
7.487775714261304394e+00 7.582707137200119796e+00
7.671743284498125703e+00 7.629265958979723372e+00
7.769928870236672225e+00 7.907464040554200047e+00
7.905159925714051461e+00 8.069536773194386114e+00
8.080463240375348022e+00 8.230211493004594203e+00
8.343567127801685857e+00 8.247774486410460071e+00
8.399213970103030391e+00 8.504547003551007123e+00
8.579770647813200313e+00 8.644986446579714823e+00
8.790334343057464750e+00 8.742951771154842788e+00
8.873554341181655758e+00 8.949477273960614099e+00
9.090232965866329451e+00 9.019244135996485667e+00
9.247790568871598893e+00 9.167199596869185285e+00
9.402674993589128505e+00 9.323658961547600654e+00
9.551904460480148629e+00 9.470571158915838339e+00
9.714770090887009601e+00 9.649117103019547059e+00
9.873245808196893236e+00 9.781502520157324909e+00
1.003607442357805013e+01 9.919794912500975670e+00
1.018772275965868523e+01 1.007412860086684780e+01
1.035416912230502717e+01 1.023152169491290842e+01
1.052350970726878643e+01 1.041093850518933550e+01
1.069161503187833162e+01 1.060148201185356776e+01
1.086337465293578042e+01 1.071953165662256957e+01
1.103565365342455173e+01 1.089975917149867435e+01
1.120406874625530591e+01 1.105632273460814297e+01
1.137664752140494073e+01 1.121875346036713594e+01
1.154529654047178333e+01 1.137254333103078530e+01
1.171263835253474106e+01 1.157301323480645117e+01
1.188092914675284106e+01 1.168790144373878270e+01
1.205202231558915038e+01 1.185812821700770670e+01
1.222734093908030673e+01 1.207806488783846355e+01
1.240747488328457138e+01 1.222065281233091483e+01
1.258747690881826742e+01 1.240964617591043684e+01
1.275249260501291637e+01 1.253314145685796888e+01
1.292424758099868853e+01 1.278921363790828458e+01
1.310608663656098649e+01 1.296657932705911165e+01
1.327507115009043837e+01 1.310995811770279218e+01
1.346425873360576198e+01 1.329754185327607274e+01
1.364246357123863795e+01 1.349519023095818326e+01
1.382288524693580811e+01 1.362560190369762125e+01
1.401213451114223041e+01 1.384057296157114081e+01
1.419149990226871516e+01 1.396009649042178502e+01
1.436857076574739800e+01 1.412384845969201308e+01
1.455340406156922484e+01 1.438587019978517745e+01
1.474078783363138001e+01 1.452721262646859479e+01
1.492471179483008825e+01 1.470962869032409515e+01
1.511276391288763854e+01 1.490645850059500077e+01
1.530052643297556614e+01 1.508054436193864056e+01
1.547367684269093857e+01 1.528168536954461665e+01
1.566791784410996691e+01 1.541351386089638709e+01
1.584058317971861385e+01 1.558684149824227738e+01
1.602543279954489464e+01 1.574620201384478158e+01
1.621530369408155181e+01 1.597424014351254762e+01
1.640523978293778740e+01 1.613778067174273190e+01
1.659969407112522788e+01 1.636202648820882288e+01
1.679243865894337162e+01 1.652438514645661982e+01
1.697160447368888825e+01 1.670755329448959259e+01
1.717160827473379214e+01 1.696060425437748265e+01
1.735454666780114863e+01 1.706721655202796128e+01
1.753878965974695348e+01 1.727020987200749857e+01
1.773196254671243466e+01 1.742609624068024132e+01
1.790546702948764946e+01 1.765159089551148242e+01
1.810499500143211193e+01 1.789217765257278003e+01
1.830130294935757362e+01 1.807350963385026787e+01
1.849116049293616371e+01 1.817393898030878319e+01
1.866741218701240967e+01 1.838159183075675074e+01
1.886036424621750029e+01 1.849272856987138169e+01
1.904751208953151576e+01 1.880502930524059124e+01
1.923515882275961175e+01 1.892454969697373812e+01
1.941512864621829593e+01 1.915316593478396712e+01
1.961506047896047988e+01 1.935199404968583181e+01
1.979989524427386627e+01 1.944435176368164520e+01
1.998823424350618438e+01 1.961219811045634387e+01
2.016513871417920001e+01 1.986177153368431547e+01
2.037202083086652493e+01 1.999780986282436501e+01
