0.000000000000000000e+00 0.000000000000000000e+00
0.000000000000000000e+00 0.000000000000000000e+00
0.000000000000000000e+00 0.000000000000000000e+00
0.000000000000000000e+00 0.000000000000000000e+00
0.000000000000000000e+00 0.000000000000000000e+00
0.000000000000000000e+00 0.000000000000000000e+00
0.000000000000000000e+00 0.000000000000000000e+00
0.000000000000000000e+00 0.000000000000000000e+00
0.000000000000000000e+00 0.000000000000000000e+00
0.000000000000000000e+00 0.000000000000000000e+00
0.000000000000000000e+00 0.000000000000000000e+00
3.753371935654371133e-02 -9.225405892136592789e-02
1.391697296649121729e-01 0.000000000000000000e+00
1.174300971127312521e-01 0.000000000000000000e+00
1.088390213178027088e-01 0.000000000000000000e+00
1.850319486418471326e-01 0.000000000000000000e+00
6.829010690122321037e-02 -4.848470941390662162e-03
7.572287749678917324e-02 0.000000000000000000e+00
2.146183098218484298e-01 0.000000000000000000e+00
2.117257890840769929e-01 4.993938170711575419e-01
1.422110366317746788e+00 6.308583347774667338e+00
1.473738956765586527e+00 5.789509818688092224e+00
6.725412605699332858e+00 6.769250302578427636e+00
6.772730973091359630e+00 6.887147580943829617e+00
6.964929898574526490e+00 7.014653667221039335e+00
7.106788529970181401e+00 7.298584888181501640e+00
7.321125073284168394e+00 7.508164919145084326e+00
7.493791614814734992e+00 7.671933587044103220e+00
7.674244397109639237e+00 7.832049073598930100e+00
7.935123113881341617e+00 7.796581329654600268e+00
7.943090881693620986e+00 8.121719261983850302e+00
8.235372050517655751e+00 8.103780358296974740e+00
8.276469470916184790e+00 8.391053706243839727e+00
8.457775172242000039e+00 8.534466891219235407e+00
8.674605504566635261e+00 8.608049764003002480e+00
8.762612551777939629e+00 8.815691930510444863e+00
8.967007093079242708e+00 8.953291855833226620e+00
9.107093822437402508e+00 9.100942967938962624e+00
9.263076962668174374e+00 9.226090943335229611e+00
9.413112453783632816e+00 9.379879552197547099e+00
9.576545019761477207e+00 9.514884664445766305e+00
9.738012862274510795e+00 9.677850326802658998e+00
9.886828663472314815e+00 9.798729807780194534e+00
1.005496303299569760e+01 9.966035645667332687e+00
1.022182197746430887e+01 1.014585891024659503e+01
1.038523033667361517e+01 1.029355506401355136e+01
1.055040565304385858e+01 1.046508912521068169e+01
1.072255752661511075e+01 1.062868042166132909e+01
1.089060937195522172e+01 1.077740002224753368e+01
1.106007603246727911e+01 1.094450971412067375e+01
1.123213815968458817e+01 1.109468659450933181e+01
1.141164450249446460e+01 1.129682059967570140e+01
1.157508200398258857e+01 1.145467567552462107e+01
1.175406649293622863e+01 1.162799915967179132e+01
1.192057384335880421e+01 1.179090224007756049e+01
1.210009401055272349e+01 1.193987796061745144e+01
1.227271867321992183e+01 1.213333302908308120e+01
1.244322536093294751e+01 1.232129386215400579e+01
1.261736231044952739e+01 1.244050254716478321e+01
1.279727910184306339e+01 1.264916328762827291e+01
1.297189771481066067e+01 1.281567190771959908e+01
1.314692697672945343e+01 1.301952508992289026e+01
1.332370352989261697e+01 1.318002052341196517e+01
1.349714400617035182e+01 1.336305637575126504e+01
1.368101201343378293e+01 1.347616984315093092e+01
1.386306973655984009e+01 1.368850801996085664e+01
1.404451197899323489e+01 1.387748062244132718e+01
1.422570453155926273e+01 1.407572748228868065e+01
1.440237754279883120e+01 1.421205204229743302e+01
1.459611838181684362e+01 1.440458783214117489e+01
1.477995241117602454e+01 1.457443646834929041e+01
1.496441944705684790e+01 1.475183138319446563e+01
1.516473709922109947e+01 1.491527516859061286e+01
1.534477836347059565e+01 1.512532603614416082e+01
1.553167912362197178e+01 1.532863120725365036e+01
1.572068804022841348e+01 1.551614101770706711e+01
1.591416222245171141e+01 1.568231740946561992e+01
1.609096833619666000e+01 1.584187715863138557e+01
1.626442569586575360e+01 1.608016661405017445e+01
1.645953804210030214e+01 1.627433974878988465e+01
1.663354208473933582e+01 1.639933809456655212e+01
1.682049915585929867e+01 1.653302788345843055e+01
1.700612898314125943e+01 1.676406772000594714e+01
1.719192725585871884e+01 1.695077760660657518e+01
1.737496637216074191e+01 1.709736969148006480e+01
1.756813289223301311e+01 1.725176380316500158e+01
1.773686894872688669e+01 1.752395019728545833e+01
1.792262997191120988e+01 1.762160493650405613e+01
1.811331682904643259e+01 1.779759945283448630e+01
1.829382960759530974e+01 1.799378749697791235e+01
1.847739761629544120e+01 1.820437257660497465e+01
1.868002594064442334e+01 1.835869790001064317e+01
1.885040583270510339e+01 1.850601427312798819e+01
1.904665837635419479e+01 1.878300803649469231e+01
1.923784826785987079e+01 1.883407840566557212e+01
1.942611347147544265e+01 1.910789633193849468e+01
1.962582371414773164e+01 1.926007868759282360e+01
1.980873224112845676e+01 1.940480591575057900e+01
1.999570064981343620e+01 1.960172548357782318e+01
2.020650059234052165e+01 1.970452229590048532e+01
2.038459255103403933e+01 2.000435297645517707e+01
