0.000000000000000000e+00 0.000000000000000000e+00
0.000000000000000000e+00 0.000000000000000000e+00
0.000000000000000000e+00 0.000000000000000000e+00
0.000000000000000000e+00 0.000000000000000000e+00
1.048954927227668463e-02 -1.642946975145255853e-02
5.042659680564286206e-02 4.412342425058304179e-02
2.578490297929645902e-01 -2.242907961099176173e-02
2.990166743922061943e-01 0.000000000000000000e+00
2.503480034345842320e+00 3.499128255670206133e+00
3.840779195662129997e+00 3.847918718016543949e+00
3.960518199191966460e+00 3.941047021630827096e+00
4.008371052594069894e+00 4.006533707512601516e+00
4.096572458688714669e+00 4.090671752117458482e+00
4.173866847359963828e+00 4.281830680470865680e+00
4.320229069394836863e+00 4.460259505942264724e+00
4.492971831330051735e+00 4.621243416629064349e+00
4.636473548581560244e+00 4.844079210705150906e+00
4.854208263198974471e+00 5.007633328571537312e+00
5.022014188001720392e+00 5.174394779346531692e+00
5.242983112795627676e+00 5.357306454405637908e+00
5.404159836827511221e+00 5.553924707736809907e+00
5.543022425846807266e+00 5.728416809021856793e+00
5.706177165424268338e+00 5.905263616874017352e+00
5.886585426532134235e+00 6.078769288617526634e+00
6.074907178016886178e+00 6.239524246559005505e+00
6.221664297814712086e+00 6.401952858615321595e+00
6.413296028752954570e+00 6.553659489685008666e+00
6.589677158506524357e+00 6.721914635659343773e+00
6.780028432350497347e+00 6.878580942919011676e+00
7.024051835789187237e+00 6.924249761543370241e+00
7.172148383826541185e+00 7.050511900877213023e+00
7.336254206377937237e+00 7.149949792154221662e+00
7.493083070124557210e+00 7.366831164569502377e+00
7.529631224035200354e+00 7.678989901599877932e+00
7.740829682311712645e+00 7.841004014500272845e+00
7.895936496585250985e+00 8.024344893828203595e+00
8.100783030065375812e+00 8.186228587352257335e+00
8.283783622332714813e+00 8.358336119119778473e+00
8.439605710924649173e+00 8.528724463988597293e+00
8.703673722271291879e+00 8.640268274726912168e+00
8.875042592222607496e+00 8.790471797825018641e+00
8.971843071100719769e+00 9.045939696115075535e+00
9.219218709014979751e+00 9.139241652482857248e+00
9.303963713026730531e+00 9.391008334011710090e+00
9.507803265922511571e+00 9.566990179232064406e+00
9.739642599795013567e+00 9.635708965712577623e+00
9.924976622092987810e+00 9.847504254736254126e+00
1.009709113849034878e+01 9.974415667291271603e+00
1.028567319102839051e+01 1.015387487991079496e+01
1.046829915753728280e+01 1.039173762544621482e+01
1.064687557929018702e+01 1.054636179771600801e+01
1.083258340897099536e+01 1.071714931639256463e+01
1.102481215784604096e+01 1.089735671104199533e+01
1.120866053421386788e+01 1.104122096051090196e+01
1.138429052512632289e+01 1.124788134961032782e+01
1.157428970880889629e+01 1.140422905044671786e+01
1.175852708923262036e+01 1.166196341529546210e+01
1.195641958760258206e+01 1.173843815655929035e+01
1.214011217345127491e+01 1.189685983277047754e+01
1.210034986501846710e+01 1.228736962061211990e+01
1.249677122736038726e+01 1.233473648284193658e+01
1.268771950831555451e+01 1.251764646693295369e+01
1.286627696655876818e+01 1.265065044775936087e+01
1.303842133725451014e+01 1.291308118808526295e+01
1.322617939954836430e+01 1.302407637217349290e+01
1.341703656126984789e+01 1.324308912887554968e+01
1.360607116060940136e+01 1.339862883979201236e+01
1.378949916069590742e+01 1.357510080755067960e+01
1.397771513202351024e+01 1.376847941102328043e+01
1.416716186628429952e+01 1.398428238680961222e+01
1.434894594341326801e+01 1.418006307313912018e+01
1.452937931833329266e+01 1.432170480326812800e+01
1.451255040268746832e+01 1.464415594738439985e+01
1.487658597212407230e+01 1.469444667359638679e+01
1.505910211708717128e+01 1.483420297078121486e+01
1.525338376141604257e+01 1.499972341803765730e+01
1.546043558155261977e+01 1.527911736281627952e+01
1.564184202791258649e+01 1.540988713690818912e+01
1.582779577286815709e+01 1.556169024555548752e+01
1.602059466324875814e+01 1.584298815822336337e+01
1.621827784368133152e+01 1.599876874008760552e+01
1.642441496033261217e+01 1.614619028485197205e+01
1.659382781159788678e+01 1.637328193295387990e+01
1.682573871330364668e+01 1.659881657257680132e+01
1.700203531050773265e+01 1.678156190003035420e+01
1.719617341595939664e+01 1.696907450787208305e+01
1.738934859843403302e+01 1.711675389917370538e+01
1.758102327793137221e+01 1.732758474211696864e+01
1.778635369560473123e+01 1.749294953641178552e+01
1.796470517410062584e+01 1.771280461560862207e+01
1.816373157337015343e+01 1.792605962633835759e+01
1.836026023581504774e+01 1.811309735470915427e+01
1.855194432922921521e+01 1.827289065538684554e+01
1.875028474909300513e+01 1.850630627702253861e+01
1.893467790820383456e+01 1.864413754503099696e+01
1.910854262838025264e+01 1.883424413047171697e+01
1.930561697482138328e+01 1.900058112692953927e+01
1.949200556369551407e+01 1.929248311239619440e+01
1.969623337294938281e+01 1.940130917058192850e+01
1.986596274140407914e+01 1.960212965059955437e+01
2.007527968350214564e+01 1.983872023454133782e+01
