0.000000000000000000e+00 0.000000000000000000e+00
0.000000000000000000e+00 0.000000000000000000e+00
0.000000000000000000e+00 0.000000000000000000e+00
0.000000000000000000e+00 0.000000000000000000e+00
0.000000000000000000e+00 0.000000000000000000e+00
0.000000000000000000e+00 0.000000000000000000e+00
0.000000000000000000e+00 0.000000000000000000e+00
0.000000000000000000e+00 0.000000000000000000e+00
0.000000000000000000e+00 5.779713736070525520e+00
1.440936916511160515e+00 7.822167400524900671e+00
7.444149419440072357e+00 7.411396831911890359e+00
7.175132184370381694e+00 7.278528519813528774e+00
7.456314943559177344e+00 7.586921410024499934e+00
7.547602152269727860e+00 7.656733249952742959e+00
7.620908900105042960e+00 7.748252431575989085e+00
7.791755186142347078e+00 8.062658054527231499e+00
7.958852182183436597e+00 8.310708571354288310e+00
8.262905108629771789e+00 8.460518167184879701e+00
8.422945698990723429e+00 8.650980380047750273e+00
8.685850792028709577e+00 8.893420326819970967e+00
8.854004668740161677e+00 9.056376062076973099e+00
9.011701680163925587e+00 9.245058859375781424e+00
9.184655485340483594e+00 9.415732380106076604e+00
9.393521772161919969e+00 9.586568727002171997e+00
9.565837919773034770e+00 9.763589352952273259e+00
9.774878738482845719e+00 9.936228262708075576e+00
9.950271038371436561e+00 1.009934718895581796e+01
1.013871992176786208e+01 1.026635821703210638e+01
1.030674583026497793e+01 1.044058194002330886e+01
1.045609442272402845e+01 1.060206011801642134e+01
1.066217315680241029e+01 1.077849857448146231e+01
1.081455339659749981e+01 1.093729256915749204e+01
1.099461939269966138e+01 1.110813342990327257e+01
1.116427911331631329e+01 1.127803990067673112e+01
1.131608748429920652e+01 1.143458126270389741e+01
1.147256797435446707e+01 1.160461487484488430e+01
1.164757498685393244e+01 1.176975213169128764e+01
1.181393693965187275e+01 1.193173868222046075e+01
1.197254635739420792e+01 1.209961454477578791e+01
1.217492637514399867e+01 1.227248591076384265e+01
1.232616681589138530e+01 1.243604304009878980e+01
1.249568990352776154e+01 1.259684756703634534e+01
1.265391705822761104e+01 1.275901724015468552e+01
1.281506789862130802e+01 1.292302121399161940e+01
1.296226599893732434e+01 1.308049621885922420e+01
1.314407477902994081e+01 1.324480369207202912e+01
1.334155374672980088e+01 1.341213805650984092e+01
1.348768300223815864e+01 1.358417713135461113e+01
1.365041988526607497e+01 1.374327921409024711e+01
1.377756144327109133e+01 1.390042871300026128e+01
1.393758892210996869e+01 1.408395782454157263e+01
1.412590569580614819e+01 1.423726109774518100e+01
1.423537643808496433e+01 1.440717578442690083e+01
1.439692743074744818e+01 1.457258421230678991e+01
1.453281679752079469e+01 1.472691087702519397e+01
1.472314273443885746e+01 1.488996218193429044e+01
1.488761483671107122e+01 1.506714371679456654e+01
1.505625371918998390e+01 1.522039060296416579e+01
1.525130210487579774e+01 1.537396142614490202e+01
1.538091415057122013e+01 1.554465370852576456e+01
1.550666376724823792e+01 1.570280746866030341e+01
1.569105278370895640e+01 1.585599234736564433e+01
1.582828013049768678e+01 1.602800918322424906e+01
1.596380452265898597e+01 1.617897165281304339e+01
1.622350296958302351e+01 1.635161108037297240e+01
1.628029800664948468e+01 1.650368552585232251e+01
1.644965804847559454e+01 1.668882312697962433e+01
1.665107970207082388e+01 1.684661479584658395e+01
1.681594979623263697e+01 1.700036181559797299e+01
1.713512013583316573e+01 1.697325711820899130e+01
1.710031684965972687e+01 1.731773741754194162e+01
1.729300950613113841e+01 1.747941607468400704e+01
1.744869553567400544e+01 1.763895186913149260e+01
1.760714264467809897e+01 1.779887796597250116e+01
1.772110342627516388e+01 1.795922798974551426e+01
1.797477962005687502e+01 1.813268406643520692e+01
1.827277509936657651e+01 1.809151825036839512e+01
1.841782404553464403e+01 1.822807710784568158e+01
1.835619898958033147e+01 1.860220034342310313e+01
1.873637868685058194e+01 1.857003661459449972e+01
1.873206976604014073e+01 1.892286651968735711e+01
1.906717183978055985e+01 1.891397711288713168e+01
1.922730780946495344e+01 1.899727486303893187e+01
1.919029690610555861e+01 1.939733627913766512e+01
1.933924037153911257e+01 1.957461962596953953e+01
1.972177516220664728e+01 1.953511104155817080e+01
1.987470760697968686e+01 1.973005417641918768e+01
2.005117951894296979e+01 1.985720121923664649e+01
1.999364706223375521e+01 2.023478414945530446e+01
2.021138767674047543e+01 2.037869870644446024e+01
2.054462855392447551e+01 2.027584754823893931e+01
2.072432900246618459e+01 2.048750594751520993e+01
2.075758688228453153e+01 2.087139343291253013e+01
2.085355476009253550e+01 2.103910174996379112e+01
2.122434800800868970e+01 2.097953923813387078e+01
2.137804730156767974e+01 2.121167171318777633e+01
2.157051625458353072e+01 2.136776484805711718e+01
2.173484352719198398e+01 2.150378098574152474e+01
2.164907246893778137e+01 2.189560344189801810e+01
2.208804959735141438e+01 2.186893058725034322e+01
2.224143964705077536e+01 2.209136255305554641e+01
