0.000000000000000000e+00 0.000000000000000000e+00
0.000000000000000000e+00 0.000000000000000000e+00
0.000000000000000000e+00 0.000000000000000000e+00
6.339999371703840475e-04 0.000000000000000000e+00
8.559005740655678887e-03 -4.326900151169409299e-03
8.878828093627556817e-02 -1.552988902944919987e-02
1.705738343119978240e-01 8.625190525430341815e-01
1.272929246642549694e+00 1.741946822210677093e+00
1.860313467833434986e+00 1.920933505374799344e+00
2.054046975932193764e+00 2.116073273694341950e+00
2.292715906398523629e+00 2.302475649401607871e+00
2.444463098235754028e+00 2.485721441686701727e+00
2.660899593164018917e+00 2.631484397390381424e+00
2.805091531435334407e+00 2.856125752197167245e+00
3.024226290214935720e+00 2.998253020318465190e+00
3.205441114845935413e+00 3.148790277682591121e+00
3.397662062683468154e+00 3.344999962288719431e+00
3.578106389482114125e+00 3.516760086552134901e+00
3.759358591888316781e+00 3.705494753249045647e+00
3.953852259871570407e+00 3.897873661616161556e+00
4.143433052740116196e+00 4.093672711925248286e+00
4.339065309916374069e+00 4.264448054118418874e+00
4.519463033475774161e+00 4.459473763372943544e+00
4.706257494329721069e+00 4.655351920407461819e+00
4.895444461696095040e+00 4.842615803578666167e+00
5.080560859135023755e+00 5.035261371055285373e+00
5.283510632278406227e+00 5.201746962249348627e+00
5.471432079460416098e+00 5.401662427071835637e+00
5.648861249438891896e+00 5.591037371593754912e+00
5.843620680634278308e+00 5.799423326978920379e+00
6.039089100713584735e+00 5.962265231177443781e+00
6.231194210930211419e+00 6.184045637144745200e+00
6.420837431726802436e+00 6.346966855650149952e+00
6.610878210558780665e+00 6.533734191149412673e+00
6.804815339145777742e+00 6.730474744328099668e+00
7.006813722028716995e+00 6.929202596937774850e+00
7.197974184259450681e+00 7.125045950371279524e+00
7.394211874264734696e+00 7.300134520490758838e+00
7.587349994831160238e+00 7.451058625077680020e+00
7.777896231379051173e+00 7.636983922376059830e+00
7.966423806750333902e+00 7.837851381319290489e+00
8.154659607012568756e+00 8.032787372730664899e+00
8.349749839058377532e+00 8.247830135719187439e+00
8.543436628463483729e+00 8.440174988093124497e+00
8.738453953145699060e+00 8.665787525919638412e+00
8.941608106711566251e+00 8.831060125930907390e+00
9.127313077774131145e+00 9.005234648502757011e+00
9.329384063777320435e+00 9.211528832245139853e+00
9.523438050371398234e+00 9.417364399445977696e+00
9.712825015873427503e+00 9.595278145496795474e+00
9.905950019184228239e+00 9.779223234256082975e+00
1.010693780532545638e+01 9.991603142751422695e+00
1.031071490190617013e+01 1.014404682720626738e+01
1.051097726192715420e+01 1.040989718833418110e+01
1.070627822523475281e+01 1.051506903420020933e+01
1.090282141129372206e+01 1.069685298904723858e+01
1.109708787957448450e+01 1.095627041362011234e+01
1.129456235204832737e+01 1.109022363071771089e+01
1.149167719630798068e+01 1.132429211146281034e+01
1.168989264806592487e+01 1.154226436421624591e+01
1.190342254893454310e+01 1.170692665120330744e+01
1.209020270056028146e+01 1.183041757044261644e+01
1.229015817244892617e+01 1.209186000718937315e+01
1.248853864185443641e+01 1.218118389872722318e+01
1.267273024841864881e+01 1.240049032651594452e+01
1.287002641526180469e+01 1.260031497432467162e+01
1.305871936564220626e+01 1.294500312106976558e+01
1.325315914002228723e+01 1.301351564387578819e+01
1.344331168009441058e+01 1.317459398118586833e+01
1.363239070789922280e+01 1.348825124750067950e+01
1.383609661497179033e+01 1.361371757280259409e+01
1.403416351115597571e+01 1.380787863778803626e+01
1.422711325755507517e+01 1.391956926776936676e+01
1.442577862848114911e+01 1.421640188727382181e+01
1.461969508400369477e+01 1.438394775911543988e+01
1.481405611617449480e+01 1.455491428003773180e+01
1.500522174625078620e+01 1.472131144883747922e+01
1.521642777180405304e+01 1.498893230175073477e+01
1.540952776401425162e+01 1.512355945526829260e+01
1.561265074828970612e+01 1.532241322549290352e+01
1.581530262066395842e+01 1.551646080172070263e+01
1.600461418343443043e+01 1.569448682913479232e+01
1.620252080007910678e+01 1.582624640972165686e+01
1.640155864872869529e+01 1.609894005341035239e+01
1.657874366098427998e+01 1.627642764303082146e+01
1.678259780250959210e+01 1.651530531900053589e+01
1.697711291875166495e+01 1.669965785367260835e+01
1.718187879484919733e+01 1.685798557632723060e+01
1.736952912164198537e+01 1.705328397176677768e+01
1.757057506914200573e+01 1.723068555036231331e+01
1.775278625061599413e+01 1.744054668336465141e+01
1.793783172587556507e+01 1.768002515082034165e+01
1.815788847300618869e+01 1.782084837644882214e+01
1.835879843164222791e+01 1.808146872355016299e+01
1.855557792497142344e+01 1.826429140677322494e+01
1.874227464043871194e+01 1.845143290215206733e+01
1.895098970219893886e+01 1.864340904899165352e+01
1.913729145976791202e+01 1.876136792672350850e+01
1.932733920126114668e+01 1.893614663824020639e+01
1.952893753650954878e+01 1.921587275177152065e+01
1.972480808214230308e+01 1.948256347054551085e+01
