0.000000000000000000e+00 0.000000000000000000e+00
0.000000000000000000e+00 0.000000000000000000e+00
0.000000000000000000e+00 0.000000000000000000e+00
0.000000000000000000e+00 0.000000000000000000e+00
0.000000000000000000e+00 0.000000000000000000e+00
0.000000000000000000e+00 0.000000000000000000e+00
0.000000000000000000e+00 0.000000000000000000e+00
1.927911600413733939e-01 -6.114028377008357343e-03
0.000000000000000000e+00 6.667341018190418855e-02
8.262478287487429185e-02 5.714161968818588733e+00
2.277467120696837242e+02 3.505870262505681580e+02
3.470391845803958404e+02 4.963020884094019038e+02
4.896138485288386164e+02 5.766517909326601057e+02
5.472677110576855739e+02 6.032663235960509382e+02
5.809944856833772064e+02 6.358169309241599194e+02
6.474104334422268039e+02 6.975805089741822940e+02
6.549946808802621945e+02 7.260204734893100067e+02
7.036204094217763441e+02 7.524799234519083484e+02
7.202779439159405683e+02 7.720147860378423275e+02
7.431004304176110509e+02 7.856443073910376143e+02
7.592857654735349797e+02 7.956062934725109699e+02
7.785816331040640534e+02 8.036222860108916848e+02
7.835073489269270794e+02 8.098154856136044373e+02
7.957690558140765233e+02 8.143167072653525338e+02
7.994747817578379454e+02 8.178067337986353778e+02
8.067017012775010016e+02 8.205940303967453247e+02
8.107502853860303276e+02 8.229902929246886742e+02
8.132822743984228282e+02 8.248488636239528660e+02
8.146457313860502154e+02 8.265122884310856080e+02
8.178612012458287381e+02 8.278827321631398490e+02
8.201012968850459401e+02 8.290186011225736138e+02
8.214322450214322089e+02 8.300143306897055027e+02
8.228984537654467886e+02 8.309279404240585336e+02
8.234082401364277075e+02 8.317179738783602261e+02
8.244202999741320355e+02 8.323797889166496589e+02
8.252271517287276765e+02 8.329811735953445577e+02
8.253484197265175908e+02 8.334120722781930226e+02
8.336432464803314133e+02 8.243998039942877085e+02
8.207894078926153725e+02 8.340923158205624759e+02
8.342718451898309695e+02 8.211849934716115058e+02
8.215723456898173254e+02 8.347657383477517214e+02
8.227577784934171632e+02 8.351633825705642948e+02
8.238191021331094817e+02 8.355879037618286702e+02
8.229549816812866538e+02 8.359275189672127908e+02
8.361281049061173007e+02 8.231591562439720065e+02
8.200875609743593486e+02 8.364606557990998681e+02
8.202732771076882727e+02 8.367354976588330828e+02
8.369511663512799942e+02 8.225283871963522415e+02
8.371014552123497197e+02 8.165135388760810429e+02
8.372613430368018044e+02 8.193270712246239782e+02
8.187344942000125911e+02 8.374991076987219003e+02
8.377221694784651618e+02 8.192832467121248783e+02
8.205417569928780495e+02 8.379347480859996722e+02
8.381482303385436126e+02 8.193314138510045268e+02
8.177472826753224808e+02 8.383431316432524909e+02
8.385300371290776411e+02 8.185217091143435937e+02
8.386474507350512795e+02 8.200486502001364215e+02
8.388247605544549970e+02 8.150439882248723507e+02
8.390099388546278760e+02 8.177950217703685212e+02
8.193376699608489844e+02 8.391870190711408668e+02
8.393861947485075916e+02 8.186569976891438500e+02
8.395391980090328161e+02 8.178793971172131023e+02
8.396979926388308968e+02 8.171355359621636580e+02
8.398670413281073479e+02 8.203427654937926263e+02
8.168592186795691532e+02 8.400288214770984041e+02
8.402418996753447118e+02 8.175175549687163539e+02
8.178802411851582974e+02 8.403968737369449400e+02
8.185118958189814293e+02 8.405723485213807180e+02
8.407614864239609460e+02 8.180334618675932461e+02
8.408922073716556724e+02 8.148778187254832801e+02
8.410950908451667374e+02 8.157100847434297748e+02
8.412210747944477589e+02 8.184319319062171871e+02
8.413730167352264289e+02 8.168230435986650946e+02
8.415407384011830345e+02 8.140492117135695480e+02
8.416626920076508895e+02 8.162895127351786186e+02
8.418273986677940002e+02 8.174032582364349082e+02
8.163797284053380281e+02 8.419243273542706447e+02
8.421254408033721575e+02 8.178794018165278885e+02
8.422504855359615021e+02 8.144294754242232557e+02
8.423839346134343486e+02 8.128347740090863454e+02
8.425546132865629261e+02 8.154320567636959822e+02
8.426994642483077769e+02 8.143214025303424251e+02
8.428800240387724898e+02 8.164836828492570930e+02
8.430479842585336883e+02 8.184819401662657583e+02
8.431889727140820696e+02 8.152330842826604567e+02
8.433676004418972525e+02 8.162595370712807608e+02
8.435317334722501528e+02 8.173295791805329600e+02
8.436999242047011194e+02 8.126790595150183663e+02
8.438851157551363258e+02 8.120504241411254043e+02
8.141079477684968424e+02 8.439457613551286386e+02
8.441929352824712396e+02 8.156355740971848718e+02
8.443607209676285947e+02 8.165198306950121605e+02
8.174220576400849723e+02 8.444259212426892418e+02
8.446985015176619527e+02 8.171141373871851101e+02
8.142901791468448209e+02 8.447601802535783690e+02
8.154766407566570479e+02 8.448691933974671429e+02
8.451202271047667409e+02 8.152469069086050695e+02
8.452894805522641946e+02 8.124271454606051748e+02
8.112183136769220937e+02 8.452432596206737117e+02
8.039839410511946198e+02 8.450000029693704846e+02
8.459685843656020552e+02 8.280668651340691895e+02
