0.000000000000000000e+00 0.000000000000000000e+00
0.000000000000000000e+00 0.000000000000000000e+00
9.448134990709658367e-04 0.000000000000000000e+00
1.676836840363752842e-02 0.000000000000000000e+00
2.632020606036394872e-02 0.000000000000000000e+00
7.106456783278500278e-02 1.313847451159728119e-01
1.979933380335530957e-01 0.000000000000000000e+00
3.312095809087429177e-01 1.421543150612128548e+00
1.523458787134141623e+00 1.894989073397450152e+00
2.022249096508626831e+00 2.124127796083052022e+00
2.239179724344098066e+00 2.292166561357471988e+00
2.452821655861296968e+00 2.474346894803228114e+00
2.650545918870818252e+00 2.632378647088875923e+00
2.825393948185328519e+00 2.803253604917439912e+00
2.954827465697934308e+00 3.008892900381368030e+00
3.194277229904267212e+00 3.182700731383085735e+00
3.376657745385108989e+00 3.362358387980382446e+00
3.556553414666342672e+00 3.538628153600413828e+00
3.749222973405235138e+00 3.715690709751634291e+00
3.929647476041504994e+00 3.921387780184785399e+00
4.122500814908344857e+00 4.097130344930819845e+00
4.319787071899820141e+00 4.278157582527138736e+00
4.511069564869745641e+00 4.454915754412218654e+00
4.693534463169987347e+00 4.644258927835036133e+00
4.892851000218294111e+00 4.855994074386877912e+00
5.075604094307960779e+00 5.032965531213766219e+00
5.269934224593434635e+00 5.216675237710243884e+00
5.470543435387212661e+00 5.404224806344666732e+00
5.657725228913125903e+00 5.609899628471781696e+00
5.855349197557090157e+00 5.790632309121152232e+00
6.058979440194802280e+00 5.974289549962780832e+00
6.264156487038524901e+00 6.156021768186409560e+00
6.456167967558449128e+00 6.306785680857564635e+00
6.648538741646781602e+00 6.565540138533366488e+00
6.854639657243290607e+00 6.751895266041791466e+00
7.048923442420139018e+00 6.911149591653628299e+00
7.242214532547253114e+00 7.132051033355965686e+00
7.437529832746798242e+00 7.297030401150872869e+00
7.644825689173522676e+00 7.506841399510491897e+00
7.834908062159191111e+00 7.667759974753045604e+00
8.026516617616913152e+00 7.894628780783151889e+00
8.224135500064420512e+00 8.051352017953465889e+00
8.418788625103879042e+00 8.261204016036485243e+00
8.612781409090015217e+00 8.438751835893636866e+00
8.793833364322816593e+00 8.637609942693050158e+00
8.999307926440041072e+00 8.872719348300705633e+00
9.187839836659071224e+00 9.064357083176192376e+00
9.380129000730683231e+00 9.193001347955416236e+00
9.570012072138707637e+00 9.392292065906392651e+00
9.767097192579983655e+00 9.583451527144978499e+00
9.962589344055805540e+00 9.813537502238762755e+00
1.015598726160658494e+01 1.001540995566469228e+01
1.034541752307207929e+01 1.010399272794391834e+01
1.054426526608359893e+01 1.040467371668165342e+01
1.072803820045607459e+01 1.056709014730580520e+01
1.092842977841861973e+01 1.069082413502829887e+01
1.111925722920098814e+01 1.089524269169952575e+01
1.131021388560176888e+01 1.111914136168520884e+01
1.150374787789130160e+01 1.129813077107646180e+01
1.171580873616080964e+01 1.147261518162885885e+01
1.190673128274594639e+01 1.166541466502303059e+01
1.210992514536372333e+01 1.189582232251508742e+01
1.231604668650418510e+01 1.203084228886160112e+01
1.251006761432820724e+01 1.225588976150689646e+01
1.270938999593473007e+01 1.246079729769534339e+01
1.289803727474788708e+01 1.269396293556214239e+01
1.309285425970326067e+01 1.286455902552641817e+01
1.328589722047554034e+01 1.299086054677440494e+01
1.347246818190536821e+01 1.324678327706426195e+01
1.368159974382376376e+01 1.342126711693883401e+01
1.387590410811221986e+01 1.360397777738032232e+01
1.406792790055633091e+01 1.382899684316518751e+01
1.427011367231300731e+01 1.401091397447476794e+01
1.445402756525982646e+01 1.423209988521212388e+01
1.464737537061505179e+01 1.440143540898701424e+01
1.484218043209911642e+01 1.458615990984388588e+01
1.503486610891514808e+01 1.482415152054274365e+01
1.523477151624920722e+01 1.499094460839108045e+01
1.542804467857292039e+01 1.515596280506868965e+01
1.561290950400015021e+01 1.526123853182454759e+01
1.581740734203289556e+01 1.552702022411829397e+01
1.603874174055508917e+01 1.568574156816413279e+01
1.620883591818321534e+01 1.596166203009736329e+01
1.640899094174707784e+01 1.608702162957023418e+01
1.658969041321744342e+01 1.631406758442340887e+01
1.680992628183442861e+01 1.651514793274618143e+01
1.699536560032397858e+01 1.674917527752226221e+01
1.718170388329609821e+01 1.690027589859662172e+01
1.737627074400343474e+01 1.705094928902864737e+01
1.758568746985749343e+01 1.727667072537181880e+01
1.776907053588267971e+01 1.747452180354353501e+01
1.796848474471226353e+01 1.766229426364671440e+01
1.815929654918753045e+01 1.786937556517716530e+01
1.835316241774968660e+01 1.798362459169441152e+01
1.854269471644006018e+01 1.824850991789606880e+01
1.873457473273979446e+01 1.830497190746724812e+01
1.894776981898038670e+01 1.859692676488492680e+01
1.914363760426630989e+01 1.884333562362356318e+01
1.933365708203168509e+01 1.900877919018209994e+01
1.954293185687086876e+01 1.918657106092748776e+01
1.973094366510623132e+01 1.954315934287396317e+01
