0.000000000000000000e+00 0.000000000000000000e+00
0.000000000000000000e+00 0.000000000000000000e+00
0.000000000000000000e+00 0.000000000000000000e+00
0.000000000000000000e+00 0.000000000000000000e+00
0.000000000000000000e+00 0.000000000000000000e+00
0.000000000000000000e+00 0.000000000000000000e+00
3.085641166239791455e-02 0.000000000000000000e+00
5.193728137412129131e-02 1.022069850965183768e-01
1.580269260529162390e-01 1.660998148830174770e-01
1.693599906317717618e+00 4.084900221039609036e+00
5.284850198447690772e+00 5.721898239473673264e+00
6.165400029472318799e+00 6.204930680371798069e+00
6.187162232629987102e+00 6.171363321088062293e+00
6.205905764606029607e+00 6.221127166860342506e+00
6.238791464100426509e+00 6.327747668280436777e+00
6.410218669254065915e+00 6.499867462486618841e+00
6.515162127243369738e+00 6.820223804004303503e+00
6.674739060698453130e+00 7.125407516518072804e+00
6.875532116685928230e+00 7.395615687068628041e+00
7.282859604924757591e+00 7.573558182045572629e+00
7.507849767169409105e+00 7.770902264938214898e+00
7.652144328162760800e+00 7.944938063437970932e+00
7.873395882105034715e+00 8.123143555821458861e+00
8.095408683752323142e+00 8.296007983765880667e+00
8.302307129679038056e+00 8.472267897012478954e+00
8.494251469299435087e+00 8.636133804910508971e+00
8.665613437550046427e+00 8.809583850861205434e+00
8.830421072888610112e+00 8.980127729908852885e+00
9.010330718753035484e+00 9.149788344950575691e+00
9.182735925494993623e+00 9.322514356087346243e+00
9.372445285408080196e+00 9.487404972881407161e+00
9.545700606589130999e+00 9.646241291473749868e+00
9.728006793845295874e+00 9.806168192687476193e+00
9.870559222976824643e+00 9.972621215902840675e+00
1.002734955612977963e+01 1.014039190340808716e+01
1.018154883998478333e+01 1.030051892610868869e+01
1.036128696939532290e+01 1.047012464498847351e+01
1.051726294068215140e+01 1.063064634055130497e+01
1.068413124946834358e+01 1.079557632380975640e+01
1.081803660495287644e+01 1.095752551000021668e+01
1.098417002118655184e+01 1.113763440313792508e+01
1.117570927369390077e+01 1.130094983439574108e+01
1.131501593710797771e+01 1.146318661191729937e+01
1.146536552951890364e+01 1.161904203516773570e+01
1.164382827528790543e+01 1.178747925773052252e+01
1.182244992698469765e+01 1.195904953740754273e+01
1.193407790215590758e+01 1.213471910662295805e+01
1.207981496160640589e+01 1.229431187845812623e+01
1.226101024888841451e+01 1.244713882739571886e+01
1.243788398706872833e+01 1.261293707091267535e+01
1.253557358500862584e+01 1.276612395800923139e+01
1.289422920662564209e+01 1.268795506126791039e+01
1.303595519235080680e+01 1.286310424118269147e+01
1.317137749539237035e+01 1.298712348072593947e+01
1.313734818682365102e+01 1.334059590404514317e+01
1.346596927594969095e+01 1.327481237161950745e+01
1.361567178538026468e+01 1.343651554563355965e+01
1.376198328663974557e+01 1.359645659201734347e+01
1.376262755307616459e+01 1.394647674479757882e+01
1.408642560408623723e+01 1.393194267875372994e+01
1.410048052374893501e+01 1.426960449526547769e+01
1.425740755189692166e+01 1.442341206329450998e+01
1.442217538077138705e+01 1.458037415331022224e+01
1.454664837404312294e+01 1.473934217353355436e+01
1.473173385477572594e+01 1.490329136673489963e+01
1.490305886463831087e+01 1.506359983742192021e+01
1.522476359586761241e+01 1.504035118953888883e+01
1.525654723290488946e+01 1.538602846463733265e+01
1.540139459532307598e+01 1.555039549176994917e+01
1.571983097484024405e+01 1.557212584819948908e+01
1.588087348738628890e+01 1.571107423451155860e+01
1.604641720459202858e+01 1.591929048253086343e+01
1.608565223425906865e+01 1.621186467410592869e+01
1.638050999314486234e+01 1.621917349803363706e+01
1.655002952493486745e+01 1.641957608712837313e+01
1.654317908889603572e+01 1.671384434847690059e+01
1.688775337781887131e+01 1.672812397890513125e+01
1.706030530268537859e+01 1.689535280547873697e+01
1.723266868791919393e+01 1.704334906862290211e+01
1.741008941361296891e+01 1.724008182365534836e+01
1.741973012339389726e+01 1.756541724856770514e+01
1.761543720377096633e+01 1.773246302255507700e+01
1.793036766385949576e+01 1.778431780934183237e+01
1.810505624044716555e+01 1.796156342082606017e+01
1.827560592512487503e+01 1.802922690124102445e+01
1.846310311243911073e+01 1.824347201802468277e+01
1.863038430375710419e+01 1.843603148393898650e+01
1.881342970198762288e+01 1.867019829158785882e+01
1.898623203083693767e+01 1.883352743011839081e+01
1.901263649752257834e+01 1.912584425167308666e+01
1.933324155847075332e+01 1.913134787002084636e+01
1.949935954596063326e+01 1.931974061366469542e+01
1.967323275493536627e+01 1.955139088567142380e+01
1.985954530903721960e+01 1.968479878560216889e+01
2.004199646926630507e+01 1.985037060632459927e+01
2.021577290152846018e+01 2.007141510407249285e+01
2.040094976657857373e+01 2.024203437236444714e+01
2.043175912957545748e+01 2.051749908938113265e+01
2.073219707554544655e+01 2.056923856857497768e+01
2.092158414805435385e+01 2.076698115567248237e+01
2.110266757209785027e+01 2.102265767873726432e+01
