0.000000000000000000e+00 0.000000000000000000e+00
0.000000000000000000e+00 0.000000000000000000e+00
0.000000000000000000e+00 0.000000000000000000e+00
0.000000000000000000e+00 0.000000000000000000e+00
0.000000000000000000e+00 0.000000000000000000e+00
0.000000000000000000e+00 0.000000000000000000e+00
0.000000000000000000e+00 0.000000000000000000e+00
0.000000000000000000e+00 0.000000000000000000e+00
0.000000000000000000e+00 0.000000000000000000e+00
1.825460520588357838e-01 6.846343241278078473e+00
7.793317019282224312e-01 5.757734827506352460e+00
8.265585557344625300e+00 7.165344347426335858e+00
8.604236953230218532e+00 8.604768058411503162e+00
8.417383996395281898e+00 8.402436818303380406e+00
8.451508641671425792e+00 8.673320693087676503e+00
8.451536223764314570e+00 9.093912899978530362e+00
9.018294751809843746e+00 9.199853942259878181e+00
9.147425954339649223e+00 9.412171574152207398e+00
9.222848078317188225e+00 9.677409754916865836e+00
9.515085773195307794e+00 9.818398642603090920e+00
9.715749848774819952e+00 1.001579625047219047e+01
9.955637688544133113e+00 1.022446597704169946e+01
1.024315629941189876e+01 1.038308285225245875e+01
1.039421511607070947e+01 1.054433087963271554e+01
1.058504821974156229e+01 1.070746152157647479e+01
1.073920896511388179e+01 1.086991166633118588e+01
1.092632473790348513e+01 1.103872518910126033e+01
1.106335907649550165e+01 1.120141552825650422e+01
1.127061997900514889e+01 1.136297825593097599e+01
1.145789877772609699e+01 1.152464200705753328e+01
1.162357636528469484e+01 1.168970075961489918e+01
1.177237660430451172e+01 1.185920477975407650e+01
1.194986156687095047e+01 1.202020213980727092e+01
1.208827172918826953e+01 1.218973127084113806e+01
1.224895276141195311e+01 1.234590228290975844e+01
1.245201944287942197e+01 1.251266805172088858e+01
1.260409297889537150e+01 1.268124357935846902e+01
1.275884491057900405e+01 1.284077020495839960e+01
1.291368063456943105e+01 1.299996020397441576e+01
1.309398449281942511e+01 1.317849483336252625e+01
1.325026043252656116e+01 1.333326651112985672e+01
1.342622903865626860e+01 1.350519516465475611e+01
1.359570738756464436e+01 1.367521047787497146e+01
1.375378670669131509e+01 1.384549377345060428e+01
1.390105680176332648e+01 1.400708438001641731e+01
1.406291524452974961e+01 1.418959575309098931e+01
1.424715854533516435e+01 1.435952894892645837e+01
1.438412844549630165e+01 1.452528122259987953e+01
1.453693272231613776e+01 1.469419621790879127e+01
1.469038251833183750e+01 1.485009646102109393e+01
1.482980606494371223e+01 1.501533462310865907e+01
1.501906132722142750e+01 1.517925922389868454e+01
1.511924794625388557e+01 1.533779751313834971e+01
1.533685628407115864e+01 1.549434589825580133e+01
1.545284946149575411e+01 1.564864804767801409e+01
1.566694100912765286e+01 1.581805289188724650e+01
1.580410278291335047e+01 1.598137923224787293e+01
1.595979832050990588e+01 1.614731198169956627e+01
1.615845416317784711e+01 1.631925861056196325e+01
1.630607509500346808e+01 1.647017428535178851e+01
1.649963235020781838e+01 1.664563999741523403e+01
1.664345629220920841e+01 1.680442270824660866e+01
1.680168448198466535e+01 1.695769810135279698e+01
1.695107014913446974e+01 1.712924551676278284e+01
1.709780459371343042e+01 1.729255288175073701e+01
1.727126026869357389e+01 1.745454551804290944e+01
1.740212100996043176e+01 1.761861296382306463e+01
1.760618405171664591e+01 1.779159584626343360e+01
1.774640146924030049e+01 1.795076249343311048e+01
1.792211919788933727e+01 1.811356081002156060e+01
1.809524393965544320e+01 1.828667140519984358e+01
1.821197903134806850e+01 1.844083380713636444e+01
1.842331861927097592e+01 1.860399034236910509e+01
1.852896242295675222e+01 1.877177526604736357e+01
1.869602340460910384e+01 1.893233331099897043e+01
1.889971124081631260e+01 1.909803291237003720e+01
1.901777119785381132e+01 1.925839273235650850e+01
1.918192430420128858e+01 1.943384356749599462e+01
1.934400940685291204e+01 1.958410030869341156e+01
1.947300965105133486e+01 1.975717860787537461e+01
1.987601641809750674e+01 1.961721244659020869e+01
1.983874804502956479e+01 2.007215563610219888e+01
1.998894569583104897e+01 2.022400812511563117e+01
2.013575664056033787e+01 2.039269856614711429e+01
2.025648612082550315e+01 2.055255261074705331e+01
2.048358507061663758e+01 2.070627357635780896e+01
2.062774063139266545e+01 2.085471165165195018e+01
2.081959831178581410e+01 2.102177199780107131e+01
2.099519966088123368e+01 2.118272413743792271e+01
2.133436974404929742e+01 2.110551081840070609e+01
2.128916713294435681e+01 2.150905113993178119e+01
2.164752755498517089e+01 2.148521376419256868e+01
2.161201277278442490e+01 2.183571594497207613e+01
2.197127738498590688e+01 2.178026013650461934e+01
2.212566461205373614e+01 2.188913161275286257e+01
2.209046363639211563e+01 2.230809035675472884e+01
2.228258539712062003e+01 2.245951635767886856e+01
2.261302768450639533e+01 2.240919573288352495e+01
2.257498872945383184e+01 2.278124896855223724e+01
2.265255942000304046e+01 2.293636499570169462e+01
2.294306809322533880e+01 2.311542442910471706e+01
