0.000000000000000000e+00 0.000000000000000000e+00
0.000000000000000000e+00 0.000000000000000000e+00
0.000000000000000000e+00 0.000000000000000000e+00
0.000000000000000000e+00 0.000000000000000000e+00
0.000000000000000000e+00 0.000000000000000000e+00
0.000000000000000000e+00 0.000000000000000000e+00
0.000000000000000000e+00 0.000000000000000000e+00
2.484743474459192303e+00 1.916940844768420504e+01
2.258155156060320934e+01 3.099298076601674623e+01
3.183948318154632418e+01 3.273013894737331952e+01
3.281549727199131894e+01 3.281378704427610415e+01
3.271843673365815164e+01 3.271789625512657551e+01
3.268493902682823204e+01 3.268491025695734464e+01
3.269395515892387039e+01 3.269353897336605286e+01
3.267800904281423868e+01 3.267800010976080216e+01
3.266952351255803677e+01 3.266948576105217228e+01
3.268636878704077020e+01 3.268637801077122873e+01
3.271681774792241271e+01 3.275067401591870464e+01
3.278125369850620530e+01 3.301535793698302967e+01
3.289258062257833615e+01 3.351308394174386507e+01
3.303617284177812508e+01 3.388490106330790042e+01
3.342500553281517739e+01 3.430460191054665131e+01
3.392517079428250071e+01 3.468972868177697677e+01
3.426238134990445161e+01 3.503271028070715687e+01
3.471592766610530845e+01 3.533474826778442690e+01
3.512125793715164690e+01 3.561588706127312776e+01
3.534988406421499008e+01 3.590988645579444949e+01
3.563529639972034602e+01 3.620472096883433011e+01
3.600671958355057711e+01 3.646205267899482294e+01
3.631971421046630866e+01 3.672769338117780080e+01
3.663685737750643057e+01 3.698193648919665577e+01
3.689149325598793894e+01 3.723313021963687675e+01
3.722125988601663948e+01 3.749039209399764871e+01
3.747359880274411381e+01 3.774146285131227074e+01
3.769986850705108594e+01 3.798033138430221101e+01
3.794551456885145058e+01 3.824156321323278718e+01
3.820651372075258223e+01 3.848841551595941013e+01
3.842932578668556687e+01 3.872900898692812177e+01
3.872464165699268079e+01 3.894750155671068370e+01
3.885319736395317136e+01 3.918900359938827904e+01
3.902478151382650395e+01 3.940936559306339149e+01
3.958618037337728168e+01 3.924963773257425004e+01
3.979215685454214935e+01 3.915377107664581757e+01
4.000487887138757515e+01 3.935530099710781826e+01
3.959119116302036190e+01 4.024871937514341624e+01
4.044522654101763948e+01 3.986476815387249673e+01
4.000845119860382226e+01 4.071294395104204256e+01
4.036328050912257481e+01 4.095899008688292753e+01
4.116143535129503306e+01 4.048249888824869913e+01
4.138599345371886074e+01 4.059574394152584631e+01
4.093083644697063761e+01 4.165711673611499322e+01
4.118560816198361607e+01 4.188757133149433542e+01
4.209917141967761722e+01 4.131254426671861069e+01
4.159651248907208299e+01 4.237957171482949548e+01
4.259629160427400763e+01 4.189909133623514492e+01
4.199169017216065924e+01 4.287959999616164453e+01
4.311932980906700408e+01 4.222723166274980144e+01
4.259744199684951127e+01 4.337219110856788973e+01
4.360629160104073776e+01 4.279823413065146553e+01
4.386015409531712805e+01 4.301434092479519222e+01
4.411181179476523084e+01 4.324250364759885201e+01
4.361439823724141007e+01 4.435667795397124991e+01
4.378263290975866795e+01 4.460713023170433900e+01
4.485649303076517214e+01 4.402070796831397814e+01
4.509488368712915474e+01 4.426395924824900874e+01
4.447604404254029475e+01 4.533293196143721815e+01
4.559131987331000602e+01 4.476497398431063601e+01
4.584468331164541155e+01 4.495806578685987631e+01
4.609523721170381805e+01 4.521641168189653825e+01
4.633485989024015339e+01 4.548910378643066110e+01
4.565964919631392860e+01 4.654542835623028907e+01
4.601858175611259583e+01 4.677876202957892815e+01
4.705511380234207053e+01 4.596725717320250482e+01
4.629828140889623711e+01 4.726775965069351315e+01
4.755969787012634242e+01 4.654751301399232233e+01
4.777615831784684985e+01 4.688527164811004155e+01
4.805885093163623623e+01 4.721628077286940339e+01
4.830763524233626072e+01 4.725066089123694013e+01
4.856133322702172705e+01 4.764098682273196772e+01
4.882196492852973790e+01 4.788503818379309962e+01
4.813372599815366470e+01 4.902792408677223079e+01
4.828387736628287996e+01 4.927942034914906344e+01
4.954790867549033351e+01 4.854848930037879740e+01
4.979143235309895488e+01 4.885475478819056860e+01
4.922514680976600943e+01 4.999677352251409701e+01
5.028464381475005496e+01 4.945808633589943071e+01
5.054008325688099745e+01 4.968016711674823682e+01
5.081243498720041174e+01 5.006204404020932230e+01
5.106960797501857741e+01 5.022715639334319349e+01
5.133815389469793189e+01 5.058862593684151676e+01
5.159651998445423970e+01 5.068347348571656141e+01
5.186568962778047620e+01 5.109605303243289143e+01
5.118965404365501826e+01 5.204325233033494413e+01
5.161984136837508430e+01 5.228776744776841667e+01
5.262707660179771096e+01 5.172385467190932218e+01
5.288318654680576714e+01 5.192712153501275196e+01
5.315738782284248742e+01 5.219721364419520881e+01
5.340956559420299499e+01 5.260940861728882822e+01
5.279607232025635710e+01 5.358624241325153292e+01
5.389671570003768153e+01 5.308864769298652675e+01
5.420005513207507875e+01 5.355437909045094358e+01
