0.000000000000000000e+00 0.000000000000000000e+00
1.095126177771874997e-03 0.000000000000000000e+00
1.753544865553925344e-02 0.000000000000000000e+00
1.569603894784892331e-02 9.587379551753713591e-02
2.531139270195740809e-01 4.228271157906241667e-02
3.748865771903283073e-01 1.453705291000923772e-01
3.804221449894052975e-01 4.442291781979437193e-01
5.505872089325996033e-01 5.270598271762233500e-01
6.445789303671747295e-01 6.147893055998079337e-01
7.372324459834698196e-01 7.019515301187022605e-01
8.229359592425838921e-01 7.991295477038380390e-01
9.038313799373524082e-01 8.790936285736573597e-01
9.925045567216289610e-01 9.707746830650264558e-01
1.074022230951790169e+00 1.045712249415228445e+00
1.160437291095711476e+00 1.125239141678806343e+00
1.245016602038533593e+00 1.216474668259522884e+00
1.331459588112043457e+00 1.297528105395065134e+00
1.412891989712588003e+00 1.389302375973425097e+00
1.496337190744358780e+00 1.452606124424022704e+00
1.577005485565391218e+00 1.521582739904602244e+00
1.663488549783423975e+00 1.615034951793831386e+00
1.750034163569646806e+00 1.695510990462119505e+00
1.833433593791558458e+00 1.797545559993956710e+00
1.914063533154101382e+00 1.864481134644300653e+00
1.998022701892394615e+00 1.954973563005310444e+00
2.083691322674349866e+00 2.024313301018289657e+00
2.163999901547644100e+00 2.106108224481389790e+00
2.248379348484174756e+00 2.211587016788739035e+00
2.332370376812456403e+00 2.285991515272498109e+00
2.414998362089108674e+00 2.348653038452796160e+00
2.496399817338347038e+00 2.444084211454307543e+00
2.582195424037790232e+00 2.519770679171063232e+00
2.669114952774188421e+00 2.604523660754514136e+00
2.744656985166869845e+00 2.696973332858099592e+00
2.832683205304915575e+00 2.766165179457270362e+00
2.910550433683526617e+00 2.869604610162295177e+00
2.990338344842286666e+00 2.943898606966344644e+00
3.071684815339485564e+00 3.009598299756860662e+00
3.158472153675756733e+00 3.099817448644880180e+00
3.240998475602351103e+00 3.201926444061256039e+00
3.325760224038920576e+00 3.286469461907582268e+00
3.410806547774788200e+00 3.341593119813772272e+00
3.491299736844508228e+00 3.411552492844356355e+00
3.572627016250118359e+00 3.500798416128877211e+00
3.658062582005772168e+00 3.600579023713021964e+00
3.740952280352187742e+00 3.665976609328256419e+00
3.825386046712051957e+00 3.742112320369420431e+00
3.906885079448338072e+00 3.817067487084545796e+00
3.989120496212899880e+00 3.928316064617299208e+00
4.075990226072909728e+00 3.986166274988204083e+00
4.157471992580608067e+00 4.093421892454748523e+00
4.239960512908515611e+00 4.155729363409903954e+00
4.321577447183651444e+00 4.247675185829336009e+00
4.404429905717669236e+00 4.302629891140297147e+00
4.489272851419343624e+00 4.389119819714870196e+00
4.569075479249461225e+00 4.501910423018776086e+00
4.657854432191030902e+00 4.595921273711248922e+00
4.736637036539687706e+00 4.663317687249795007e+00
4.826180969661987952e+00 4.728094771444220079e+00
4.908570011942804179e+00 4.842765768250297143e+00
4.993892891461936934e+00 4.901523172394947281e+00
5.078308914855345968e+00 4.995223303773430601e+00
5.161476759384460600e+00 5.073349296249649143e+00
5.246883367208836191e+00 5.168656325698518295e+00
5.333570194970791434e+00 5.240368198030676439e+00
5.412495029047906137e+00 5.337063619193738617e+00
5.492458185411958738e+00 5.423791137986061273e+00
5.574030961647760130e+00 5.498696242973151627e+00
5.662190476298840203e+00 5.578170778969110621e+00
5.747347415052685982e+00 5.655902464429606979e+00
5.833158762424817567e+00 5.745941562299436534e+00
5.910654744900865509e+00 5.831931954071762902e+00
5.994824231404886739e+00 5.872577259512473447e+00
6.081281521973878945e+00 6.020235321746471691e+00
6.158111990358148269e+00 6.043544677236763363e+00
6.239361436093325608e+00 6.179261394484948156e+00
6.324741165664256926e+00 6.230493098075949199e+00
6.412786193250375355e+00 6.330688579204053035e+00
6.497396889222887495e+00 6.384770835660997790e+00
6.578430018161286696e+00 6.492243406079383661e+00
6.665892377135860691e+00 6.573618081006311620e+00
6.743778903642784428e+00 6.645908011662552184e+00
6.826697264128211984e+00 6.732204979358675345e+00
6.907538314410782476e+00 6.830504181863913615e+00
6.991209142996397397e+00 6.911640891513129326e+00
7.071096955147287311e+00 6.964021243414224571e+00
7.156856030896916465e+00 7.054444656474315956e+00
7.233997936547539531e+00 7.124297739335519353e+00
7.318742878514498784e+00 7.214326401940077460e+00
7.406889489694164830e+00 7.320094412732189859e+00
7.482665706003617245e+00 7.393595507840005077e+00
7.569707213745638263e+00 7.467787171996188356e+00
7.650823749731862300e+00 7.545985794909527478e+00
7.731618555796356596e+00 7.659441651543131613e+00
7.818506576860783319e+00 7.712911942594915082e+00
7.906848256802224917e+00 7.810866493442850889e+00
7.987752628878932448e+00 7.858306245319425010e+00
8.067630901447966352e+00 7.985776355149381445e+00
8.161747502839718393e+00 8.067767399833304154e+00
8.237916824385143499e+00 8.097624007649928402e+00
8.323231243181874461e+00 8.225287901406941771e+00
