0.000000000000000000e+00 0.000000000000000000e+00
0.000000000000000000e+00 0.000000000000000000e+00
0.000000000000000000e+00 0.000000000000000000e+00
0.000000000000000000e+00 0.000000000000000000e+00
0.000000000000000000e+00 0.000000000000000000e+00
0.000000000000000000e+00 0.000000000000000000e+00
0.000000000000000000e+00 0.000000000000000000e+00
0.000000000000000000e+00 -1.471249866227718368e-02
1.160716946574563480e+00 4.114052629076829781e+00
2.397617961914168649e+00 3.937690675102158977e+00
4.089482902759241867e+00 4.076463125311345692e+00
4.150906061886998621e+00 4.146905828230533331e+00
4.226532658686132926e+00 4.212399447974393141e+00
4.307425908937606351e+00 4.420702400742262839e+00
4.460715591714924599e+00 4.668593632041819319e+00
4.722244513588173653e+00 4.886909360839871042e+00
4.935252540662806275e+00 5.141996702168902367e+00
5.059134427705060943e+00 5.379207242038678949e+00
5.258931932279570454e+00 5.578171778536042069e+00
5.473333686693912625e+00 5.758945044665349400e+00
5.718621632101465124e+00 5.954360672301410418e+00
5.960330746891839837e+00 6.148425808293440653e+00
6.139198354958910642e+00 6.319615462059350541e+00
6.303149278026203284e+00 6.495747417230169241e+00
6.541597989068438146e+00 6.653029977541046414e+00
6.735279997803287344e+00 6.816808816521787939e+00
6.891801141924342566e+00 6.983437759894893126e+00
7.059129696043932256e+00 7.134256587114274240e+00
7.219770383924969614e+00 7.303599095812130848e+00
7.377134008458221537e+00 7.461946167623362491e+00
7.533752135590128240e+00 7.628797468427399586e+00
7.706627531711351509e+00 7.779246626278104593e+00
7.915882820671805931e+00 7.867264388264986863e+00
8.019783240141331149e+00 8.074327864526983589e+00
8.224855356294808573e+00 8.178136275993390214e+00
8.374775269331266259e+00 8.333278957163440026e+00
8.535132660446871355e+00 8.442119718368736869e+00
8.702287305088621139e+00 8.583658551493432043e+00
8.784507618743420565e+00 8.867922328366335094e+00
9.027948873719136458e+00 8.957962214582563476e+00
9.206226942013774561e+00 9.096248370578431164e+00
9.273585400393999478e+00 9.368016097052123570e+00
9.535033157876087628e+00 9.417355421662355397e+00
9.697679427735833357e+00 9.592516142965761716e+00
9.782610841393108103e+00 9.865328555808430266e+00
1.003551329641696199e+01 9.935957689273948290e+00
1.020801728028559729e+01 1.011596655386173538e+01
1.038292747033873198e+01 1.027588632455417539e+01
1.055937652365025059e+01 1.044457073965067373e+01
1.073527813420455779e+01 1.062179281841477874e+01
1.079583211572190748e+01 1.089446667700654459e+01
1.108784566700455443e+01 1.097258150763067697e+01
1.126572053225020653e+01 1.114616077156657603e+01
1.144866081103712929e+01 1.131024946646290097e+01
1.162736759531015274e+01 1.152928920226386467e+01
1.180334177249628702e+01 1.166974441161674214e+01
1.198544940268859271e+01 1.185717492377312254e+01
1.201517788532392927e+01 1.214722573441209086e+01
1.221609455477211625e+01 1.231381339352766524e+01
1.250748406676456170e+01 1.239139945841266766e+01
1.268512015031277507e+01 1.255561036619575788e+01
1.287494534054885342e+01 1.273769123010739435e+01
1.305635786962195155e+01 1.295818800907826684e+01
1.324202518951890362e+01 1.310174923758883736e+01
1.342318821876930990e+01 1.328863783159862955e+01
1.361853030696531341e+01 1.344920949325303461e+01
1.380562072079402824e+01 1.366004798339299064e+01
1.397774806103655543e+01 1.383710620251239121e+01
1.416005733021866675e+01 1.395947622318824877e+01
1.434743643805653157e+01 1.422022466488989956e+01
1.454014744513167656e+01 1.438729895891028754e+01
1.471520370477600004e+01 1.455622796189720347e+01
1.489661326684431586e+01 1.475555962768905616e+01
1.509835814760706008e+01 1.490925777021917042e+01
1.528668550250099401e+01 1.510388070290929896e+01
1.546461165537397875e+01 1.522678173639832089e+01
1.565662922424163561e+01 1.547258524672426283e+01
1.584084375291319979e+01 1.565211138358177934e+01
1.600981666694121230e+01 1.584705464767882432e+01
1.621523960628466909e+01 1.598600201356139827e+01
1.639718965397979744e+01 1.614774984652376588e+01
1.658131056415561133e+01 1.643380840841843593e+01
1.676804776894651638e+01 1.654670599839034040e+01
1.695987516753826085e+01 1.674396529154790514e+01
1.714777457939935346e+01 1.692291977541540504e+01
1.734798378185357137e+01 1.706492260925815785e+01
1.754034108227563848e+01 1.728347401546107776e+01
1.772750282625302987e+01 1.750333620993604455e+01
1.760981849379124498e+01 1.783133480092841694e+01
1.809197608833939697e+01 1.778441947969333725e+01
1.825882806361838107e+01 1.804758016029719414e+01
1.845821220456103617e+01 1.822140972778576185e+01
1.833658916434680819e+01 1.855613716944283809e+01
1.880298183699564518e+01 1.863312381779611471e+01
1.898433086095560540e+01 1.874314877031041604e+01
1.917305589878675676e+01 1.895414481498905701e+01
1.935215338343707003e+01 1.909495544839397141e+01
1.955330849689102024e+01 1.930075966032410406e+01
1.973881056358670349e+01 1.949361572543951837e+01
1.992679580004689655e+01 1.969749762072567734e+01
2.013110836274015014e+01 1.995828430194832137e+01
