0.000000000000000000e+00 0.000000000000000000e+00
0.000000000000000000e+00 0.000000000000000000e+00
0.000000000000000000e+00 0.000000000000000000e+00
0.000000000000000000e+00 0.000000000000000000e+00
0.000000000000000000e+00 0.000000000000000000e+00
0.000000000000000000e+00 0.000000000000000000e+00
0.000000000000000000e+00 0.000000000000000000e+00
3.845525055592010494e-02 1.502020345777640431e+00
7.348098275211659147e-02 2.004986311701295598e+00
2.254150714181081483e+00 2.269068371100476877e+00
2.409238401762184623e+00 2.392967619565679716e+00
2.521349738660095596e+00 2.558635241369031643e+00
2.641607849344298042e+00 2.747093437740584676e+00
2.758996151613089420e+00 2.926213836281774672e+00
2.924766147477764644e+00 3.089127154630398220e+00
3.149796627874106303e+00 3.254994545886074508e+00
3.326996861678782835e+00 3.451834388345309979e+00
3.469323994925877397e+00 3.615444692397389748e+00
3.619671686061777915e+00 3.753052140197912223e+00
3.761171303443258562e+00 3.891367307737490844e+00
3.960175973572798824e+00 4.041918776634044086e+00
4.149571638598843037e+00 4.083164220530401067e+00
4.241968724424634019e+00 4.336432468984131816e+00
4.407696163116800570e+00 4.498730442718818168e+00
4.551720142482825970e+00 4.643572119352068484e+00
4.719703306537486043e+00 4.792398462046891794e+00
4.874526264711982471e+00 4.948310275971560479e+00
5.027792594127649117e+00 5.084714492487815818e+00
5.177574284147371309e+00 5.224556795398525466e+00
5.332791174388054500e+00 5.360974008771832722e+00
5.482134546396969732e+00 5.504240656712410917e+00
5.646031685556445190e+00 5.612801869755378092e+00
5.786851938954786334e+00 5.700998592784768171e+00
5.932296249424839907e+00 5.843959610677389449e+00
6.067541268817224775e+00 5.989816767822142118e+00
6.211173118348524369e+00 6.130293945643027875e+00
6.364002024125944068e+00 6.274391317313200211e+00
6.514221092473368557e+00 6.419838591324670496e+00
6.660539807013808655e+00 6.570806601411745440e+00
6.814625310975964467e+00 6.703383994545255575e+00
6.967253085828528647e+00 6.870527916855710515e+00
7.122192550991277571e+00 6.979481165172646939e+00
7.285527712504535458e+00 7.158609634207082628e+00
7.430801426904478646e+00 7.297495827151749381e+00
7.583795319811608593e+00 7.472566656780402994e+00
7.736800750660037806e+00 7.610818374651909579e+00
7.898728394887221782e+00 7.773808095222848991e+00
8.056412163124777592e+00 7.927760142537364274e+00
8.211360194442882232e+00 8.086284630804305706e+00
8.355282016076454710e+00 8.180729658914124514e+00
8.512605400921204435e+00 8.365201658341568702e+00
8.666798692089644263e+00 8.536077719407906272e+00
8.840214231462436345e+00 8.674624510361335084e+00
8.997025642344143037e+00 8.849459125539205218e+00
9.154289119511911821e+00 9.017450358038171743e+00
9.150818200111451972e+00 9.274222154763389625e+00
9.461740743786952734e+00 9.313531259179157473e+00
9.615921506048437095e+00 9.507359201989579844e+00
9.777031078285803645e+00 9.606583150963334816e+00
9.937881088786211237e+00 9.838700652493393761e+00
1.007376568727256583e+01 9.969722997497692418e+00
1.024258409756612487e+01 1.006504985289506848e+01
1.040379610541845601e+01 1.029953039274819027e+01
1.040235728463773235e+01 1.051436286349543359e+01
1.070453934977268418e+01 1.060455657229739046e+01
1.086107629422977539e+01 1.075482240465706241e+01
1.102389529909558163e+01 1.091730810090854575e+01
1.119913814352758763e+01 1.104942398614986132e+01
1.134945963230135035e+01 1.122955149232211092e+01
1.150897777942483380e+01 1.138618549580761830e+01
1.167033314305526126e+01 1.152649533492636635e+01
1.164295288792046179e+01 1.177263310651925998e+01
1.198388615854955042e+01 1.187088846306237677e+01
1.197297127833750530e+01 1.207921819896228577e+01
1.228387152835036034e+01 1.214285846571121041e+01
1.243898905754186401e+01 1.226622320549011746e+01
1.259725289483928989e+01 1.245318659419538321e+01
1.276364909029296513e+01 1.267026446578240950e+01
1.292573980371486186e+01 1.274091657077405237e+01
1.309538505853498513e+01 1.295066589164949455e+01
1.325396395080643686e+01 1.308172578683128506e+01
1.342059493781164115e+01 1.322458349990376369e+01
1.358712345980291936e+01 1.340547142013838311e+01
1.374117134277434360e+01 1.357620911284071497e+01
1.391511667549044340e+01 1.372209500761903911e+01
1.406508305913322943e+01 1.390938178153935922e+01
1.422894051188536046e+01 1.407498404993141428e+01
1.439883757505839945e+01 1.428085429364183945e+01
1.455082730189922202e+01 1.441385989621411312e+01
1.471152758056491017e+01 1.455534345309383326e+01
1.487442079032074460e+01 1.469503135295123641e+01
1.505022182135348707e+01 1.487814944427700681e+01
1.522273048796180994e+01 1.502262139088687753e+01
1.537619818268600191e+01 1.516684158315425535e+01
1.553997347171241650e+01 1.535950874771926955e+01
1.569265408258595862e+01 1.548798622064867025e+01
1.586372316170288421e+01 1.565525454252214388e+01
1.603164250753818010e+01 1.586263066654182552e+01
1.617519056827542556e+01 1.599083898381378610e+01
1.634161324842929375e+01 1.616576002161635728e+01
1.650854478373768330e+01 1.634073679963781345e+01
