0.000000000000000000e+00 0.000000000000000000e+00
0.000000000000000000e+00 0.000000000000000000e+00
2.166056044362818164e-02 0.000000000000000000e+00
7.800335589095252001e-03 0.000000000000000000e+00
4.448931007127007037e-02 2.016750676732868564e-01
1.056916755161497190e-01 4.277964207538546559e-01
4.488903043023575457e-01 5.423606522277710784e-01
6.360517788745131407e-01 6.486896211142746393e-01
7.553009137817947583e-01 7.468495191285263735e-01
8.532000124425805909e-01 8.312097852095063910e-01
9.552461177140061377e-01 9.370533624903630843e-01
1.054773832464887651e+00 1.025729851823668159e+00
1.154752465473361855e+00 1.131373636406751926e+00
1.256374943976424685e+00 1.218508259150197892e+00
1.353498723926135128e+00 1.313351292749648902e+00
1.445801602362737137e+00 1.421107427965943915e+00
1.547282732412715855e+00 1.507053801280442196e+00
1.641083101673452838e+00 1.593192162930318956e+00
1.737309891338520984e+00 1.705036932891169421e+00
1.832180979746682592e+00 1.795445300199398408e+00
1.931391103374597629e+00 1.888570277056926816e+00
2.025978171921017701e+00 1.993072854901322799e+00
2.122427692675812327e+00 2.077172110098010283e+00
2.215554583361164731e+00 2.185275975586824071e+00
2.318091035882272166e+00 2.275460464449786446e+00
2.413532194231279071e+00 2.371432764597602549e+00
2.513084944109652774e+00 2.473504546376799063e+00
2.606307266089364472e+00 2.574958627043819614e+00
2.707531123139768070e+00 2.662415262874230137e+00
2.801255527024869352e+00 2.753023214678704811e+00
2.897196517149620565e+00 2.842096108670920884e+00
3.001587536180190696e+00 2.963147710899389775e+00
3.094399835184389769e+00 3.040768686918814634e+00
3.190392742735022935e+00 3.122772469625769709e+00
3.289651164928355076e+00 3.229331499615387902e+00
3.388212126937732993e+00 3.325657297068790541e+00
3.483815807545437515e+00 3.418874947003629927e+00
3.577801825392633361e+00 3.530226629316692843e+00
3.676667934219447709e+00 3.593419039701165385e+00
3.768981563232613130e+00 3.704017010029086343e+00
3.867517380148886907e+00 3.803930618870645652e+00
3.961042896165602567e+00 3.908078953571517467e+00
4.056591489672505269e+00 3.963549693567152588e+00
4.155175267553510743e+00 4.061983305385474807e+00
4.246876163937361781e+00 4.205481917990395502e+00
4.347254157710105815e+00 4.270451494884709653e+00
4.443723433731375572e+00 4.362370593172701483e+00
4.539583144566884165e+00 4.463329720097153341e+00
4.633143053634821484e+00 4.576299010097962139e+00
4.728323751357931037e+00 4.667630553677959426e+00
4.823913454664650047e+00 4.759233569411991382e+00
4.924645025078120852e+00 4.857183410492100784e+00
5.020422151854857518e+00 4.945517688383994859e+00
5.122322484572016776e+00 5.006752986696463736e+00
5.217785667261826354e+00 5.123300604369231515e+00
5.316397247350105104e+00 5.210276499388609928e+00
5.411595317966262364e+00 5.324569336766022509e+00
5.505542447860737987e+00 5.442198451094253819e+00
5.604689144819001712e+00 5.514787450890042741e+00
5.696165985159643341e+00 5.603992630455472579e+00
5.798492479680181333e+00 5.713761531522206560e+00
5.897111975014795782e+00 5.812891838644168807e+00
5.996841298261793796e+00 5.901369823832975037e+00
6.097025494960032432e+00 6.024835597134041265e+00
6.189463510482669406e+00 6.086517875857777149e+00
6.288878664840598098e+00 6.169660318518671360e+00
6.386669206718112335e+00 6.293119975757717199e+00
6.478268202704326129e+00 6.384837112055248731e+00
6.575154976938220486e+00 6.464481610254359190e+00
6.671838881929573084e+00 6.588734997661350512e+00
6.775404505094241969e+00 6.669964857037282258e+00
6.871773149718246820e+00 6.757042718927538161e+00
6.973581222005262426e+00 6.879195026713327721e+00
7.067727749481431232e+00 6.944636848495185255e+00
7.154359623124171286e+00 7.041592126085776115e+00
7.252863267072858555e+00 7.100986119501967231e+00
7.347258375596227964e+00 7.232027592017996831e+00
7.448370895605624042e+00 7.310066663796724207e+00
7.544186857817247294e+00 7.414489397697396456e+00
7.648327605993816114e+00 7.511375814343780988e+00
7.741596475543633282e+00 7.655772751725999470e+00
7.838947486176526702e+00 7.699692010160209321e+00
7.924303909950820568e+00 7.809707755254246209e+00
8.024356172911657481e+00 7.915279611110300095e+00
8.120746773562318666e+00 8.002457770667543713e+00
8.208345371300517002e+00 8.083039111152416467e+00
8.313417766585002866e+00 8.190859613822215834e+00
8.408265661238003119e+00 8.311592519026598680e+00
8.495583076541604939e+00 8.355207969840435567e+00
8.604911328189393416e+00 8.491842953304907127e+00
8.696513010563061030e+00 8.589345462763580130e+00
8.793080927797179314e+00 8.690555198153871785e+00
8.891904763706113712e+00 8.755293520168082821e+00
8.989797541502479561e+00 8.870258042150213740e+00
9.082357393935954093e+00 8.947799711867244099e+00
9.177152083558810958e+00 9.046152291286507108e+00
9.276949830397134278e+00 9.135507981173436320e+00
9.373274989691338988e+00 9.250142089194916650e+00
9.477009243978828934e+00 9.317118314921543742e+00
9.571677011063426832e+00 9.380833499887229365e+00
9.667560410333285503e+00 9.517368593863183790e+00
