0.000000000000000000e+00 0.000000000000000000e+00
0.000000000000000000e+00 0.000000000000000000e+00
0.000000000000000000e+00 0.000000000000000000e+00
0.000000000000000000e+00 0.000000000000000000e+00
0.000000000000000000e+00 0.000000000000000000e+00
0.000000000000000000e+00 0.000000000000000000e+00
0.000000000000000000e+00 0.000000000000000000e+00
0.000000000000000000e+00 0.000000000000000000e+00
0.000000000000000000e+00 0.000000000000000000e+00
6.799577985998661234e+01 3.083411962615368793e+02
1.956826519809794149e+02 2.706003210256438365e+02
1.983151776224893297e+02 3.756467729835628688e+02
3.915505240736782753e+02 4.424525519757980874e+02
4.736961163791596050e+02 5.106242764219698529e+02
5.203516853055840556e+02 6.327399208848235048e+02
6.192160317914756433e+02 6.690188616433581501e+02
6.192615536283141182e+02 7.186325902122864591e+02
6.682392971772867440e+02 7.464806351938595981e+02
7.236455365270740003e+02 7.697228798747652263e+02
7.445336543199595098e+02 7.869982562961070016e+02
7.624475584353923523e+02 7.985466251821311516e+02
7.743500863560888092e+02 8.064872480970423112e+02
7.878274334274210560e+02 8.123551382364804567e+02
7.973091377041155283e+02 8.168749893218116540e+02
8.027656335251953124e+02 8.200944440803483531e+02
8.084974611168169076e+02 8.230136569010683161e+02
8.130323600452612709e+02 8.253088016815916035e+02
8.164605956959878768e+02 8.272645898845706824e+02
8.188350831330806159e+02 8.286805263232491825e+02
8.210502721534534203e+02 8.300463059968348034e+02
8.221102569016103416e+02 8.311690537779808210e+02
8.231413226888909094e+02 8.321216339173838605e+02
8.242710265020069755e+02 8.329500125556062358e+02
8.252130201660055491e+02 8.336571692867000820e+02
8.258806326800166744e+02 8.342566704721242559e+02
8.265697788361941321e+02 8.347108563427985928e+02
8.349479708326439322e+02 8.237090419723634795e+02
8.352227786029736762e+02 8.187963447739832645e+02
8.186475040514138755e+02 8.355559822321041565e+02
8.357723735441072677e+02 8.194542518911626985e+02
8.359454035020615947e+02 8.170849809683957119e+02
8.361200343281403775e+02 8.150402315843113001e+02
8.362497560450802894e+02 8.143789865659859970e+02
8.363896426031296869e+02 8.146463277832203858e+02
8.365347495772534785e+02 8.155927401181645564e+02
8.366415649730909081e+02 8.156649051826240111e+02
8.367598100845278850e+02 8.134776110675971950e+02
8.368770392785419290e+02 8.139380723434318270e+02
8.370238517913625174e+02 8.150461960655374014e+02
8.371595853292259335e+02 8.143666039512164616e+02
8.373148212392703726e+02 8.142545471257188865e+02
8.374725470322551928e+02 8.175446342674807738e+02
8.376156661963154875e+02 8.117699773882528689e+02
8.377889481345662261e+02 8.144434536198269825e+02
8.379356050076676183e+02 8.142816547903343007e+02
8.381370133633267869e+02 8.140790940859134253e+02
8.182725625174941797e+02 8.383558141828802945e+02
8.161245198171612856e+02 8.385879259177258973e+02
8.387880129436414336e+02 8.158952641930210348e+02
8.169490897440965682e+02 8.389417689202077781e+02
8.391516761709481216e+02 8.139410621288576522e+02
8.392803847016243708e+02 8.136149096033997239e+02
8.138083342541094680e+02 8.394404608126949370e+02
8.175848067867360669e+02 8.396170724860742212e+02
8.398022776960018518e+02 8.123900729104262837e+02
8.128216804172452612e+02 8.399404314573278043e+02
8.401209895635062139e+02 8.132644460389541337e+02
8.402317127034275472e+02 8.120454296248558421e+02
8.403728637815654565e+02 8.109693407047648179e+02
8.404719121776327029e+02 8.151847994412312346e+02
8.405914917698382851e+02 8.096663487727195161e+02
8.407099250015265852e+02 8.149947442567383860e+02
8.407899736086872053e+02 8.117287075352686543e+02
8.117995484153983625e+02 8.408566044956364749e+02
8.410308384991341200e+02 8.108110295343838061e+02
8.411094146153692463e+02 8.094594883239400360e+02
8.119630087231163316e+02 8.411546337178887143e+02
8.100015674712708460e+02 8.412598986792178266e+02
8.413806566269017821e+02 8.128193632023886721e+02
8.414827406804619159e+02 8.136861388540929738e+02
8.115010988446299507e+02 8.415044259249781362e+02
8.140268410751256170e+02 8.415976848894920295e+02
8.125072081227322087e+02 8.416347785053203552e+02
8.418370252180933448e+02 8.095875487270020585e+02
8.068599662190262052e+02 8.418170838816785135e+02
8.075532503448354191e+02 8.419263452204194209e+02
8.420452029651136172e+02 8.097120538167182531e+02
8.092822559697821134e+02 8.420477013429423323e+02
8.422209852143943181e+02 8.083923261539216583e+02
8.422762831075640406e+02 8.088267120604214142e+02
8.423625617849612581e+02 8.129167485623140692e+02
8.117279398412885030e+02 8.423392492830173524e+02
8.103938354616130937e+02 8.424317409920014370e+02
8.425784354082906020e+02 8.038912824886888302e+02
8.065801116893975404e+02 8.425187704837875344e+02
8.097231597159681087e+02 8.425960789759463978e+02
8.113547026840112721e+02 8.426290091690243571e+02
8.427937139150383246e+02 8.107272486172735171e+02
8.055118029554452050e+02 8.426765748899966866e+02
8.423780746373206512e+02 7.925753068354104016e+02
8.207365024777373037e+02 8.432686599689508284e+02
