0.000000000000000000e+00 0.000000000000000000e+00
1.103271096470407443e-04 0.000000000000000000e+00
5.518733942343201360e-03 0.000000000000000000e+00
3.769307058163361146e-02 0.000000000000000000e+00
1.174475835348448571e-01 1.706126997028700742e-02
1.631797634204808500e-01 3.876238530473555821e-01
4.419017535957790455e-01 4.926408136605268107e-01
6.026585728411631981e-01 5.871216959266983837e-01
7.049534933397935133e-01 6.872348189757271353e-01
8.043394062065939432e-01 7.817113200198011480e-01
9.018023050974550703e-01 8.880411326253001558e-01
9.971834072348303435e-01 9.761204940548839915e-01
1.093575329276135877e+00 1.062144870160763643e+00
1.186940231510331234e+00 1.140802319652095553e+00
1.276123491523401876e+00 1.249655166160977160e+00
1.371673184281892333e+00 1.321846538542001959e+00
1.466349947393257303e+00 1.434955627202755934e+00
1.562632491724325945e+00 1.508324539566385791e+00
1.652168196168948944e+00 1.609518825795013264e+00
1.741004053911860083e+00 1.690686194153674826e+00
1.833564205296506211e+00 1.779641037210995647e+00
1.922812029854793048e+00 1.895484229234550178e+00
2.010145029904224945e+00 1.991550336032757329e+00
2.105575418623454098e+00 2.069399307523794196e+00
2.196682625563076030e+00 2.142978863551051383e+00
2.287635604401029976e+00 2.231484178708414756e+00
2.382815412338977534e+00 2.336261777995536804e+00
2.475485316026911242e+00 2.423972892755756003e+00
2.564695138842195465e+00 2.543360352679086667e+00
2.654461518600725434e+00 2.616439514589468551e+00
2.745001585889452755e+00 2.697730062041163279e+00
2.833883319730384098e+00 2.793593830825523039e+00
2.926988688602871314e+00 2.884546480376803057e+00
3.019229282634433797e+00 2.971486445792673070e+00
3.113120766779937654e+00 3.074051440088855891e+00
3.211619151695480401e+00 3.141550674251683883e+00
3.300470578473420069e+00 3.252639343844941688e+00
3.392611377103722070e+00 3.348701716430290354e+00
3.484807091210220253e+00 3.419490818336215820e+00
3.577026247954932181e+00 3.525314868934589452e+00
3.668952089725045607e+00 3.608342477129414583e+00
3.761177957155085849e+00 3.685919415912075170e+00
3.848978537401594568e+00 3.799801252081864256e+00
3.940594383488208230e+00 3.858996418461103417e+00
4.033001689804168954e+00 3.961665937495992829e+00
4.125490450078253879e+00 4.047730210006950990e+00
4.216291036002208337e+00 4.150017887666022531e+00
4.311539955344517949e+00 4.229889784798381847e+00
4.404108458588626540e+00 4.349527197149532398e+00
4.500406246558760870e+00 4.403630674020191371e+00
4.593152175735090381e+00 4.530766778242780290e+00
4.686086989930584146e+00 4.584800318728243340e+00
4.775040086661377359e+00 4.671267266633673643e+00
4.870172562332434119e+00 4.774870951222421667e+00
4.965169241632628960e+00 4.841680646095185558e+00
5.052410997431334039e+00 4.979373856963378309e+00
5.143217146098908898e+00 5.062317375748219384e+00
5.233857730510282913e+00 5.153866453692899974e+00
5.325408904515174235e+00 5.205593130640633781e+00
5.419777235922373038e+00 5.302616801812199299e+00
5.512747643851469093e+00 5.412343615455480261e+00
5.599146214068693617e+00 5.507956134756223143e+00
5.696131646858388464e+00 5.564495307398595436e+00
5.783882215119246162e+00 5.683851729812127829e+00
5.874696365609000104e+00 5.783384753655613331e+00
5.964760399438032934e+00 5.863274132665762473e+00
6.054591888507323993e+00 5.958429124849109471e+00
6.141057395223060489e+00 6.065116403170985215e+00
6.238500541607582051e+00 6.115587529301864222e+00
6.325375107081952386e+00 6.243006602607825251e+00
6.418820595730020173e+00 6.321106471315173003e+00
6.506175698281409403e+00 6.440135798940927359e+00
6.597412352168566585e+00 6.501117646442335030e+00
6.693573133860603264e+00 6.609956015465093593e+00
6.786541751739741279e+00 6.707641435142596364e+00
6.872764790225821763e+00 6.769397696137571252e+00
6.969611608265435798e+00 6.868430623128182866e+00
7.059998749227542447e+00 6.947152704572857829e+00
7.147659161265796257e+00 7.078283151053859079e+00
7.246148674532609135e+00 7.147632800880461268e+00
7.338208737322355013e+00 7.234466112635162816e+00
7.431846176557001193e+00 7.346554265349134916e+00
7.521139082192147107e+00 7.390148840215966963e+00
7.615727584023422203e+00 7.493719071774800788e+00
7.701449966484042342e+00 7.576666532344386695e+00
7.794187232371720953e+00 7.687704262723469739e+00
7.887807604695781905e+00 7.735767748338921557e+00
7.980072332599228879e+00 7.875755800680919627e+00
8.077422020630363519e+00 7.971251870275778195e+00
8.169153747793430398e+00 8.042243984860947492e+00
8.258793828726098241e+00 8.141506493346188478e+00
8.353561431511508317e+00 8.233892212393566723e+00
8.444477998290071952e+00 8.316794868831729914e+00
8.535491516601712902e+00 8.437883432723509713e+00
8.614999718570924614e+00 8.516152197710027849e+00
8.708252732943057239e+00 8.588908943757312286e+00
8.799489960772502783e+00 8.638080263918835655e+00
8.889632792376289672e+00 8.787497233765336091e+00
8.984251367481842721e+00 8.857901948068613862e+00
9.072589376193814559e+00 8.949755992595516574e+00
9.170592744012278530e+00 9.045998180141308964e+00
