0.000000000000000000e+00 0.000000000000000000e+00
7.062678821074114266e-03 -1.132581807899304439e-02
1.102995401018865181e-02 0.000000000000000000e+00
3.551844933896863843e-02 0.000000000000000000e+00
5.958080251418954032e-02 0.000000000000000000e+00
1.368017565293828119e-01 1.506106853884667598e-02
1.832387057543796716e-01 5.691543292777838658e-01
6.579079940866606746e-01 7.617547836019163965e-01
8.200575392059590296e-01 8.682424973178833882e-01
9.756794626191723774e-01 9.559504436949614048e-01
1.086535656688888185e+00 1.061742148523898921e+00
1.171597818199114682e+00 1.188610452654134120e+00
1.299919638762229157e+00 1.274315153226178055e+00
1.409044879000402206e+00 1.384882154329517334e+00
1.520240769266667513e+00 1.487420856578907769e+00
1.629538218244386938e+00 1.602425532292143240e+00
1.735249551106161636e+00 1.699392467056442202e+00
1.845914594909852546e+00 1.815574651656074456e+00
1.953460820776027784e+00 1.914460546161512289e+00
2.061369547392765345e+00 2.023331323291405859e+00
2.171489241178996554e+00 2.130978812419229040e+00
2.280490193875253535e+00 2.234061550613989588e+00
2.384871772931449030e+00 2.335184267916039502e+00
2.490284248432819147e+00 2.471768895225228579e+00
2.597061600678268523e+00 2.550326307857732289e+00
2.705133184289530757e+00 2.667208404971798341e+00
2.809758879684235211e+00 2.778995470433566428e+00
2.910452070397944624e+00 2.877476659284673666e+00
3.019739186707530276e+00 2.983182000774242670e+00
3.132888430078757835e+00 3.105243531063536011e+00
3.242454613610037839e+00 3.202363736612931611e+00
3.348272139038120265e+00 3.306029007811090992e+00
3.464553087742999971e+00 3.417183292147534690e+00
3.572018934166357518e+00 3.499650644488820017e+00
3.678698642520185746e+00 3.616162371782976059e+00
3.785544602432222572e+00 3.736585430562495702e+00
3.895319180256739067e+00 3.820942381844389946e+00
4.004284786966025855e+00 3.923227378289322775e+00
4.113500810154753218e+00 4.072382163679699296e+00
4.225587972631951850e+00 4.156176761131448849e+00
4.333908549012892131e+00 4.281892370629248212e+00
4.442826417361768421e+00 4.378743107040079963e+00
4.551115443253095805e+00 4.492806621363014230e+00
4.659866970465327718e+00 4.613918812757939136e+00
4.761351240999192491e+00 4.704633882777978116e+00
4.869857690050985788e+00 4.799421323152744279e+00
4.977027608441484396e+00 4.917334374575785816e+00
5.084383529936917334e+00 5.027643952299272634e+00
5.199198382356973624e+00 5.123292545896820371e+00
5.304486201387344835e+00 5.234236688929197356e+00
5.413092986829306952e+00 5.348096917853855103e+00
5.519750469995384989e+00 5.439129535606425314e+00
5.627421352604311089e+00 5.536940713613269338e+00
5.743445936758385884e+00 5.650185962430734676e+00
5.854431505032571259e+00 5.790938007080542071e+00
5.965485236571666405e+00 5.883365873642830479e+00
6.073068118982773989e+00 5.968313034252179961e+00
6.177606111178191917e+00 6.072386793157020790e+00
6.288871527360767821e+00 6.175645337506710852e+00
6.391632914530575249e+00 6.315028805303996684e+00
6.499935138538728729e+00 6.418524642920764300e+00
6.612940862416872179e+00 6.543672977897123211e+00
6.707164587683990042e+00 6.589449206628676059e+00
6.823924489105602120e+00 6.738118901299078978e+00
6.932855666839333075e+00 6.831987719874988763e+00
7.042165007898165463e+00 6.924054060959575985e+00
7.148410810950208472e+00 7.022858758702123616e+00
7.250421587400904144e+00 7.179240556926470340e+00
7.363899980287246017e+00 7.248693923272838902e+00
7.469591129502643589e+00 7.342505884052083154e+00
7.575355911538514952e+00 7.468908916273328202e+00
7.679305325332097532e+00 7.553468720296807604e+00
7.793875175239613817e+00 7.724773311014542010e+00
7.903717876638781448e+00 7.776203373489926740e+00
8.012395046645151453e+00 7.893823385913415258e+00
8.120154128345950184e+00 8.020260122829306226e+00
8.220386096922227992e+00 8.120140557338341836e+00
8.341096826493172856e+00 8.230046884670803919e+00
8.445865842361362397e+00 8.339301116830666771e+00
8.558741601431036017e+00 8.436947518165929694e+00
8.663526362556668303e+00 8.492325592387922839e+00
8.772567153241519478e+00 8.598020266755305840e+00
8.886217526193547656e+00 8.767020379510521266e+00
8.991688396510941317e+00 8.877965931197614680e+00
9.102484945344464506e+00 8.944216157421907454e+00
9.206405416249324958e+00 9.095694552406691002e+00
9.314992609066814921e+00 9.181455503989083056e+00
9.427761751521240186e+00 9.302981460695423976e+00
9.529616711231941650e+00 9.388197588733445897e+00
9.642337211087745885e+00 9.528139949567858480e+00
9.744384487498630065e+00 9.617629034142987976e+00
9.853981466502210296e+00 9.697019589514253468e+00
9.950559018684055346e+00 9.780205949524908959e+00
1.006959872002752476e+01 9.895912068458006416e+00
1.017083469865898060e+01 1.000101238496228184e+01
1.026968999198823340e+01 1.010400009254831311e+01
1.037952602952892178e+01 1.026446315793560515e+01
1.049240731933810977e+01 1.037185926939877767e+01
1.059267559324311136e+01 1.047637627387602954e+01
1.069754814906896989e+01 1.058080109927112034e+01
1.081056013012803874e+01 1.070926973590061237e+01
