0.000000000000000000e+00 0.000000000000000000e+00
0.000000000000000000e+00 0.000000000000000000e+00
0.000000000000000000e+00 0.000000000000000000e+00
0.000000000000000000e+00 0.000000000000000000e+00
0.000000000000000000e+00 0.000000000000000000e+00
0.000000000000000000e+00 0.000000000000000000e+00
0.000000000000000000e+00 0.000000000000000000e+00
0.000000000000000000e+00 0.000000000000000000e+00
0.000000000000000000e+00 0.000000000000000000e+00
0.000000000000000000e+00 0.000000000000000000e+00
0.000000000000000000e+00 0.000000000000000000e+00
0.000000000000000000e+00 0.000000000000000000e+00
0.000000000000000000e+00 0.000000000000000000e+00
0.000000000000000000e+00 0.000000000000000000e+00
0.000000000000000000e+00 0.000000000000000000e+00
0.000000000000000000e+00 0.000000000000000000e+00
0.000000000000000000e+00 0.000000000000000000e+00
0.000000000000000000e+00 0.000000000000000000e+00
0.000000000000000000e+00 0.000000000000000000e+00
0.000000000000000000e+00 0.000000000000000000e+00
0.000000000000000000e+00 0.000000000000000000e+00
0.000000000000000000e+00 0.000000000000000000e+00
0.000000000000000000e+00 0.000000000000000000e+00
0.000000000000000000e+00 0.000000000000000000e+00
0.000000000000000000e+00 0.000000000000000000e+00
0.000000000000000000e+00 0.000000000000000000e+00
1.527445203383538154e-02 0.000000000000000000e+00
0.000000000000000000e+00 0.000000000000000000e+00
9.246259535229686688e-02 0.000000000000000000e+00
0.000000000000000000e+00 0.000000000000000000e+00
1.057142397816076829e-01 0.000000000000000000e+00
1.018721403243310342e-01 0.000000000000000000e+00
6.288804527654252574e-01 1.896529921020277953e-01
5.550490783013186658e-01 6.018434837562182338e+00
6.151174049913120001e+00 9.576329117986787764e+00
1.049063867935025129e+01 1.057231050042208764e+01
1.103864720797490762e+01 1.112388246961181970e+01
1.197789573895376414e+01 1.210244769884295835e+01
1.230998952398021196e+01 1.255607668817413014e+01
1.275753716715528796e+01 1.291065636127215299e+01
1.304856788585059846e+01 1.328830520578401142e+01
1.338934395479276773e+01 1.358980365097386844e+01
1.372548647331323401e+01 1.385906059479094843e+01
1.395032025130469933e+01 1.410171591504000332e+01
1.425591881307296305e+01 1.436619954191993997e+01
1.449545492807180658e+01 1.458340151408439667e+01
1.475227580326815868e+01 1.480085324878263009e+01
1.497526771439551219e+01 1.501236404826657100e+01
1.520253007098567366e+01 1.517364600679550435e+01
1.541979214067868931e+01 1.538777834904444575e+01
1.560561274090617445e+01 1.570611139639613008e+01
1.584559082038260236e+01 1.595516038800968595e+01
1.608060676431097136e+01 1.619901356057756914e+01
1.630429619120355866e+01 1.643842117213623766e+01
1.654182684633619616e+01 1.667082794309140681e+01
1.680706298100944451e+01 1.691334684545178391e+01
1.703009567203962149e+01 1.714338911872407678e+01
1.725998938323520449e+01 1.736702843624454573e+01
1.753693948689298665e+01 1.759858785083419974e+01
1.767673024867560372e+01 1.784628523502125574e+01
1.807849226903145734e+01 1.795638870148802368e+01
1.832257471092982470e+01 1.814750694905721318e+01
1.839574208827255930e+01 1.853543913158770806e+01
1.878825475168352810e+01 1.866108798400767554e+01
1.888164543545114782e+01 1.902032944141972948e+01
1.927259087137294102e+01 1.915350565656529369e+01
1.938850380739675572e+01 1.947724427142181725e+01
1.974398908417290599e+01 1.959628245559936133e+01
1.988903655519268199e+01 1.997101970538632187e+01
2.023757200319086280e+01 2.013410029405359580e+01
2.050885504525864889e+01 2.036720864538445142e+01
2.077532193838555585e+01 2.064915369249863630e+01
2.102737300773732443e+01 2.087420808771006620e+01
2.128857045300550155e+01 2.115595715814019684e+01
2.154765941549834452e+01 2.135733325458654264e+01
2.181948840197861728e+01 2.168779248112469915e+01
2.208195373820822383e+01 2.192073471415486452e+01
2.235203194374747326e+01 2.221807956574219389e+01
2.262553375398052680e+01 2.242127230653553482e+01
2.289706680738777322e+01 2.269944639439061973e+01
2.316319096127391575e+01 2.296445571383875617e+01
2.342244224862115232e+01 2.326268977716585695e+01
2.368752662946391041e+01 2.347264343485603533e+01
2.394145048524017128e+01 2.374440495887515468e+01
2.421276139842512265e+01 2.408658974342806403e+01
2.447738503192514514e+01 2.432980392236883205e+01
2.475269785388818988e+01 2.451117594474163042e+01
2.502250274916122663e+01 2.482703836579388224e+01
2.529180600047365957e+01 2.505163387976970313e+01
2.557265740642293039e+01 2.536700015756638749e+01
2.583349403103647290e+01 2.560579127301439684e+01
2.611114041115856921e+01 2.593631284802780712e+01
2.639569244579828577e+01 2.615037388763190052e+01
2.666164414595088417e+01 2.643981012584877632e+01
2.692772785784921297e+01 2.673494019496002139e+01
2.720405537468531776e+01 2.693107576535813763e+01
2.746489568257965175e+01 2.727616294458653456e+01
2.774113424349805967e+01 2.751003114269322225e+01
2.801680981961585104e+01 2.781222614074336974e+01
2.829260768620657629e+01 2.803786369718385174e+01
2.856844408727253537e+01 2.835766346065564036e+01
