0.000000000000000000e+00 0.000000000000000000e+00
0.000000000000000000e+00 0.000000000000000000e+00
0.000000000000000000e+00 0.000000000000000000e+00
0.000000000000000000e+00 0.000000000000000000e+00
0.000000000000000000e+00 0.000000000000000000e+00
0.000000000000000000e+00 0.000000000000000000e+00
0.000000000000000000e+00 0.000000000000000000e+00
0.000000000000000000e+00 0.000000000000000000e+00
0.000000000000000000e+00 0.000000000000000000e+00
0.000000000000000000e+00 0.000000000000000000e+00
0.000000000000000000e+00 0.000000000000000000e+00
0.000000000000000000e+00 0.000000000000000000e+00
0.000000000000000000e+00 0.000000000000000000e+00
0.000000000000000000e+00 0.000000000000000000e+00
0.000000000000000000e+00 0.000000000000000000e+00
0.000000000000000000e+00 0.000000000000000000e+00
0.000000000000000000e+00 0.000000000000000000e+00
0.000000000000000000e+00 0.000000000000000000e+00
0.000000000000000000e+00 0.000000000000000000e+00
0.000000000000000000e+00 0.000000000000000000e+00
0.000000000000000000e+00 0.000000000000000000e+00
0.000000000000000000e+00 0.000000000000000000e+00
0.000000000000000000e+00 0.000000000000000000e+00
3.225404611174216285e-01 0.000000000000000000e+00
1.021113673798762722e+00 9.972699623636860355e-01
2.528604610382911844e+00 6.843983844985009668e+00
6.496642272397763485e+00 9.234853776820344251e+00
9.496155722457411130e+00 9.651649021080601187e+00
9.924154305730258585e+00 9.926283134617593262e+00
9.954005001146402520e+00 1.018063657428476532e+01
1.025998655906571244e+01 1.028598005463410381e+01
1.038675674494644774e+01 1.040131520518303532e+01
1.056707357367123201e+01 1.060079009766396752e+01
1.075784355747694931e+01 1.085031977678476700e+01
1.101566454616489210e+01 1.110953978224731209e+01
1.117933236502111605e+01 1.144669267991505990e+01
1.143059801699993550e+01 1.174912816897382051e+01
1.167759954575867809e+01 1.200186654358346239e+01
1.191827787044196008e+01 1.221743603229626274e+01
1.219200001811947764e+01 1.246743090822623756e+01
1.244376028051172867e+01 1.267799550784112839e+01
1.268456400172799015e+01 1.289848019361263098e+01
1.292627865107130170e+01 1.309945595597391588e+01
1.317659057240962461e+01 1.330134799332138229e+01
1.337327974555523014e+01 1.349974234799348949e+01
1.361210640654529946e+01 1.370562326930038921e+01
1.388208772133594415e+01 1.380750038279428615e+01
1.400271441397860173e+01 1.410307538460997812e+01
1.424065241814845528e+01 1.431517600630635201e+01
1.443562656016849921e+01 1.454332487004677965e+01
1.464705034736516076e+01 1.475923814937158340e+01
1.488197782286240489e+01 1.497478505192702691e+01
1.507768245772446392e+01 1.519104885176885844e+01
1.539337504239215093e+01 1.531895294811085684e+01
1.560681782425528041e+01 1.546355108772179676e+01
1.581733584921477487e+01 1.567830961749465146e+01
1.604952177246687839e+01 1.589168909663001017e+01
1.627891576187701261e+01 1.612997583084833764e+01
1.650307840964472916e+01 1.635145785111629024e+01
1.672550919638065992e+01 1.656411159575951686e+01
1.695793929377810372e+01 1.680082409199885163e+01
1.718734926933465346e+01 1.701724688731786728e+01
1.742265730842884608e+01 1.724201419953985237e+01
1.764327867563071806e+01 1.750185290866647136e+01
1.787291154904890078e+01 1.771529998508930248e+01
1.809501376498494096e+01 1.794232202427409106e+01
1.832597958704888441e+01 1.818659762534903379e+01
1.856258408034673479e+01 1.842077205010632923e+01
1.880406498889826139e+01 1.863082776540657903e+01
1.904062893524639932e+01 1.885912208773462950e+01
1.928648113893576621e+01 1.911164232662003215e+01
1.952365514831657123e+01 1.934904918344409097e+01
1.975348233126386077e+01 1.957401269482808104e+01
2.000458674232056921e+01 1.976823921966861519e+01
2.023425677064799899e+01 2.002607686508824969e+01
2.046887532760431228e+01 2.030964752125322548e+01
2.071533387015465166e+01 2.049512947974871224e+01
2.095609824303762281e+01 2.071780792798679727e+01
2.119329615362340746e+01 2.103873890609066777e+01
2.144410786516479206e+01 2.124212578293788667e+01
2.169633955180594498e+01 2.152335189814468208e+01
2.194795068917367686e+01 2.172460081447222890e+01
2.218689110216152471e+01 2.196343379782297589e+01
2.244340649688336953e+01 2.220749690636323237e+01
2.268660836903816858e+01 2.249295232295488489e+01
2.292459687829258996e+01 2.264935512311427956e+01
2.315537730348451007e+01 2.291234339418357635e+01
2.340709205899315037e+01 2.317672128267779641e+01
2.365293772616420043e+01 2.342739320608813358e+01
2.389539263477519526e+01 2.364044247722812386e+01
2.415528412828813742e+01 2.385502694216348019e+01
2.440095389600078946e+01 2.417229908968515062e+01
2.463679053731038238e+01 2.435809642019915344e+01
2.488994415848324948e+01 2.466281777840740119e+01
2.513466279323284169e+01 2.491732857606560714e+01
2.538882855461294952e+01 2.512662081630682209e+01
2.564385553436337517e+01 2.537530847461321315e+01
2.589519067890106641e+01 2.565569395652378404e+01
2.616879070639643245e+01 2.588303253662111914e+01
2.643423396634001676e+01 2.610014684633240378e+01
2.668248695016066918e+01 2.647406016594531764e+01
