0.000000000000000000e+00 0.000000000000000000e+00
1.170188015206482079e+00 1.372838978967329870e+00
1.385595137947917221e+00 1.392864571283018105e+00
1.394436733196154687e+00 1.399255650705309106e+00
1.451102750506779060e+00 1.464101541382578198e+00
1.539174089896115705e+00 1.621720596679304682e+00
1.678856028107869491e+00 1.803287717382630495e+00
1.813831103298137570e+00 2.012234410113646454e+00
1.959240949441894086e+00 2.168618274965064430e+00
2.138041223406876412e+00 2.336288319432733740e+00
2.308144002046352394e+00 2.479966684420816136e+00
2.463266716860371019e+00 2.604831470075786637e+00
2.608707042331676718e+00 2.730565192516835271e+00
2.734109531128541715e+00 2.856852867981788169e+00
2.862900610212473662e+00 2.979486687588640326e+00
2.980576741205087643e+00 3.104738461645790704e+00
3.123697397109574947e+00 3.224687804784291956e+00
3.333716442755029874e+00 3.240830025760423894e+00
3.350677468316963115e+00 3.470087200313732190e+00
3.484293268669121257e+00 3.601272366725748242e+00
3.620907112756881929e+00 3.726709873749270763e+00
3.753832713935256304e+00 3.853946027495599669e+00
3.974259036392847388e+00 3.871409693629970672e+00
4.095597067789690904e+00 4.001574493220464213e+00
4.221951640142375339e+00 4.117169327580012528e+00
4.357873374094631380e+00 4.252034031289348093e+00
4.480472714358334052e+00 4.382727533627012839e+00
4.607152571015325826e+00 4.523998288354079023e+00
4.647775169639722925e+00 4.743526646231043919e+00
4.863780224540639630e+00 4.789803570494290064e+00
4.905913526831851001e+00 4.995265427779578715e+00
5.123481856167857451e+00 5.059911041730426717e+00
5.254149461158204915e+00 5.196544102911320628e+00
5.383171389009967278e+00 5.328072897404565467e+00
5.519680653063179676e+00 5.452551333305030390e+00
5.647407009291633528e+00 5.612270427977063214e+00
5.732721188997088824e+00 5.787299642814704548e+00
5.852353945390392553e+00 5.904741618381912360e+00
6.046596144925867833e+00 6.011854756701763058e+00
6.176792403322432179e+00 6.114677034698321911e+00
6.317894229558531194e+00 6.242459704904620210e+00
6.456605487843116720e+00 6.331267706310988785e+00
6.589362783646003585e+00 6.560426125005438536e+00
6.731412701766206652e+00 6.664068008407530108e+00
6.865859757599137581e+00 6.774532018965627067e+00
7.000476031124336806e+00 6.915973496410031451e+00
7.152459802982936488e+00 7.091445711616358061e+00
7.271764964943469245e+00 7.219779571819222141e+00
7.416291111653197987e+00 7.342486399037703393e+00
7.552331531525276809e+00 7.489671893394270974e+00
7.706804059385733652e+00 7.557147393855887962e+00
7.837270608355165535e+00 7.748538596772413634e+00
7.984706479437863713e+00 7.869876710390355967e+00
8.002570506335205280e+00 8.083765743698712924e+00
8.259615831886380377e+00 8.114823428471513722e+00
8.387895168191999318e+00 8.265366205894618901e+00
8.530101871991993434e+00 8.398941710156641705e+00
8.674847165552023398e+00 8.550351911203817323e+00
8.812894990115072602e+00 8.617630788481683624e+00
8.966415837389041243e+00 8.842081615863580879e+00
8.955751378529347662e+00 9.063797235982308464e+00
9.237852759271783398e+00 9.113907185903906694e+00
9.379693488603049190e+00 9.230328575781584277e+00
9.418459530974663707e+00 9.481046171201503725e+00
9.657816539989335425e+00 9.507793405475791104e+00
9.800063250614474697e+00 9.676619416756924608e+00
9.936450928462212673e+00 9.787848510786584910e+00
1.008144369940557539e+01 9.904254623215155817e+00
1.021862423966041256e+01 1.009236079666666086e+01
1.036391416981719260e+01 1.018506139300638758e+01
1.049598580464630970e+01 1.031031978126987170e+01
1.064292244273228860e+01 1.041635397532719232e+01
1.078601806696250520e+01 1.061751449986508256e+01
1.095045732145704953e+01 1.074304291309578474e+01
1.107659173914339767e+01 1.090770523592428631e+01
1.122580647936374021e+01 1.104871052261644770e+01
1.137701803144065948e+01 1.114891838458498441e+01
1.150997983095400734e+01 1.129857074219616742e+01
1.146551061266687199e+01 1.159016393199531691e+01
1.180414690622238005e+01 1.165769446075357507e+01
1.192008488627292628e+01 1.171259945763583410e+01
1.206916421823706465e+01 1.186688731387593165e+01
1.221912437450375855e+01 1.197822049008842349e+01
1.235695461595256361e+01 1.215511284830920502e+01
1.249164279360292262e+01 1.226542065362767886e+01
1.263583732058154929e+01 1.244841307294116461e+01
1.278361431395685521e+01 1.256925205917156596e+01
1.292781657390017358e+01 1.271966667132015516e+01
1.304471988780831460e+01 1.285676426262381433e+01
1.320920522126484187e+01 1.296634590135987075e+01
1.334901506404864335e+01 1.311654817690421027e+01
1.348711295548135247e+01 1.326682721582796098e+01
1.363980378119680026e+01 1.338416591597176719e+01
1.375540152695174534e+01 1.356579564110772473e+01
1.390917350477367975e+01 1.365602073822565465e+01
1.405967417508602324e+01 1.384161091242099317e+01
1.419897476496511857e+01 1.397342628428274836e+01
1.433177847995659704e+01 1.411848649346874396e+01
1.445975835140186128e+01 1.419810099464489639e+01
1.458865214058570459e+01 1.442378462196834121e+01
1.476589498667192046e+01 1.458452043523098673e+01
