0.000000000000000000e+00 0.000000000000000000e+00
0.000000000000000000e+00 0.000000000000000000e+00
0.000000000000000000e+00 0.000000000000000000e+00
0.000000000000000000e+00 0.000000000000000000e+00
0.000000000000000000e+00 0.000000000000000000e+00
0.000000000000000000e+00 0.000000000000000000e+00
0.000000000000000000e+00 0.000000000000000000e+00
0.000000000000000000e+00 0.000000000000000000e+00
0.000000000000000000e+00 0.000000000000000000e+00
0.000000000000000000e+00 0.000000000000000000e+00
0.000000000000000000e+00 0.000000000000000000e+00
0.000000000000000000e+00 0.000000000000000000e+00
0.000000000000000000e+00 0.000000000000000000e+00
0.000000000000000000e+00 0.000000000000000000e+00
0.000000000000000000e+00 0.000000000000000000e+00
0.000000000000000000e+00 0.000000000000000000e+00
0.000000000000000000e+00 0.000000000000000000e+00
0.000000000000000000e+00 0.000000000000000000e+00
0.000000000000000000e+00 0.000000000000000000e+00
0.000000000000000000e+00 0.000000000000000000e+00
0.000000000000000000e+00 0.000000000000000000e+00
0.000000000000000000e+00 0.000000000000000000e+00
0.000000000000000000e+00 0.000000000000000000e+00
0.000000000000000000e+00 0.000000000000000000e+00
0.000000000000000000e+00 0.000000000000000000e+00
0.000000000000000000e+00 0.000000000000000000e+00
0.000000000000000000e+00 0.000000000000000000e+00
0.000000000000000000e+00 0.000000000000000000e+00
0.000000000000000000e+00 0.000000000000000000e+00
0.000000000000000000e+00 0.000000000000000000e+00
0.000000000000000000e+00 0.000000000000000000e+00
0.000000000000000000e+00 0.000000000000000000e+00
0.000000000000000000e+00 0.000000000000000000e+00
0.000000000000000000e+00 0.000000000000000000e+00
0.000000000000000000e+00 0.000000000000000000e+00
0.000000000000000000e+00 0.000000000000000000e+00
0.000000000000000000e+00 0.000000000000000000e+00
0.000000000000000000e+00 0.000000000000000000e+00
0.000000000000000000e+00 0.000000000000000000e+00
0.000000000000000000e+00 0.000000000000000000e+00
0.000000000000000000e+00 0.000000000000000000e+00
0.000000000000000000e+00 0.000000000000000000e+00
0.000000000000000000e+00 0.000000000000000000e+00
0.000000000000000000e+00 0.000000000000000000e+00
0.000000000000000000e+00 0.000000000000000000e+00
0.000000000000000000e+00 0.000000000000000000e+00
0.000000000000000000e+00 0.000000000000000000e+00
0.000000000000000000e+00 0.000000000000000000e+00
0.000000000000000000e+00 0.000000000000000000e+00
0.000000000000000000e+00 0.000000000000000000e+00
0.000000000000000000e+00 0.000000000000000000e+00
0.000000000000000000e+00 0.000000000000000000e+00
0.000000000000000000e+00 0.000000000000000000e+00
0.000000000000000000e+00 0.000000000000000000e+00
0.000000000000000000e+00 0.000000000000000000e+00
0.000000000000000000e+00 0.000000000000000000e+00
0.000000000000000000e+00 0.000000000000000000e+00
0.000000000000000000e+00 0.000000000000000000e+00
0.000000000000000000e+00 0.000000000000000000e+00
0.000000000000000000e+00 0.000000000000000000e+00
0.000000000000000000e+00 0.000000000000000000e+00
0.000000000000000000e+00 0.000000000000000000e+00
0.000000000000000000e+00 0.000000000000000000e+00
7.339975962434011625e-02 0.000000000000000000e+00
0.000000000000000000e+00 0.000000000000000000e+00
3.677055742547003653e-02 0.000000000000000000e+00
4.750020570270878650e-01 3.428573157074917277e-01
1.318965928424561618e+00 2.380402606095466389e+00
1.307136611702974793e+00 3.240591828832516175e+00
5.463982505818156810e+00 1.261222127217357958e+01
1.523392288920629944e+01 1.921596881413096369e+01
2.057124351492415570e+01 2.248275734441400431e+01
2.281930124696110340e+01 2.422149792545862823e+01
2.448847294508875549e+01 2.517877168835083523e+01
2.544919643608739079e+01 2.579293820871671628e+01
2.626168134407126686e+01 2.615762774016547709e+01
2.662684672482809489e+01 2.682688360034804731e+01
2.713269282279736672e+01 2.726749145732361512e+01
2.771707467879468467e+01 2.758472540275737472e+01
2.813207245104935694e+01 2.803133212509965944e+01
2.855906047867782149e+01 2.844752892293005075e+01
2.896987575793740177e+01 2.885706757160897951e+01
2.938058040074252020e+01 2.924282512401012113e+01
2.978766934763327612e+01 2.966607625415517191e+01
3.016261325997619380e+01 3.008257570091988953e+01
3.056445624301948527e+01 3.048009380932277068e+01
3.094311480045989171e+01 3.085035972249723102e+01
3.133043530130219523e+01 3.123285939010184009e+01
3.170312597669658672e+01 3.162651995672711180e+01
3.209993196433711660e+01 3.201608296091602313e+01
3.248135609237857580e+01 3.238711718000476480e+01
3.285459269877622290e+01 3.275624251049411129e+01
3.324207097661668087e+01 3.312042257790714928e+01
3.360711655687939015e+01 3.352259142924724244e+01
3.398342584371605568e+01 3.384015860225909478e+01
3.435640029881290758e+01 3.420817524736416715e+01
3.475190813671326140e+01 3.455088316420104633e+01
3.511587835988146367e+01 3.495097957955001533e+01
3.547491491030024946e+01 3.529286983358452545e+01
3.584818271679039015e+01 3.566922314984414299e+01
3.619991956401381827e+01 3.603908459071956827e+01
