0.000000000000000000e+00 0.000000000000000000e+00
0.000000000000000000e+00 0.000000000000000000e+00
0.000000000000000000e+00 0.000000000000000000e+00
0.000000000000000000e+00 0.000000000000000000e+00
0.000000000000000000e+00 0.000000000000000000e+00
0.000000000000000000e+00 0.000000000000000000e+00
0.000000000000000000e+00 0.000000000000000000e+00
0.000000000000000000e+00 4.675698660529572948e+00
5.296964281138579089e+00 3.701159076206725906e+00
5.687571738883448802e+00 5.681029396550650645e+00
5.673891323701379719e+00 5.691362245599538738e+00
5.713759553230809196e+00 5.712742955903408415e+00
5.700670906752787204e+00 5.715454968481032516e+00
5.724133865150407452e+00 5.772192092458892532e+00
5.817268307111753245e+00 5.899026003104029137e+00
6.001893874372284721e+00 6.107214181081416449e+00
6.124138119882045039e+00 6.425979530336136669e+00
6.318400248509267847e+00 6.650734979124989010e+00
6.592475895662680330e+00 6.914198085552826001e+00
6.839063508357701160e+00 7.139794724303943241e+00
7.119226508484712390e+00 7.303461867121634477e+00
7.260974452174658644e+00 7.479817980241031172e+00
7.534935435647524216e+00 7.670142037260728074e+00
7.697673532488677139e+00 7.853558031458669930e+00
7.900390864738008112e+00 8.021743419062531189e+00
8.065783867862176493e+00 8.194246351442291854e+00
8.252624694270572547e+00 8.357337183346457365e+00
8.423391732302153656e+00 8.525352009078183357e+00
8.632523691507088870e+00 8.686376690973750314e+00
8.800469995146118052e+00 8.853020803662207783e+00
8.940465351590958676e+00 9.018063811437640354e+00
9.106155682372445881e+00 9.186601067980150859e+00
9.297528108116280166e+00 9.348284392370329599e+00
9.461427752824777215e+00 9.509889852807086541e+00
9.609001452144161348e+00 9.670908940544759247e+00
9.774173631440536525e+00 9.851805033336894724e+00
9.925794845887818241e+00 1.001414979744839151e+01
1.009816438729556864e+01 1.018345363666458248e+01
1.027600058751735901e+01 1.034336382058236126e+01
1.042125591955161923e+01 1.050665275529269138e+01
1.058529300794764261e+01 1.067875729673622587e+01
1.074626787096821268e+01 1.084058590703505409e+01
1.091809073637830174e+01 1.100596079340171940e+01
1.104157879867692138e+01 1.117269019722339962e+01
1.123296877039702935e+01 1.132841425764458343e+01
1.129457056843180851e+01 1.149442338154191923e+01
1.149982031541707528e+01 1.165437168404877966e+01
1.178102403568154699e+01 1.170890669414873564e+01
1.183103017403036539e+01 1.196130655047746849e+01
1.209476466524037797e+01 1.195170415649960205e+01
1.224101732164714562e+01 1.206124796722175496e+01
1.238650750462840655e+01 1.220810789639745586e+01
1.241109974441036279e+01 1.256231926031636448e+01
1.257245171163820174e+01 1.271835370922589448e+01
1.286239578860902455e+01 1.270983201994294731e+01
1.301867793832963827e+01 1.288061048922009633e+01
1.301695754913971825e+01 1.318383982459711135e+01
1.318064076357853764e+01 1.334410302415965965e+01
1.332760636682839994e+01 1.350911995244995545e+01
1.366287588091811322e+01 1.352768899580279260e+01
1.370683433650083494e+01 1.384037923574982010e+01
1.384993195742618788e+01 1.401737350382795100e+01
1.418968748575534100e+01 1.396355450554958466e+01
1.436048416398922356e+01 1.412500362525076625e+01
1.432321478935396897e+01 1.451940829257424070e+01
1.469447129787735662e+01 1.446906210303992069e+01
1.485455019558451539e+01 1.467867259984191541e+01
1.485221442781629264e+01 1.502135003222891818e+01
1.518849331620588394e+01 1.500046408527553154e+01
1.518531837013493835e+01 1.534404649692383593e+01
1.551915171475671329e+01 1.535445173752146530e+01
1.569560905153235453e+01 1.551467939409851304e+01
1.587670920990451329e+01 1.571292116772856851e+01
1.603651692181194832e+01 1.584013729142234439e+01
1.621266220640625377e+01 1.601034302867587655e+01
1.638699732089730077e+01 1.622773932611393732e+01
1.656449022538157578e+01 1.643346814304647907e+01
1.675538131058585378e+01 1.649381685380240725e+01
1.671949597478197092e+01 1.689632510893780193e+01
1.689875991472073125e+01 1.706249106643535995e+01
1.706961013062243637e+01 1.722978314150772405e+01
1.743635726190698776e+01 1.722414462863606488e+01
1.762692512760194674e+01 1.742739757449987792e+01
1.779808400096674958e+01 1.752428275772820143e+01
1.766257613067055132e+01 1.794167354803141734e+01
1.815422349936419266e+01 1.792009986299474633e+01
1.833265527091023017e+01 1.803666159372093603e+01
1.822884635727341163e+01 1.847644938712431184e+01
1.867789129109325685e+01 1.843816839447730160e+01
1.863917389834359639e+01 1.880561780283053608e+01
1.903926626784834752e+01 1.876039688777673575e+01
1.921580735763796710e+01 1.893754266839423295e+01
1.939182442093591163e+01 1.919459863503276154e+01
1.956791964696693142e+01 1.934078664166951000e+01
1.974476866732886293e+01 1.944323883915929585e+01
1.994181878226552129e+01 1.964538988076139958e+01
2.011510836301536642e+01 1.987880370758661286e+01
2.030198518821608644e+01 2.008492499227088146e+01
2.019540592876846219e+01 2.042372753436348276e+01
2.064875490978997874e+01 2.042399449934137223e+01
2.083840217866670130e+01 2.061023486336098287e+01
