0.000000000000000000e+00 0.000000000000000000e+00
0.000000000000000000e+00 0.000000000000000000e+00
0.000000000000000000e+00 0.000000000000000000e+00
0.000000000000000000e+00 0.000000000000000000e+00
3.642708929037118820e-02 9.031893088347758836e-03
5.775029394891988133e-02 3.398952139587766569e-02
1.655713581681916291e-01 1.025365541910397305e+00
1.055155941316575197e+00 1.534544700221349478e+00
1.690196287672712794e+00 1.772926179825698556e+00
1.944948227682197439e+00 1.913048292394779359e+00
2.092743149119701940e+00 2.146925796094623973e+00
2.324511276124250347e+00 2.295604600638559312e+00
2.475611649792274438e+00 2.508138805025668994e+00
2.694618316500703159e+00 2.683975881583950063e+00
2.879832457565083548e+00 2.857467169454262379e+00
3.073115322580964648e+00 3.022432344821909478e+00
3.272000447163251557e+00 3.217556248366636229e+00
3.458868612384946584e+00 3.414592009626626457e+00
3.653219672684047570e+00 3.593902089208577788e+00
3.841551707380238767e+00 3.804457006460002511e+00
4.035369751415140982e+00 3.969536633130549053e+00
4.230821063627013601e+00 4.170983940255994504e+00
4.433458781978739438e+00 4.380990451247509299e+00
4.624111731396617131e+00 4.544470457040860722e+00
4.815043533508068130e+00 4.748862303264757223e+00
5.011924362686171364e+00 4.924626542701102672e+00
5.212949667410905263e+00 5.116861341266856655e+00
5.408015476129741650e+00 5.298747922891188011e+00
5.604778584743896452e+00 5.475270022568066608e+00
5.789994370531519330e+00 5.671303001997426207e+00
5.982489435240451847e+00 5.880885881741614973e+00
6.190567977764467322e+00 6.062976556049436638e+00
6.370318502639794822e+00 6.251023689746386225e+00
6.566629528666438453e+00 6.454507962215825678e+00
6.762823805024325452e+00 6.628586587428887178e+00
6.956705278892415301e+00 6.817569263647188293e+00
7.162363024109816401e+00 6.987049064753745320e+00
7.356621053503847207e+00 7.201385210821710459e+00
7.557097868875654711e+00 7.411692543688817914e+00
7.762166692944918012e+00 7.589837395566768841e+00
7.948916659158745013e+00 7.778038447493004881e+00
8.136753838460347055e+00 8.018911510577991564e+00
8.343672269448161316e+00 8.167950668230139044e+00
8.537631860533876349e+00 8.372087038591642383e+00
8.739559785630094169e+00 8.499449205448353695e+00
8.947759795808366334e+00 8.729196895146987600e+00
9.145035883247311759e+00 8.934431883221410686e+00
9.344167286469502898e+00 9.131200307422878026e+00
9.540730879029551303e+00 9.260207831128658640e+00
9.731051132688692817e+00 9.501654523325756330e+00
9.926364340701541167e+00 9.671747535419685349e+00
1.011889670248212880e+01 9.883847522876362035e+00
1.030569752979389975e+01 1.007676576745626029e+01
1.051189122294661793e+01 1.024915213564010585e+01
1.069753073181958314e+01 1.049202506316427552e+01
1.089452193582232553e+01 1.069342246643926941e+01
1.109995552347935899e+01 1.086505474166335716e+01
1.127940256751084469e+01 1.105958656590211930e+01
1.148550916007506828e+01 1.121573055758838144e+01
1.169049552020857696e+01 1.144612847368124875e+01
1.188218391814388397e+01 1.160050038339231726e+01
1.207025510587139649e+01 1.184669520559591405e+01
1.226445501603419252e+01 1.199027389443745051e+01
1.245874116045148128e+01 1.223142972691796082e+01
1.265597486348074696e+01 1.240380228234682392e+01
1.284188996794061133e+01 1.262307727309607941e+01
1.303521398035139356e+01 1.280694968332001160e+01
1.323055415658881806e+01 1.298162769615378132e+01
1.341483516307205726e+01 1.314363148934940817e+01
1.361406264848175951e+01 1.336505835215905336e+01
1.378864138719202259e+01 1.355914018702974211e+01
1.398839746010262530e+01 1.379826645690204323e+01
1.417990845988443205e+01 1.394515277259857911e+01
1.436884302967941807e+01 1.418178190064652178e+01
1.456565639843028315e+01 1.436168372237647972e+01
1.476201156197825881e+01 1.450528657150213441e+01
1.496316237293399531e+01 1.473006547715612058e+01
1.514394799463517671e+01 1.493652190687023662e+01
1.533986322427786675e+01 1.513372125600014684e+01
1.554602530420876327e+01 1.534527470349116207e+01
1.573097019903637772e+01 1.552041531831500798e+01
1.591385304256513322e+01 1.571596222275423926e+01
1.612070507685597676e+01 1.590071747255917067e+01
1.630319192057037370e+01 1.607268933413857681e+01
1.649667046148320892e+01 1.624603460698502388e+01
1.668952194743344108e+01 1.638348677526122188e+01
1.690882098212220441e+01 1.660668320139875220e+01
1.708188447760615603e+01 1.686776131438015724e+01
1.727738210739978442e+01 1.707666511467736470e+01
1.748597545508183870e+01 1.726666354587400676e+01
1.767439228013350316e+01 1.743686694682891059e+01
1.789163783430235455e+01 1.753535755612422875e+01
1.807246904349924677e+01 1.782277700864629466e+01
1.828289371698917165e+01 1.793692031100273709e+01
1.846583628934783050e+01 1.824934714187890350e+01
1.865838238878727751e+01 1.838596578153658712e+01
1.885540424403789928e+01 1.854460818068525896e+01
1.905806493149729519e+01 1.882659016890218240e+01
1.923520906727393509e+01 1.891756447261361984e+01
1.944232038266075335e+01 1.903653483880655983e+01
1.964627754501848855e+01 1.939217234647357202e+01
