0.000000000000000000e+00 0.000000000000000000e+00
7.083137480229670466e-04 0.000000000000000000e+00
9.517579068911399126e-03 0.000000000000000000e+00
8.261539577582432958e-02 0.000000000000000000e+00
2.164545731281754259e-01 1.025797337239359869e-03
4.439846416189291434e-01 1.035698505612834969e-01
4.472447753663011949e-01 1.032985003852258998e+00
1.146540951133811381e+00 1.273690623563945801e+00
1.488410093610962548e+00 1.386535761109682463e+00
1.699207871821394766e+00 1.588011250441720756e+00
1.901392312615539870e+00 1.812927781155035278e+00
2.104782363032632109e+00 2.006697803370001143e+00
2.308284324857623915e+00 2.213805657240541791e+00
2.505359261138291327e+00 2.432839412693197811e+00
2.704655799200853306e+00 2.617696453483381536e+00
2.902100143741726868e+00 2.773225828070763122e+00
3.095887507962843177e+00 2.986744132604657320e+00
3.295364476518758412e+00 3.160304208216056843e+00
3.490705598000035437e+00 3.394830813044289020e+00
3.693428414067109866e+00 3.587976233587690800e+00
3.894311187468352475e+00 3.771787143267387510e+00
4.090717215447841504e+00 3.965467490993598521e+00
4.289743542873324600e+00 4.136200849039760818e+00
4.492236254933758666e+00 4.369725899921527379e+00
4.679655012342887943e+00 4.545657262022751333e+00
4.883295729291113219e+00 4.770692201302827229e+00
5.077947441780716886e+00 4.975272877474800737e+00
5.277051477896863574e+00 5.140092407022072152e+00
5.471863518118165182e+00 5.302303530555415811e+00
5.672062071469077260e+00 5.515540287566031097e+00
5.882077784956083022e+00 5.705968641102097116e+00
6.083995748897463862e+00 5.881266227380330669e+00
6.287732420587329507e+00 6.100142644598006036e+00
6.484496403829709266e+00 6.317662216978377820e+00
6.693328541923293074e+00 6.509702920601864840e+00
6.895884850754910644e+00 6.662850993025847046e+00
7.088125340196966384e+00 6.899458283003408354e+00
7.285515637186017024e+00 7.098347038767720107e+00
7.469995783861516081e+00 7.288449586663916513e+00
7.663471804109592611e+00 7.479913788803312258e+00
7.852067412216553244e+00 7.645669216992101447e+00
8.053147919414168854e+00 7.876575554912107258e+00
8.239950372789881072e+00 8.064260916686075475e+00
8.445780358845528468e+00 8.288513692341988204e+00
8.645548261292466563e+00 8.436239424932672648e+00
8.839021654148645268e+00 8.684707247321826529e+00
9.040674195394840851e+00 8.840040232266366260e+00
9.224510869571785676e+00 9.017067020975918723e+00
9.428273803723882907e+00 9.209494276837046911e+00
9.622470746661994312e+00 9.382767339875949020e+00
9.817036121657444880e+00 9.619690259623142836e+00
1.002445387376169705e+01 9.797255983037196359e+00
1.021800018001848720e+01 1.005355607414166919e+01
1.041355295371150547e+01 1.021801027706768217e+01
1.060977840297555552e+01 1.045432867981134883e+01
1.082124815770208848e+01 1.059619634809855881e+01
1.101542305578276881e+01 1.082578313495539568e+01
1.121594002089181430e+01 1.105593263214191069e+01
1.140815138618365054e+01 1.125578298564132851e+01
1.160557122343817760e+01 1.139344291778019524e+01
1.180467660801595819e+01 1.159027027507558394e+01
1.200004673732271421e+01 1.183864354409634068e+01
1.219438733985218093e+01 1.190821652014609633e+01
1.239545475562847621e+01 1.223330659416882860e+01
1.259638199395304348e+01 1.238112977648848378e+01
1.278504173896336304e+01 1.254820674971097993e+01
1.297829460673769475e+01 1.267374885383063088e+01
1.316364682390962848e+01 1.296373515010554733e+01
1.336436842933712832e+01 1.312811744176414841e+01
1.355322582678336296e+01 1.326676356103776833e+01
1.374885359367792148e+01 1.352985705809951611e+01
1.394044661580191757e+01 1.374593474749868172e+01
1.412686155498263751e+01 1.391814443852030614e+01
1.433247446087065846e+01 1.408944780086763515e+01
1.450933678756313405e+01 1.429266467012961783e+01
1.471735926161393060e+01 1.441892714953369392e+01
1.492768558277266955e+01 1.471288580573104277e+01
1.511515514968262686e+01 1.488192088979580596e+01
1.532183620593347761e+01 1.511159362022799968e+01
1.551457094315024321e+01 1.535675637567648089e+01
1.572499550893191511e+01 1.544668122124854293e+01
1.589912786553956536e+01 1.564211816025145829e+01
1.611742309603821965e+01 1.586589000301009911e+01
1.631455994553477140e+01 1.612654819777046811e+01
1.651267921926431725e+01 1.628000590711239326e+01
1.671510335372718004e+01 1.638502170272619907e+01
1.690719893042075128e+01 1.655652822261425072e+01
1.710161024342681557e+01 1.686715987523572124e+01
1.729258256429605822e+01 1.708524371742998582e+01
1.749810657507625677e+01 1.718716511789153145e+01
1.769719262646620805e+01 1.742975316240308103e+01
1.789932882839165984e+01 1.766181075075403584e+01
1.808579788004692190e+01 1.779132603383953182e+01
1.827696081501477821e+01 1.802084206497850616e+01
1.848402326691456210e+01 1.814519295942811183e+01
1.868629282264059555e+01 1.837147760339769320e+01
1.886632325608838201e+01 1.849775207762934315e+01
1.907631174086994363e+01 1.872161720844984600e+01
1.927039833333634533e+01 1.878898908377741606e+01
1.947106447104682303e+01 1.908848967396025031e+01
1.967353025393216370e+01 1.945863074732254105e+01
