0.000000000000000000e+00 0.000000000000000000e+00
0.000000000000000000e+00 0.000000000000000000e+00
0.000000000000000000e+00 0.000000000000000000e+00
0.000000000000000000e+00 0.000000000000000000e+00
0.000000000000000000e+00 0.000000000000000000e+00
0.000000000000000000e+00 0.000000000000000000e+00
0.000000000000000000e+00 0.000000000000000000e+00
0.000000000000000000e+00 0.000000000000000000e+00
0.000000000000000000e+00 0.000000000000000000e+00
6.023837877297515131e-02 7.616910596307445047e+00
5.904587274213301207e+00 8.161233622065024562e+00
2.296463945852286859e+00 8.456886676984922246e+00
8.204678956891916286e+00 8.217368448318229213e+00
8.054173164484208058e+00 8.141220541545916234e+00
8.079035890970976297e+00 8.115183545007882415e+00
8.056681934848000992e+00 8.292346289566626893e+00
8.243261452742425277e+00 8.525408054459914453e+00
8.479473805362705008e+00 8.896031950309584602e+00
8.776747765495853670e+00 9.118308748104592354e+00
9.041057056685918525e+00 9.366597314393979801e+00
9.293607098473682271e+00 9.547492506467989415e+00
9.545994594722049698e+00 9.688706064446414246e+00
9.694715922268631658e+00 9.864423183976176901e+00
9.906243011027743961e+00 1.004232626653808147e+01
1.007824940091441057e+01 1.021399005887227673e+01
1.026260288374823304e+01 1.039229229771735419e+01
1.042854996988790717e+01 1.055932095175985985e+01
1.058445063178459655e+01 1.073021727755859445e+01
1.073899557561849250e+01 1.090655329559844589e+01
1.089050454196752682e+01 1.107549525386260392e+01
1.106325232913264323e+01 1.123611394393431695e+01
1.123980563194632687e+01 1.140192447955350197e+01
1.138940045259574418e+01 1.156941670124433408e+01
1.156205446178649510e+01 1.173545537474416989e+01
1.174300728113056280e+01 1.189393711445628554e+01
1.190622169183381374e+01 1.207086853657337144e+01
1.208104241781584243e+01 1.222875458026852691e+01
1.226113633808945558e+01 1.238972660155958927e+01
1.243286199070499798e+01 1.255544516451877790e+01
1.259923991447395508e+01 1.270959188406433782e+01
1.272779286633677032e+01 1.286944911022655980e+01
1.289281239633564091e+01 1.303877757385930636e+01
1.310114134870383751e+01 1.320600684246879020e+01
1.325400463616483293e+01 1.337134651759784632e+01
1.340604956704288142e+01 1.354113076793517045e+01
1.357809170355900541e+01 1.369987580925970860e+01
1.372517024687031473e+01 1.385523234057177255e+01
1.389772618887701228e+01 1.402850721415343038e+01
1.407875825533232117e+01 1.418146489564969315e+01
1.424531224861993373e+01 1.434906910862327223e+01
1.438899311500901845e+01 1.451716792270513245e+01
1.454881743483505652e+01 1.467375651130441483e+01
1.472810209937808601e+01 1.484814182310351072e+01
1.484107469558074754e+01 1.501726468094356193e+01
1.505348111497258579e+01 1.517484996567821831e+01
1.514263639996744004e+01 1.534437136927655843e+01
1.537510914132904460e+01 1.552404172934644322e+01
1.552923729663380747e+01 1.567650754564233750e+01
1.568547838062804800e+01 1.584860644680457575e+01
1.584819525349272062e+01 1.599980298173727888e+01
1.602094729073118273e+01 1.616382963774981008e+01
1.618149914600878247e+01 1.633127716392684903e+01
1.625062481951900395e+01 1.649121808901563924e+01
1.646610264220591802e+01 1.665787600413326075e+01
1.665904200224292353e+01 1.683218675245494467e+01
1.677478880911174031e+01 1.698468543406305642e+01
1.698468289122174113e+01 1.715598249840727618e+01
1.708176129631251072e+01 1.731070509255803458e+01
1.726000768227109106e+01 1.746410819959968919e+01
1.745934868716078725e+01 1.763266387732119256e+01
1.756275083184318930e+01 1.778123105399654591e+01
1.773325621943747521e+01 1.794584034304044096e+01
1.795586594874329478e+01 1.811415791648424545e+01
1.809319937364138653e+01 1.825763434860817469e+01
1.821382397702587141e+01 1.841668930764618750e+01
1.844191087233795301e+01 1.858731604493774370e+01
1.860462906511554593e+01 1.874576937064479765e+01
1.877753321427062971e+01 1.891524370260477994e+01
1.895858043596372866e+01 1.906556478020024770e+01
1.919861676743231627e+01 1.907376555764117754e+01
1.926983156078349779e+01 1.937831214689915882e+01
1.935230036107389395e+01 1.954402568401696882e+01
1.960045169160088108e+01 1.970411433508450827e+01
1.984517476322632845e+01 1.972853647134333599e+01
1.993104868977284028e+01 2.002255815970430675e+01
1.999609860780173065e+01 2.019519602791186941e+01
2.034235213226970274e+01 2.022424066000771958e+01
2.034621855196479245e+01 2.051129986974843078e+01
2.050520257279816860e+01 2.067374996809793686e+01
2.082708970674255866e+01 2.068839448228747102e+01
2.100586213717702577e+01 2.084419191289938667e+01
2.099722988632647969e+01 2.116530425060680543e+01
2.119613184295348773e+01 2.132984969881256276e+01
2.134173418004058576e+01 2.150124677543417206e+01
2.166968178350614238e+01 2.148618256310680152e+01
2.170007950963018928e+01 2.183307678474628588e+01
2.177601954327274925e+01 2.201137219990853566e+01
2.198728282652555421e+01 2.217853144712123381e+01
2.214951918197480651e+01 2.234747121760551991e+01
2.253362057324565626e+01 2.225253935468539979e+01
2.268989082359316711e+01 2.254934988271439877e+01
