0.000000000000000000e+00 0.000000000000000000e+00
0.000000000000000000e+00 0.000000000000000000e+00
0.000000000000000000e+00 0.000000000000000000e+00
0.000000000000000000e+00 0.000000000000000000e+00
0.000000000000000000e+00 0.000000000000000000e+00
0.000000000000000000e+00 0.000000000000000000e+00
0.000000000000000000e+00 0.000000000000000000e+00
0.000000000000000000e+00 0.000000000000000000e+00
0.000000000000000000e+00 0.000000000000000000e+00
0.000000000000000000e+00 0.000000000000000000e+00
0.000000000000000000e+00 0.000000000000000000e+00
0.000000000000000000e+00 0.000000000000000000e+00
0.000000000000000000e+00 4.364259429882139107e-02
0.000000000000000000e+00 0.000000000000000000e+00
1.785338086124652890e-01 1.373246602012617723e+00
1.827644505981192768e+00 5.440949966407234051e+00
5.580380273114183609e+00 5.616064245200870886e+00
6.005454446688221815e+00 6.080180484251344275e+00
6.076138683820988540e+00 6.077351058411973206e+00
6.145187658973572553e+00 6.173008606540376420e+00
6.323286466152787888e+00 6.384143820445703277e+00
6.450336957984752928e+00 6.489289818208285432e+00
6.568821955085441644e+00 6.675367605754472855e+00
6.689416454163214176e+00 6.799435574179107711e+00
6.881660870730068602e+00 6.803634903555908942e+00
7.010308108068418420e+00 7.171596036230040383e+00
7.212279016034423229e+00 7.369928841181698331e+00
7.378997578785072342e+00 7.512844261041342619e+00
7.536432333447312892e+00 7.681388799843101189e+00
7.785989644809638399e+00 7.703174219387880939e+00
7.852274089188971296e+00 7.961138817260337674e+00
7.987775865385231988e+00 8.113735708406991876e+00
8.175495584293869911e+00 8.260638450651597964e+00
8.393597897737292257e+00 8.300290795575756775e+00
8.537891179733467339e+00 8.449469559158494292e+00
8.612520910745688596e+00 8.710908692228338523e+00
8.773216195403692907e+00 8.866735577059218443e+00
8.939324264885696536e+00 9.031898870639041732e+00
9.175719756544415517e+00 9.116280772128709131e+00
9.232736618675311036e+00 9.338638686447525927e+00
9.490170502870810765e+00 9.436217821252464333e+00
9.645940755373782594e+00 9.527567553457814142e+00
9.810534211366926272e+00 9.670654216153151239e+00
9.973634521454389557e+00 9.823291764323911934e+00
1.013844603322516846e+01 1.001711582971943670e+01
1.029988319012327125e+01 1.015840419650878523e+01
1.046462019245320541e+01 1.034382003771978908e+01
1.063938397975848638e+01 1.047466183321691524e+01
1.081180906540573261e+01 1.065577082644118079e+01
1.098173246601427167e+01 1.086663225596504390e+01
1.114488427418692496e+01 1.097983218676314010e+01
1.132716252815913371e+01 1.120540875521030699e+01
1.148508769300725163e+01 1.136665844121456104e+01
1.166058878361542916e+01 1.154758012207943274e+01
1.183548092182243927e+01 1.171748186613826626e+01
1.200864642384639147e+01 1.188329066805967926e+01
1.217471052220778915e+01 1.203458584750017479e+01
1.236417614137649501e+01 1.226080788309716318e+01
1.254316768948845429e+01 1.242132568797116221e+01
1.271039536155438121e+01 1.253376311522243824e+01
1.289714695148198587e+01 1.282505562895945772e+01
1.307723154464472870e+01 1.294049108822681049e+01
1.326089233080995733e+01 1.314402089227894699e+01
1.344104422810200994e+01 1.330173464602718525e+01
1.361115661821611944e+01 1.344892476708034401e+01
1.380686690762106927e+01 1.370945495117932289e+01
1.398582420824276085e+01 1.387027552603218794e+01
1.416144867168780586e+01 1.399474108279082429e+01
1.435957869281134869e+01 1.424468015044274871e+01
1.454147157732758977e+01 1.437779324594616881e+01
1.471980599839075587e+01 1.455375569188156426e+01
1.490528044532479868e+01 1.472858860398929082e+01
1.507770043220157241e+01 1.489000778700712679e+01
1.527212026584974858e+01 1.508278610673868236e+01
1.545516349307030168e+01 1.526342461594465050e+01
1.563046886339576425e+01 1.541876746913615648e+01
1.582467678965104518e+01 1.560703357661131996e+01
1.600259233058115527e+01 1.582048464371800200e+01
1.618834880874219806e+01 1.602525203002241128e+01
1.637306625591364551e+01 1.620362018837429829e+01
1.656410786765346188e+01 1.639948370265863531e+01
1.675689105187166916e+01 1.653220808907482464e+01
1.694478582087651475e+01 1.675432313429062248e+01
1.712185120906331548e+01 1.688787048150285131e+01
1.730738490062006818e+01 1.708796761851485257e+01
1.749732712417477387e+01 1.723300555814928003e+01
1.767326265771131588e+01 1.748784897523564652e+01
1.785791950420178154e+01 1.768287033292121890e+01
1.804608147183976286e+01 1.789113239090119123e+01
1.823287979515639634e+01 1.807903348050269088e+01
1.842463172455125786e+01 1.823198536404825632e+01
1.861151325638880394e+01 1.834183689641137249e+01
1.880158248930888121e+01 1.856633997559172400e+01
1.898813644333066009e+01 1.879673997983208267e+01
1.920181700243155021e+01 1.895574456258722051e+01
1.936739200061882116e+01 1.913743855132845439e+01
1.956712540754030627e+01 1.940504274664453987e+01
1.976764158064551680e+01 1.946123697136693664e+01
1.996553094182788257e+01 1.966995660655645395e+01
2.015722817491504770e+01 1.984175604549662708e+01
2.033371221477508328e+01 2.007299253688117346e+01
