0.000000000000000000e+00 0.000000000000000000e+00
0.000000000000000000e+00 0.000000000000000000e+00
0.000000000000000000e+00 0.000000000000000000e+00
2.414789907915004460e-02 1.667390974151169880e+00
6.107364318992164476e-01 4.352618612501402140e-02
2.719929752060446404e+00 2.412445106013186624e+00
2.592528604442552620e+00 2.717080936774895150e+00
2.788602705319782604e+00 2.788593162443339324e+00
2.853648439363706046e+00 2.852371920598318233e+00
2.942038147146705196e+00 2.969561192801986049e+00
3.059604827172992980e+00 3.197660014819469598e+00
3.217536747123599383e+00 3.427390269148937740e+00
3.406374958752579563e+00 3.643123687275025446e+00
3.698620650207986582e+00 3.883636913505864818e+00
3.933104726588477984e+00 4.103625490068298021e+00
4.152303345748555863e+00 4.301046352745093060e+00
4.372736462429044124e+00 4.490427276099580034e+00
4.575019047478018130e+00 4.689330527208246835e+00
4.765818976603585000e+00 4.873786812834188353e+00
4.964211508368109982e+00 5.065420985616848171e+00
5.166093087399958428e+00 5.247276098422871016e+00
5.341305579759668021e+00 5.433621139214179330e+00
5.532878671357620348e+00 5.615862345441091641e+00
5.712639009641861776e+00 5.801814561472629528e+00
5.899914192166935578e+00 5.979411950934268027e+00
6.068779634081240104e+00 6.160448856683333752e+00
6.247915844672087715e+00 6.333932261660735641e+00
6.410858798896502897e+00 6.507383902068390569e+00
6.582183869976369728e+00 6.671055466882561014e+00
6.827826299464993198e+00 6.718493283832981611e+00
6.867325939712966232e+00 7.007212474201055308e+00
7.164027823308861009e+00 7.054158182178296599e+00
7.209983885196495912e+00 7.360107223795187004e+00
7.371608240703658943e+00 7.544651299683958534e+00
7.603878332045486133e+00 7.717755325561212132e+00
7.753832092906883133e+00 7.892583558924369136e+00
8.063671866872741845e+00 7.934313518711994639e+00
8.101495143711286318e+00 8.250683823666458139e+00
8.211292764033977676e+00 8.436465456098725113e+00
8.470259852170183734e+00 8.608271822488545055e+00
8.783238733379102214e+00 8.628720439000648668e+00
8.962676210710215585e+00 8.787995754960457262e+00
8.948153195548524508e+00 9.143550912862078661e+00
9.114159492697558207e+00 9.331185256270998707e+00
9.269194447014550420e+00 9.506656635393529342e+00
9.681755326989440746e+00 9.498523771291441875e+00
9.684497975208362419e+00 9.864724902503002824e+00
9.880242180374926519e+00 1.004949086840820094e+01
1.022876243864771695e+01 1.003941686705075753e+01
1.041342071885228648e+01 1.022297883476379532e+01
1.058739686083428744e+01 1.041995015345204223e+01
1.076499033843363584e+01 1.057981454185160075e+01
1.074967932773517987e+01 1.094060052163006880e+01
1.096423530316564232e+01 1.112537390494538592e+01
1.131404286198461584e+01 1.117039552339750408e+01
1.149951015957882738e+01 1.132423929083644865e+01
1.169474617983576437e+01 1.153055299650358023e+01
1.188112883277129939e+01 1.169767817622741823e+01
1.205100015842427652e+01 1.189760758573003407e+01
1.224415409354543272e+01 1.206320283115740466e+01
1.242974829998731146e+01 1.228400081612065975e+01
1.260955418710408082e+01 1.243846091410256172e+01
1.278030726363492597e+01 1.267083372376371564e+01
1.279693949870737057e+01 1.296290792919155876e+01
1.316149034270332763e+01 1.301867626277574175e+01
1.333229211965340433e+01 1.316379272823864355e+01
1.351679000665582642e+01 1.336775263079680798e+01
1.372655966973037422e+01 1.355204007927445176e+01
1.391479220160019281e+01 1.375625701600545803e+01
1.410078592905458628e+01 1.392107451406620555e+01
1.429608863954251063e+01 1.406034154206913556e+01
1.430707452281797032e+01 1.445980571839137951e+01
1.447548005595956688e+01 1.464067246462226457e+01
1.484256340336729885e+01 1.466581131003096772e+01
1.488643374567148037e+01 1.499371682535018913e+01
1.520381922725458956e+01 1.506068099850434550e+01
1.540354358153599712e+01 1.521429006808243756e+01
1.544880415698412612e+01 1.555950940704920527e+01
1.560985285314384008e+01 1.572664996289512729e+01
1.594858919840818068e+01 1.578567547612391309e+01
1.612881643068875093e+01 1.596707832692629658e+01
1.632517089066105598e+01 1.615795233470535308e+01
1.650833203836732110e+01 1.636429490391284247e+01
1.670210830893151766e+01 1.654997740573960741e+01
1.676351802174990269e+01 1.684882936299430511e+01
1.707747683161673535e+01 1.691911081586126286e+01
1.726505601971542347e+01 1.714150871196244807e+01
1.745694557952109705e+01 1.729626322978215569e+01
1.764360161666539639e+01 1.752017763996465405e+01
1.785050861064558703e+01 1.770882480905001444e+01
1.803882696452940948e+01 1.789491577820352930e+01
1.804521361420306391e+01 1.818161383983109047e+01
1.840705671595660675e+01 1.826360130139053339e+01
1.858577117267559586e+01 1.844204647371565287e+01
1.878424908906402635e+01 1.859417669924738448e+01
1.897485134572155729e+01 1.881015407939957740e+01
1.916424020813103724e+01 1.895775923326924683e+01
1.936560562423822418e+01 1.913155111319542101e+01
1.954684919975989388e+01 1.943166112664204448e+01
1.973481419862712727e+01 1.957147454507133233e+01
1.994323910980077130e+01 1.980705677924753516e+01
