0.000000000000000000e+00 0.000000000000000000e+00
0.000000000000000000e+00 0.000000000000000000e+00
0.000000000000000000e+00 0.000000000000000000e+00
0.000000000000000000e+00 0.000000000000000000e+00
0.000000000000000000e+00 0.000000000000000000e+00
0.000000000000000000e+00 0.000000000000000000e+00
0.000000000000000000e+00 0.000000000000000000e+00
0.000000000000000000e+00 0.000000000000000000e+00
0.000000000000000000e+00 0.000000000000000000e+00
9.880485816550060862e-02 7.326882270646716683e-03
8.849870689934738466e-02 0.000000000000000000e+00
1.367437950883395148e+00 4.377908741364751499e+00
4.897648852938695896e+00 4.970145665666463763e+00
4.976713677080972786e+00 5.018952008690115818e+00
5.115667673332984222e+00 5.122491150813613281e+00
5.203174275855146469e+00 5.212510556710762799e+00
5.311365710487822689e+00 5.320621482352975384e+00
5.450763444583232697e+00 5.550855125960937997e+00
5.638908718041637513e+00 5.655298824031745220e+00
5.801550989277736825e+00 5.876553741960577781e+00
5.917647572928610877e+00 6.151509393270558235e+00
6.057390109472720496e+00 6.380029366018721504e+00
6.255801751392525922e+00 6.573554445669522295e+00
6.473641975506776447e+00 6.739417587834487300e+00
6.693796408194358172e+00 6.942942605684454982e+00
6.909610378948478626e+00 7.119573595216927231e+00
7.076592843404760025e+00 7.286248219631874967e+00
7.273361477818126808e+00 7.446294607316398917e+00
7.446231144456295858e+00 7.601755220579310190e+00
7.600819507037232192e+00 7.763274396045345860e+00
7.784273479259910644e+00 7.922231557296301574e+00
7.960333419171238489e+00 8.074898050658001480e+00
8.107004459389402840e+00 8.225605904946359459e+00
8.292135242883432511e+00 8.379825217100831836e+00
8.516976273140606679e+00 8.403353578685857528e+00
8.666721036080778262e+00 8.553511160079098730e+00
8.656098401221056449e+00 8.844127340355244726e+00
8.850081234886761905e+00 8.994568857739613676e+00
9.013891248980225868e+00 9.148454110519050886e+00
9.175169181289350107e+00 9.306335377695136302e+00
9.464835959793045816e+00 9.327539434391058037e+00
9.627710933283102790e+00 9.536558138855655287e+00
9.642208859991354686e+00 9.782788904008528519e+00
9.941705604908873894e+00 9.792411604623110222e+00
1.009962880124226636e+01 9.953797516204192064e+00
1.014421784564277651e+01 1.025875994744302133e+01
1.043009552210277846e+01 1.029644665903914458e+01
1.059727906399973563e+01 1.046456654132370545e+01
1.075829523116369124e+01 1.063522487680722506e+01
1.092691244587360089e+01 1.079139354596468081e+01
1.109186958137351020e+01 1.093465330483123310e+01
1.126329767923173719e+01 1.113425165465824662e+01
1.142793502366770220e+01 1.134065055131684652e+01
1.161187423953938591e+01 1.148101213092011363e+01
1.178755959271167342e+01 1.162993679802314873e+01
1.196358813682876310e+01 1.181588590228652436e+01
1.214532611769122283e+01 1.201258546335286503e+01
1.232217207248662483e+01 1.211972189411885203e+01
1.249188176049038823e+01 1.230141142939620380e+01
1.266935154166688804e+01 1.251374914250662229e+01
1.285145226859862078e+01 1.274334912668993347e+01
1.303856564275921670e+01 1.286055319722448154e+01
1.321727597736589566e+01 1.307273371992107514e+01
1.340218916670651339e+01 1.325953364315193994e+01
1.358234903076368028e+01 1.343188721031668287e+01
1.376741238584282989e+01 1.360423363465495150e+01
1.395436693640736081e+01 1.371697889300250139e+01
1.413352517894001004e+01 1.393007550552210816e+01
1.431230818329577659e+01 1.413624284013321386e+01
1.450456602740782586e+01 1.430778869047567348e+01
1.468352995816454332e+01 1.447581568403683683e+01
1.486475598440074464e+01 1.463125000655518448e+01
1.504547993846198750e+01 1.488245968697549415e+01
1.522712421615960920e+01 1.505904700601315405e+01
1.541650171474517350e+01 1.520599211653342664e+01
1.559277117005709812e+01 1.544635522468306554e+01
1.580519891224568774e+01 1.558433997909113344e+01
1.597035310415773601e+01 1.575332844305086866e+01
1.615684756600773753e+01 1.592058214430086593e+01
1.635799313750920447e+01 1.611497744441032509e+01
1.654126758623950622e+01 1.634574025676471720e+01
1.672412905878719158e+01 1.645777004081866224e+01
1.692076438583853815e+01 1.669759573147470277e+01
1.710518004680434601e+01 1.684057960986866220e+01
1.730277981068829973e+01 1.704850004333735214e+01
1.749669342914127768e+01 1.725528398016353648e+01
1.767670269849074671e+01 1.743060194658329820e+01
1.786163889498499913e+01 1.763190430089793281e+01
1.804867651546410556e+01 1.776479592888280123e+01
1.825822355489629700e+01 1.800967152181132747e+01
1.844613557965714179e+01 1.807179514010071131e+01
1.863208438530308797e+01 1.837745754582318014e+01
1.883004647473119064e+01 1.854450786571628385e+01
1.901308371602855729e+01 1.877285551683046805e+01
1.920634749741313740e+01 1.888687811152910001e+01
1.938724410087746008e+01 1.906324614188402577e+01
1.958844642001535519e+01 1.930726473636758556e+01
1.976693944768846478e+01 1.949400303588014083e+01
1.996369795950932513e+01 1.965912343736031787e+01
2.016332743259210858e+01 1.980154950411159476e+01
2.034835046835721073e+01 2.008551875969791922e+01
