0.000000000000000000e+00 0.000000000000000000e+00
0.000000000000000000e+00 0.000000000000000000e+00
0.000000000000000000e+00 0.000000000000000000e+00
0.000000000000000000e+00 0.000000000000000000e+00
0.000000000000000000e+00 0.000000000000000000e+00
0.000000000000000000e+00 0.000000000000000000e+00
0.000000000000000000e+00 0.000000000000000000e+00
0.000000000000000000e+00 0.000000000000000000e+00
0.000000000000000000e+00 0.000000000000000000e+00
0.000000000000000000e+00 0.000000000000000000e+00
0.000000000000000000e+00 0.000000000000000000e+00
0.000000000000000000e+00 0.000000000000000000e+00
0.000000000000000000e+00 0.000000000000000000e+00
0.000000000000000000e+00 0.000000000000000000e+00
0.000000000000000000e+00 0.000000000000000000e+00
0.000000000000000000e+00 5.235458099834863072e-02
1.340533325583624091e-01 -1.454979992263238583e-02
3.239077967983577944e-01 0.000000000000000000e+00
1.008161374980520442e-01 5.099881315314159558e+00
8.416286767780317701e-01 0.000000000000000000e+00
3.197798176254524338e-01 6.120029287331167467e+00
2.771567754868433653e+00 6.682374484263331027e+00
6.678595316442564211e+00 6.831081392209998882e+00
6.769087101198447698e+00 6.993647786868757876e+00
7.052845657751166009e+00 6.968068689034423002e+00
7.146687262966494814e+00 7.077836996530448843e+00
7.251824295970843437e+00 7.407608478579318145e+00
7.460994870898938203e+00 7.591223732704880156e+00
7.659843708217776381e+00 7.607132102710826516e+00
7.729927803823099630e+00 7.885192087487048695e+00
7.918365058184109628e+00 8.064315873567192483e+00
8.088618626598208294e+00 8.218201472564901522e+00
8.251894287967111552e+00 8.361184241257110017e+00
8.419925768681693512e+00 8.500648037234350696e+00
8.638163812005787534e+00 8.571179812175923729e+00
8.788053311097375087e+00 8.695677328874097611e+00
8.867420654217561093e+00 8.948810772864074892e+00
9.089218264645746004e+00 8.995619037853099798e+00
9.243785979209429016e+00 9.153883617262907890e+00
9.390924960635752328e+00 9.336805383970787631e+00
9.552266236329053584e+00 9.478014717411438639e+00
9.711508068151442075e+00 9.626938608204996584e+00
9.852989571349199949e+00 9.798096186993992873e+00
1.001273220551920851e+01 9.943287092284876394e+00
1.018249081695280900e+01 1.012118409271055697e+01
1.035271574984898280e+01 1.029262033260877551e+01
1.051823237638703468e+01 1.045303788928426592e+01
1.067689539606415217e+01 1.061246331915987362e+01
1.083828425070586832e+01 1.078958294213249225e+01
1.101138459837484795e+01 1.093243430281477480e+01
1.118028474204368194e+01 1.105391428423269318e+01
1.135575216903065332e+01 1.124948135381837666e+01
1.153134594497772447e+01 1.140601777330308586e+01
1.169784800628259980e+01 1.160579893860653122e+01
1.187109960732138703e+01 1.170262246544369944e+01
1.204526232872005842e+01 1.193558695517046608e+01
1.220565997415053161e+01 1.207167702581648250e+01
1.238012855627950159e+01 1.225661639649071510e+01
1.255953145103188007e+01 1.246735947108917486e+01
1.273970076845979804e+01 1.261281864596564795e+01
1.292530969657754625e+01 1.281436018831207768e+01
1.310709509377173632e+01 1.299589394250124030e+01
1.328599996174365927e+01 1.313635912489910851e+01
1.347253898635002400e+01 1.332632239790703998e+01
1.365828407551765622e+01 1.350980752484417380e+01
1.384121859723643766e+01 1.365768109304508471e+01
1.402034926830511807e+01 1.383018089694703079e+01
1.420158716105934360e+01 1.401662260881299638e+01
1.438475526201776233e+01 1.416838250555830747e+01
1.458116217848618845e+01 1.438537223082586003e+01
1.476392874056080551e+01 1.461092429340594556e+01
1.494367539556955826e+01 1.476572771033151454e+01
1.512988127732828403e+01 1.487562536746466613e+01
1.531808763610244917e+01 1.510755859058346573e+01
1.551316918181986537e+01 1.527675950816169959e+01
1.568210562818301490e+01 1.540591575514214462e+01
1.586217021010738115e+01 1.563256309337548799e+01
1.605553045238998777e+01 1.575932005833514893e+01
1.624048158418346688e+01 1.593652972310049343e+01
1.642538600287206663e+01 1.613228761647830822e+01
1.661896255650669829e+01 1.638147319033005189e+01
1.680139855018330053e+01 1.648773008180923583e+01
1.699316941852644192e+01 1.666270105512843358e+01
1.718761902672257946e+01 1.686939899113258079e+01
1.736637318107831263e+01 1.709817645425470900e+01
1.755281238190119453e+01 1.722281335520866818e+01
1.775189890348798016e+01 1.739885604317129619e+01
1.791964463454489831e+01 1.765737901280240152e+01
1.812573015264957377e+01 1.783723791760789368e+01
1.832027224476679805e+01 1.800350810453076633e+01
1.850327767242264443e+01 1.808437954009004400e+01
1.868959146529641657e+01 1.826376957583089933e+01
1.886914456668019113e+01 1.852533653711508066e+01
1.908117115444951395e+01 1.868304802753003457e+01
1.926236900418659914e+01 1.882896513053622201e+01
1.944882346989925992e+01 1.906490675358319464e+01
1.963667152654932124e+01 1.916302015056221109e+01
1.983626043775965897e+01 1.941632664893557703e+01
2.000929900426379859e+01 1.959342780135012774e+01
2.020767261950167182e+01 1.978255510102739123e+01
2.040416777430919382e+01 2.003546530164442174e+01
