0.000000000000000000e+00 0.000000000000000000e+00
0.000000000000000000e+00 0.000000000000000000e+00
0.000000000000000000e+00 0.000000000000000000e+00
0.000000000000000000e+00 0.000000000000000000e+00
0.000000000000000000e+00 0.000000000000000000e+00
0.000000000000000000e+00 0.000000000000000000e+00
0.000000000000000000e+00 0.000000000000000000e+00
0.000000000000000000e+00 0.000000000000000000e+00
4.059019904666667095e-02 -3.730463318682807755e-02
1.198438490782811172e+00 2.259490272217338447e+00
1.350112457412018907e+00 -5.017399604379631922e-02
6.559374663973130404e-02 4.369175417467947575e+00
3.925926347104277681e-01 2.888904144347709924e+00
4.298626290000269634e+00 4.855475186907093565e+00
5.294937181873474508e+00 5.287680503346185112e+00
5.417272404917817141e+00 5.436173550377167096e+00
5.571869447161375000e+00 5.615107295207442561e+00
5.674331844345665843e+00 5.671633859189847193e+00
5.804262834815579808e+00 5.932007190975506106e+00
5.957459174581635430e+00 6.155997862078487870e+00
6.087388895857171356e+00 6.244782978009165930e+00
6.294630810747399607e+00 6.428752130554070021e+00
6.440356085340188663e+00 6.600214470002870648e+00
6.629962511861492658e+00 6.788152011837029320e+00
6.814468071907911373e+00 6.963441982245003103e+00
6.989958203130826497e+00 7.143700615347437832e+00
7.132524568207382565e+00 7.334580461334368806e+00
7.297103636337161525e+00 7.496889489428094855e+00
7.477839596290349000e+00 7.636252588541305286e+00
7.671308414670499509e+00 7.781711692443840533e+00
7.817169880465869802e+00 7.932759828582446993e+00
7.996860973618138857e+00 8.077317121464371752e+00
8.139095704395552744e+00 8.220180059349004864e+00
8.363359195793087508e+00 8.303909025165761904e+00
8.443856938933018697e+00 8.514243469448457446e+00
8.658225924472276347e+00 8.596466709994459166e+00
8.803142093387679168e+00 8.725632260078160840e+00
8.958919048598261270e+00 8.851145651453018459e+00
9.120052867319509815e+00 9.016159866376716181e+00
9.271331359261701266e+00 9.207635612281679371e+00
9.438723096368041965e+00 9.328373291927549715e+00
9.505418931025200635e+00 9.590141740186290065e+00
9.659051926407419941e+00 9.747653343738001297e+00
9.912841465846627287e+00 9.839114799571039072e+00
1.007936261008318191e+01 9.995272787083921529e+00
1.024851733043656488e+01 1.017734270275672870e+01
1.034199615577585973e+01 1.040063190898909085e+01
1.057154400929156957e+01 1.049038745378196502e+01
1.074907154430193756e+01 1.066080042047055088e+01
1.091948418567532464e+01 1.083259008984132521e+01
1.109975369604511108e+01 1.102624643744143995e+01
1.127376409082344111e+01 1.116274893684123803e+01
1.144042861578370918e+01 1.137212483699026500e+01
1.162565532487810138e+01 1.152847616050619628e+01
1.180048042779391260e+01 1.169512139929637407e+01
1.198283482204812778e+01 1.185375620190190737e+01
1.215298795678041799e+01 1.207802411065654624e+01
1.232924738509222529e+01 1.221616219612577581e+01
1.251045513359298944e+01 1.240295285854265828e+01
1.268963152255320992e+01 1.259469500974852174e+01
1.286373786233754579e+01 1.276271438712516471e+01
1.304681041802765940e+01 1.294553746447954978e+01
1.322772858045999200e+01 1.310406238069927554e+01
1.341641668067127391e+01 1.327059056912076862e+01
1.359357877929117997e+01 1.349692785442068654e+01
1.377349663527541246e+01 1.368596942489988422e+01
1.395442230117654248e+01 1.384066319750914253e+01
1.411458857558623414e+01 1.404401022678479016e+01
1.430791597335871224e+01 1.415195563454021155e+01
1.447379981983020691e+01 1.439681375927611029e+01
1.466197583952799910e+01 1.449010550051206891e+01
1.483179360458270324e+01 1.478585173809210396e+01
1.502407791867702436e+01 1.493915608780661408e+01
1.520588384678303306e+01 1.512050145881805285e+01
1.539566081167700418e+01 1.532007956394904369e+01
1.559011066227803077e+01 1.549539674493088448e+01
1.577239601098510846e+01 1.564742372737888942e+01
1.595851307060586066e+01 1.581692163964149245e+01
1.615215522616523458e+01 1.599806027396377672e+01
1.634885699420115301e+01 1.614042340946223675e+01
1.653307507068412718e+01 1.635553390898611426e+01
1.672556243156570943e+01 1.655353295101987854e+01
1.691571998028536328e+01 1.675840539762758752e+01
1.710044574652347649e+01 1.684745620488305207e+01
1.728807161392643366e+01 1.704134611343049244e+01
1.747868530187468394e+01 1.727437945107175565e+01
1.768954714283020735e+01 1.745223501641412156e+01
1.787167243019566243e+01 1.769080544433179725e+01
1.805027928391911018e+01 1.786256719687263228e+01
1.826344157906629206e+01 1.806723280685596222e+01
1.845163170934385732e+01 1.821714081226179260e+01
1.864150448712425856e+01 1.838011285400104455e+01
1.882829849917663267e+01 1.857487763831332828e+01
1.901352826323943290e+01 1.878362104641532682e+01
1.920565386172446765e+01 1.893343951188291996e+01
1.939588642621663794e+01 1.909455425533112560e+01
1.956424486648496242e+01 1.927858012778264651e+01
1.975577032048603954e+01 1.942063513366103322e+01
1.995055111026373496e+01 1.969351516044197226e+01
2.013089655779212706e+01 1.990231429707807820e+01
2.031363788829759898e+01 2.007834806668171268e+01
