0.000000000000000000e+00 0.000000000000000000e+00
0.000000000000000000e+00 0.000000000000000000e+00
0.000000000000000000e+00 0.000000000000000000e+00
0.000000000000000000e+00 0.000000000000000000e+00
0.000000000000000000e+00 0.000000000000000000e+00
0.000000000000000000e+00 0.000000000000000000e+00
0.000000000000000000e+00 0.000000000000000000e+00
0.000000000000000000e+00 0.000000000000000000e+00
2.461920020564183770e-02 0.000000000000000000e+00
8.170539880545814315e-02 1.242998540041359679e+00
1.378857187482313895e+00 4.091135965472283864e+00
4.444909976981659128e+00 4.743750584296076767e+00
4.159204683772807165e+00 4.656707511169825509e+00
4.767038049794698473e+00 4.754861362104854550e+00
4.826549544097542999e+00 4.863308532829314856e+00
4.898811237110312966e+00 5.110067730600519553e+00
5.084716442185823304e+00 5.228134958277186328e+00
5.339434190811226166e+00 5.528811006937403683e+00
5.496784519387047041e+00 5.782871882644244899e+00
5.698495289405422604e+00 5.952266386663706221e+00
5.913848667026559980e+00 6.131498805236498484e+00
6.159778270901660413e+00 6.282346744406154038e+00
6.357315220276972489e+00 6.482961224768865272e+00
6.498511378297951779e+00 6.674367998179841166e+00
6.691510692534150095e+00 6.852320516042590626e+00
6.836881010791912239e+00 7.027902860891692249e+00
7.002735015386106099e+00 7.210428120456211509e+00
7.148652738609216684e+00 7.380621234224157057e+00
7.313668034824305941e+00 7.543233144754345254e+00
7.498408821509868538e+00 7.708177857813949707e+00
7.653127022150847836e+00 7.870903732092189742e+00
7.867543556090954127e+00 8.026987258822940063e+00
8.041126261365487693e+00 8.185299174483777307e+00
8.171650854514009410e+00 8.344288361804846232e+00
8.375327367067431084e+00 8.502590144160418362e+00
8.546892520228670520e+00 8.655699976561573195e+00
8.726393187689344799e+00 8.812504315292464696e+00
8.868535595417613493e+00 8.964385073439334661e+00
9.048366465435361050e+00 9.110275001575738330e+00
9.272349809562557610e+00 9.181510599836569142e+00
9.438211682602542396e+00 9.266150798279182865e+00
9.598284065650046770e+00 9.418212122802435360e+00
9.764818394134692880e+00 9.561795650576364380e+00
9.748111129598802549e+00 9.933761846633135661e+00
1.009362976996484029e+01 9.911459639661037713e+00
1.026186530055301560e+01 1.007494877359044239e+01
1.043232869302946142e+01 1.021929798080729412e+01
1.060874694392914108e+01 1.042621045280908909e+01
1.078310002584045435e+01 1.058585619828173741e+01
1.094748776952782165e+01 1.072285919691124789e+01
1.111431970792049917e+01 1.088403375258798178e+01
1.126924012303443412e+01 1.110624757821929620e+01
1.144673103312583073e+01 1.124424596813326538e+01
1.144211326113146754e+01 1.158764366871227658e+01
1.177801919382825346e+01 1.163661387698591732e+01
1.194871936726400286e+01 1.180454311852713900e+01
1.212361717527245020e+01 1.189994985115491843e+01
1.229826790909317324e+01 1.213809216547287129e+01
1.247278512514680493e+01 1.231439542027724343e+01
1.265309881746057030e+01 1.247463863894471992e+01
1.282781974426989535e+01 1.265721989548115012e+01
1.301189111618170458e+01 1.285355848664057454e+01
1.319170762335888014e+01 1.305983206813071007e+01
1.337322617374601741e+01 1.323582281769997238e+01
1.355395656560457951e+01 1.338954270360453513e+01
1.373041493834204196e+01 1.358599593389289062e+01
1.390686753782386731e+01 1.375607707112058087e+01
1.408848237364201594e+01 1.393279818251011726e+01
1.428124192544536619e+01 1.410176168717765144e+01
1.447002401614138556e+01 1.429426073006865039e+01
1.464887914161666593e+01 1.444217647107537594e+01
1.483566970515691530e+01 1.462311934925063461e+01
1.500917236908976626e+01 1.478570748592113659e+01
1.519776197514463156e+01 1.501348994120852787e+01
1.538576982302429208e+01 1.523139193665651447e+01
1.555646143915110713e+01 1.540606450841314512e+01
1.573574645206657152e+01 1.557490387418290112e+01
1.593174415815884082e+01 1.579008430599301072e+01
1.610492049914705248e+01 1.594946706165509909e+01
1.629539842931544058e+01 1.611234971423700557e+01
1.649001898893962803e+01 1.625716967454417272e+01
1.666625279411558935e+01 1.643184326803712381e+01
1.686157500352761929e+01 1.669008082795092207e+01
1.704929416332563719e+01 1.684899707664257562e+01
1.723189243392732806e+01 1.697616110486797325e+01
1.743701036737433796e+01 1.721405261446800949e+01
1.761702077179846881e+01 1.744423610240823308e+01
1.780267515894387031e+01 1.758153379982537956e+01
1.799532137569114099e+01 1.778515077371888253e+01
1.819265470954973196e+01 1.791528424558724097e+01
1.837247478814050083e+01 1.811063115198587781e+01
1.857090621341837888e+01 1.829694634884824112e+01
1.875485155837531437e+01 1.853789724606236788e+01
1.895191684593240566e+01 1.868670418951414547e+01
1.913086063985102570e+01 1.892890428535232061e+01
1.932334725051244462e+01 1.908110810795109913e+01
1.950166929513314429e+01 1.919970323844049886e+01
1.968444233657077191e+01 1.938420240257352489e+01
1.987128171467605497e+01 1.968615654962173522e+01
2.006613689702295389e+01 1.979970152604505174e+01
2.025674124984892899e+01 2.010494762755094911e+01
