0.000000000000000000e+00 0.000000000000000000e+00
0.000000000000000000e+00 0.000000000000000000e+00
0.000000000000000000e+00 0.000000000000000000e+00
0.000000000000000000e+00 0.000000000000000000e+00
0.000000000000000000e+00 0.000000000000000000e+00
0.000000000000000000e+00 0.000000000000000000e+00
0.000000000000000000e+00 0.000000000000000000e+00
0.000000000000000000e+00 0.000000000000000000e+00
0.000000000000000000e+00 0.000000000000000000e+00
0.000000000000000000e+00 0.000000000000000000e+00
0.000000000000000000e+00 0.000000000000000000e+00
0.000000000000000000e+00 0.000000000000000000e+00
0.000000000000000000e+00 0.000000000000000000e+00
1.225133956644890998e-01 5.788552558828808925e-01
4.116278001927690944e-02 2.025439211828346409e+00
1.473193484135572273e+00 -7.697994020000731297e-02
1.267407723535606046e+00 6.125474903631046075e+00
4.390677247611014522e+00 6.335499884563820849e+00
6.067722441955030632e+00 6.289080979599364518e+00
6.399058592476269958e+00 6.446430707599548171e+00
6.555961799145861413e+00 6.555836746005676119e+00
6.637095456184751718e+00 6.636413261199775704e+00
6.747815367217514293e+00 6.714457622280376015e+00
6.846790884163010737e+00 6.909242456081845951e+00
6.988539060434686867e+00 6.973414204988569232e+00
7.111254288455057804e+00 7.110075276074458550e+00
7.246802196357793768e+00 7.340028442363321304e+00
7.416720094605866009e+00 7.534540050812718270e+00
7.575789569191265116e+00 7.708145989457388936e+00
7.725509667200865849e+00 7.890234420779706603e+00
8.000099141197820174e+00 7.857739423732163608e+00
8.021121712133592041e+00 8.193394541512509122e+00
8.181652336534376957e+00 8.334141813009944499e+00
8.462610728028067797e+00 8.340720620943367081e+00
8.486105692555263147e+00 8.632866836675985311e+00
8.701007858626347513e+00 8.800484106416419650e+00
8.876642688909070600e+00 8.956014776676910927e+00
9.047827805533511736e+00 9.106542196044106419e+00
9.179851228634092308e+00 9.254984565197011293e+00
9.409313206792786488e+00 9.351585994239966837e+00
9.556788717247950871e+00 9.467969264977444510e+00
9.650001941013240270e+00 9.710973216181198353e+00
9.873677466592301499e+00 9.815827940420614794e+00
1.002899047254645737e+01 9.900885536377941776e+00
1.018978856204643613e+01 1.008600877942927809e+01
1.035899967385761400e+01 1.022892517673160384e+01
1.051608834726002861e+01 1.034034182522033873e+01
1.067654743666345496e+01 1.054736763123359111e+01
1.084846847297870198e+01 1.072811473458228626e+01
1.102631532521729163e+01 1.083813392842971624e+01
1.118478903625693555e+01 1.103449243156886261e+01
1.136632548302403656e+01 1.120157181875677210e+01
1.154007389272689998e+01 1.137398251570330032e+01
1.171186449635738214e+01 1.156294756964939374e+01
1.188816146036928600e+01 1.170428649404496824e+01
1.205678928562671537e+01 1.189082707772140246e+01
1.223547809942585829e+01 1.208691502266082551e+01
1.241928229462059541e+01 1.225443684140115153e+01
1.259594767139842908e+01 1.242467869688115201e+01
1.276471156072865654e+01 1.260547373036768803e+01
1.294682856643284730e+01 1.275492558750952554e+01
1.311842030235460221e+01 1.299694561151305372e+01
1.329646408302917848e+01 1.315855010079443410e+01
1.346438792340828705e+01 1.329151115323731247e+01
1.364987161323263187e+01 1.351287414410331600e+01
1.382362797283408007e+01 1.368525329581451189e+01
1.400688435643831653e+01 1.380508695715896472e+01
1.418128765957124848e+01 1.406556308493306062e+01
1.436440692439425959e+01 1.423314264604358392e+01
1.454456759060375504e+01 1.440770871780841311e+01
1.472931938506716598e+01 1.460738482303752939e+01
1.489786165490170511e+01 1.472626014235717840e+01
1.508953174709002631e+01 1.492964245048915828e+01
1.526461581955367386e+01 1.509791302551067815e+01
1.544794805003400029e+01 1.524501190321309707e+01
1.562662212290570452e+01 1.548878356801132483e+01
1.581089239407463509e+01 1.566854887015176168e+01
1.601145776301103041e+01 1.579543046022559949e+01
1.617432240659942622e+01 1.596657008271941791e+01
1.636114584806082917e+01 1.615619023608012128e+01
1.656797394261710821e+01 1.642999562768926936e+01
1.673530286674451162e+01 1.658328889760269931e+01
1.690801446118653573e+01 1.677893781189954936e+01
1.711114699843117393e+01 1.687900689603119631e+01
1.730998348637965378e+01 1.718950734262854851e+01
1.749237321531232681e+01 1.736501824357829804e+01
1.767764236713442472e+01 1.744345927284135200e+01
1.786677995842348565e+01 1.757036949395716974e+01
1.805636964991414573e+01 1.782665790316877263e+01
1.824267384552794624e+01 1.808177062415030178e+01
1.842094378953410327e+01 1.819582722491396964e+01
1.862200313709837118e+01 1.840029196512365317e+01
1.881989373686324996e+01 1.860793776527933474e+01
1.901582696565345643e+01 1.874395740075958727e+01
1.921320795605658205e+01 1.896891058238646366e+01
1.941028046697376652e+01 1.907779511970607444e+01
1.958612638278076901e+01 1.931752035148589286e+01
1.978973759122672860e+01 1.953168241668974758e+01
1.997293971147846392e+01 1.972814982555594909e+01
2.016195780146753336e+01 1.991558483846724670e+01
2.035651974856174462e+01 2.006801251684644072e+01
