0.000000000000000000e+00 0.000000000000000000e+00
0.000000000000000000e+00 0.000000000000000000e+00
0.000000000000000000e+00 0.000000000000000000e+00
0.000000000000000000e+00 0.000000000000000000e+00
0.000000000000000000e+00 0.000000000000000000e+00
0.000000000000000000e+00 0.000000000000000000e+00
0.000000000000000000e+00 0.000000000000000000e+00
0.000000000000000000e+00 0.000000000000000000e+00
0.000000000000000000e+00 0.000000000000000000e+00
0.000000000000000000e+00 0.000000000000000000e+00
0.000000000000000000e+00 0.000000000000000000e+00
0.000000000000000000e+00 0.000000000000000000e+00
0.000000000000000000e+00 0.000000000000000000e+00
0.000000000000000000e+00 4.404210905085421263e-02
3.026955502142644056e-02 1.426816298746283129e+00
1.231129937202956603e-01 1.945503809634334225e+00
1.744985915521252151e+00 5.497644217199508354e+00
4.883258522784606370e+00 5.616925327594640471e+00
6.001304048951951131e+00 6.193997265386680162e+00
6.178440413805233788e+00 6.203630856184724429e+00
6.391590663330970479e+00 6.503937990297066207e+00
6.527505728250160288e+00 6.582673863694624039e+00
6.664442936858593569e+00 6.620439297631699915e+00
6.820056057541433958e+00 6.856851317216903219e+00
6.952352331822367226e+00 7.013737913846409100e+00
7.091249864343708964e+00 7.164289977502953377e+00
7.234528015768717069e+00 7.396527847244973586e+00
7.369783100419608601e+00 7.559616792175284594e+00
7.526399196507865597e+00 7.713179947467818209e+00
7.816367324401270800e+00 7.688605439267314878e+00
7.823227651027001350e+00 8.051462526118585927e+00
8.021922437337835277e+00 8.186975146060678554e+00
8.243422395839459682e+00 8.344071183513104728e+00
8.438280374231782233e+00 8.489946508781262224e+00
8.628367418033970893e+00 8.576164125615129308e+00
8.738640006047294406e+00 8.798927496279146609e+00
8.894984928310272210e+00 8.951601480145937373e+00
9.046825881374676470e+00 9.103299426350337953e+00
9.256235603800430312e+00 9.192711276997561853e+00
9.409359534493459520e+00 9.324270229771800089e+00
9.561660955746130952e+00 9.454762231068674083e+00
9.703109327630945913e+00 9.575733287495781454e+00
9.861032001105904499e+00 9.734873946374666076e+00
1.001566106729354999e+01 9.928339605624920239e+00
1.009859147396921664e+01 1.016281307752078256e+01
1.024442974019653008e+01 1.030493997936279982e+01
1.047544724561782381e+01 1.041243552570671049e+01
1.065689585305059417e+01 1.057349704833892545e+01
1.081739505348776476e+01 1.073398175922000952e+01
1.099924217907519797e+01 1.090498975482115007e+01
1.115900144359893886e+01 1.103441754042601453e+01
1.133899922600866539e+01 1.126728246005475853e+01
1.142652215522454640e+01 1.144827412024671709e+01
1.166505570676177506e+01 1.157559321293444121e+01
1.183662320873263596e+01 1.173740268927243058e+01
1.201453452671182909e+01 1.193549432175381853e+01
1.220318165194648508e+01 1.209050708192746448e+01
1.237264871423786694e+01 1.226897428201383633e+01
1.255443501669197381e+01 1.243719198043584129e+01
1.272264674033173826e+01 1.260520967820382587e+01
1.289447632282946543e+01 1.276385291143390255e+01
1.308954439242273438e+01 1.297915782479980784e+01
1.326701708655707534e+01 1.314163067517468875e+01
1.344425024466901419e+01 1.337254479433983789e+01
1.362589795636515788e+01 1.352624464590169850e+01
1.380476702689127499e+01 1.367232442035976980e+01
1.397831729927134958e+01 1.383333883600666248e+01
1.416787587756321720e+01 1.402616362693185081e+01
1.435347506818531294e+01 1.420696438214557311e+01
1.453312990218006640e+01 1.437609062885023725e+01
1.470963141773529870e+01 1.450556280000532006e+01
1.490393306944672069e+01 1.478076995084471612e+01
1.509255105680247588e+01 1.490230033571099533e+01
1.527527339072463874e+01 1.504078779773872654e+01
1.546466475009541419e+01 1.527172730028651237e+01
1.563756051310887507e+01 1.542501876590628918e+01
1.583253706251777970e+01 1.562379725142345954e+01
1.601964644488738188e+01 1.588822659035248108e+01
1.619039768222156894e+01 1.606382580518949865e+01
1.638336428406504552e+01 1.619010840382000893e+01
1.656256498273116762e+01 1.632742942410616038e+01
1.675847130761772874e+01 1.663214873966763818e+01
1.694672368754444847e+01 1.681709312347703289e+01
1.712160372943698405e+01 1.699991053534675700e+01
1.733306405003041561e+01 1.712957399823752169e+01
1.750695989939788433e+01 1.722951469554779536e+01
1.769338148410152911e+01 1.747015493950654630e+01
1.789970174565300809e+01 1.761130131073411675e+01
1.808234946265438481e+01 1.784197259706491678e+01
1.828162395604377721e+01 1.799731507449259382e+01
1.847132982262506218e+01 1.817962754487160026e+01
1.865584541948834030e+01 1.837767680180518681e+01
1.883531731536031018e+01 1.857859301318251966e+01
1.903437942116049442e+01 1.878339068591949967e+01
1.922105110733789601e+01 1.894213424615939800e+01
1.941537228327709030e+01 1.920897141220478233e+01
1.958692775712592038e+01 1.938233542316075386e+01
1.978043816218466233e+01 1.950798300051416589e+01
1.998584986836227628e+01 1.971671577060589442e+01
2.016958567983843054e+01 1.986885022308208448e+01
2.035517658790877960e+01 2.009689765777839199e+01
