0.000000000000000000e+00 0.000000000000000000e+00
0.000000000000000000e+00 0.000000000000000000e+00
0.000000000000000000e+00 0.000000000000000000e+00
0.000000000000000000e+00 0.000000000000000000e+00
5.676944245598226912e-02 -1.276764639894539810e-02
4.759212806809279273e-02 1.579627377103833830e-01
3.412446945432776046e-02 1.958519186388207212e+00
7.909387107602756650e-01 2.977207866485747534e+00
3.054030735585612444e+00 3.465164298804113141e+00
3.449395921499279982e+00 3.467334644127390231e+00
3.556134781725164729e+00 3.575910132253516505e+00
3.686229792883998435e+00 3.704995872415328240e+00
3.786564662819449367e+00 3.910357670771984928e+00
3.980564206288692564e+00 4.195757951600652014e+00
4.136745509692929090e+00 4.384053879520345198e+00
4.408216018205704856e+00 4.654255631079944777e+00
4.636502427433067730e+00 4.900889213347071838e+00
4.929266049411994643e+00 5.125255003596638659e+00
5.158686409767162750e+00 5.318322015167364469e+00
5.347658612280151047e+00 5.511967122738578695e+00
5.538624906427076944e+00 5.698251154286315234e+00
5.724837119189325918e+00 5.876243186068426994e+00
5.926846895572500884e+00 6.058396047973136689e+00
6.088680816020702657e+00 6.233381558589155880e+00
6.298939172517354912e+00 6.404401592566521195e+00
6.466586297454579579e+00 6.575278621432626203e+00
6.624753999264759941e+00 6.749019453365161958e+00
6.803427064897803689e+00 6.906715812500860530e+00
6.969478680934759751e+00 7.070685872300161101e+00
7.127000647381570353e+00 7.234888619117128883e+00
7.375901255241848808e+00 7.290718084351570205e+00
7.433586422125238791e+00 7.560307389787058518e+00
7.619494418596103102e+00 7.722862847670438846e+00
7.868815076927683450e+00 7.782337248093218918e+00
7.908260519792162491e+00 8.062411137762641289e+00
8.096408177556110530e+00 8.224383677088793476e+00
8.386000490268861185e+00 8.228808997923874102e+00
8.553327121156051760e+00 8.442236707749865232e+00
8.721143545076888159e+00 8.581703220185637804e+00
8.884114343690413307e+00 8.780535815679179734e+00
9.054472949579476904e+00 8.938107917407343450e+00
9.225847248437204939e+00 9.122125756239887195e+00
9.388119946496480850e+00 9.277274932534155027e+00
9.552332852313156764e+00 9.386216746669317601e+00
9.632350864684688929e+00 9.735037046986601439e+00
9.902341037148032044e+00 9.798328688443501022e+00
1.007636178873971211e+01 9.973582458493714498e+00
1.024828793808259064e+01 1.015891691399413688e+01
1.042709714354484696e+01 1.034269339544325383e+01
1.060615622120005952e+01 1.052355786659735593e+01
1.078794671657277426e+01 1.068236792615002351e+01
1.096407200224382805e+01 1.083317796849366488e+01
1.114421056115782172e+01 1.102992316819992169e+01
1.121773334875062744e+01 1.131298307112676227e+01
1.136781543875355815e+01 1.148284509335623937e+01
1.167464486647330979e+01 1.158483604162032243e+01
1.185843514876451721e+01 1.176725342180177059e+01
1.203632988324438635e+01 1.189972044575158883e+01
1.222148362860746218e+01 1.211175855194485251e+01
1.240097045016140598e+01 1.228488090294442436e+01
1.257661245193508570e+01 1.244642220405498101e+01
1.276285834202742286e+01 1.262594449756515225e+01
1.295495336064053404e+01 1.287440077464680499e+01
1.302609623027325014e+01 1.310591842955781772e+01
1.331804374360799770e+01 1.320263739341388565e+01
1.349264283596960823e+01 1.338959399705333375e+01
1.366974501384842888e+01 1.346809172130013188e+01
1.385510053605025327e+01 1.377419103774644960e+01
1.390182678127523985e+01 1.401430186051544524e+01
1.421471802067364898e+01 1.407790605757643654e+01
1.441600563674577096e+01 1.426543738411271534e+01
1.458374540247368500e+01 1.446548689160003676e+01
1.478666356389607905e+01 1.464140715746038346e+01
1.482349892728641549e+01 1.493063368700376081e+01
1.514416259254317509e+01 1.497886289920366032e+01
1.532763280107980108e+01 1.517111127503396162e+01
1.551699054478227424e+01 1.539673952865093653e+01
1.571575137519053378e+01 1.556809167450324871e+01
1.590797357008334778e+01 1.576508011561722178e+01
1.610306698795399782e+01 1.589375284418444778e+01
1.627659701906522116e+01 1.611734232959606317e+01
1.647272819129273103e+01 1.631242132119920640e+01
1.666458635572335467e+01 1.648830565709819496e+01
1.685682693460831771e+01 1.674513894810653269e+01
1.704754572628408837e+01 1.681592666683834381e+01
1.725112116560919162e+01 1.714669103024427699e+01
1.744046547907317191e+01 1.722311585715819149e+01
1.763351432639982619e+01 1.741939141179223327e+01
1.782177376499805277e+01 1.762746144171439511e+01
1.782354871796626483e+01 1.795308985718721217e+01
1.820193070776638322e+01 1.800478544793427460e+01
1.837011084385248694e+01 1.817712829012572939e+01
1.856537652367948965e+01 1.838084788572007611e+01
1.875177901603574071e+01 1.856212803321832894e+01
1.894760585059659519e+01 1.881444897329367549e+01
1.913086792896178423e+01 1.897490038616289354e+01
1.931087833494838080e+01 1.915795290273234741e+01
1.951272859952288741e+01 1.926925299068169295e+01
1.970174564938038131e+01 1.954988509140176589e+01
1.992689743803770241e+01 1.970045166512694479e+01
2.009038933478406364e+01 1.995774560622963989e+01
