0.000000000000000000e+00 0.000000000000000000e+00
0.000000000000000000e+00 0.000000000000000000e+00
6.115964352846614007e-05 0.000000000000000000e+00
9.786720190142292330e-02 -6.169666541275434235e-02
7.825384466213411438e-02 0.000000000000000000e+00
4.266636580416129088e-02 7.269557818223268963e-01
8.379143404059793410e-01 1.137462665801241002e+00
1.259456500712581306e+00 1.351092107861328495e+00
1.553929076884874583e+00 1.532346101266905292e+00
1.756029027551663679e+00 1.738216685087400126e+00
1.953615563309043068e+00 1.927697443462424776e+00
2.148268255337037580e+00 2.122489099927273859e+00
2.351540801017470095e+00 2.315095920297170817e+00
2.555907542243854191e+00 2.488409658423615944e+00
2.749678548914648246e+00 2.698116375450772431e+00
2.938006448925006620e+00 2.906931881942921070e+00
3.139671935172126727e+00 3.096512851312792414e+00
3.328072967622674128e+00 3.298110812284190452e+00
3.519536289304917798e+00 3.450508631091123490e+00
3.717895326371155829e+00 3.690419987369859101e+00
3.910682142762982760e+00 3.863298957904931274e+00
4.104070262384309054e+00 4.054568441240373744e+00
4.313220424877292736e+00 4.225065842338717736e+00
4.508966273922161427e+00 4.397864460527560304e+00
4.706940406169205282e+00 4.650413072508040813e+00
4.916066601895014543e+00 4.808628227086195750e+00
5.113360508672490035e+00 5.016584695810361261e+00
5.308412879142072605e+00 5.205401845360434265e+00
5.515533225738719736e+00 5.378501777148418483e+00
5.710625696002337826e+00 5.602263901383593314e+00
5.912747633064887154e+00 5.774933972212933142e+00
6.112426465418093535e+00 5.994583966102923434e+00
6.302250863811673653e+00 6.173733014568422384e+00
6.503632646090251157e+00 6.313419583976121352e+00
6.701334104624199206e+00 6.576774789315794401e+00
6.907495612986989997e+00 6.772888423336759445e+00
7.104523895915600740e+00 6.893087145425159434e+00
7.304099222565718641e+00 7.139838235391959387e+00
7.497159179909250071e+00 7.301485458406145490e+00
7.694482142654675449e+00 7.484069303660715988e+00
7.893834257877551330e+00 7.709286707684677609e+00
8.081169824367611554e+00 7.912806936314612294e+00
8.281391882530899196e+00 8.097810711329470834e+00
8.473846858151132366e+00 8.328957989468610990e+00
8.685425257543403887e+00 8.482152670838898345e+00
8.876228504447697176e+00 8.684955621240581181e+00
9.066970219615036797e+00 8.867241879599580656e+00
9.260574585131077896e+00 9.050415419441351972e+00
9.454666535889295176e+00 9.298538694686433459e+00
9.654235991050740040e+00 9.419877981148342627e+00
9.844954757119610989e+00 9.620758389481055772e+00
1.004230077380933928e+01 9.778480401497605001e+00
1.023161296587584523e+01 1.003982902409956957e+01
1.042701567779273830e+01 1.018759920704509092e+01
1.062481948364802875e+01 1.039136280944455493e+01
1.082013125366813533e+01 1.053854122971206486e+01
1.100729307087265596e+01 1.083003294498011648e+01
1.119708172596188156e+01 1.100460231184523607e+01
1.138502997704491193e+01 1.117563294387402628e+01
1.158659415751976596e+01 1.134577460357577650e+01
1.178252747909561648e+01 1.158883169658274070e+01
1.197536371119044318e+01 1.176421749876335099e+01
1.216953422195318169e+01 1.203605885506809159e+01
1.235372447844203592e+01 1.215446104706349040e+01
1.256340863658156159e+01 1.239043289857172958e+01
1.276931642910500919e+01 1.246496637460633572e+01
1.297107459469932067e+01 1.272326395596028803e+01
1.318044322620045072e+01 1.286111150272514614e+01
1.337810509842318041e+01 1.310135039453077610e+01
1.358468281727432725e+01 1.332041091032690794e+01
1.378552577250795075e+01 1.353144488419443014e+01
1.396693422934568574e+01 1.368195360029923613e+01
1.415603166427705872e+01 1.386904381643321038e+01
1.436116292941125039e+01 1.409129751526070073e+01
1.456444025702857381e+01 1.430476688166300647e+01
1.475115724412061802e+01 1.441942768324885371e+01
1.495048565427045517e+01 1.467096586056709917e+01
1.514969006923601036e+01 1.476911893136499465e+01
1.533754549706815240e+01 1.508627698258186633e+01
1.553160135219654414e+01 1.517685374580427471e+01
1.573099476745347758e+01 1.533228258126417742e+01
1.592877477063434455e+01 1.561188975276806623e+01
1.612976840577189819e+01 1.585972525458142890e+01
1.631377555978263771e+01 1.599741591740479052e+01
1.650876726082321966e+01 1.616636500153144596e+01
1.671204627889544270e+01 1.641299467679848689e+01
1.691157244598600684e+01 1.658176240749879327e+01
1.710424363018868377e+01 1.672981996941916449e+01
1.733403435034515994e+01 1.699965695823172851e+01
1.752236152589845020e+01 1.716433985571307019e+01
1.773107230661972622e+01 1.737351339538570727e+01
1.792204133300896984e+01 1.750291848288009078e+01
1.813673321110103132e+01 1.774001292419718112e+01
1.831313982840244137e+01 1.790441158451506354e+01
1.852168675977108592e+01 1.811452052128349877e+01
1.872124895459732485e+01 1.836507586708515305e+01
1.892432345347815925e+01 1.849884710065817828e+01
1.911541210849608063e+01 1.875476015003158281e+01
1.930733155052821459e+01 1.888353944171993604e+01
1.949925930181697709e+01 1.896106420873260134e+01
1.970580510120878515e+01 1.940324327833620544e+01
