0.000000000000000000e+00 0.000000000000000000e+00
0.000000000000000000e+00 0.000000000000000000e+00
0.000000000000000000e+00 0.000000000000000000e+00
0.000000000000000000e+00 0.000000000000000000e+00
2.281204896868845033e-02 0.000000000000000000e+00
2.319742028177003146e+00 2.514263465253617547e+00
3.105815138695622757e+00 3.167797074010755054e+00
3.206022748321083693e+00 3.208516996315474490e+00
3.233640958681372801e+00 3.230221863259032489e+00
3.293238716928160503e+00 3.311206294223603130e+00
3.390462417389458416e+00 3.441676862252410984e+00
3.480449310768578997e+00 3.462903336822709122e+00
3.554000800191048803e+00 3.926776265697550450e+00
3.784058000616654205e+00 4.170928194873805950e+00
4.095571896988348115e+00 4.367079713129806251e+00
4.315619448254652823e+00 4.574793743121583489e+00
4.531062228248875279e+00 4.745634895320412383e+00
4.731899498815604233e+00 4.908718136390857190e+00
4.910444819259375926e+00 5.075741724245429687e+00
5.104566870003049317e+00 5.226532296276608314e+00
5.266126679491865303e+00 5.368367715115208050e+00
5.417617072311512239e+00 5.517396223524287713e+00
5.574177377638327435e+00 5.656265723644339438e+00
5.752272338942134411e+00 5.803043335305343220e+00
5.883030294136325722e+00 5.954949809177367825e+00
6.070262536019048305e+00 6.038535710208372542e+00
6.163637722820129561e+00 6.251186620761553847e+00
6.311435287217104673e+00 6.400362844108472338e+00
6.461556088929789610e+00 6.545032419285189640e+00
6.685408239462778290e+00 6.621448315825580799e+00
6.749299832520591735e+00 6.853504237082018946e+00
6.989488393480415063e+00 6.909650070218898321e+00
7.141553824411878360e+00 7.065373605163077109e+00
7.234284451727265086e+00 7.320666921887140965e+00
7.391059667160742030e+00 7.477612112927488397e+00
7.546501820676378536e+00 7.635564445254105159e+00
7.674466831071422135e+00 7.786623867522530773e+00
7.937394867452590042e+00 7.838325180983229501e+00
8.089523337378158985e+00 8.027898600750789981e+00
8.152706016525192112e+00 8.257895735118131242e+00
8.413443264775967378e+00 8.329631768970525485e+00
8.480170238341692368e+00 8.572310504561347244e+00
8.737467871070512260e+00 8.639011593555681046e+00
8.903666892067604977e+00 8.786292687244422694e+00
9.060014750251751181e+00 8.925858258204039331e+00
9.230623572751760264e+00 9.091062372930561963e+00
9.399264246294119829e+00 9.261537836690134640e+00
9.428072881376388992e+00 9.541778483666641719e+00
9.716947115886561903e+00 9.597448097133410627e+00
9.741143499515308335e+00 9.864755994321896537e+00
9.945070063687852624e+00 1.001741053014578853e+01
1.020343018395761980e+01 1.008427125785330958e+01
1.036000922235500887e+01 1.027763306302132307e+01
1.053641573497438522e+01 1.040167827903407627e+01
1.069713067388018146e+01 1.059857500438102917e+01
1.085998503825641315e+01 1.075320096651092250e+01
1.104420942889073309e+01 1.087224690584561237e+01
1.120416123399031960e+01 1.110506695473731220e+01
1.137243758782361347e+01 1.123822375787618100e+01
1.154701315074942336e+01 1.139176398211880148e+01
1.172668687672322996e+01 1.157075985836517340e+01
1.188884876910912958e+01 1.177628023381559963e+01
1.207562652847280482e+01 1.195333637035229124e+01
1.224967402048570086e+01 1.212684616447705110e+01
1.224571720958817878e+01 1.236636514246339225e+01
1.258369390800074328e+01 1.243814305447053492e+01
1.276127729155130552e+01 1.259688932655624960e+01
1.293796562785965776e+01 1.279095124466977573e+01
1.310324395969669808e+01 1.296277551910294434e+01
1.328736488371253266e+01 1.307615752955272548e+01
1.345902167587992260e+01 1.327564070967425813e+01
1.363858384918534128e+01 1.343992032184115004e+01
1.380559663539049353e+01 1.360672731946307934e+01
1.397145844619444510e+01 1.381504206564471815e+01
1.415607481493213804e+01 1.398566641644429609e+01
1.434273809503368646e+01 1.410821848780186549e+01
1.451411362704117636e+01 1.436685424258796751e+01
1.448793969690625083e+01 1.461543510620271213e+01
1.465571880270730887e+01 1.476645752139367929e+01
1.498123454519159026e+01 1.481057467003372530e+01
1.497916429161794660e+01 1.507952810910238206e+01
1.530994997321065121e+01 1.516051299506500882e+01
1.547255472899163209e+01 1.530242505937521003e+01
1.564974023355791211e+01 1.552422716619125431e+01
1.581834604163535829e+01 1.563364332235940957e+01
1.600425704738361787e+01 1.584155998741915461e+01
1.618320143725042115e+01 1.602637164419024529e+01
1.636109165534019994e+01 1.624088018924218701e+01
1.654652035773768404e+01 1.640265451002664321e+01
1.672357021060397386e+01 1.654487266506277265e+01
1.690262847008293434e+01 1.672487937502639710e+01
1.707797595151947334e+01 1.682218729814855962e+01
1.726753232975343622e+01 1.712289477098999413e+01
1.745117471316538271e+01 1.728517571345125248e+01
1.763614528016069372e+01 1.742600379651977605e+01
1.781498366220597873e+01 1.760124274143205980e+01
1.799698905337639943e+01 1.779115522759895285e+01
1.817191343772723044e+01 1.794420404771081934e+01
1.835792397285673161e+01 1.811928955588679102e+01
1.853926867286495650e+01 1.833029082564722145e+01
1.872351717185821585e+01 1.858526348044960486e+01
