0.000000000000000000e+00 0.000000000000000000e+00
0.000000000000000000e+00 0.000000000000000000e+00
1.774420633942542689e-04 0.000000000000000000e+00
1.013215327912452598e-04 0.000000000000000000e+00
0.000000000000000000e+00 6.940618000581215419e-02
2.940993402824993580e-02 3.749377008678116407e-01
2.688750196035983864e-01 6.577116374155116407e-01
6.547633866501004762e-01 7.696038783121164073e-01
8.734245604752988168e-01 8.514213266158456861e-01
9.812932479253451135e-01 9.585234538371266710e-01
1.088470698762956879e+00 1.072156137363027506e+00
1.197542748476759789e+00 1.172856199632168694e+00
1.304370255113974197e+00 1.275095059140483933e+00
1.411937773549722275e+00 1.383654135222341930e+00
1.515483438036802077e+00 1.493688600786614806e+00
1.623084055333106734e+00 1.603229622422593703e+00
1.733140680959327495e+00 1.701223205923870330e+00
1.838614545088613106e+00 1.809244379162835648e+00
1.947133924676085037e+00 1.924248809919773207e+00
2.057924341105066723e+00 2.024854126576888458e+00
2.161918731163462226e+00 2.122478283621487716e+00
2.268917625500984858e+00 2.217690899690407669e+00
2.371644626988487214e+00 2.342612282723146588e+00
2.485446592782309061e+00 2.436859484016274724e+00
2.591383776698423347e+00 2.570633171450790844e+00
2.701280623385270641e+00 2.649820336475928517e+00
2.809659602808632251e+00 2.786384971402406041e+00
2.917277725276139488e+00 2.896016574983617975e+00
3.025564242551937344e+00 2.996876750859154281e+00
3.126348455134555948e+00 3.069380933495875041e+00
3.238379093900921823e+00 3.196036499763368788e+00
3.348831199069605358e+00 3.312452538386994938e+00
3.462966532109236883e+00 3.410442428723635899e+00
3.571511877209558872e+00 3.529665350044632444e+00
3.683771068962855111e+00 3.601682598775031607e+00
3.794762382491267516e+00 3.731564666707724243e+00
3.903660947454595576e+00 3.844147943700952919e+00
4.010939981891238126e+00 3.944487358149805889e+00
4.117965852919756919e+00 4.043941626033242365e+00
4.227259732738527731e+00 4.143784834758003299e+00
4.331763010522534429e+00 4.246644268247885989e+00
4.441632865667963337e+00 4.385995368627819246e+00
4.549678901441114753e+00 4.486455466126439084e+00
4.661426757799701726e+00 4.562365949236642848e+00
4.771149070543550863e+00 4.684356102157452462e+00
4.879728773024613275e+00 4.793394768323548050e+00
4.986924464234544274e+00 4.919905459166733053e+00
5.096789577635425950e+00 5.018468780820901642e+00
5.199291607755405664e+00 5.106021519474076342e+00
5.314037269679217523e+00 5.229459128540892898e+00
5.420165697454174314e+00 5.320269261460857990e+00
5.529653104155891619e+00 5.436687121921994326e+00
5.635160398562344852e+00 5.548346504763637554e+00
5.735732473984945123e+00 5.666482044110396465e+00
5.849168031491993602e+00 5.758759042669688633e+00
5.947209148113098642e+00 5.840114919880195821e+00
6.058908289645953182e+00 5.978395168099812196e+00
6.159649576107804059e+00 6.087060437490934284e+00
6.275744211922933857e+00 6.192398484378485612e+00
6.380007579709640275e+00 6.270217055862258526e+00
6.496558985414391252e+00 6.403912524973867981e+00
6.598683350517179136e+00 6.473945951434854074e+00
6.703809456900804875e+00 6.595073547952673643e+00
6.819182433264794341e+00 6.699236772529909345e+00
6.932885806326484435e+00 6.801634149686419661e+00
7.039960579276441699e+00 6.912084020605751000e+00
7.150477570367194780e+00 7.022015083142957970e+00
7.254587297875114693e+00 7.131444039223986842e+00
7.374228629249088840e+00 7.272755174411487999e+00
7.481348277245626122e+00 7.351082859716230544e+00
7.586876411293530964e+00 7.473234088455716240e+00
7.694337184174647959e+00 7.563088116780466663e+00
7.798485912350868077e+00 7.670531648247132850e+00
7.914788983454405624e+00 7.777596503944819162e+00
8.019052054113835482e+00 7.879916756311846626e+00
8.127919423290459022e+00 8.012975530418648518e+00
8.235952687895091273e+00 8.085356364787950056e+00
8.335087104530288116e+00 8.207096348185737966e+00
8.442557853673040569e+00 8.310482840295810192e+00
8.552148772629331930e+00 8.428152806644030548e+00
8.663970522423417364e+00 8.543819072977905549e+00
8.769985133315566728e+00 8.647490750181898278e+00
8.882255220961580378e+00 8.740806687128717556e+00
8.988475571663910202e+00 8.840272517559570886e+00
9.091785117906786340e+00 8.991305928537894232e+00
9.196524699657400603e+00 9.087106287629705292e+00
9.309970158864711465e+00 9.140477972575199672e+00
9.419213911022424668e+00 9.306213071174934015e+00
9.527841047198808866e+00 9.388409526036364028e+00
9.632532453933352556e+00 9.464786731635548733e+00
9.737607492009326293e+00 9.570645387104056212e+00
9.850742271596798716e+00 9.697475114576503685e+00
9.954152635618598310e+00 9.831932416215643400e+00
1.005765265354823690e+01 9.901052228634977581e+00
1.016119827138289367e+01 1.001963449427257302e+01
1.026478398840291284e+01 1.009028649044708814e+01
1.038535400077667070e+01 1.022674099524699365e+01
1.048655052440622271e+01 1.034524026932296970e+01
1.059858260822921316e+01 1.042172518597491404e+01
1.070461350037414938e+01 1.055557903024054056e+01
1.081022559953230378e+01 1.066912595012465914e+01
