0.000000000000000000e+00 0.000000000000000000e+00
0.000000000000000000e+00 0.000000000000000000e+00
0.000000000000000000e+00 0.000000000000000000e+00
0.000000000000000000e+00 0.000000000000000000e+00
0.000000000000000000e+00 0.000000000000000000e+00
0.000000000000000000e+00 0.000000000000000000e+00
7.750588423527099424e-02 5.363161291884088744e-01
4.002463910286947063e-02 1.548728612662089610e+00
1.137013846257963978e+00 1.713812977310930741e+00
1.817252596482525684e+00 1.834541336829056180e+00
1.927401127220922827e+00 1.898086007376023288e+00
2.038545155579010615e+00 2.130955334286961378e+00
2.193323975960089545e+00 2.309484594853994377e+00
2.365281969019126240e+00 2.509973666333886300e+00
2.524348066219887610e+00 2.629663933092976968e+00
2.679512443411994127e+00 2.810570768067999659e+00
2.850763244830881948e+00 2.971740075129952086e+00
2.953199218791862091e+00 3.105624457961595475e+00
3.128647484899680364e+00 3.247134857266099406e+00
3.256363083423341465e+00 3.384192597301292516e+00
3.426661955638659496e+00 3.514048086419079286e+00
3.567966930267359782e+00 3.638024862450009334e+00
3.758807385018323455e+00 3.731298754121573857e+00
3.859988709175055099e+00 3.905919506860787482e+00
3.983844607156206585e+00 4.043913148885687647e+00
4.129043864256062513e+00 4.172745308730232416e+00
4.307239955802284470e+00 4.265725444227891572e+00
4.440393702232473316e+00 4.383311399031779132e+00
4.577600884655531388e+00 4.500151298194740690e+00
4.640274851991541993e+00 4.709402483894563396e+00
4.782152387711394503e+00 4.853659474831862219e+00
4.987598312577926407e+00 4.932237711463236529e+00
5.125865511006366226e+00 5.068154104107101432e+00
5.267438739972331696e+00 5.193983302115753098e+00
5.338800703465494735e+00 5.407287097508438833e+00
5.483083632636282623e+00 5.546435202759271377e+00
5.693454144492583247e+00 5.610700136849229303e+00
5.838296491140843258e+00 5.744468862459400249e+00
5.991832829688540585e+00 5.893368377012072834e+00
6.133654880038148072e+00 6.065744247072550444e+00
6.271477904466125963e+00 6.191841749287041452e+00
6.411589385811227615e+00 6.326754710522915381e+00
6.564256083969985944e+00 6.480439517224031221e+00
6.707538139745452987e+00 6.638993039299586840e+00
6.851454094491995939e+00 6.777748963394645720e+00
6.991067303609716177e+00 6.904962462938274648e+00
7.140071720450123394e+00 7.046379164932337069e+00
7.277143794820921663e+00 7.222910941551404562e+00
7.432353482363602382e+00 7.372836055936281774e+00
7.571185330362414589e+00 7.488251044487931551e+00
7.720162121187187587e+00 7.634950823657807639e+00
7.864835849278475344e+00 7.787420324785799153e+00
8.017051399078534146e+00 7.945786505482709039e+00
8.065802266490917916e+00 8.134079336009913064e+00
8.306453730634181909e+00 8.231095391378929094e+00
8.458876658256547998e+00 8.371674523112821120e+00
8.613128136214520225e+00 8.491330114629004555e+00
8.761838537649921932e+00 8.653788756205443633e+00
8.911119075127157174e+00 8.820945217872274924e+00
9.062686840756148499e+00 8.981780689485185931e+00
9.205275399024952065e+00 9.111763025016230699e+00
9.344347909007142405e+00 9.285122534984768805e+00
9.496884530927749424e+00 9.378753937475165614e+00
9.647969729286513640e+00 9.551608616352877945e+00
9.791318012218937383e+00 9.691289652055262493e+00
9.938657509050205618e+00 9.855518435957760559e+00
1.007464144126253203e+01 9.998329352251252189e+00
1.022180811123977406e+01 1.014256596352858253e+01
1.038128379150347413e+01 1.029021587649758551e+01
1.053494411764292593e+01 1.045145721765904590e+01
1.067743476324264051e+01 1.059165785045088626e+01
1.083512445602416463e+01 1.073720770468107943e+01
1.098007294600687445e+01 1.090162613038591211e+01
1.113849776593448127e+01 1.105090391637195957e+01
1.128665840788589314e+01 1.116835178327141520e+01
1.143422989919810462e+01 1.136001324472679386e+01
1.158839572735887913e+01 1.151598860946102931e+01
1.175151473381539624e+01 1.166558670614402615e+01
1.189130522800344458e+01 1.174870505310757984e+01
1.204994025310472772e+01 1.190826931498964925e+01
1.220983347915056072e+01 1.200944466975079905e+01
1.235651343476465414e+01 1.220935092890946372e+01
1.251055798612924441e+01 1.236342580558588011e+01
1.266370818196434733e+01 1.255490544552931986e+01
1.281700230393096085e+01 1.263848505825690083e+01
1.297406756298280150e+01 1.283415512109933232e+01
1.311131039839461643e+01 1.301184909820262270e+01
1.326425443859419850e+01 1.311177222119811425e+01
1.342516789162590385e+01 1.326272484001651186e+01
1.356649933998123814e+01 1.346196791580463525e+01
1.371801781984308199e+01 1.361436955554112416e+01
1.386223124797473716e+01 1.365757727803742583e+01
1.402058205244216538e+01 1.387615649217952907e+01
1.417718920361876123e+01 1.403594244787836409e+01
1.432783747904724159e+01 1.415424476963127987e+01
1.449091361796148725e+01 1.430271102720423393e+01
1.463771154005194575e+01 1.448654853276962662e+01
1.480505182399075359e+01 1.464681102232371579e+01
1.494926381557641548e+01 1.477667959569405021e+01
1.510536191178098697e+01 1.490751348088666717e+01
1.524907113316647589e+01 1.509218120453830814e+01
