0.000000000000000000e+00 0.000000000000000000e+00
7.277524053542550227e-03 -6.277161571122018453e-03
6.817728552562606070e-02 1.838513926817499870e-03
2.271601201106767942e-01 1.173919093395460744e-01
3.405549691676518775e-01 3.047200027072112793e-01
4.375365603686186544e-01 3.997048035175251313e-01
5.352765632352761704e-01 5.087732860354994280e-01
6.334515561592509725e-01 5.978538651187735864e-01
7.285859109646437570e-01 6.998949888857423085e-01
8.181174787886935640e-01 7.888615330992916341e-01
9.114220141766845584e-01 8.826393380459091054e-01
1.003314591814407963e+00 9.718799707382874686e-01
1.099393277028065219e+00 1.077188398461992103e+00
1.189515053228098251e+00 1.148049340367433668e+00
1.282899505520136207e+00 1.244333511604062803e+00
1.371468426053144229e+00 1.344432696347209744e+00
1.467916965771152382e+00 1.429021063387390322e+00
1.556029542948611955e+00 1.519667505716874256e+00
1.648354979757605143e+00 1.615275448290638849e+00
1.741346832717972637e+00 1.708641401355082579e+00
1.836704609072549621e+00 1.788363707613817910e+00
1.927829492703895919e+00 1.890961561023570381e+00
2.020390709591248779e+00 1.971604051707955163e+00
2.111656170730761950e+00 2.081224074774616017e+00
2.205181432814930620e+00 2.159098751944567685e+00
2.296926459658938491e+00 2.248793364725047539e+00
2.387642940440261263e+00 2.335359493166584421e+00
2.475312145869125402e+00 2.413607477515897770e+00
2.568517661426366505e+00 2.516485796713286760e+00
2.656970564676807811e+00 2.616485002707048757e+00
2.747755643718267304e+00 2.671211476961512954e+00
2.840256328644425565e+00 2.813572171013454692e+00
2.928801991944228522e+00 2.886057062048446475e+00
3.020453404281099985e+00 2.970000230349863379e+00
3.111182939943155645e+00 3.077741585679316660e+00
3.209023369797947112e+00 3.162096582258629329e+00
3.303476962431716402e+00 3.228285281660215666e+00
3.392237071149194705e+00 3.319706699889198198e+00
3.481318562352349044e+00 3.431070731547793073e+00
3.573345492547152169e+00 3.527528301171208636e+00
3.665552893084668806e+00 3.604513475724449023e+00
3.760730661349675152e+00 3.709183967592443842e+00
3.856418566526727876e+00 3.790034092904879248e+00
3.947116279824675278e+00 3.862227616510236494e+00
4.040543874601353558e+00 3.971012424993668244e+00
4.129350751767556282e+00 4.049792925811759758e+00
4.223722262227893154e+00 4.157480019573224439e+00
4.308439743247782339e+00 4.235604773882019281e+00
4.400268681542699234e+00 4.339248334315247924e+00
4.494216602898922552e+00 4.420328797223642248e+00
4.588121090838966687e+00 4.498312770322249854e+00
4.674630542517821397e+00 4.607878880292871848e+00
4.770465435505521157e+00 4.687339167267330353e+00
4.860567070938811796e+00 4.775086839351457613e+00
4.950250307901446156e+00 4.842769338631267573e+00
5.039992162552590749e+00 4.955341990089747739e+00
5.135447834903501096e+00 5.071099393663802246e+00
5.224549151584859885e+00 5.156323417093378048e+00
5.320056712876118254e+00 5.236324494297074139e+00
5.409697090709953748e+00 5.354106372080361886e+00
5.496796955500927062e+00 5.438800390996099132e+00
5.589059274553490830e+00 5.520491891165510978e+00
5.687710541197864345e+00 5.609974064426829443e+00
5.776728010856494677e+00 5.704133913595326177e+00
5.866545740747806548e+00 5.780705074771502083e+00
5.965300435542875590e+00 5.872219628862388241e+00
6.051175520486509640e+00 5.953796832020282537e+00
6.145549061616214281e+00 6.048162662657293076e+00
6.234154094528610912e+00 6.148663784492284456e+00
6.331367790487594682e+00 6.235751119152443067e+00
6.416735327075407724e+00 6.325885343429897389e+00
6.505969152032440306e+00 6.423668086876999084e+00
6.593929050623242638e+00 6.498269176505924172e+00
6.693658755928922233e+00 6.544704373098121586e+00
6.780984860827310001e+00 6.651141465171531486e+00
6.866905830639164598e+00 6.778619282868172391e+00
6.961880605328572891e+00 6.837261042407392075e+00
7.052628329244162053e+00 6.917505119003575231e+00
7.142875848400309202e+00 7.033852290178960409e+00
7.236207801426549402e+00 7.138937993637838098e+00
7.328337363487685607e+00 7.212802787746756650e+00
7.424454265435153744e+00 7.312391004358538282e+00
7.518005320706237171e+00 7.425072762286470507e+00
7.612441361888235392e+00 7.493766285431199492e+00
7.704507568490694069e+00 7.588163755651676112e+00
7.796205159072249202e+00 7.685362075529746484e+00
7.881992497258973884e+00 7.744941148102147288e+00
7.976770743896508975e+00 7.868314523130604421e+00
8.073472546804600469e+00 7.901018952088188385e+00
8.157290719045533933e+00 8.062437082791849008e+00
8.251317728070448609e+00 8.158037368150079516e+00
8.347877007798192750e+00 8.201116160345954142e+00
8.438651834089233361e+00 8.290092805687930166e+00
8.525380853389398439e+00 8.380769376590510689e+00
8.623694343373752957e+00 8.514354725485969055e+00
8.711642370047240291e+00 8.553972323547112566e+00
8.806237145393028598e+00 8.702492068416612270e+00
8.902932707393588885e+00 8.760005868963753883e+00
8.992628897568993196e+00 8.853498948175277050e+00
9.093085537033305243e+00 8.950260293360223329e+00
9.176225988361300878e+00 9.035734250671067613e+00
