0.000000000000000000e+00 0.000000000000000000e+00
1.244336156882565325e-02 0.000000000000000000e+00
6.920393236398664216e-02 -4.214180436201117423e-03
1.891473959133715133e-01 5.793457158082587072e-02
3.070197852408033112e-01 2.168852460511058455e-01
3.994309500227488652e-01 3.396825889648454333e-01
4.902300711381825660e-01 4.518839815526465298e-01
5.770872812875431634e-01 5.585313206078984516e-01
6.629080911187902325e-01 6.108796131561627929e-01
7.443440969683705610e-01 7.100462335151371818e-01
8.292309947931943981e-01 7.989948543612668264e-01
9.136588689453279954e-01 8.968631269418203544e-01
1.000654279944574565e+00 9.642030488286651435e-01
1.083098315666308986e+00 1.042524345847485101e+00
1.161430643774506333e+00 1.126977276785547044e+00
1.243725403361597204e+00 1.207020068398435564e+00
1.329382375464610577e+00 1.306672619572013971e+00
1.412148431000359361e+00 1.379542989554011223e+00
1.495589387291318850e+00 1.466341772237019558e+00
1.581128191351428347e+00 1.541384473500773566e+00
1.660024653148326479e+00 1.620514010531280524e+00
1.745550423859187239e+00 1.690385578470606331e+00
1.829440928890669005e+00 1.785967655936516962e+00
1.913630172171648658e+00 1.874278582239730095e+00
1.996197131742267983e+00 1.945569211454526437e+00
2.077877874852601447e+00 2.034439219707936619e+00
2.162259622720877683e+00 2.129220749914447985e+00
2.242925696615187814e+00 2.195217789250445417e+00
2.329711980411078187e+00 2.273609285809627956e+00
2.410736739872988643e+00 2.344390129246078480e+00
2.497550729647128875e+00 2.449696768555843285e+00
2.579496329356270934e+00 2.538251769888685505e+00
2.665416786985143283e+00 2.597256037846413346e+00
2.744160753984299816e+00 2.695280180872583475e+00
2.831044635747056670e+00 2.786892311801715927e+00
2.912764344270227124e+00 2.860498960689348724e+00
2.999927771381065700e+00 2.944655614231632246e+00
3.084246147987878661e+00 3.028720499810903188e+00
3.166311145382476600e+00 3.104404052347403020e+00
3.247090703616301255e+00 3.188467542477307237e+00
3.334225295870429040e+00 3.251823812281315451e+00
3.417746929715298254e+00 3.348324042010491830e+00
3.497496537104921366e+00 3.431083748428223057e+00
3.579252220686089281e+00 3.506589189265276740e+00
3.665372178886999066e+00 3.592594894589231647e+00
3.748863797690614508e+00 3.667648664884798571e+00
3.829493763354670843e+00 3.764786454266254356e+00
3.907749282234643129e+00 3.816793741509371785e+00
3.994162941110046550e+00 3.934485862804979472e+00
4.079864980672834207e+00 4.020142690317577205e+00
4.154308103946797281e+00 4.091394157406355703e+00
4.243123156290239173e+00 4.161205142210539165e+00
4.325012389327223872e+00 4.244744934646834444e+00
4.405044538683258182e+00 4.343448559238384910e+00
4.490877151356937880e+00 4.408256950755688131e+00
4.574436987571363744e+00 4.503597330395693987e+00
4.659566147979327333e+00 4.594452227051069926e+00
4.744528165936752195e+00 4.676917783681839857e+00
4.825836304760065865e+00 4.744026208200936345e+00
4.911688724183752797e+00 4.819292151205075037e+00
4.995051565287130124e+00 4.923023065941173115e+00
5.080996380250184075e+00 4.999855811798544991e+00
5.156905148308430498e+00 5.083628024364272413e+00
5.242382124836515445e+00 5.162993907382319669e+00
5.325531721703285370e+00 5.239086855477681937e+00
5.411910668347903908e+00 5.348536726979923550e+00
5.491534841072196471e+00 5.422368374515471601e+00
5.572338177991048802e+00 5.496019278324028257e+00
5.658508611628549012e+00 5.542182665111488937e+00
5.741285484195249644e+00 5.670981356680568908e+00
5.819345301095354195e+00 5.710955821204662719e+00
5.900039714742761454e+00 5.808851501352106261e+00
5.985499380386166024e+00 5.922369998674228420e+00
6.069349441994710048e+00 5.983827543547866945e+00
6.154451877014190941e+00 6.068933768297738673e+00
6.238191003775762411e+00 6.139687297588261927e+00
6.322207699599085018e+00 6.234835629651940714e+00
6.404514362423784135e+00 6.325543347387695192e+00
6.493391131664078664e+00 6.394702492992477616e+00
6.574158357493148586e+00 6.480327791200360288e+00
6.663746934501403985e+00 6.569972493753172493e+00
6.742030588942458991e+00 6.624441017286118338e+00
6.828811354179777027e+00 6.722747298634435431e+00
6.909943993352731795e+00 6.811173929264077387e+00
6.985289710832351062e+00 6.872337680999889287e+00
7.073663175596890618e+00 6.953577016464912219e+00
7.154575114548276993e+00 7.031836712251126720e+00
7.243959669610752883e+00 7.166228180364301537e+00
7.316903549189182954e+00 7.203756056325897994e+00
7.404929982620720885e+00 7.284430721585266610e+00
7.491652432372633896e+00 7.370514571153670147e+00
7.572743122674782335e+00 7.436217625225058470e+00
7.659985779942137363e+00 7.532544067510141161e+00
7.741862046069633685e+00 7.626448806883671772e+00
7.823036457112237052e+00 7.718398716781859292e+00
7.908048758044672333e+00 7.795245679539135608e+00
7.984170960235756453e+00 7.858103053486712675e+00
8.072235245409840942e+00 7.980004844739954528e+00
8.157850832924381734e+00 8.027250796631708596e+00
8.241731395583842712e+00 8.110473437339074110e+00
8.322457947798172384e+00 8.221654769744803914e+00
