0.000000000000000000e+00 0.000000000000000000e+00
0.000000000000000000e+00 0.000000000000000000e+00
0.000000000000000000e+00 0.000000000000000000e+00
0.000000000000000000e+00 0.000000000000000000e+00
0.000000000000000000e+00 0.000000000000000000e+00
1.007465642413206408e-02 0.000000000000000000e+00
5.766673672868894568e-02 -3.631022399664796119e-02
3.016677276080231840e-01 1.121507749503158902e+00
1.215440640925048665e+00 1.853764550517991161e+00
2.061410374929229405e+00 2.144878261249234086e+00
2.364153808901210407e+00 2.518126865585056606e+00
2.515433066439499044e+00 2.506591551281093011e+00
2.645554110553530514e+00 2.700728038996747404e+00
2.848302835918409492e+00 2.871455815612699691e+00
2.989385405080317692e+00 3.097067601257858183e+00
3.156785891046050452e+00 3.282652782103653966e+00
3.288557872931304971e+00 3.479657359700327746e+00
3.461359001525291301e+00 3.652962683477262829e+00
3.603251396649345129e+00 3.810477255040679356e+00
3.808200392819797830e+00 3.951347449440574700e+00
3.972344217190899585e+00 4.099586153044762149e+00
4.109201463880458149e+00 4.237223139454763476e+00
4.274942233570216743e+00 4.380587851612407491e+00
4.421669628163419574e+00 4.521172760838520155e+00
4.576527365266675140e+00 4.659027201586643407e+00
4.731324440465876080e+00 4.797547846333743315e+00
4.869626320244044848e+00 4.937910460892159570e+00
5.003744250476646727e+00 5.074343947829694557e+00
5.200682535297939779e+00 5.150135320548514528e+00
5.344114313911095593e+00 5.273699811174520136e+00
5.475121936021957403e+00 5.406626094607139166e+00
5.619545414542308492e+00 5.567550890471501646e+00
5.710661347983701397e+00 5.761888456044684581e+00
5.899374754758206052e+00 5.852822366569207624e+00
6.046375880812470349e+00 6.002211059470833554e+00
6.183430994390970881e+00 6.163240737999873708e+00
6.338044445016943307e+00 6.310813183796902592e+00
6.489385689200474872e+00 6.420595785434783487e+00
6.641504467356397434e+00 6.587229927799057805e+00
6.796158980313469655e+00 6.724739885757500701e+00
6.944824545586606668e+00 6.868383801019716017e+00
7.092431556900820944e+00 7.045622831477912129e+00
7.208089247738738159e+00 7.240427293742227377e+00
7.401515471495949683e+00 7.306313176563104861e+00
7.554597908003422013e+00 7.480169563215332218e+00
7.709510913592870551e+00 7.625190792753921087e+00
7.861471782009891385e+00 7.787451959536427992e+00
8.025033345547861074e+00 7.910414375301550116e+00
8.180992568901638506e+00 8.074472412623970641e+00
8.339961826268941891e+00 8.222320600199745755e+00
8.499915057136892216e+00 8.397259325469683233e+00
8.648249775280271834e+00 8.568335865285968467e+00
8.810415046491565150e+00 8.703053367254117489e+00
8.969939045400600719e+00 8.866284711426187570e+00
9.120872683352953203e+00 9.034767277743901204e+00
9.279262177620841712e+00 9.140519848823991822e+00
9.428925549018121188e+00 9.307461379251902756e+00
9.588459410702732555e+00 9.492316827115095279e+00
9.751372901378369207e+00 9.593618302536441433e+00
9.915117359986034273e+00 9.784089274640512812e+00
1.007127749038697218e+01 9.957856125263235825e+00
1.023805983727109137e+01 1.009445309317439765e+01
1.039949153199960463e+01 1.026345136274777303e+01
1.056024550020480390e+01 1.037796207023515827e+01
1.072268927770073610e+01 1.057470417196314116e+01
1.087681697784165635e+01 1.074902686842957422e+01
1.104407407898039217e+01 1.087327581780653674e+01
1.120508557538709304e+01 1.103104779617022757e+01
1.136654091166398040e+01 1.120328604283053409e+01
1.153021655712039717e+01 1.135028057723915929e+01
1.169558871048850612e+01 1.149226457875238339e+01
1.184686889781584718e+01 1.167395775250192180e+01
1.201609616910181799e+01 1.184194076055366374e+01
1.218119602882679509e+01 1.201030289085382741e+01
1.233124358455511782e+01 1.218363052495588050e+01
1.248897895010902381e+01 1.232990998927197701e+01
1.265844783002306251e+01 1.243527897194538490e+01
1.282035065074985347e+01 1.266440879140750297e+01
1.298517525938434680e+01 1.279111507405283987e+01
1.314904186479856563e+01 1.295187559474707761e+01
1.330745090175632406e+01 1.307063342412173768e+01
1.347206962772834338e+01 1.324075765701969054e+01
1.363081560913970591e+01 1.340276812450867894e+01
1.379201037956293341e+01 1.359000627083356250e+01
1.395359689263271186e+01 1.374818784136909855e+01
1.412116376619344571e+01 1.396182351641282260e+01
1.427609962992488590e+01 1.410337585382035996e+01
1.444306418445239792e+01 1.425198028011806350e+01
1.460713423384939524e+01 1.443559951834844668e+01
1.475746337492003235e+01 1.456814803825000482e+01
1.493917068910266721e+01 1.473069426561779593e+01
1.509128213055513434e+01 1.484294263622146026e+01
1.525762674775451089e+01 1.503828945904605163e+01
1.541823850838008703e+01 1.523129154157232357e+01
1.557074391762583687e+01 1.530179641057138973e+01
1.574847131534812839e+01 1.553495152219796616e+01
1.589670268347789595e+01 1.572532911303107284e+01
1.606992201129710907e+01 1.584220076106798381e+01
1.624181843713637363e+01 1.598096037378727985e+01
1.640866487219336634e+01 1.617698629131153965e+01
1.657362313771917783e+01 1.640731149439180570e+01
