0.000000000000000000e+00 0.000000000000000000e+00
0.000000000000000000e+00 0.000000000000000000e+00
0.000000000000000000e+00 0.000000000000000000e+00
0.000000000000000000e+00 0.000000000000000000e+00
0.000000000000000000e+00 0.000000000000000000e+00
0.000000000000000000e+00 0.000000000000000000e+00
4.206562844954239710e-02 0.000000000000000000e+00
6.211548054733354030e-02 3.258980573077137510e+00
3.011733899220060184e+00 3.256862704486870985e+00
2.987515831141692502e+00 3.254457793481320582e+00
3.315077045502191400e+00 3.315019451198127687e+00
3.365804202141924328e+00 3.350212162234832203e+00
3.440913064381462494e+00 3.433447388440331594e+00
3.535848142787208381e+00 3.596805740108159455e+00
3.667895898458617410e+00 3.832312179668939667e+00
3.815396169469125631e+00 3.994900424505482661e+00
3.985417687471980219e+00 4.202115510351855932e+00
4.173586148301112964e+00 4.352340317306095940e+00
4.352641651720698057e+00 4.519980900405575319e+00
4.547336832787662431e+00 4.677618638594285727e+00
4.765295926460930254e+00 4.819200706153943692e+00
4.926840413312914890e+00 4.966784772097493139e+00
5.066050095778088291e+00 5.111690766789529938e+00
5.201580827455726030e+00 5.248958389388631574e+00
5.342780295243328759e+00 5.402655753547767503e+00
5.518300898584913128e+00 5.486484440421488529e+00
5.622684422305972873e+00 5.710467459124378919e+00
5.793717962134318888e+00 5.890900677010871611e+00
5.955841918312953176e+00 6.060791072762679477e+00
6.097555659285043284e+00 6.228415857450473325e+00
6.274257371802788086e+00 6.398451189822407237e+00
6.400224248952616435e+00 6.552906194793221673e+00
6.604676979873451259e+00 6.705050947402745543e+00
6.737170125185383718e+00 6.861948249692953361e+00
7.000514308683976061e+00 6.864826961304592245e+00
6.996725959001782513e+00 7.158840973882370839e+00
7.186996720188533416e+00 7.309456685898637396e+00
7.467168869508718387e+00 7.340806233031310413e+00
7.616456901115465250e+00 7.454365780089363014e+00
7.770110805104582852e+00 7.630854763403275953e+00
7.927951834910250462e+00 7.761756631792756878e+00
8.082411867816373885e+00 7.912700316878914286e+00
8.231256210223952152e+00 8.090359764558739286e+00
8.390096565576948606e+00 8.245138959187977790e+00
8.551993317319714905e+00 8.394268445180012250e+00
8.575050590240300252e+00 8.690930718429177304e+00
8.719689028920379670e+00 8.844697323744028949e+00
8.910904510621332264e+00 8.991004478710348025e+00
9.165347319894808109e+00 9.066200714513550807e+00
9.326010296946396494e+00 9.159724387386066979e+00
9.492710397428558267e+00 9.384706755818683632e+00
9.649228580032850999e+00 9.515111708580088035e+00
9.815948821168790417e+00 9.737608481640851465e+00
9.991840166223830977e+00 9.824992538375632023e+00
1.015349708097476444e+01 1.004209501706388430e+01
1.021559076078998807e+01 1.028896440065797080e+01
1.047616420321413777e+01 1.034876971803987900e+01
1.063981192533792530e+01 1.052096346713993391e+01
1.081323158633932380e+01 1.071209970046598947e+01
1.098865969831961387e+01 1.086564783119647437e+01
1.116327910267972534e+01 1.106948405175246997e+01
1.134763617618479969e+01 1.121901230715599063e+01
1.152232749869886241e+01 1.139911696736259650e+01
1.169054760200669740e+01 1.157350624100168446e+01
1.186372388341519191e+01 1.172639001711953455e+01
1.205278500373178652e+01 1.188431180229156503e+01
1.223016564489085845e+01 1.208138574780001306e+01
1.239661514018950861e+01 1.219520396037857957e+01
1.256255122857717232e+01 1.244858586087988606e+01
1.275188292890839747e+01 1.255178132339083774e+01
1.292716813976568524e+01 1.274707343740303145e+01
1.308467012226943105e+01 1.293213081842901424e+01
1.326364933404325974e+01 1.307072316402534184e+01
1.343938769332054051e+01 1.324286956386361602e+01
1.361281466311072919e+01 1.341611972649385010e+01
1.377531181664851800e+01 1.358483789058099767e+01
1.395721413794367294e+01 1.374050281793588724e+01
1.414152621851089009e+01 1.392607304447418315e+01
1.430524792911514176e+01 1.411161849507789512e+01
1.447527672661887621e+01 1.427750939335019353e+01
1.465391352518729562e+01 1.444969215434038468e+01
1.482853424641024098e+01 1.458440272908877411e+01
1.500455884951769825e+01 1.473816141941187219e+01
1.518363319382797272e+01 1.498613899389031090e+01
1.534567396728327360e+01 1.514801377418856454e+01
1.553292889413957667e+01 1.528709720299374730e+01
1.570037099073216780e+01 1.543620837719896954e+01
1.587372300064369313e+01 1.571482288023573304e+01
1.606047181892547115e+01 1.579692002366339665e+01
1.621399053265010437e+01 1.606051889274025868e+01
1.639146120576156918e+01 1.610155606638605263e+01
1.656262722312882474e+01 1.629718814918217618e+01
1.674389804377534219e+01 1.653785561636645340e+01
1.690576315305646915e+01 1.661407196319164470e+01
1.710026635573937881e+01 1.685572853864306708e+01
1.727464615117723667e+01 1.695715908089853130e+01
1.744772332890480371e+01 1.718500449353734183e+01
1.762878521331224846e+01 1.735423317073824379e+01
1.780569063466230162e+01 1.755723949004632090e+01
1.798892944970351948e+01 1.767489834241256830e+01
1.815812057699113424e+01 1.786744925644045878e+01
