0.000000000000000000e+00 0.000000000000000000e+00
0.000000000000000000e+00 0.000000000000000000e+00
0.000000000000000000e+00 0.000000000000000000e+00
1.851487650244687533e-02 2.140955504387624490e-03
6.685977430935599597e-02 -1.739965629460381302e-02
8.418590444693711816e-02 -1.176963612614041928e-02
7.744955646834829344e-02 6.940326823241681486e-01
7.497429519709343237e-01 8.162365680600538465e-01
8.865324332028293730e-01 9.536144269263162609e-01
1.054933954106059613e+00 1.014652957376379616e+00
1.128388325579000373e+00 1.184455661993849551e+00
1.266888958213279404e+00 1.291702341299527657e+00
1.404969646405486827e+00 1.388225007971939151e+00
1.507377824712790471e+00 1.520924215064222595e+00
1.632312927209877973e+00 1.618351405062860016e+00
1.747223523899412712e+00 1.720464562310316525e+00
1.860929566739520036e+00 1.828420007956803373e+00
1.975261418162616467e+00 1.958282346407955510e+00
2.092585824173688103e+00 2.059534733143647323e+00
2.203970823867784645e+00 2.163827411623209684e+00
2.310909954793900933e+00 2.270593611241279230e+00
2.383805122747862715e+00 2.412807669675886668e+00
2.529345355612548030e+00 2.512689955253545993e+00
2.646546876206540500e+00 2.626018737677704440e+00
2.755818370708533749e+00 2.735012525902253078e+00
2.873498792481202546e+00 2.843196145565193955e+00
2.985789147005028177e+00 2.952397882402747253e+00
3.110015815093000402e+00 3.059606290331525980e+00
3.223070284643808403e+00 3.166656992225084899e+00
3.340031492875340735e+00 3.290308969848568577e+00
3.452753419323964401e+00 3.418612057150277383e+00
3.565465862339981751e+00 3.515841365591858558e+00
3.680292078609316064e+00 3.633894498902254355e+00
3.795831007086125197e+00 3.748736172857308979e+00
3.909210532161563556e+00 3.847325760634049185e+00
4.028821279968199498e+00 3.984303556651184852e+00
4.140592792711362158e+00 4.092338167077182121e+00
4.256274058046612296e+00 4.218979420583427675e+00
4.376136673401978427e+00 4.306288170703560070e+00
4.493331477426575127e+00 4.447670827878474675e+00
4.604828731774791351e+00 4.539117685347004993e+00
4.719821237411252923e+00 4.655596175517018764e+00
4.835639901493737902e+00 4.778781327089757447e+00
4.948033870274343826e+00 4.874120609596721110e+00
5.065530453337039773e+00 5.014459125566855136e+00
5.179194220353797284e+00 5.103377466397946982e+00
5.299623552605414289e+00 5.240763948662769955e+00
5.415511793145785902e+00 5.336171513104053687e+00
5.527618607017629415e+00 5.451079114218184252e+00
5.638501356053994940e+00 5.568483528257663906e+00
5.748961304762871372e+00 5.676052497918084860e+00
5.871224283773773145e+00 5.801171496740527900e+00
5.988062072869619890e+00 5.912046497299423109e+00
6.106277623228486107e+00 6.008798231240146670e+00
6.216303961551687074e+00 6.150824851673961646e+00
6.344325435960697313e+00 6.254845488661494812e+00
6.457548481390711359e+00 6.387009770070275927e+00
6.575476493738115380e+00 6.448551279706213890e+00
6.686723808505441013e+00 6.586631646877497914e+00
6.800915098169327599e+00 6.689702047050448463e+00
6.921152141356376575e+00 6.821628240525930309e+00
7.032959828415951797e+00 6.941030983772058960e+00
7.147829004842121137e+00 7.093172064291516143e+00
7.263633431174330468e+00 7.194312964817271450e+00
7.371528149534894325e+00 7.275446846478312857e+00
7.484214803859396525e+00 7.404559976416692280e+00
7.599744243600077276e+00 7.475863921541749058e+00
7.710269662372081001e+00 7.600461968356118092e+00
7.824734372429025697e+00 7.727977589670683045e+00
7.935139143102164283e+00 7.845404541784788854e+00
8.053979495829430846e+00 7.952899753407312033e+00
8.166568154246798272e+00 8.066552358678787726e+00
8.278881691456589920e+00 8.183767306266290120e+00
8.402056650414357009e+00 8.261426386636003372e+00
8.517418715157058173e+00 8.411915786591343647e+00
8.630910635686781518e+00 8.538953972332324227e+00
8.743776881113907606e+00 8.628015079613275518e+00
8.853523550800000308e+00 8.724433922947547160e+00
8.969248175717087435e+00 8.863364677366087463e+00
9.085997673960680032e+00 8.930459717539577014e+00
9.204679299645603052e+00 9.092638393662637597e+00
9.318884932075421901e+00 9.210031828459278813e+00
9.428797150733675636e+00 9.299491997294644818e+00
9.549656511325048669e+00 9.448005137411165322e+00
9.668431408889119894e+00 9.497349502186223091e+00
9.782076410409104028e+00 9.640790897457387487e+00
9.905017747217181423e+00 9.757353339291706007e+00
1.001462258429909546e+01 9.898558800750000941e+00
1.013661900858673270e+01 1.001305879693108736e+01
1.024723329651250481e+01 1.005281007502732571e+01
1.035780775036820245e+01 1.017553869777293762e+01
1.047537725522941976e+01 1.035270539823152625e+01
1.058964752447634439e+01 1.043195859012467608e+01
1.070158299549494174e+01 1.060683198153135187e+01
1.082595614337726175e+01 1.069274788696711909e+01
1.093459058816351970e+01 1.080167776019557735e+01
1.105135299543241878e+01 1.092560810870034160e+01
1.116823324570698617e+01 1.104343756074800531e+01
1.128669641034729487e+01 1.114441555093937630e+01
1.140509641017621156e+01 1.120192816644367895e+01
1.151837960037416053e+01 1.137304399504375318e+01
