0.000000000000000000e+00 0.000000000000000000e+00
0.000000000000000000e+00 0.000000000000000000e+00
0.000000000000000000e+00 0.000000000000000000e+00
0.000000000000000000e+00 0.000000000000000000e+00
3.630571759212863556e-03 0.000000000000000000e+00
5.477758409317336208e-02 0.000000000000000000e+00
1.084622574720478100e-01 0.000000000000000000e+00
1.612479892664943071e-01 1.546100657462200038e-02
8.068661694447720745e-01 1.206051224804619126e+00
1.118126381396935987e+00 1.361383767631414665e+00
1.415986880251838720e+00 1.516349716534128200e+00
1.585856083757970714e+00 1.632691898910619388e+00
1.733373930201898672e+00 1.708431774592766850e+00
1.834953363837479756e+00 1.880917309031338025e+00
1.989350281305505286e+00 1.968811166788927869e+00
2.094736264677394377e+00 2.133738854627699411e+00
2.222534042320200243e+00 2.269664783188869883e+00
2.351005554923061514e+00 2.401021111782993600e+00
2.479870633465381058e+00 2.519390344234248236e+00
2.596375266321753195e+00 2.637068055486906371e+00
2.759105077569001807e+00 2.719121792075172017e+00
2.880497804245171434e+00 2.845521864985835592e+00
2.998699306168623124e+00 2.941786362798342935e+00
3.123264341092479857e+00 3.090755852560983286e+00
3.246587167639205962e+00 3.200327481776628069e+00
3.375356683400287050e+00 3.339670930162271567e+00
3.496780878318292096e+00 3.456415468748687658e+00
3.625861379557436148e+00 3.573188664791741687e+00
3.754058690021981448e+00 3.704238640149976725e+00
3.885319136598066603e+00 3.843822314689348207e+00
4.014853279344364090e+00 3.967304263961141775e+00
4.145806231013053456e+00 4.075356207082116100e+00
4.272400862595985060e+00 4.226420255880548815e+00
4.403915165489126871e+00 4.304095402974685847e+00
4.529893896455546631e+00 4.483203197292294995e+00
4.664968528679801274e+00 4.585939489842281169e+00
4.797383627875544398e+00 4.733988430655912794e+00
4.923080532637392537e+00 4.847917054809385284e+00
5.049402319565831299e+00 5.005128109467594122e+00
5.179581137149242842e+00 5.119237792467793646e+00
5.308248393267660958e+00 5.243867154859699120e+00
5.445592210775552999e+00 5.382582333165079724e+00
5.578896937683710533e+00 5.505562098296886475e+00
5.709972187916037001e+00 5.625277966460005885e+00
5.843879995986418052e+00 5.760217981820784594e+00
5.976580056960581366e+00 5.867348480980957959e+00
6.098037742957236773e+00 5.984731713646786133e+00
6.234329324002770178e+00 6.126552234014024378e+00
6.363267395447372188e+00 6.268719395401259220e+00
6.494947240053028814e+00 6.372104018369895151e+00
6.621962023812954179e+00 6.508114358442682601e+00
6.754159880227817325e+00 6.661626968108206093e+00
6.877930126222832286e+00 6.777374283771786523e+00
7.006574297463200374e+00 6.907259402677644822e+00
7.147338456339443091e+00 7.032464755073107199e+00
7.272101148793374215e+00 7.132270418963777558e+00
7.295763464867603965e+00 7.349470005040764420e+00
7.511691951232563724e+00 7.430484829218942266e+00
7.640560588751360349e+00 7.519255069471742381e+00
7.775754584799801528e+00 7.662268537896576248e+00
7.910530889074791183e+00 7.798250676872017451e+00
8.045453570821209155e+00 7.963886824670921349e+00
8.177540981224451500e+00 8.076544837930606846e+00
8.312238482062763723e+00 8.198583644650240032e+00
8.448947296113598071e+00 8.292396658749314753e+00
8.582809476412808891e+00 8.483748780497689879e+00
8.713222467526829718e+00 8.583741587646603222e+00
8.846752731062778707e+00 8.698308793828143592e+00
8.981296570898956944e+00 8.844506856156858277e+00
9.105740050759060011e+00 8.944309148004311538e+00
9.236484073201427947e+00 9.126870580410656686e+00
9.369212718979170518e+00 9.238826707310911601e+00
9.495989732509571013e+00 9.373876710042654992e+00
9.623564647879806699e+00 9.526634852770206052e+00
9.753679357477277989e+00 9.638644796979235707e+00
9.890174512718417077e+00 9.783283020786704753e+00
1.002007996157761660e+01 9.881105318415968952e+00
1.015786825438171448e+01 1.003384141089208548e+01
1.029010561589212891e+01 1.015959806862706394e+01
1.041547873471426655e+01 1.029091287699814572e+01
1.054908510685696221e+01 1.043012532900179501e+01
1.068531063186521912e+01 1.056589025018472228e+01
1.082170154645330484e+01 1.067775825505414566e+01
1.095293872512349509e+01 1.074575081174705105e+01
1.108549627809253835e+01 1.095357263534302383e+01
1.120665277429156248e+01 1.106594240537835816e+01
1.133923350774454164e+01 1.113023858976518987e+01
1.147443770089002513e+01 1.130851263009200025e+01
1.160029470586334810e+01 1.147445602059318936e+01
1.173511946480754808e+01 1.152495081170070890e+01
1.186588048252139949e+01 1.168869756458268583e+01
1.199406467909250296e+01 1.185315898396010859e+01
1.213175379238952445e+01 1.194005715821969815e+01
1.226179663860161639e+01 1.207270825429149319e+01
1.240530587284303543e+01 1.228925469063735321e+01
1.252730719913399682e+01 1.241743310512622855e+01
1.266676784366964448e+01 1.254210279047403986e+01
1.280238247234065518e+01 1.255568750268343692e+01
1.293551809075404257e+01 1.276794121185106334e+01
1.306168657833426572e+01 1.286322955474063967e+01
1.319616210454744731e+01 1.306810419470716234e+01
