0.000000000000000000e+00 0.000000000000000000e+00
0.000000000000000000e+00 0.000000000000000000e+00
0.000000000000000000e+00 0.000000000000000000e+00
0.000000000000000000e+00 0.000000000000000000e+00
0.000000000000000000e+00 0.000000000000000000e+00
0.000000000000000000e+00 0.000000000000000000e+00
0.000000000000000000e+00 0.000000000000000000e+00
0.000000000000000000e+00 0.000000000000000000e+00
0.000000000000000000e+00 0.000000000000000000e+00
0.000000000000000000e+00 0.000000000000000000e+00
0.000000000000000000e+00 0.000000000000000000e+00
0.000000000000000000e+00 0.000000000000000000e+00
0.000000000000000000e+00 0.000000000000000000e+00
2.694263941690425712e-01 1.241236416008038579e-01
5.045840630736246890e-01 3.244600819503993816e-01
6.614695739827803900e-01 0.000000000000000000e+00
7.829159404442014303e-01 4.871536134101634552e+00
5.375311383322323167e+00 5.981459956508411224e+00
6.095480280997326084e+00 5.751096401054391016e+00
6.574038460280061891e+00 6.578877371435332577e+00
6.855417286021671330e+00 6.867720812708890676e+00
7.010421189869552094e+00 7.123758304556271348e+00
7.245753603325467473e+00 7.373520864331658764e+00
7.408072620137096997e+00 7.612242090315959331e+00
7.581430875393646573e+00 7.927269694792109966e+00
7.816572227865941969e+00 8.150626884376277914e+00
8.046835648073241032e+00 8.393125619783974756e+00
8.254013564794833613e+00 8.579313399731761436e+00
8.554796395925896135e+00 8.785299198882851712e+00
8.854636587518404767e+00 8.995439602384045941e+00
9.044601748511366779e+00 9.172247899302412577e+00
9.199581001814669534e+00 9.366170112945106041e+00
9.371147638163462190e+00 9.567451449062657431e+00
9.533973885529681169e+00 9.745492458779366984e+00
9.755606811625334274e+00 9.937269898108096911e+00
9.927480588210002566e+00 1.010399515743953458e+01
1.010458290326523567e+01 1.028640716854263992e+01
1.029042133212182364e+01 1.044478352850053859e+01
1.060933981504938295e+01 1.048119813411915402e+01
1.077997326230473618e+01 1.062860407516183514e+01
1.093948035030526711e+01 1.078141990272301598e+01
1.099446715816188380e+01 1.117053722231449164e+01
1.119935136944599918e+01 1.135349902340218797e+01
1.138662211613416098e+01 1.154359814431646747e+01
1.160396184815090059e+01 1.173875591645858307e+01
1.191292867165458347e+01 1.177892737122715339e+01
1.210111402799357627e+01 1.193876619533645922e+01
1.216910893685982309e+01 1.229121973460609851e+01
1.247801293156674873e+01 1.234658385906659106e+01
1.255506386114058692e+01 1.267001515590746408e+01
1.286316349968569739e+01 1.277489386870887067e+01
1.304088484761400757e+01 1.287918539611808733e+01
1.323342189769704547e+01 1.312145330311563107e+01
1.343635954652423337e+01 1.333085942094830934e+01
1.363099160820678790e+01 1.352276673274266372e+01
1.384217517711127421e+01 1.374546185579079882e+01
1.405493486466808406e+01 1.393745061361242321e+01
1.424753468827708147e+01 1.413989778802948294e+01
1.444567089710195695e+01 1.433600767110207563e+01
1.465640981414113675e+01 1.455520013582547811e+01
1.475570915667301719e+01 1.485317508750255300e+01
1.506156151056045189e+01 1.497150209846997981e+01
1.526884901877965639e+01 1.517919614781768800e+01
1.547721016507060376e+01 1.535080717203419631e+01
1.567310421498270578e+01 1.558508633982695812e+01
1.590211951601576246e+01 1.580217640353519215e+01
1.610268567592858346e+01 1.601772341635827956e+01
1.631105764865162300e+01 1.623106166487149693e+01
1.651337735477980928e+01 1.643336510628509828e+01
1.672363798042568561e+01 1.661264894736605768e+01
1.693213669750845085e+01 1.689164280529713835e+01
1.713575528789703739e+01 1.707653215952429804e+01
1.735188576792716475e+01 1.727033958320661000e+01
1.756412574690068951e+01 1.748832895990861758e+01
1.779484754393052270e+01 1.773001153309764888e+01
1.800997005599934297e+01 1.789042678819856391e+01
1.821625529385077158e+01 1.810187050379446916e+01
1.843558024015892727e+01 1.840362007305865077e+01
1.865631468575659113e+01 1.853599833762124760e+01
1.887804342355736509e+01 1.878787636389677118e+01
1.910515029869980452e+01 1.892283026170855820e+01
1.931873214573117536e+01 1.918307637606273985e+01
1.954386282261802421e+01 1.933434339220622888e+01
1.976706386801128446e+01 1.952896157303962710e+01
1.999481656280468300e+01 1.979642581937505952e+01
2.022329163632887017e+01 2.002295936915127683e+01
2.044615018808517704e+01 2.025250007106182792e+01
2.066323701849559669e+01 2.046866931106364973e+01
2.089159705456142646e+01 2.075218178770109390e+01
2.112733231036439108e+01 2.096161783026605363e+01
2.134302154301404286e+01 2.117784392971062957e+01
2.154822468982185413e+01 2.134338365057166342e+01
2.178058712371763050e+01 2.153894900810001189e+01
2.199932391854528291e+01 2.177825555132454127e+01
2.223903656587492605e+01 2.197819566494510468e+01
2.247721344387269227e+01 2.220084462613170828e+01
2.270017222011956193e+01 2.250547120436207393e+01
2.292217168108617997e+01 2.259810026186708853e+01
2.314156863570951472e+01 2.288889506689585218e+01
2.337357428236374446e+01 2.309568607668275675e+01
2.361020318477131497e+01 2.327924889779813356e+01
