0.000000000000000000e+00 0.000000000000000000e+00
1.748899993488853277e-02 -4.489610769612213670e-02
4.409966405676934986e-02 4.628892901975113494e-01
3.985218782699179729e-01 1.634001444582127593e+00
1.776789276390243089e+00 1.808741905121237892e+00
1.846848691743528947e+00 1.889405115381490807e+00
1.938760334873306013e+00 2.109368603847705081e+00
2.123233269967958581e+00 2.274038839375828402e+00
2.333190699827216719e+00 2.513058487171034194e+00
2.467706275035464358e+00 2.731570614333187041e+00
2.663536861395896072e+00 2.893072460400810009e+00
2.919538005841032735e+00 3.082742621683067785e+00
3.087872727718456556e+00 3.228496285969842727e+00
3.252710397891763083e+00 3.403200321320347221e+00
3.393464310675172069e+00 3.560745267586991059e+00
3.526048978687907454e+00 3.694780604223753873e+00
3.673379476656234655e+00 3.844192074951275906e+00
3.804108377336205660e+00 3.976840923108004855e+00
3.986987182289051468e+00 4.129194783460188312e+00
4.135601272168342391e+00 4.257846752661362366e+00
4.273732839389338345e+00 4.401997573206316794e+00
4.422380692299376470e+00 4.531115262090919416e+00
4.558303677505924689e+00 4.664230359122063518e+00
4.714967128119616824e+00 4.805863203965659913e+00
4.859466534828701612e+00 4.936485674512755217e+00
4.967739178204153561e+00 5.065204381959086177e+00
5.196634034473689212e+00 5.080459696052605167e+00
5.332956346308526996e+00 5.171723262017581035e+00
5.283035445662123131e+00 5.469535985268619172e+00
5.602864269899337835e+00 5.434393597252798358e+00
5.736715171184476603e+00 5.567071833467180930e+00
5.880454939510984858e+00 5.699899195783692640e+00
6.020046325457324876e+00 5.848869149811643631e+00
6.154470128286282815e+00 5.987330220475089781e+00
6.145795197576529922e+00 6.295186796349212521e+00
6.441789223858450875e+00 6.214989734188163695e+00
6.581631422158070066e+00 6.417059352363639668e+00
6.555984759652240257e+00 6.708690753877299073e+00
6.848242687017123131e+00 6.707877058558109340e+00
6.986755565511647781e+00 6.876001480537654587e+00
7.135067269340249929e+00 6.933764605920759827e+00
7.272951495165012936e+00 7.140495049011254203e+00
7.428217814508286665e+00 7.277656980059370007e+00
7.567689862358663255e+00 7.419903453059877307e+00
7.713589380578068422e+00 7.562795529796410676e+00
7.869731030280477491e+00 7.698155054909901374e+00
8.012024957846501039e+00 7.849153428897792217e+00
8.154814279280413913e+00 7.982829027381473708e+00
8.300174275107966793e+00 8.176343026639802503e+00
8.453082276147679153e+00 8.274316818435645260e+00
8.466661200248964292e+00 8.569535871647213199e+00
8.722038903430291867e+00 8.564334764437946390e+00
8.772585367103079790e+00 8.851384208268616050e+00
9.012401325721961953e+00 8.886142228772639484e+00
9.151745923649309944e+00 9.009562743490199921e+00
9.162638691648252731e+00 9.273275971478442514e+00
9.442141893156192012e+00 9.340579588540766309e+00
9.599803040327143933e+00 9.470280275632848799e+00
9.745182059478322500e+00 9.608116223475668960e+00
9.893348485456206376e+00 9.773818297730990423e+00
1.005720003816419883e+01 9.954276774314822163e+00
1.020492140077332088e+01 1.008149768705370164e+01
1.035461223554274746e+01 1.022259615592295212e+01
1.050618434957656433e+01 1.040608213232307655e+01
1.065641224072369653e+01 1.047898649631406442e+01
1.069013437116545440e+01 1.076701449019188317e+01
1.095187159655038833e+01 1.083208175602270806e+01
1.109332583743895739e+01 1.099432318129698061e+01
1.125001473691491505e+01 1.109584106659723624e+01
1.140149768755839332e+01 1.132932070138329017e+01
1.155271130983310890e+01 1.142852014411836592e+01
1.171134736795892728e+01 1.162801678960832596e+01
1.186380381205170842e+01 1.174914562215466596e+01
1.199956632686385483e+01 1.192987085151647975e+01
1.216112077739283670e+01 1.200565816254401774e+01
1.232158165002359773e+01 1.216852293785104777e+01
1.246868128146801524e+01 1.229157174946628039e+01
1.262549944246307021e+01 1.247348861138665121e+01
1.278547331778720242e+01 1.260700006427087239e+01
1.293188441588641524e+01 1.278649173755184698e+01
1.308943919717824400e+01 1.295875119332075442e+01
1.324869283700604328e+01 1.310535828903897482e+01
1.339631188515806492e+01 1.321287604376594160e+01
1.355944749371894353e+01 1.338825680948463592e+01
1.370620009822537533e+01 1.356891750562497556e+01
1.387772703272984920e+01 1.370040383116333160e+01
1.385829244209038791e+01 1.396380699452660856e+01
1.418067111505447819e+01 1.398042102011491927e+01
1.433162852899899598e+01 1.415021289133118643e+01
1.448814595593601062e+01 1.433980422301179303e+01
1.462519750889172521e+01 1.444722412526111377e+01
1.478691400698804870e+01 1.464521041249691891e+01
1.494768691131991289e+01 1.478793338450996231e+01
1.509576357126046453e+01 1.489031718775258639e+01
1.525328427537443865e+01 1.503989357611002120e+01
1.540540084257917286e+01 1.520655088798785926e+01
1.555825302648476516e+01 1.535535532993964125e+01
1.573135452489831643e+01 1.549207163601992043e+01
1.586271102908798625e+01 1.566342766866024405e+01
1.602060280758405142e+01 1.582590112460627196e+01
1.618830305433754901e+01 1.595863023945692127e+01
