0.000000000000000000e+00 0.000000000000000000e+00
0.000000000000000000e+00 0.000000000000000000e+00
0.000000000000000000e+00 0.000000000000000000e+00
0.000000000000000000e+00 0.000000000000000000e+00
0.000000000000000000e+00 0.000000000000000000e+00
0.000000000000000000e+00 0.000000000000000000e+00
0.000000000000000000e+00 0.000000000000000000e+00
0.000000000000000000e+00 0.000000000000000000e+00
0.000000000000000000e+00 0.000000000000000000e+00
0.000000000000000000e+00 0.000000000000000000e+00
0.000000000000000000e+00 0.000000000000000000e+00
0.000000000000000000e+00 0.000000000000000000e+00
0.000000000000000000e+00 0.000000000000000000e+00
0.000000000000000000e+00 0.000000000000000000e+00
0.000000000000000000e+00 0.000000000000000000e+00
0.000000000000000000e+00 0.000000000000000000e+00
0.000000000000000000e+00 0.000000000000000000e+00
0.000000000000000000e+00 0.000000000000000000e+00
0.000000000000000000e+00 0.000000000000000000e+00
0.000000000000000000e+00 0.000000000000000000e+00
0.000000000000000000e+00 0.000000000000000000e+00
0.000000000000000000e+00 0.000000000000000000e+00
0.000000000000000000e+00 0.000000000000000000e+00
0.000000000000000000e+00 0.000000000000000000e+00
0.000000000000000000e+00 0.000000000000000000e+00
0.000000000000000000e+00 0.000000000000000000e+00
0.000000000000000000e+00 0.000000000000000000e+00
0.000000000000000000e+00 0.000000000000000000e+00
0.000000000000000000e+00 0.000000000000000000e+00
0.000000000000000000e+00 0.000000000000000000e+00
0.000000000000000000e+00 0.000000000000000000e+00
0.000000000000000000e+00 0.000000000000000000e+00
0.000000000000000000e+00 0.000000000000000000e+00
0.000000000000000000e+00 0.000000000000000000e+00
0.000000000000000000e+00 0.000000000000000000e+00
0.000000000000000000e+00 0.000000000000000000e+00
0.000000000000000000e+00 0.000000000000000000e+00
1.874482871752681246e-01 0.000000000000000000e+00
1.669745555293085859e-03 0.000000000000000000e+00
3.908446687410732090e-01 0.000000000000000000e+00
5.950297369553189109e-01 0.000000000000000000e+00
1.023767009165608144e+00 2.852139444342385866e-01
7.471992210435147719e-01 7.181543947472147416e+00
6.384661110483260238e+00 1.017437893760565615e+01
1.262082128728971497e+01 1.300562014918408416e+01
1.414898902741600217e+01 1.443213593664870409e+01
1.502736325733116018e+01 1.511848346610857696e+01
1.558111316601689644e+01 1.572422199739279414e+01
1.595555501166068346e+01 1.614300052634234461e+01
1.634980161196298099e+01 1.653437252817317926e+01
1.664781544573092020e+01 1.682687490521924900e+01
1.698973652547339697e+01 1.715919248766440575e+01
1.726697481662236910e+01 1.742666575409751317e+01
1.759337055560591168e+01 1.769545072517118101e+01
1.783879871933653760e+01 1.794417232859695943e+01
1.807300575579900226e+01 1.818997372955026748e+01
1.839042019792570315e+01 1.842614583885378821e+01
1.865745707304127876e+01 1.861526914668270294e+01
1.889461442846619832e+01 1.882308860805972373e+01
1.907781438478980363e+01 1.916227295195923119e+01
1.939749322037244639e+01 1.935350820996834287e+01
1.964907083925220022e+01 1.959321977931031356e+01
1.989432852432894450e+01 1.985506574952097125e+01
2.014971660831707467e+01 2.005664396836879604e+01
2.042130803557178709e+01 2.035834656857466385e+01
2.063052245986855482e+01 2.067325120001130045e+01
2.094669754341962786e+01 2.086317686023788198e+01
2.121411788141952570e+01 2.112031490846894144e+01
2.150149054188406339e+01 2.140072530601345235e+01
2.178391901502235228e+01 2.164230422642996743e+01
2.205779661311861517e+01 2.190626775051068975e+01
2.232398182384666896e+01 2.214897706521029974e+01
2.260714983759529417e+01 2.247385510501595363e+01
2.288040227999793430e+01 2.274869475535176377e+01
2.316391952100314811e+01 2.303391388892177361e+01
2.345660373534423115e+01 2.330221854531232140e+01
2.374729990452967598e+01 2.353623219567123215e+01
2.403029039640773590e+01 2.386172830246381693e+01
2.431505155092867199e+01 2.409253145927061013e+01
2.459451009346105366e+01 2.439776149572445263e+01
2.488158918254200103e+01 2.472585566547407154e+01
2.517320489484951551e+01 2.499689409256460237e+01
2.545186143993675998e+01 2.528381563622991735e+01
2.572839491695034297e+01 2.549102738559005132e+01
2.600905600680277274e+01 2.584116637113468329e+01
2.630078202044569835e+01 2.608255324648266082e+01
2.660274663277288099e+01 2.634278769476344095e+01
2.689269455561875333e+01 2.667611402928896069e+01
2.718215514789869758e+01 2.697490338982239066e+01
2.749316883689970226e+01 2.722947924211162984e+01
2.778173955370119685e+01 2.752382099097014745e+01
2.808001870494492991e+01 2.777887170824932639e+01
2.838342143039139032e+01 2.810614800459860163e+01
2.868722152750142840e+01 2.837522289730736347e+01
2.897688394032187276e+01 2.865345515418609779e+01
2.927788850152633415e+01 2.899957495192018087e+01
2.956426989023398377e+01 2.928730037911475392e+01
2.985905667491091009e+01 2.952599621533633112e+01
3.016127934043765890e+01 2.982732458176868917e+01
3.043731425660062229e+01 3.010882992721762008e+01
3.073862358178042697e+01 3.045373028084788558e+01
