0.000000000000000000e+00 0.000000000000000000e+00
4.865089406658842409e-03 1.424799649399851598e+00
1.642308294142759362e+00 1.627434347203524201e+00
1.587338521556071136e+00 1.576524332353989255e+00
1.630965695405687033e+00 1.672514497396101696e+00
1.684665190917157274e+00 1.841549130022124281e+00
1.815018222019848526e+00 1.985590405396113090e+00
1.988667310606807126e+00 2.114142166332486639e+00
2.207149461698687087e+00 2.341452151292359396e+00
2.335316923446002946e+00 2.561911904517836014e+00
2.476217402914749677e+00 2.709423196314246329e+00
2.661064127959974712e+00 2.860319253683485385e+00
2.875175757576180047e+00 3.000963842458796549e+00
3.009904637944185612e+00 3.148107921108064922e+00
3.190403805523089442e+00 3.282719792345690557e+00
3.314375459056035478e+00 3.413935320628628922e+00
3.480574991700825294e+00 3.551199732271316467e+00
3.613371874913024584e+00 3.686227932517042394e+00
3.756917745706840339e+00 3.819291079263852584e+00
3.875301203287920160e+00 3.952798800411819524e+00
3.988269447153061975e+00 4.080043252608972715e+00
4.125463154061237425e+00 4.209258862213793861e+00
4.266255532204694667e+00 4.342138977245412867e+00
4.466668015512793133e+00 4.387609912567685733e+00
4.595552205029951764e+00 4.475221723233278937e+00
4.598791697618464624e+00 4.725876606541099534e+00
4.727070753052880825e+00 4.857572044705717573e+00
4.991400735516915432e+00 4.865839065215983084e+00
5.120714983394243802e+00 4.977783008299872414e+00
5.245207430938520154e+00 5.127923953843631644e+00
5.377399457892360957e+00 5.239438013627684576e+00
5.508778165369852431e+00 5.361472287661877445e+00
5.520056273055184093e+00 5.643469682352232120e+00
5.780836251899084566e+00 5.602717955940890171e+00
5.922015659851483704e+00 5.760023191048792235e+00
6.063251885530046792e+00 5.911147132923540326e+00
6.186106314889958213e+00 6.058461220512184831e+00
6.182587543213968750e+00 6.315489364856619048e+00
6.306457761323878586e+00 6.460563279070266063e+00
6.599560494056543547e+00 6.468107703848779089e+00
6.739052496485601118e+00 6.547987581846975935e+00
6.875060788586713656e+00 6.753888344293862644e+00
7.023452813179166476e+00 6.856060475912254759e+00
7.157929317025276461e+00 6.980034538662415855e+00
7.302265370594646754e+00 7.141677830563216922e+00
7.437399197695696351e+00 7.300591934190907573e+00
7.577277162468740279e+00 7.444914312872453976e+00
7.577093391846696946e+00 7.694008982081693482e+00
7.739833881853026121e+00 7.825793154167913102e+00
7.986282291247106535e+00 7.843190218753128384e+00
8.121687266543059280e+00 7.973930484457283363e+00
8.261480816488504075e+00 8.127406778933480069e+00
8.402423616006682749e+00 8.289326196356858745e+00
8.545662493470327803e+00 8.433569817705860672e+00
8.674391390739733865e+00 8.582953659024884274e+00
8.831740534144062238e+00 8.733637030218575958e+00
8.971156498896192488e+00 8.822010687707907195e+00
9.109791491399006347e+00 8.950326728645187302e+00
9.264445664640538425e+00 9.110970777866160830e+00
9.404621103763421530e+00 9.271498500832160872e+00
9.552979103469597888e+00 9.428214224118873332e+00
9.698124211330602762e+00 9.584152214646731949e+00
9.834651780046604230e+00 9.682312018163901968e+00
9.983514466867111636e+00 9.858542908907075741e+00
1.013539347740099750e+01 9.965793622667550977e+00
1.027283394091728397e+01 1.012124448415680789e+01
1.041104847056189264e+01 1.025260417504255095e+01
1.056513680380042075e+01 1.043490610290597154e+01
1.071359234120826187e+01 1.053114836985995773e+01
1.084823321916990935e+01 1.069477767086926079e+01
1.101486991985351160e+01 1.080273241492003322e+01
1.115510780735404950e+01 1.092564714728810493e+01
1.129977614348810100e+01 1.108996130504905864e+01
1.144018956857175162e+01 1.130391624766396319e+01
1.136248518417859366e+01 1.154357924781606037e+01
1.173328340596560615e+01 1.155359654952778214e+01
1.187073154826651056e+01 1.170243076171332497e+01
1.202872482473961568e+01 1.180398888838630178e+01
1.217105793549862547e+01 1.198001667198649223e+01
1.233051895460421399e+01 1.217997637452286419e+01
1.246214003639461865e+01 1.221159667219033196e+01
1.262432003212554399e+01 1.236419651618777493e+01
1.276221983948282990e+01 1.252384952242037919e+01
1.292023763785515555e+01 1.269421240492285463e+01
1.307385361371840915e+01 1.285453528535123091e+01
1.322759386498505840e+01 1.299006550824318040e+01
1.337944907276028061e+01 1.315153414577808633e+01
1.352571825001514227e+01 1.329542804913457488e+01
1.368232304552176615e+01 1.347739766964223662e+01
1.382327618938201930e+01 1.360317038391212208e+01
1.398130004638836965e+01 1.374876095184514568e+01
1.414782883016106574e+01 1.388810285757384833e+01
1.428638301822415002e+01 1.407006719385794291e+01
1.441965366348146738e+01 1.417004477470864998e+01
1.457346946581984071e+01 1.432876311972386851e+01
1.474169354045107383e+01 1.444584621696190396e+01
1.487905492667822038e+01 1.459916626431897235e+01
1.503081981046232407e+01 1.477552557285814139e+01
1.490220213781815417e+01 1.506841607092586699e+01
1.528727746843589230e+01 1.504193452778246964e+01
1.545412077260795058e+01 1.524353679599401268e+01
