0.000000000000000000e+00 0.000000000000000000e+00
0.000000000000000000e+00 0.000000000000000000e+00
0.000000000000000000e+00 0.000000000000000000e+00
0.000000000000000000e+00 0.000000000000000000e+00
0.000000000000000000e+00 0.000000000000000000e+00
0.000000000000000000e+00 0.000000000000000000e+00
0.000000000000000000e+00 0.000000000000000000e+00
0.000000000000000000e+00 0.000000000000000000e+00
0.000000000000000000e+00 0.000000000000000000e+00
0.000000000000000000e+00 0.000000000000000000e+00
1.986633587493162253e-02 0.000000000000000000e+00
3.572124227016622022e-01 4.766467218399305650e-01
1.485087815910666409e+00 2.289324833146983984e+00
3.524041523487106087e+00 5.087801484506458749e+00
5.184168995456341023e+00 5.500077263645437142e+00
5.517419971704317305e+00 5.628031148686802432e+00
5.715230733933154283e+00 5.773111595066001911e+00
5.875403845003899228e+00 5.942940043660479787e+00
6.035920447489814933e+00 6.171221412166681297e+00
6.208514850073886926e+00 6.292238939048971247e+00
6.375382356658972682e+00 6.357656180631114040e+00
6.511452770773788146e+00 6.742417970405671035e+00
6.694196786720802983e+00 6.991272699849051975e+00
6.980087552034036413e+00 7.192786037161392976e+00
7.117569247976936353e+00 7.391718368409561535e+00
7.409907518898467771e+00 7.617739181121136127e+00
7.668338597213421259e+00 7.813292066890235255e+00
7.833581880078631876e+00 8.016236719549583611e+00
8.020382775765588335e+00 8.209409535027996085e+00
8.243313191078598834e+00 8.389090346203440518e+00
8.384786289020997430e+00 8.581278928431640196e+00
8.566044756788819825e+00 8.746669661795433370e+00
8.799176532072959134e+00 8.924518549239730092e+00
8.951299447424508671e+00 9.088018842322819424e+00
9.149544131000624247e+00 9.249559033355284399e+00
9.403360348631984778e+00 9.311623273982791105e+00
9.567691515048911910e+00 9.422649586435696278e+00
9.574190996442274226e+00 9.768189116433703134e+00
9.813905658926961095e+00 9.950269968681745070e+00
1.000225346943953575e+01 1.012352380009972563e+01
1.021555537269722258e+01 1.029873416018414289e+01
1.047610724121626191e+01 1.038824126777122991e+01
1.065047040491494990e+01 1.053875991627271524e+01
1.082804231971320341e+01 1.071607438511611754e+01
1.086909600743433479e+01 1.100558251340631877e+01
1.118228658415060117e+01 1.108023960946422903e+01
1.128920155283839399e+01 1.136632184433211279e+01
1.153613552815870946e+01 1.146882111470077170e+01
1.172234814127648228e+01 1.166213329344850003e+01
1.183688277093874142e+01 1.192092099575093478e+01
1.210315826648985116e+01 1.202201901201433465e+01
1.230833371189404168e+01 1.219717688944069955e+01
1.248748273149128885e+01 1.241296937592152716e+01
1.256611444707687042e+01 1.266140409958583923e+01
1.284813324471923401e+01 1.276214966522357486e+01
1.304018859286429333e+01 1.295263733054975219e+01
1.323514528072398555e+01 1.317154925679264998e+01
1.342746004827635176e+01 1.335428883342550321e+01
1.362738683226232261e+01 1.352621197664918107e+01
1.383416332062561338e+01 1.373914754058625576e+01
1.402686887521746328e+01 1.390975894525974788e+01
1.422912718596325377e+01 1.409578259956540158e+01
1.443344207085793052e+01 1.432580502063440520e+01
1.463296279602174899e+01 1.451279213159940085e+01
1.484908112054940155e+01 1.471950424478976061e+01
1.505363013375287018e+01 1.493329455379296533e+01
1.524228596478786280e+01 1.509783826604752299e+01
1.544612635430756775e+01 1.530226449880111517e+01
1.564632409927240886e+01 1.555185109016082379e+01
1.584694972842615712e+01 1.571925658911846213e+01
1.604818244853805709e+01 1.590470296939533057e+01
1.624590699767245638e+01 1.610136698685867884e+01
1.645203802299744211e+01 1.632134019623261878e+01
1.648115412205503816e+01 1.660884733049205764e+01
1.684859350496770958e+01 1.670915818600135339e+01
1.704625867820999829e+01 1.686201040731101131e+01
1.725992772008519083e+01 1.707496795338319373e+01
1.746104476257621130e+01 1.728976792663849338e+01
1.766898420531859415e+01 1.749304225489916575e+01
1.787860825891939243e+01 1.768886876684359777e+01
1.808795487530846202e+01 1.788688351003107257e+01
1.829202477000859872e+01 1.813714085250238028e+01
1.850436506201759101e+01 1.832361783867069960e+01
1.871237438208206072e+01 1.857353637804640911e+01
1.891481096588938016e+01 1.883916636309786341e+01
1.912487699871562086e+01 1.888028165594895214e+01
1.931916921886866589e+01 1.917510519883786912e+01
1.952988753695370505e+01 1.933806678655369282e+01
1.973603796798145282e+01 1.952271921313429459e+01
1.993440755301130451e+01 1.973269235448811898e+01
2.014056917377513045e+01 1.997846881158006838e+01
2.036008497291679475e+01 2.019774214463852857e+01
2.055841667797608352e+01 2.040453372008225230e+01
2.077025345273174395e+01 2.053203964197766140e+01
2.097900911730789275e+01 2.071602053200084370e+01
2.118311763024627226e+01 2.107057680745865724e+01
2.139679780930481101e+01 2.122586041575483762e+01
2.160428917732364695e+01 2.149516271407338763e+01
2.180483947339110529e+01 2.162467327738009715e+01
2.203211880752524721e+01 2.170636481764019621e+01
2.224603638878866718e+01 2.206601298685581369e+01
