0.000000000000000000e+00 0.000000000000000000e+00
0.000000000000000000e+00 0.000000000000000000e+00
0.000000000000000000e+00 0.000000000000000000e+00
0.000000000000000000e+00 0.000000000000000000e+00
0.000000000000000000e+00 0.000000000000000000e+00
0.000000000000000000e+00 0.000000000000000000e+00
0.000000000000000000e+00 0.000000000000000000e+00
0.000000000000000000e+00 0.000000000000000000e+00
0.000000000000000000e+00 0.000000000000000000e+00
0.000000000000000000e+00 0.000000000000000000e+00
0.000000000000000000e+00 0.000000000000000000e+00
0.000000000000000000e+00 0.000000000000000000e+00
0.000000000000000000e+00 0.000000000000000000e+00
5.749940584511821495e-02 0.000000000000000000e+00
9.339051950709981176e-02 0.000000000000000000e+00
3.961240879597860420e-02 0.000000000000000000e+00
4.244186656711992911e-02 0.000000000000000000e+00
4.527132433826126096e-02 1.980620439798930210e-02
2.213626813643732039e-01 0.000000000000000000e+00
2.948877189091659856e-01 2.344747491770004189e+00
6.486942255153509418e-01 4.750063752735611544e+00
5.124324705679252467e+00 6.609093573848397796e+00
5.974561660604389424e+00 5.631377562024689531e+00
7.165152396552197267e+00 7.371095489092532205e+00
7.703975511568836865e+00 7.866310344812132094e+00
8.337956328371426196e+00 8.338596351125170614e+00
8.543912910641527247e+00 8.648218210844360598e+00
8.728258139992700393e+00 8.909806353565388193e+00
8.861726637624641967e+00 9.141085885411429857e+00
9.111135694417608732e+00 9.430690949095502873e+00
9.312695591784221349e+00 9.715269265241067487e+00
9.660081675105505639e+00 9.952746888506581513e+00
9.981203740943563218e+00 1.019842504049188392e+01
1.023249771196805646e+01 1.043135248270871429e+01
1.046027585234387658e+01 1.066024629105053201e+01
1.070264161572698391e+01 1.087077480168893473e+01
1.089663596441697102e+01 1.109217557916663743e+01
1.111500962791920166e+01 1.128717297452017476e+01
1.133603139522674397e+01 1.147653896888342118e+01
1.156851088200530420e+01 1.167945512394238428e+01
1.180167933298797855e+01 1.187235123379529433e+01
1.197981638464261955e+01 1.206840350987526023e+01
1.221661220465825259e+01 1.225265765642052784e+01
1.239644181141187218e+01 1.243739123720610706e+01
1.260893430921811209e+01 1.255774621059314988e+01
1.272866988640178931e+01 1.281741773512580984e+01
1.300150915163481002e+01 1.295373451073751347e+01
1.308316891078785815e+01 1.320622699156876756e+01
1.340194759991694973e+01 1.324717240039925770e+01
1.360080689946065924e+01 1.343048602103569600e+01
1.379093639387636472e+01 1.365170305837852283e+01
1.387767519302236430e+01 1.399517029849842409e+01
1.418959812453258174e+01 1.408804997215400334e+01
1.426259052408557260e+01 1.439858949063998494e+01
1.461349180212398302e+01 1.448704150285925252e+01
1.481736295729785979e+01 1.468440619083615495e+01
1.502897177120496508e+01 1.490499943631288282e+01
1.524721698446305851e+01 1.512819427459121258e+01
1.546002587402864847e+01 1.531917039642535983e+01
1.567589052681399231e+01 1.552209612405394878e+01
1.589618050780925174e+01 1.574548124843131980e+01
1.611511559388960180e+01 1.595836315473089329e+01
1.632742728046812530e+01 1.616681714560648686e+01
1.635255254584715701e+01 1.652824321953254483e+01
1.675829056136144146e+01 1.659128334536808680e+01
1.679350372064925523e+01 1.692965156990064202e+01
1.717030397210563208e+01 1.702398393902250007e+01
1.738760182013317390e+01 1.722441621161718572e+01
1.761381694561873701e+01 1.739692985464084884e+01
1.784829334319367078e+01 1.767240957463421935e+01
1.806762865357802283e+01 1.789826282807133140e+01
1.829474888363027674e+01 1.812995585381294461e+01
1.852005958590985912e+01 1.835533041035802171e+01
1.875609726008120504e+01 1.857185818292073520e+01
1.897813334881173475e+01 1.881635302167839185e+01
1.920946555810782286e+01 1.896898399953244052e+01
1.943218955193662012e+01 1.927290838049614763e+01
1.966643082366546835e+01 1.948860542051792422e+01
1.989879524978540104e+01 1.965141171135864084e+01
2.015075296938410787e+01 1.989625345763752762e+01
2.037341000917774636e+01 2.009750106808239778e+01
2.060779418912496652e+01 2.030561583409019022e+01
2.083100867798889055e+01 2.061909540981379863e+01
2.105657270217944088e+01 2.089838649495488809e+01
2.106225540917523276e+01 2.120641511753504815e+01
2.147264704967180293e+01 2.131179911175770769e+01
2.169148809099321440e+01 2.149909959266232917e+01
2.192208901030559076e+01 2.172527719556401848e+01
2.216298857248713361e+01 2.202264670266561808e+01
2.239887569613606999e+01 2.225422956431364696e+01
2.263359062066799865e+01 2.236597644744283642e+01
2.286668501127048003e+01 2.261992063329827474e+01
2.312078278880522575e+01 2.278307094122934373e+01
2.334219113455582573e+01 2.312224867472706435e+01
2.359217272006772603e+01 2.335151755412353225e+01
2.381151226560859513e+01 2.359461490184474997e+01
2.404722416105638061e+01 2.373958511414262063e+01
2.428617512215804553e+01 2.400506132185055108e+01
2.452906186498033847e+01 2.429721069804697819e+01
2.477306136938317138e+01 2.449665836003888231e+01
2.501450910334842703e+01 2.475014854231430306e+01
