0.000000000000000000e+00 0.000000000000000000e+00
0.000000000000000000e+00 0.000000000000000000e+00
0.000000000000000000e+00 0.000000000000000000e+00
0.000000000000000000e+00 0.000000000000000000e+00
0.000000000000000000e+00 0.000000000000000000e+00
0.000000000000000000e+00 5.478643453924726681e-02
3.864646432765208584e-01 3.352273025068624457e-01
5.000752127612219100e-01 1.228440063835461782e+00
1.435733500397414319e+00 1.482036999640227615e+00
1.591405384387134969e+00 1.610850280966232839e+00
1.689000582236057202e+00 1.782765903443904065e+00
1.842330634400960898e+00 1.896760437899320140e+00
1.961620994370365523e+00 2.033840067589832490e+00
2.091701341742420173e+00 2.155522638582705319e+00
2.227879003487592158e+00 2.282501933288568985e+00
2.358525814931595743e+00 2.401622417355809169e+00
2.491160454428358761e+00 2.518992135533713039e+00
2.633797111623441545e+00 2.616836212821910923e+00
2.754129717640238173e+00 2.721966683229264827e+00
2.874829390561977505e+00 2.847535964923833873e+00
3.000413754752258022e+00 2.970011052432040444e+00
3.131975288492736542e+00 3.100352082625551731e+00
3.238923327921068296e+00 3.290212034430134658e+00
3.367881487777701466e+00 3.427286116254166792e+00
3.522637696593206247e+00 3.563815366558046982e+00
3.684143629030772527e+00 3.665002394498767746e+00
3.822932655415060665e+00 3.781084972950088829e+00
3.961474595512209262e+00 3.927116062611717417e+00
4.050726923544059055e+00 4.100286597101038488e+00
4.183806317273155884e+00 4.228827677318287570e+00
4.361309947221480243e+00 4.337508495794910601e+00
4.499391757429719974e+00 4.461646617864230890e+00
4.629887941425592679e+00 4.590854124458751073e+00
4.759629487625937294e+00 4.703467407643402431e+00
4.901084642790262791e+00 4.856492696705193346e+00
5.048245752533816244e+00 5.004111563183637479e+00
5.181554339945027010e+00 5.141048274429117271e+00
5.314431364578926953e+00 5.245741407990758276e+00
5.461004713115805487e+00 5.398491447223546125e+00
5.592533946358225094e+00 5.537333837046532814e+00
5.729295683098998282e+00 5.659989093230941570e+00
5.861958675470718916e+00 5.793293896896692274e+00
6.003449988176267738e+00 5.932090622743621644e+00
6.142775461244041502e+00 6.038282537813786988e+00
6.282617718585504996e+00 6.220050370534742967e+00
6.428557825201547615e+00 6.346043268797209258e+00
6.562056645247432485e+00 6.483967935966299834e+00
6.701669617011592806e+00 6.601787645425236661e+00
6.839651326553543242e+00 6.762686078669751133e+00
6.982495173897423690e+00 6.877258300223600962e+00
7.123490501109857043e+00 7.019185371550362262e+00
7.261599230724877785e+00 7.162060351234368127e+00
7.393065166282114298e+00 7.278607037122686307e+00
7.534817094267085125e+00 7.455970115449800595e+00
7.672948198342205650e+00 7.591310016232801772e+00
7.808238433143377399e+00 7.736797048106141439e+00
7.950110221863741167e+00 7.859828534809761180e+00
8.091220974708413394e+00 8.003598425422385532e+00
8.227645062323803771e+00 8.135241628574162220e+00
8.371855473105481948e+00 8.270201969200085657e+00
8.510296410655652011e+00 8.421230346384213306e+00
8.644232996476139519e+00 8.543535878248647464e+00
8.793152899725546590e+00 8.708975817991053248e+00
8.927987993186395244e+00 8.847187104841472305e+00
9.064722973652711957e+00 8.992988423618122340e+00
9.207349416579157619e+00 9.111855384309823336e+00
9.343349248291648479e+00 9.170331753692350318e+00
9.494388932584637786e+00 9.338701126994626733e+00
9.633218122195485122e+00 9.451081276398237918e+00
9.764840315116400049e+00 9.660521339893195503e+00
9.906279908474566298e+00 9.762221029943608741e+00
1.005563646779300591e+01 9.931194350314097363e+00
1.019532785415657017e+01 1.007238225428707956e+01
1.033636108278490973e+01 1.022588778942752263e+01
1.047340567294487990e+01 1.034362504748946954e+01
1.062635294504246275e+01 1.050391454097105459e+01
1.075462311258999826e+01 1.066292435621581092e+01
1.089302214220079001e+01 1.077811228471290939e+01
1.102693105585997024e+01 1.091261875956933025e+01
1.117406804781971097e+01 1.106943803409565774e+01
1.131180040823799438e+01 1.121797571393963011e+01
1.144418651928029718e+01 1.134409132883137694e+01
1.159188407618658978e+01 1.147075865906101022e+01
1.173090344962492004e+01 1.159807593405077775e+01
1.188334218541727694e+01 1.177121043419122159e+01
1.202462461678232231e+01 1.185771467060463635e+01
1.217258964158844137e+01 1.199916373654953894e+01
1.230740947508831162e+01 1.217064316983732120e+01
1.245377343620921806e+01 1.225800935120156332e+01
1.260324520077310062e+01 1.247983812086611799e+01
1.273355309006547742e+01 1.259813328271415500e+01
1.286384594700166772e+01 1.267859673399224896e+01
1.301864043758417111e+01 1.286337745752188688e+01
1.316436200261536804e+01 1.294539971038185477e+01
1.329880420033942379e+01 1.313982377406523128e+01
1.344291605220500152e+01 1.328530823478791234e+01
1.358778375556557449e+01 1.339822024455729199e+01
1.372496419718503269e+01 1.353615887972219056e+01
1.386130893925952634e+01 1.366901894618081492e+01
1.400702389207642007e+01 1.378222596436496872e+01
1.414880237897594739e+01 1.399508097436929255e+01
