0.000000000000000000e+00 0.000000000000000000e+00
0.000000000000000000e+00 0.000000000000000000e+00
0.000000000000000000e+00 0.000000000000000000e+00
0.000000000000000000e+00 0.000000000000000000e+00
0.000000000000000000e+00 0.000000000000000000e+00
0.000000000000000000e+00 0.000000000000000000e+00
0.000000000000000000e+00 0.000000000000000000e+00
0.000000000000000000e+00 0.000000000000000000e+00
0.000000000000000000e+00 0.000000000000000000e+00
0.000000000000000000e+00 0.000000000000000000e+00
0.000000000000000000e+00 0.000000000000000000e+00
0.000000000000000000e+00 0.000000000000000000e+00
0.000000000000000000e+00 0.000000000000000000e+00
0.000000000000000000e+00 0.000000000000000000e+00
0.000000000000000000e+00 0.000000000000000000e+00
0.000000000000000000e+00 0.000000000000000000e+00
0.000000000000000000e+00 0.000000000000000000e+00
0.000000000000000000e+00 0.000000000000000000e+00
0.000000000000000000e+00 0.000000000000000000e+00
0.000000000000000000e+00 0.000000000000000000e+00
1.526884815198717993e-01 0.000000000000000000e+00
1.569692499690417131e-01 3.566304639536485688e+00
8.880274286532390260e-01 0.000000000000000000e+00
5.004134650466418588e-01 4.410691436149578593e+00
2.497270900982536901e+00 7.000415005379978517e+00
6.721194480182592024e+00 7.228317514928478182e+00
7.010100470144267959e+00 7.469595579357731552e+00
7.427318022804162645e+00 7.642799924140649459e+00
7.611231274975152061e+00 7.814040321025143676e+00
7.865522065237689375e+00 7.986167733898768439e+00
8.033669506223004575e+00 8.115164044677616317e+00
8.168142359734375191e+00 8.263542507463698783e+00
8.334962168049347753e+00 8.411138825063698476e+00
8.529283076435296707e+00 8.485600549461397080e+00
8.670283430775542755e+00 8.621239429839940627e+00
8.770758085596575881e+00 8.840625561390835330e+00
8.931491400732289421e+00 8.996818676066352438e+00
9.134872830701615598e+00 9.085304697978900279e+00
9.236220013714227406e+00 9.287134392376765746e+00
9.437286305282544419e+00 9.382882427496060274e+00
9.593721995274046677e+00 9.546482867867586819e+00
9.756903703535442673e+00 9.706469734268477367e+00
9.906674545966343004e+00 9.862533873506972526e+00
1.006316768646179582e+01 1.001828131292774060e+01
1.022250236429097647e+01 1.018989408222724435e+01
1.038891755104166315e+01 1.036245308992344327e+01
1.055767950564337632e+01 1.052894064345681890e+01
1.072260775553035117e+01 1.066055919421888731e+01
1.088454978401589912e+01 1.079182676915819350e+01
1.105644992971796547e+01 1.100930089006149082e+01
1.122095571427753491e+01 1.119979300486629725e+01
1.139616999344665871e+01 1.133099314285370163e+01
1.157373338817723862e+01 1.141498336391635426e+01
1.174561035829838573e+01 1.162949058809806679e+01
1.191912808618635111e+01 1.177487562911848507e+01
1.209478372011459690e+01 1.199198182592622253e+01
1.227396887345780208e+01 1.213481662101058767e+01
1.245913560548765275e+01 1.233788392968393843e+01
1.263513601354889104e+01 1.244274183814395940e+01
1.282579847049810873e+01 1.270672647008701972e+01
1.299244754030998728e+01 1.287513634927934802e+01
1.318696140535796069e+01 1.306841775260378746e+01
1.336049972914848638e+01 1.313709590790812953e+01
1.355355699897104849e+01 1.331557198460096103e+01
1.373467108317307073e+01 1.352487138767046559e+01
1.390801353817778363e+01 1.370798713663103285e+01
1.408917383774412535e+01 1.388005621823957725e+01
1.426686483202516520e+01 1.408879090444499838e+01
1.444558109630395215e+01 1.426985921877054508e+01
1.462884465022449021e+01 1.435533269609668139e+01
1.480563458419719858e+01 1.457986453693922790e+01
1.499237859060428413e+01 1.476243994797003367e+01
1.516888800104218582e+01 1.495206757355029126e+01
1.534476943237389257e+01 1.501522947764742355e+01
1.553735323147015279e+01 1.527975852939830759e+01
1.572012191859301744e+01 1.545006371209389329e+01
1.589734578924973540e+01 1.559154369512894611e+01
1.608550326643414508e+01 1.583975237932611790e+01
1.627280139426754957e+01 1.600643083873349681e+01
1.646944308389242551e+01 1.620751573828444592e+01
1.665231452574973048e+01 1.639677913247210483e+01
1.684326549005837137e+01 1.652111202369938070e+01
1.704685009283297248e+01 1.673999002447492046e+01
1.724156269834061206e+01 1.688629655263333973e+01
1.742574243383920418e+01 1.701668130547326641e+01
1.762044626305183215e+01 1.729040188247138587e+01
1.779972317407112925e+01 1.744060693813279528e+01
1.799614095493043209e+01 1.757103326902783280e+01
1.817521272201214444e+01 1.775132231252949921e+01
1.836647031086610227e+01 1.799689751506908664e+01
1.856258252574219725e+01 1.806025213410736896e+01
1.874039079418126974e+01 1.830996392169033271e+01
1.892403202505223803e+01 1.840491360681264510e+01
1.910757058485939908e+01 1.866835452428933806e+01
1.929625002682079682e+01 1.882075520854707662e+01
1.949003010969800798e+01 1.905298930637563970e+01
1.967302254659928451e+01 1.921438922047161313e+01
1.987045015287555927e+01 1.936958269288287937e+01
2.005549347702188712e+01 1.963188820618306352e+01
2.024978890560457501e+01 1.978867957739597827e+01
2.044193295106477137e+01 1.991287890552904472e+01
