0.000000000000000000e+00 0.000000000000000000e+00
0.000000000000000000e+00 0.000000000000000000e+00
0.000000000000000000e+00 0.000000000000000000e+00
0.000000000000000000e+00 0.000000000000000000e+00
0.000000000000000000e+00 0.000000000000000000e+00
0.000000000000000000e+00 0.000000000000000000e+00
0.000000000000000000e+00 0.000000000000000000e+00
0.000000000000000000e+00 0.000000000000000000e+00
0.000000000000000000e+00 0.000000000000000000e+00
0.000000000000000000e+00 0.000000000000000000e+00
0.000000000000000000e+00 0.000000000000000000e+00
0.000000000000000000e+00 0.000000000000000000e+00
0.000000000000000000e+00 0.000000000000000000e+00
0.000000000000000000e+00 0.000000000000000000e+00
0.000000000000000000e+00 0.000000000000000000e+00
0.000000000000000000e+00 0.000000000000000000e+00
2.301707602410728581e-01 3.307084367717404660e+00
2.750527731425818523e+00 5.115809236109165603e+00
5.465521884775899508e+00 6.287495715094533644e+00
6.175421362796291724e+00 6.242847819139785592e+00
6.466446316836577779e+00 6.536363688273064909e+00
6.543876344268340084e+00 6.595431831994992500e+00
6.688553189325830317e+00 6.681600828145028537e+00
6.790158515439188136e+00 6.938901621929622010e+00
6.961789310645649209e+00 7.136429077905310336e+00
7.069780981916158780e+00 7.221208923053020534e+00
7.318685682242460189e+00 7.360417293757651969e+00
7.458093270016643572e+00 7.570930326339275318e+00
7.577205887872420220e+00 7.755732573432589483e+00
7.732841628175449067e+00 7.891594090747663159e+00
7.913691485537265535e+00 8.036774050548359583e+00
8.156207176071166742e+00 8.063955827926108100e+00
8.214297345783290183e+00 8.318435790528921459e+00
8.450670917508457336e+00 8.359632151561314117e+00
8.538501861079968336e+00 8.624241916702381161e+00
8.728495049543964157e+00 8.768665843556442852e+00
8.912975842731329479e+00 8.875393742301312727e+00
9.067378980274938272e+00 9.039304687588289866e+00
9.221823074387431873e+00 9.176841290454884614e+00
9.376359324105287385e+00 9.340727157249810730e+00
9.523900600110595249e+00 9.485298655979640614e+00
9.637067148122712368e+00 9.665910547549559695e+00
9.834319631377848481e+00 9.812464142089490693e+00
9.991579913106805932e+00 9.953897241968981291e+00
1.015892390540179235e+01 1.012342608821736611e+01
1.033354272272475782e+01 1.029465964317355642e+01
1.050000430717232724e+01 1.041264232408925317e+01
1.066183635061774382e+01 1.060184288555772092e+01
1.083941844731864101e+01 1.074348982545797959e+01
1.100876041151119900e+01 1.092151870617058051e+01
1.118900735787782352e+01 1.108657697626136240e+01
1.135800311419815856e+01 1.125742794525467794e+01
1.154345492954599273e+01 1.141315441744078285e+01
1.171519085305000196e+01 1.162488256565845468e+01
1.189646591836286049e+01 1.178717722311493965e+01
1.206434494875440677e+01 1.195310785986104563e+01
1.224548318355742182e+01 1.211080067217340250e+01
1.241497757784723888e+01 1.228693060177310592e+01
1.259247671796928536e+01 1.244357870269570832e+01
1.276286822995247938e+01 1.267124124214428527e+01
1.294841593085325293e+01 1.278868658884438148e+01
1.313106409643613581e+01 1.295370795964179322e+01
1.331842459015736857e+01 1.311632597770785047e+01
1.349355475059305220e+01 1.336210174565345454e+01
1.368202511789776743e+01 1.348805742230410054e+01
1.385872112264150324e+01 1.367040524218626807e+01
1.405854349390368263e+01 1.388524244644495376e+01
1.423920650651780839e+01 1.403768229788875210e+01
1.441795563918712375e+01 1.418811409098021592e+01
1.460684099571186145e+01 1.438683061288966947e+01
1.478235123283931074e+01 1.462965168275629857e+01
1.496121294882467900e+01 1.473837458862542249e+01
1.515985622926560339e+01 1.497607573397738356e+01
1.532988272455136602e+01 1.510464817711034335e+01
1.551189665384630700e+01 1.526741771245012558e+01
1.571621986862541753e+01 1.551825253720994446e+01
1.588897032418970845e+01 1.570904945234722838e+01
1.608079300153313440e+01 1.586453618015312017e+01
1.626664566138996193e+01 1.597941020198036099e+01
1.644744697579191239e+01 1.619407550463538215e+01
1.663739511105767122e+01 1.636851124493122711e+01
1.683450122270940241e+01 1.656485603872623358e+01
1.700904932508935730e+01 1.669152190862513763e+01
1.720089859964887324e+01 1.689773618940471778e+01
1.739252318099306649e+01 1.710404828304169911e+01
1.757887582059258946e+01 1.724071424174815448e+01
1.775743928127693394e+01 1.743367919892273932e+01
1.794280922380604792e+01 1.759647937666525053e+01
1.813047531652954447e+01 1.777276691888329907e+01
1.831598464261306347e+01 1.792154325304192142e+01
1.850583962908775248e+01 1.820130536006477584e+01
1.867549421510743812e+01 1.829761877808922321e+01
1.887077735796669486e+01 1.857273576716124452e+01
1.906099046717767465e+01 1.874005542114476697e+01
1.923493161204718049e+01 1.880891260887487704e+01
1.944045504374249589e+01 1.906566881953084192e+01
1.961146112713901246e+01 1.930522762017120897e+01
1.981399653742764499e+01 1.944659797487162223e+01
1.999765710358380844e+01 1.968776614779197232e+01
2.019452501049962123e+01 1.971401697383945972e+01
2.038375319436351774e+01 2.001618689708700316e+01
