0.000000000000000000e+00 0.000000000000000000e+00
0.000000000000000000e+00 0.000000000000000000e+00
0.000000000000000000e+00 0.000000000000000000e+00
0.000000000000000000e+00 0.000000000000000000e+00
0.000000000000000000e+00 0.000000000000000000e+00
4.006981882480090823e-02 1.701850486534847384e+00
2.174387274693329708e+00 2.126953811161022667e+00
1.727372634520059291e+00 2.058202476733044239e+00
2.959971705798000841e+00 2.999967031948663099e+00
3.124606846818128503e+00 3.154059118316970167e+00
3.586447391997776180e+00 3.721908296576019293e+00
3.823910045562399329e+00 3.903784732771618415e+00
3.994002503227755962e+00 4.081098009693133299e+00
4.117811594122307461e+00 4.307244716403561213e+00
4.306417060338579184e+00 4.564224498656891171e+00
4.512242098806381385e+00 4.738428970588398847e+00
4.679703073789294621e+00 4.952164197131240009e+00
4.907336096481969001e+00 5.143636145738706311e+00
5.115150826590443067e+00 5.325612370282464703e+00
5.337868248194292065e+00 5.510075910188529491e+00
5.521398387026990484e+00 5.694380437594572797e+00
5.760261089725498884e+00 5.875924647135406076e+00
5.924904598360506647e+00 6.052298357524371397e+00
6.085750639674579077e+00 6.220741106521388453e+00
6.259724194523383467e+00 6.397754583191630928e+00
6.465241976378504063e+00 6.567335883204061808e+00
6.603853218986065698e+00 6.724231318989504658e+00
6.792184115382327469e+00 6.886192866827526515e+00
6.937159151792915424e+00 7.045391364669374212e+00
7.183784872378976338e+00 7.083497972844837953e+00
7.331539844094256964e+00 7.192226627494092028e+00
7.350130808365942237e+00 7.524660296766889189e+00
7.527025333175071609e+00 7.687878953852067099e+00
7.715696494529858285e+00 7.855926231033071083e+00
7.908472042275217717e+00 8.038877703266351205e+00
8.190617848986191163e+00 8.041788506056834152e+00
8.338805965226464778e+00 8.204710462979591057e+00
8.509822459947102402e+00 8.336434789570759563e+00
8.674253924859234743e+00 8.511468449954087134e+00
8.837260136144577061e+00 8.680458855358851977e+00
9.014200609701404687e+00 8.865953793985664078e+00
9.039526085897417573e+00 9.188029353221304874e+00
9.349884639972176004e+00 9.224150421674760736e+00
9.528517634676150649e+00 9.401659924537957735e+00
9.566885305278603369e+00 9.703696788286436004e+00
9.752055640388372026e+00 9.892622615664034669e+00
9.940944010531394426e+00 1.007227529162710233e+01
1.012686443347836196e+01 1.023737350382662648e+01
1.028771837066450878e+01 1.039868204937574703e+01
1.057726727973068215e+01 1.042361833937146187e+01
1.077129616350790897e+01 1.064041198411962341e+01
1.094646481600005572e+01 1.081957269506269803e+01
1.113152424862818002e+01 1.098370698132962175e+01
1.131313025721155796e+01 1.117835809102205680e+01
1.149413437438567342e+01 1.135620486060111567e+01
1.168970530960964282e+01 1.155299290189024575e+01
1.188007876261201901e+01 1.171767570701496552e+01
1.206167842501606557e+01 1.189099830572900096e+01
1.223379019035728099e+01 1.205569440501131417e+01
1.240966151594716571e+01 1.227982497482279634e+01
1.259388373769827396e+01 1.243584926027372184e+01
1.277056882689801576e+01 1.259833249542556288e+01
1.295277790968530063e+01 1.281741691866080046e+01
1.314180550020234151e+01 1.300490021900948356e+01
1.321386299286653632e+01 1.328342141128234566e+01
1.348621803173059952e+01 1.340176574839676427e+01
1.367642335459100345e+01 1.352848783424338919e+01
1.385064370959847402e+01 1.374093524282765877e+01
1.404847107276411933e+01 1.390784942797343682e+01
1.422545325567323182e+01 1.410936186963956018e+01
1.442393861389115983e+01 1.426394116942866219e+01
1.461288242192416043e+01 1.447650682372758091e+01
1.462655528872780586e+01 1.476251713673843824e+01
1.498211577921193260e+01 1.480394595219837939e+01
1.515020833379263010e+01 1.499477375347409769e+01
1.533738043114416882e+01 1.517568534417093140e+01
1.551972860061178672e+01 1.532604010443947473e+01
1.554597581879656687e+01 1.567830157486145026e+01
1.590587103037525729e+01 1.569592729241104401e+01
1.608266678282923934e+01 1.583186103285188473e+01
1.627426654388293414e+01 1.609055283817528448e+01
1.646488946755432536e+01 1.632720805508468942e+01
1.665985106516372838e+01 1.650550143920229829e+01
1.684691668560250477e+01 1.656697657674939350e+01
1.704912122037935163e+01 1.682434269669839111e+01
1.724791692116385988e+01 1.696948763233283231e+01
1.743045604855427655e+01 1.724031155178331431e+01
1.762122855872022953e+01 1.744499492459143042e+01
1.781275231968373163e+01 1.757214702989659472e+01
1.801595568880092557e+01 1.776814660381254285e+01
1.806109404666845464e+01 1.814389161992564325e+01
1.838784147681727887e+01 1.820512169436579342e+01
1.857325336532905524e+01 1.828701970374794783e+01
1.874028383888825999e+01 1.850634897350298047e+01
1.895732483188140804e+01 1.873661022511702967e+01
1.913897627574511162e+01 1.891460024101855097e+01
1.931951720951030893e+01 1.907555825984886511e+01
1.953264394890772593e+01 1.924511419871166140e+01
1.972536215055563957e+01 1.953302522106281103e+01
1.991770924347018124e+01 1.962807569490752968e+01
2.010348136454108925e+01 1.987929610398124680e+01
