0.000000000000000000e+00 0.000000000000000000e+00
0.000000000000000000e+00 0.000000000000000000e+00
0.000000000000000000e+00 0.000000000000000000e+00
0.000000000000000000e+00 0.000000000000000000e+00
0.000000000000000000e+00 0.000000000000000000e+00
0.000000000000000000e+00 0.000000000000000000e+00
0.000000000000000000e+00 0.000000000000000000e+00
0.000000000000000000e+00 0.000000000000000000e+00
0.000000000000000000e+00 0.000000000000000000e+00
0.000000000000000000e+00 0.000000000000000000e+00
0.000000000000000000e+00 0.000000000000000000e+00
0.000000000000000000e+00 1.661764768142152127e+00
4.146520094600338879e-01 4.618539574223864186e+00
2.377262388729813658e+00 5.348998984517035815e+00
4.757855441562242937e+00 5.271484453552628402e+00
5.408702973467956809e+00 5.407492660989445810e+00
5.591699846131781726e+00 5.607017065252852817e+00
5.682075940831594174e+00 5.791702166022884235e+00
5.847747562772657837e+00 5.930696279093475631e+00
5.992678615144312104e+00 5.982913899560848847e+00
6.122919335618052905e+00 6.217768369533777317e+00
6.252275627984706929e+00 6.462487702498541431e+00
6.434241431241911613e+00 6.628356474607086213e+00
6.693608083727437652e+00 6.799190116324284716e+00
6.837325111419075618e+00 6.952956632583557450e+00
7.016103811740977747e+00 7.096938321057447041e+00
7.174997944060495847e+00 7.247592809482765297e+00
7.327228537198302583e+00 7.390709781949199808e+00
7.465257598001862505e+00 7.527998194687275380e+00
7.612859226068846574e+00 7.669492839625521086e+00
7.800321998857032035e+00 7.732532278168353201e+00
7.939887278638038559e+00 7.894614147929178927e+00
8.047206802245600699e+00 8.136371732303970816e+00
8.195888288066941030e+00 8.297221816395238037e+00
8.433234976203310751e+00 8.376299103441366967e+00
8.542601377452635703e+00 8.622654816512396181e+00
8.717914339449272632e+00 8.779495469994605727e+00
8.929665453596784985e+00 8.906699581822046241e+00
9.036590219650650013e+00 9.104240510897945171e+00
9.218646643428009213e+00 9.262279333077954036e+00
9.422774326086731378e+00 9.358807920155957305e+00
9.579462854886205747e+00 9.528964849874689946e+00
9.745428435630776320e+00 9.701712016724396648e+00
9.910593824735711266e+00 9.832056684535551483e+00
9.980613467790920623e+00 1.006597611309080165e+01
1.023949260662502247e+01 1.019983363626690753e+01
1.039821682795390423e+01 1.035653225009470546e+01
1.057068900252039789e+01 1.048049684644286472e+01
1.074132126334370696e+01 1.068251315693109582e+01
1.091996301734837438e+01 1.080574692105330570e+01
1.109975109422577866e+01 1.102531399346069030e+01
1.127686619970013915e+01 1.118632153691927833e+01
1.145400105078617159e+01 1.134483750470069907e+01
1.164095572406673185e+01 1.151288195673110160e+01
1.181341970213871306e+01 1.168869894168996737e+01
1.199055867571924772e+01 1.184964701773982299e+01
1.215803565020187804e+01 1.198290984298514594e+01
1.234304278124102794e+01 1.221248399887077341e+01
1.250624407218951539e+01 1.239599122790767183e+01
1.268247112667173226e+01 1.257768182278746671e+01
1.285090218717391686e+01 1.273044211173485785e+01
1.303198341060514132e+01 1.293501003603850386e+01
1.320554573714883517e+01 1.305847186224653278e+01
1.338296228045167702e+01 1.327034746619239414e+01
1.355317751738221332e+01 1.343790314726649449e+01
1.374627839302372223e+01 1.361461034319868624e+01
1.392382158933295955e+01 1.382887228180921646e+01
1.411144771333898795e+01 1.397300685067428638e+01
1.430731749474503900e+01 1.414039613522946048e+01
1.448192611010027342e+01 1.435988121558247954e+01
1.466778026409671298e+01 1.453838547653125701e+01
1.485597135850488648e+01 1.471317605439623577e+01
1.504032239574441832e+01 1.484815855911142890e+01
1.521439054019514359e+01 1.502135564796356348e+01
1.541196958848595067e+01 1.524670200654683327e+01
1.558639980676389314e+01 1.535376492314856200e+01
1.577549067654526205e+01 1.558366380398437379e+01
1.595149460415095888e+01 1.580302340035586894e+01
1.615033129914912280e+01 1.596652137312753617e+01
1.633726269050774960e+01 1.616990563766891498e+01
1.652830160765730483e+01 1.636344767277850920e+01
1.670584132991061921e+01 1.653245515628748308e+01
1.690460580059615836e+01 1.664861441158630484e+01
1.708891317046145986e+01 1.686522803986945362e+01
1.727286631459198318e+01 1.704542041982170275e+01
1.746761232305262013e+01 1.728118826268033459e+01
1.765744713457800330e+01 1.745196886284802673e+01
1.784641371866793946e+01 1.762897676905581079e+01
1.805188304247189990e+01 1.782815265316274989e+01
1.823345879023984395e+01 1.804603201365277698e+01
1.842394683526918442e+01 1.818828408724404966e+01
1.861763686323599032e+01 1.840331095957601804e+01
1.881478388621512110e+01 1.862527124084633101e+01
1.900333716725880961e+01 1.879391502044802920e+01
1.918899856169490548e+01 1.902498690058775566e+01
1.938314136869372106e+01 1.917339842850030962e+01
1.955786770805013575e+01 1.932751065472993091e+01
1.975340611828797321e+01 1.952729191245251883e+01
1.994836925768572655e+01 1.972792429624397315e+01
2.013540481498757373e+01 1.996276501434457273e+01
2.033509429308164584e+01 2.009670990684524483e+01
