0.000000000000000000e+00 0.000000000000000000e+00
1.066323733178006494e-01 6.882381003217295790e-02
3.432243438192681961e-01 3.313384431334335800e-01
5.934438669182107162e-01 5.634643150744537143e-01
7.770895069417407264e-01 7.555152205350958994e-01
9.885075648657065672e-01 9.732826141841396383e-01
1.156578871452413448e+00 1.197875727951486891e+00
1.386688987254962369e+00 1.349478804233696927e+00
1.545056298532203609e+00 1.587639581115320553e+00
1.770795645229139570e+00 1.741425865358208869e+00
1.962990650587739916e+00 1.927386178348243329e+00
2.165464752480608546e+00 2.149406970376191772e+00
2.346583623037678201e+00 2.364262555302146129e+00
2.525138157814523332e+00 2.559130355502364562e+00
2.735655797832668767e+00 2.759506617775475679e+00
2.922115809527051411e+00 2.964624170561430461e+00
3.109799990294156657e+00 3.168179714539303138e+00
3.366267703411846224e+00 3.328679995610159814e+00
3.516425864035914284e+00 3.567968968381489248e+00
3.756994657110380942e+00 3.702737283644257804e+00
3.896807921330865288e+00 3.953884269839170074e+00
4.095107592922086148e+00 4.148962708860589821e+00
4.331787840413042545e+00 4.280855432540220384e+00
4.495477203057767213e+00 4.532751622311038453e+00
4.650457213907730036e+00 4.729271161900546971e+00
4.929353248558196121e+00 4.900415127408693117e+00
5.121496854695500645e+00 5.073724324454162549e+00
5.290112848265683176e+00 5.310361317649951118e+00
5.470900738797008778e+00 5.485539679363956367e+00
5.683073858630939057e+00 5.669819880354832087e+00
5.854440351452019797e+00 5.879588119533337043e+00
6.080868599211735948e+00 6.033207312883421380e+00
6.214497233184436809e+00 6.281106937854604944e+00
6.420137208781162563e+00 6.478955533022331181e+00
6.610012187959775076e+00 6.684427672533597153e+00
6.892125671211828397e+00 6.814576158214295631e+00
6.986702605013443090e+00 7.086897924107080193e+00
7.287824994650864419e+00 7.194687587678730623e+00
7.393970411978059154e+00 7.490816099363816427e+00
7.686095858400355141e+00 7.605380980803342794e+00
7.879962476736888988e+00 7.794967001919332006e+00
8.067694623630574213e+00 7.985583522092078113e+00
8.202627286814859531e+00 8.263171650174903959e+00
8.398906859038607564e+00 8.465141744577685756e+00
8.586900677782344005e+00 8.663430658694602826e+00
8.863075091465253408e+00 8.778731211923481936e+00
9.051554265062630833e+00 8.975951972294440750e+00
9.186358616167511926e+00 9.253597276567683494e+00
9.367998345378827807e+00 9.445561475270075391e+00
9.571371191105715326e+00 9.641552851350278175e+00
9.771603634329441235e+00 9.832889833930169132e+00
1.002367427856185422e+01 9.959139112546646189e+00
1.015745086559914157e+01 1.022622313750564871e+01
1.036012107654045877e+01 1.041962309902222117e+01
1.051658872458045124e+01 1.062286956817023942e+01
1.072559659898827888e+01 1.082442306241813945e+01
1.093139801301719771e+01 1.102820386420848564e+01
1.120612122620922690e+01 1.114626311888366494e+01
1.133793461194388641e+01 1.140418558853457753e+01
1.160618421481672691e+01 1.149873831644628375e+01
1.180048762126373241e+01 1.171426229678441366e+01
1.190106971115694812e+01 1.199433325662460348e+01
1.215363883303944981e+01 1.217932046305698002e+01
1.237911489991977021e+01 1.235217346903130142e+01
1.250515147240747638e+01 1.258521256511513897e+01
1.277685225413758019e+01 1.271582373463312976e+01
1.297941831941526480e+01 1.290659085749380885e+01
1.318207137999618794e+01 1.310976570952589348e+01
1.338692219943357209e+01 1.331642477280515635e+01
1.351515122585623274e+01 1.358841555211716745e+01
1.376945166597253589e+01 1.378168260474588003e+01
1.391662836457166996e+01 1.398373424909113361e+01
1.418087864637440276e+01 1.411392725532894943e+01
1.431979783458827704e+01 1.438127211171326714e+01
1.457942363821037368e+01 1.452016684376471467e+01
1.472276217424666811e+01 1.477209739369435582e+01
1.487555741136178078e+01 1.497682192440350413e+01
1.506420077716771644e+01 1.518222913972179811e+01
1.525587885844363001e+01 1.537159061617552958e+01
1.556376136087245676e+01 1.550452567756827627e+01
1.565000763579525689e+01 1.577038055382027792e+01
1.596425891860837254e+01 1.591439940184976187e+01
1.617188302260274213e+01 1.610646292743391328e+01
1.638225946074671668e+01 1.624308712734861615e+01
1.648397051124083390e+01 1.657365596359569082e+01
1.666738912484344937e+01 1.677554774914484881e+01
1.685492030374528483e+01 1.698266964342478857e+01
1.708568530949521858e+01 1.718839795318713470e+01
1.730842173454322008e+01 1.737963555531372251e+01
1.757750909312899168e+01 1.743346569873028784e+01
1.768732486870134224e+01 1.777581463298962205e+01
1.787677609091577580e+01 1.798397419868334524e+01
1.807523403601103595e+01 1.816385630875632984e+01
1.823327816608589558e+01 1.837788539454816927e+01
1.855632098356982951e+01 1.845544536562297111e+01
1.876513221775008589e+01 1.864264527091972568e+01
1.883934380581430901e+01 1.895723965626833873e+01
1.900733794522479769e+01 1.915633181674042973e+01
1.934978174552171026e+01 1.920194056959905993e+01
1.954337305380600043e+01 1.943609297959510940e+01
1.974902868093405672e+01 1.967630550639292863e+01
