0.000000000000000000e+00 0.000000000000000000e+00
0.000000000000000000e+00 0.000000000000000000e+00
0.000000000000000000e+00 0.000000000000000000e+00
0.000000000000000000e+00 0.000000000000000000e+00
0.000000000000000000e+00 0.000000000000000000e+00
1.110925591972966239e-02 0.000000000000000000e+00
0.000000000000000000e+00 0.000000000000000000e+00
1.099328453398060512e+00 2.852421615833061530e+00
1.781703483991631698e+00 3.297576021477564900e+00
3.998008973927674070e+00 4.027409608774807026e+00
4.104637936928262398e+00 4.106032280013766744e+00
4.173619006319489344e+00 4.222988691365409331e+00
4.261192974883666551e+00 4.276292338808401539e+00
4.355372363660996449e+00 4.333411379719222190e+00
4.481086070582816383e+00 4.728498380662807143e+00
4.617801436156863559e+00 4.963447647041869359e+00
4.915150749535115438e+00 5.187000926376414078e+00
5.133158782869076120e+00 5.405197100467466598e+00
5.447076368290587389e+00 5.586517715781264215e+00
5.553360641798773756e+00 5.786329984226706635e+00
5.746443216956582667e+00 5.969440436290501140e+00
5.943761410484570185e+00 6.148420719774553511e+00
6.191091862047419347e+00 6.343161450755918196e+00
6.360348572450642557e+00 6.518870943915863414e+00
6.560024260811166741e+00 6.681581825242241202e+00
6.735468349365179463e+00 6.848623044217366562e+00
6.892223752160004047e+00 7.014774631012013373e+00
7.093882000646305031e+00 7.173612814897239787e+00
7.256751146399243346e+00 7.353390564267811236e+00
7.426519756431227748e+00 7.511134104993224092e+00
7.575981160919043056e+00 7.672270610585322004e+00
7.730517451218887004e+00 7.840299607082181765e+00
7.906453275287626425e+00 7.993969042483599630e+00
8.061582745746370904e+00 8.150193226511566635e+00
8.242716637777004252e+00 8.311730446037756792e+00
8.465669068004192610e+00 8.365805783297631137e+00
8.614838474790387224e+00 8.492188568694691853e+00
8.644457966827657103e+00 8.768318496658295658e+00
8.922484761167984502e+00 8.838442209084806933e+00
8.970699119445065151e+00 9.082591007241104464e+00
9.239573718429848981e+00 9.138421879589483154e+00
9.277448202081139073e+00 9.418418878661102056e+00
9.577526835483137546e+00 9.452945494139875393e+00
9.747957817369890421e+00 9.620171700872482745e+00
9.801207711431212388e+00 9.910023294516141945e+00
9.979110733450269777e+00 1.008355537770575339e+01
1.025525352087902320e+01 1.011259641549421495e+01
1.043438248240388155e+01 1.029294719001166492e+01
1.060555983126732116e+01 1.046857167072769457e+01
1.078630428829804444e+01 1.066268618730522633e+01
1.095563542616606334e+01 1.081528631403516627e+01
1.114189580670580071e+01 1.099546239234885370e+01
1.117171217676725270e+01 1.129680115211096059e+01
1.149103073061796465e+01 1.136146605046678459e+01
1.166617904320569821e+01 1.149333043015482581e+01
1.184975338910965803e+01 1.166747789664203694e+01
1.200776109639441813e+01 1.188840095967497135e+01
1.220527339425175306e+01 1.206763054398509105e+01
1.237578784892470374e+01 1.223138596345978435e+01
1.254968488947940486e+01 1.242303244369268711e+01
1.274034458175720452e+01 1.257278054757132324e+01
1.292033152685138475e+01 1.276494817144724792e+01
1.308623278961762892e+01 1.292995904442388699e+01
1.327191152989286671e+01 1.308659924448038225e+01
1.345701062779523127e+01 1.331401628761742550e+01
1.364384181867454693e+01 1.350670544516095539e+01
1.382917437548567108e+01 1.366281640197358094e+01
1.402078939666906621e+01 1.387453508131365432e+01
1.418811965560007415e+01 1.402427927744845881e+01
1.422081602329051009e+01 1.431712354618444571e+01
1.452696492255567939e+01 1.435818049646765893e+01
1.470315357084895780e+01 1.458149554772687750e+01
1.488837258140633146e+01 1.473263263786812338e+01
1.508240793413545688e+01 1.494287193089066434e+01
1.525905272225869069e+01 1.509902238597135948e+01
1.545232028412138092e+01 1.531231981987098933e+01
1.563144825732133292e+01 1.542446637623888250e+01
1.581903650074688450e+01 1.569546949432062100e+01
1.600669614696678877e+01 1.585851218415209019e+01
1.619637466954110394e+01 1.599167211280266443e+01
1.638209381341545523e+01 1.622606257967240495e+01
1.655830268588583110e+01 1.640225412966150387e+01
1.655010010866362435e+01 1.667820187763589956e+01
1.692374379431360154e+01 1.681182716617118089e+01
1.709245560150759502e+01 1.696359727666088801e+01
1.728661203860164619e+01 1.715962517625917627e+01
1.747854703557010225e+01 1.728190661859109412e+01
1.751228697432036441e+01 1.759700614998840962e+01
1.784916116232956895e+01 1.768458431983217238e+01
1.804243294408508191e+01 1.785622379770141777e+01
1.824154213161241600e+01 1.803926265522033745e+01
1.827849526004831304e+01 1.833701627193823214e+01
1.860149505773092571e+01 1.842100579381573411e+01
1.879160393371138937e+01 1.865457878265851122e+01
1.897715515833781552e+01 1.873750335046135618e+01
1.916796815587738934e+01 1.892302409452915413e+01
1.936587480855791910e+01 1.914959835723599824e+01
1.955783369082527301e+01 1.921033080685711170e+01
1.974900661598914553e+01 1.956285485657975087e+01
1.994185377963838235e+01 1.968596546247288970e+01
2.013533767402205399e+01 1.997317797235223225e+01
