0.000000000000000000e+00 0.000000000000000000e+00
0.000000000000000000e+00 0.000000000000000000e+00
0.000000000000000000e+00 0.000000000000000000e+00
0.000000000000000000e+00 0.000000000000000000e+00
0.000000000000000000e+00 0.000000000000000000e+00
0.000000000000000000e+00 0.000000000000000000e+00
0.000000000000000000e+00 0.000000000000000000e+00
0.000000000000000000e+00 0.000000000000000000e+00
0.000000000000000000e+00 0.000000000000000000e+00
0.000000000000000000e+00 0.000000000000000000e+00
0.000000000000000000e+00 0.000000000000000000e+00
0.000000000000000000e+00 0.000000000000000000e+00
0.000000000000000000e+00 0.000000000000000000e+00
0.000000000000000000e+00 0.000000000000000000e+00
4.814362919430888454e-01 -1.203516171972941612e-01
2.502954365135021675e-01 0.000000000000000000e+00
2.478123535557468227e-01 0.000000000000000000e+00
1.783280835601521175e-01 0.000000000000000000e+00
8.143374685106314903e-01 3.579409512904672575e+00
4.670837288090065265e+00 5.951158488371063093e+00
4.987493609624409352e+00 6.452554910313556213e+00
6.371692356513826816e+00 6.617908004889750728e+00
6.658800881496625301e+00 6.832856688001808010e+00
6.831381625787704692e+00 6.907202382039644206e+00
7.007954415796089798e+00 6.909085965409356156e+00
7.143894950268958155e+00 7.233067583065905026e+00
7.309596478991871038e+00 7.397051842201614491e+00
7.495668619697887003e+00 7.415270593776889463e+00
7.617443925120028325e+00 7.531821629980934851e+00
7.725037750591104313e+00 7.871049452408898084e+00
7.901218821545124449e+00 8.015908579783600274e+00
8.055366771624676403e+00 8.154817197431642128e+00
8.219468178511370127e+00 8.300094922920298046e+00
8.431099511184587669e+00 8.377556799584072067e+00
8.533835139049292806e+00 8.583519233133866777e+00
8.725242981340377568e+00 8.695641206100566123e+00
8.874511623574598218e+00 8.848285264953913654e+00
9.022484597066654288e+00 8.985047079300379380e+00
9.168420510878268814e+00 9.124007673018194708e+00
9.325988234954667888e+00 9.259543946582208918e+00
9.445438216571885093e+00 9.492771121598993389e+00
9.617145631040301623e+00 9.656597913319705739e+00
9.809423413089081834e+00 9.760771125951389848e+00
9.973780540397568117e+00 9.922530365313660283e+00
1.014350051529462782e+01 1.004340799193929179e+01
1.030519418949803523e+01 1.026812544528294602e+01
1.047635750371883034e+01 1.039676363335206410e+01
1.064896401343424159e+01 1.056120987495714125e+01
1.082303861443557658e+01 1.076561923514844210e+01
1.099809588313862463e+01 1.091387330527036070e+01
1.116742572178070247e+01 1.105802707673763940e+01
1.134005132750777278e+01 1.124857151439301184e+01
1.149945095482510737e+01 1.139198445068757337e+01
1.168270579109316287e+01 1.160026180667724205e+01
1.186098590325622837e+01 1.179247663718490280e+01
1.203871757810528642e+01 1.189702237317361622e+01
1.220239539199480561e+01 1.207217504629009497e+01
1.238202151161494591e+01 1.222799996178287074e+01
1.256378806797151526e+01 1.244825478416746911e+01
1.274527021910221691e+01 1.261975508561805626e+01
1.292310718730976049e+01 1.279637084562737037e+01
1.310092489591641396e+01 1.296778836810326752e+01
1.327852810420495189e+01 1.314383669817677358e+01
1.346403707572397224e+01 1.333633176880033844e+01
1.364353873873445089e+01 1.348692267506056197e+01
1.381819321836463388e+01 1.360328910610408215e+01
1.401081860581625982e+01 1.385808813706214160e+01
1.417848446505703208e+01 1.401524039131167854e+01
1.435700315914535352e+01 1.421451576779521986e+01
1.454757366809599439e+01 1.436916672220977276e+01
1.473488463024226469e+01 1.463018195754989570e+01
1.493280472295046657e+01 1.474429013394646226e+01
1.511139814531987646e+01 1.492820703674286165e+01
1.529227141807849044e+01 1.502262089653075705e+01
1.546552039150830105e+01 1.524942059155773677e+01
1.565440203307357514e+01 1.533001097950694991e+01
1.583565109333661347e+01 1.567608460007336291e+01
1.602263272888206203e+01 1.580997480507629938e+01
1.620527175056112767e+01 1.598328645233095813e+01
1.639662442740088721e+01 1.612327422399296140e+01
1.658431288524108638e+01 1.631246090830795481e+01
1.676828758564303357e+01 1.651760444749721302e+01
1.695994030897119842e+01 1.678736897293046582e+01
1.714502603159920469e+01 1.690762587689208019e+01
1.733520556909543231e+01 1.702157755696472918e+01
1.752484247170740517e+01 1.725303929937462044e+01
1.771650910297845627e+01 1.744901587358117823e+01
1.790841722177288986e+01 1.763110136952238349e+01
1.810688850953184925e+01 1.780302081901646005e+01
1.829865924411425837e+01 1.800758640886732209e+01
1.849369164441559121e+01 1.811237575683912837e+01
1.868468925680614845e+01 1.840234003774536831e+01
1.886789966924267148e+01 1.845911255491801484e+01
1.906872999541720759e+01 1.876019922790885985e+01
1.924301614554250150e+01 1.890661626147955587e+01
1.943224441723927143e+01 1.905701071938691271e+01
1.963365307424609085e+01 1.929572274977114077e+01
1.981988390375335385e+01 1.944533313768261706e+01
2.001222887704985354e+01 1.954293510268187006e+01
2.021206027280198114e+01 1.976158441993159443e+01
2.038631318923799185e+01 1.999140010840292092e+01
