0.000000000000000000e+00 0.000000000000000000e+00
0.000000000000000000e+00 0.000000000000000000e+00
0.000000000000000000e+00 0.000000000000000000e+00
0.000000000000000000e+00 0.000000000000000000e+00
0.000000000000000000e+00 0.000000000000000000e+00
0.000000000000000000e+00 0.000000000000000000e+00
5.546010501278597626e-02 1.410670673858299251e+00
2.013663014071876312e+00 2.268861802493328028e+00
2.406141938838871841e+00 2.612295905470232160e+00
2.713822163886664640e+00 2.755955877031582624e+00
2.922928532368195498e+00 2.930544651497439368e+00
3.043986052552468013e+00 3.094726023461813469e+00
3.209746770699880791e+00 3.205452192078209972e+00
3.343093051088416257e+00 3.504588825728029100e+00
3.561797314950290616e+00 3.716137870944269395e+00
3.728551287520077473e+00 3.933621348262107631e+00
3.968341043333937002e+00 4.135950581179030472e+00
4.201436942037949152e+00 4.329603822888831388e+00
4.392080482445414269e+00 4.500673730550051488e+00
4.580397630888948690e+00 4.669963345291359147e+00
4.761178170741357185e+00 4.840755241200315417e+00
4.955988631196201588e+00 5.013895543406569288e+00
5.121270264322385302e+00 5.171531170922120779e+00
5.337158729183492767e+00 5.290350986469825045e+00
5.495601167279811960e+00 5.441637282187505420e+00
5.661167578670434075e+00 5.621923840672450545e+00
5.820405805568116264e+00 5.782253119497828386e+00
5.947725421629282749e+00 5.995566894028558913e+00
6.162614027364984537e+00 6.117175189437474181e+00
6.345244837754347778e+00 6.276152422736325676e+00
6.523400881386377748e+00 6.468548787979623071e+00
6.708175264856338416e+00 6.629507722804863334e+00
6.889399364490847333e+00 6.824164586575548697e+00
7.070131347163091107e+00 6.969773701398017884e+00
7.256296623781776312e+00 7.186232971530539970e+00
7.437880947858075409e+00 7.304189420944251943e+00
7.621827797948893313e+00 7.532416362495765405e+00
7.804290861154958847e+00 7.700164102275320666e+00
7.999582460080238100e+00 7.861601605336400844e+00
8.183861092733954123e+00 8.066833900045754291e+00
8.264572300446106468e+00 8.338178771773725018e+00
8.541253792745207463e+00 8.407970474289779617e+00
8.726711932113436987e+00 8.577670195765172423e+00
8.915393322712763080e+00 8.799425927457786401e+00
9.092340761322187603e+00 8.972493514116747448e+00
9.281689365926879987e+00 9.168902622415277648e+00
9.469423486748077323e+00 9.349538073954596129e+00
9.655343141641443694e+00 9.494113487458443856e+00
9.734246225782156259e+00 9.800408754536920952e+00
1.001298105237005664e+01 9.905792825999014894e+00
1.020315373090329381e+01 1.008091862283620621e+01
1.039390656337532803e+01 1.023199092797079324e+01
1.059473579177301872e+01 1.048493332829403002e+01
1.078694584166559345e+01 1.065775389706105969e+01
1.097898223238978943e+01 1.081681969575546631e+01
1.117473974964474159e+01 1.092754154724910975e+01
1.137604084934864268e+01 1.125689522396380404e+01
1.155490743483897553e+01 1.133500798251031583e+01
1.176296781152583648e+01 1.156272610209665963e+01
1.194946222665526214e+01 1.179365060422072631e+01
1.213726707177827535e+01 1.195187622435101993e+01
1.233239512296741758e+01 1.213150049860890789e+01
1.252631566066072288e+01 1.232154889083045290e+01
1.271701974303916494e+01 1.253432919363297415e+01
1.291861521082667430e+01 1.265272619409572030e+01
1.309155126938296831e+01 1.283826530592339488e+01
1.329200520633771276e+01 1.310452515641478577e+01
1.347123315938644872e+01 1.324811847589580260e+01
1.366935475881878759e+01 1.345068980198682951e+01
1.385361843097307499e+01 1.367896096387196181e+01
1.404890130287393291e+01 1.384834239861199912e+01
1.423828669802365354e+01 1.398313335489624265e+01
1.443337712038029963e+01 1.425502058666869409e+01
1.462848272493305757e+01 1.437335977814583465e+01
1.483843448009157662e+01 1.454768968957589692e+01
1.502439385028275787e+01 1.481074911128660787e+01
1.523373225152875499e+01 1.499364388586067420e+01
1.541835221403657918e+01 1.512816409590156219e+01
1.561592646246338667e+01 1.538510926935840217e+01
1.580477688210397247e+01 1.550359217999259442e+01
1.600794363828145350e+01 1.574671620250683013e+01
1.620094878466245447e+01 1.590654323391467173e+01
1.638098437625528803e+01 1.611360817551387470e+01
1.658247950953413152e+01 1.630460476633304978e+01
1.677339330670543660e+01 1.653266202849463795e+01
1.695154905103552778e+01 1.668598320330547224e+01
1.715069812121168269e+01 1.687211485428200319e+01
1.734637597022550182e+01 1.707498147397668831e+01
1.754461933958803854e+01 1.725171304215825074e+01
1.772806403350159954e+01 1.747336584732984832e+01
1.792776521271713719e+01 1.760047062030084675e+01
1.812170051246271996e+01 1.787643617167520915e+01
1.832159483461061456e+01 1.793499522566235171e+01
1.851741546866354682e+01 1.813983541638080155e+01
1.870607637827837877e+01 1.837713037207737443e+01
1.890465176575881046e+01 1.862743454074987781e+01
1.911177480067350132e+01 1.870801459093439334e+01
1.929805064865941588e+01 1.895871420967872467e+01
1.950269996832065189e+01 1.919499346422861308e+01
1.966952890087513239e+01 1.940830069897634402e+01
1.988682473343575907e+01 1.953436422433919617e+01
