0.000000000000000000e+00 0.000000000000000000e+00
0.000000000000000000e+00 0.000000000000000000e+00
0.000000000000000000e+00 0.000000000000000000e+00
0.000000000000000000e+00 0.000000000000000000e+00
0.000000000000000000e+00 0.000000000000000000e+00
2.194371727432111591e-03 0.000000000000000000e+00
3.672933990285707356e-03 0.000000000000000000e+00
1.864338276296876540e+00 4.162435410826813786e+00
1.704568819780656330e+00 3.584350942985982780e+00
3.713859425400786840e+00 3.674987620639932562e+00
3.754973457181220997e+00 3.750922275882144330e+00
3.827565788846137185e+00 3.826661671086226679e+00
3.913536632804937021e+00 3.909652581212075706e+00
4.022913393054850850e+00 4.046135481210591855e+00
4.154615655198220736e+00 4.369426341936645919e+00
4.411630690735515614e+00 4.667152639397875724e+00
4.628645264337550636e+00 4.798071321764330932e+00
4.844073174962900907e+00 4.959835060501204040e+00
5.061651324660582318e+00 5.125297033862135088e+00
5.211597618005463950e+00 5.279832575454785903e+00
5.404239772253712992e+00 5.379617437528168900e+00
5.531576306751165184e+00 5.664891706200473109e+00
5.702852604881864629e+00 5.878126594174728936e+00
5.886157764537109038e+00 6.071171370751769381e+00
6.073354936070004761e+00 6.257357632285906135e+00
6.229002275282044643e+00 6.432471873302015197e+00
6.425272650214211900e+00 6.607355871531443547e+00
6.621236846396177711e+00 6.777502287715289064e+00
6.797295769122431608e+00 6.938627667523530107e+00
6.984425868689021044e+00 7.101605672102126121e+00
7.177342490951053477e+00 7.264959019385503147e+00
7.316098424842269132e+00 7.432282296058560611e+00
7.495040900872195877e+00 7.596584937580207253e+00
7.751997648367643379e+00 7.672972487187907475e+00
7.917697731906265801e+00 7.694647731684037595e+00
8.091235156478994384e+00 7.885585609807160168e+00
8.265148461489351561e+00 8.046492638666100206e+00
8.438076163323504630e+00 8.222483593185136996e+00
8.605612551751784522e+00 8.430794732356101662e+00
8.777693242285684150e+00 8.536189317874583793e+00
8.950307888582804239e+00 8.704350596652036032e+00
9.125936652971208929e+00 8.903126159684806140e+00
9.066691326127404693e+00 9.291745906223296103e+00
9.470312647069597745e+00 9.233987298364178642e+00
9.638400599405249736e+00 9.410515859119387372e+00
9.819740709608252516e+00 9.600797244972708810e+00
9.994159150200331965e+00 9.766851013649795021e+00
1.016985524070684654e+01 9.939458184909431893e+00
1.035007582116953806e+01 1.008309686472696676e+01
1.052687711043851415e+01 1.032280052106000134e+01
1.070070012490418421e+01 1.046852039809829371e+01
1.087372317743222361e+01 1.068812584777692187e+01
1.105066869271004038e+01 1.079790030826076297e+01
1.123237678088374203e+01 1.100301180772594734e+01
1.141751451710258358e+01 1.124238688863635183e+01
1.159231344207853098e+01 1.138501722523319692e+01
1.177504564632402229e+01 1.157303923670409240e+01
1.195349176235553124e+01 1.177596646802468605e+01
1.213716192514830539e+01 1.195850196543327115e+01
1.231913361947050412e+01 1.211883255619076039e+01
1.249788509776195156e+01 1.231400644716000592e+01
1.269437320232508704e+01 1.246637851933669516e+01
1.286795167566037179e+01 1.267679371309763070e+01
1.305324400118384887e+01 1.286512991249911053e+01
1.323796785810138665e+01 1.304165398345520899e+01
1.342984412020465435e+01 1.324118138917924981e+01
1.360028128902925282e+01 1.342058425747831940e+01
1.378267305227928929e+01 1.362088440553908342e+01
1.397009216872146098e+01 1.373289865623464046e+01
1.414712906400492543e+01 1.397723535738598066e+01
1.433370395708424816e+01 1.418431123193197330e+01
1.453866161498094911e+01 1.434889908896051125e+01
1.470889763846127885e+01 1.458072918562487352e+01
1.491046349470605215e+01 1.475645282502115840e+01
1.509293280002829896e+01 1.491689302618037161e+01
1.529145159824125066e+01 1.511778546528132594e+01
1.547807852083533220e+01 1.520727178810151692e+01
1.566788979387939484e+01 1.550680569924727514e+01
1.585725266895592611e+01 1.562581672583922732e+01
1.605089654597140836e+01 1.588042171769267696e+01
1.622305132786367921e+01 1.605524981509752891e+01
1.641728983155757504e+01 1.621662324146599587e+01
1.661743130913390942e+01 1.643576106269522796e+01
1.680794039518896454e+01 1.664351177344208210e+01
1.699609866788312118e+01 1.679827165126486577e+01
1.718135156353019966e+01 1.693459381907204531e+01
1.737981925755618562e+01 1.727351271931532395e+01
1.756574543711967706e+01 1.733789313449076275e+01
1.777692717369501807e+01 1.754427415873541563e+01
1.793711627464664105e+01 1.768491315664303087e+01
1.814362838445835635e+01 1.793658940856653672e+01
1.832423444675361424e+01 1.812523082103830774e+01
1.828821888709619259e+01 1.842882315359996781e+01
1.869425026246082311e+01 1.848091159946878648e+01
1.886892923743929984e+01 1.860454787310385782e+01
1.905331360956281017e+01 1.882399249413377973e+01
1.925860692243940875e+01 1.903067225292020481e+01
1.945440042191614083e+01 1.919487651418255680e+01
1.963506034037464332e+01 1.937311162809923459e+01
1.982580777955951845e+01 1.960523456036850831e+01
2.001346419311706981e+01 1.979178667670484870e+01
