0.000000000000000000e+00 0.000000000000000000e+00
0.000000000000000000e+00 0.000000000000000000e+00
0.000000000000000000e+00 0.000000000000000000e+00
0.000000000000000000e+00 0.000000000000000000e+00
0.000000000000000000e+00 0.000000000000000000e+00
0.000000000000000000e+00 0.000000000000000000e+00
0.000000000000000000e+00 0.000000000000000000e+00
0.000000000000000000e+00 0.000000000000000000e+00
3.760680789024810178e+00 6.203779592900515283e+00
6.290932805548977491e+00 6.262083308517566671e+00
6.112478720390885911e+00 6.079200070631472386e+00
5.946157047934928386e+00 5.920721759546676566e+00
5.899154388966330487e+00 5.889014329359979705e+00
5.893412816375573016e+00 5.868946067801438460e+00
5.903712888786730062e+00 5.958577822044195393e+00
6.054987300670243044e+00 6.175190693451608759e+00
6.192555733754375069e+00 6.418001313126813656e+00
6.332770419558134911e+00 6.596838431532576763e+00
6.591214976575877849e+00 6.788414655415354382e+00
6.770114575761446041e+00 7.012036007626214484e+00
6.989619909811123577e+00 7.224871663774548480e+00
7.211049035180685074e+00 7.416291896179883381e+00
7.448138831278069638e+00 7.594532784993772268e+00
7.623223591433402113e+00 7.781934317356632214e+00
7.820664337899721374e+00 7.968788369536116356e+00
8.026775873457355104e+00 8.125354818536409951e+00
8.214125085513678926e+00 8.302283761293356434e+00
8.396382016679737603e+00 8.481205235259205111e+00
8.562579104271602404e+00 8.652291968132711730e+00
8.741255157166783363e+00 8.817923272776461374e+00
8.915345851045946901e+00 8.982375418859254168e+00
9.091353451281481313e+00 9.145413637891023129e+00
9.249679941378687431e+00 9.320057958970256351e+00
9.389173400797348634e+00 9.479342810434024713e+00
9.581708345512037539e+00 9.641018177241956977e+00
9.709450234858113760e+00 9.808324147723590514e+00
9.927363679449621614e+00 9.969060893188940398e+00
9.999529027483443855e+00 1.014071496865473598e+01
1.017343662224241108e+01 1.030430052425964327e+01
1.034654584743136851e+01 1.047858318264130517e+01
1.051624110879393648e+01 1.064300591296498055e+01
1.069985264187246088e+01 1.081235809663580127e+01
1.084253256903627971e+01 1.098512205859108093e+01
1.099627876877639387e+01 1.114899203992226262e+01
1.115989325939790611e+01 1.131426628757517072e+01
1.133359629633980958e+01 1.147838600797306619e+01
1.148732560651304269e+01 1.164781901687196530e+01
1.167488592905450950e+01 1.181815417875225016e+01
1.180941035812807804e+01 1.198129279943066017e+01
1.197602739945955719e+01 1.214617099550529389e+01
1.211441833060108131e+01 1.230934075310908504e+01
1.245374464168828865e+01 1.224722794525528791e+01
1.241231526455653267e+01 1.263471145442808385e+01
1.251902758542606620e+01 1.279261122934698314e+01
1.277331107880669947e+01 1.294277706837567621e+01
1.309237631226296550e+01 1.284244513848389069e+01
1.324602745257820047e+01 1.300558745368363134e+01
1.340756795340501739e+01 1.317520320910263543e+01
1.332187139720455704e+01 1.356231719568597072e+01
1.373069493725459722e+01 1.353181290873128795e+01
1.364876354523688917e+01 1.389815995688254446e+01
1.384630585357484733e+01 1.405137502227994695e+01
1.422503000415051844e+01 1.398019696635839715e+01
1.438510557694604941e+01 1.412949508937858134e+01
1.426845805549055868e+01 1.455925598335854509e+01
1.471329240558163320e+01 1.448553527921563955e+01
1.488547905710683317e+01 1.461418847197900739e+01
1.504906314750827256e+01 1.481733956714411882e+01
1.522624247918881935e+01 1.499797884454833508e+01
1.540031542064880554e+01 1.515838817540103811e+01
1.529849047360268699e+01 1.555993129787329110e+01
1.549189131507893435e+01 1.572129140869658315e+01
1.590359697188777943e+01 1.558526930570880964e+01
1.607540383973146092e+01 1.576829412127343133e+01
1.625403423194853048e+01 1.602044106707547400e+01
1.614745450532461390e+01 1.641077094111296475e+01
1.661115825761781295e+01 1.632415879653261470e+01
1.677229310894567149e+01 1.650092511126096895e+01
1.666301026326206980e+01 1.692627737818456524e+01
1.682247264355601857e+01 1.707452912932108191e+01
1.700671629082813396e+01 1.724962594811449890e+01
1.744136062623869066e+01 1.718618086022367919e+01
1.761645058381369466e+01 1.737750707833020059e+01
1.779693637624624714e+01 1.755827186431584863e+01
1.797895724917452043e+01 1.768954125850044790e+01
1.816025457715125313e+01 1.786778202567738916e+01
1.833553915957631730e+01 1.805668461869723984e+01
1.850902745983637487e+01 1.827389854226519006e+01
1.869081724867077199e+01 1.841665579924680429e+01
1.866398685037858485e+01 1.882382062592584049e+01
1.903478306088455341e+01 1.875235577966815015e+01
1.921608326492654584e+01 1.895655494662857876e+01
1.938548750285665534e+01 1.915675911247071994e+01
1.956861761256804400e+01 1.933933401657097306e+01
1.975508379298033645e+01 1.955227561593314434e+01
1.992710627888083863e+01 1.970991324421225244e+01
1.993445908928200438e+01 2.005563846289400232e+01
2.026810472424688214e+01 2.003919439162177696e+01
2.044645016485070599e+01 2.027182643497272352e+01
2.061729429199930763e+01 2.038486171617765308e+01
2.081079951532743522e+01 2.055504879466039725e+01
