0.000000000000000000e+00 0.000000000000000000e+00
0.000000000000000000e+00 0.000000000000000000e+00
0.000000000000000000e+00 0.000000000000000000e+00
0.000000000000000000e+00 0.000000000000000000e+00
0.000000000000000000e+00 0.000000000000000000e+00
0.000000000000000000e+00 0.000000000000000000e+00
0.000000000000000000e+00 0.000000000000000000e+00
0.000000000000000000e+00 0.000000000000000000e+00
0.000000000000000000e+00 0.000000000000000000e+00
4.091114730204685745e-01 1.265569880325804197e+00
1.599854041991727760e+00 7.298915841070839683e+00
7.757145659674005600e+00 9.046862307887490573e+00
8.613272368912140209e+00 8.630211527668683047e+00
8.561138654372681955e+00 8.558866322531665460e+00
8.654032363980867615e+00 8.773502994522839771e+00
8.765955984548995161e+00 8.918848241987486603e+00
8.834840741397057329e+00 9.133450755272418675e+00
9.039983913646320701e+00 9.484504239765957578e+00
9.207538445678880024e+00 9.611310906819801048e+00
9.547294958225858608e+00 9.802552507457695796e+00
9.805696715989807188e+00 1.002305784695547608e+01
9.986593033072495018e+00 1.020104118153612305e+01
1.015994564058644301e+01 1.036510117522544228e+01
1.035073667067992886e+01 1.054926251264047998e+01
1.050916668505950646e+01 1.071753556409875330e+01
1.069238115889016782e+01 1.089165036197587355e+01
1.095403547051741100e+01 1.106027576140181701e+01
1.109247302274694391e+01 1.122423774800310525e+01
1.129085034147885658e+01 1.138064708464598951e+01
1.146286395154335125e+01 1.155296238830839783e+01
1.160629461582805888e+01 1.170661006285687122e+01
1.179641510489808276e+01 1.187014757001057141e+01
1.196294219930923575e+01 1.203718360012849864e+01
1.209888535230983031e+01 1.219240983761360653e+01
1.228155350886501651e+01 1.236106455336562959e+01
1.242387393859541156e+01 1.251945752025772052e+01
1.261614347257892277e+01 1.268286143049948578e+01
1.276338922492078787e+01 1.284557765028181286e+01
1.292162115978661774e+01 1.300779327932651341e+01
1.307739652431869359e+01 1.317695048433995275e+01
1.326682847821398425e+01 1.334809008144514308e+01
1.342193856175277134e+01 1.351036064478618925e+01
1.356736872699320351e+01 1.366951447283268450e+01
1.375798829085919017e+01 1.383842058600103719e+01
1.387555192283855376e+01 1.399907726259727347e+01
1.406442382912720035e+01 1.416415824117755484e+01
1.418783577086458614e+01 1.432641396233382913e+01
1.435168184223576304e+01 1.449532349148714161e+01
1.452854183793503751e+01 1.465752647111329843e+01
1.470714034432764095e+01 1.481979022949336411e+01
1.486438385050591116e+01 1.498127982297074290e+01
1.502002909804404318e+01 1.514945444846169487e+01
1.513701503891618216e+01 1.531818156588304802e+01
1.532673133407075206e+01 1.548427454348063392e+01
1.549491969790532053e+01 1.564108369672581489e+01
1.564686949807376060e+01 1.579862403133630444e+01
1.581022404317861607e+01 1.596701430414256961e+01
1.596963091371184085e+01 1.613357237915823461e+01
1.616854169778029160e+01 1.628517755415300527e+01
1.630055897756284722e+01 1.645567325752907095e+01
1.646769536259407829e+01 1.661467717130765109e+01
1.664162533448367753e+01 1.678463044520696457e+01
1.679432895566127826e+01 1.694490638915547720e+01
1.697696641176095511e+01 1.711672557405113082e+01
1.712193966587353700e+01 1.728106439177945575e+01
1.728626329426508690e+01 1.744912798022510003e+01
1.739401498351734077e+01 1.762470858902167947e+01
1.758549469308353608e+01 1.777438934504487023e+01
1.768773872401161285e+01 1.793880744322456877e+01
1.794981133521415018e+01 1.809617333297174824e+01
1.805087461662568415e+01 1.826138452338119222e+01
1.820057802837275318e+01 1.843222057941965630e+01
1.837903293786564518e+01 1.859293940296758407e+01
1.851019851037702679e+01 1.875264286562148541e+01
1.873116644664534647e+01 1.890939726689740397e+01
1.885669067592704451e+01 1.907434508817468100e+01
1.896189228752372458e+01 1.924854600086146306e+01
1.915000208431141715e+01 1.941139358260020842e+01
1.935360537802707270e+01 1.956557345737542519e+01
1.968958227220505819e+01 1.943696682502696405e+01
1.984620494204173013e+01 1.969898446018972393e+01
1.981015298656264534e+01 2.003136130040640950e+01
1.995573770407389347e+01 2.019828968583199469e+01
2.010778822731753479e+01 2.035175854717817856e+01
2.029837244963889376e+01 2.052753560398946675e+01
2.049929242287687714e+01 2.067160296693537092e+01
2.062663642340499592e+01 2.084373039847993780e+01
2.074168966554163518e+01 2.100288653968827290e+01
2.092094747163576329e+01 2.116631473282780007e+01
2.113166431168420445e+01 2.133574739111937646e+01
2.146730466061351450e+01 2.124093686671691117e+01
2.138954673160234776e+01 2.165848736303022193e+01
2.155425743286102858e+01 2.181062135219116627e+01
2.195523677126358919e+01 2.170541790017973938e+01
2.211759945207641564e+01 2.193131670442392789e+01
2.227919693487629615e+01 2.204061076966474531e+01
2.223470598929355191e+01 2.244819436946911395e+01
2.237898373916012673e+01 2.261852655076338792e+01
2.256967583182844805e+01 2.277252314544293199e+01
2.294224713163337981e+01 2.267762998861124757e+01
2.299989891396803543e+01 2.311454553666515821e+01
