0.000000000000000000e+00 0.000000000000000000e+00
2.579673743080286297e-01 1.305117139189915898e+00
1.308818337847786228e+00 1.306670675358664324e+00
1.334873979244050268e+00 1.334473141309270972e+00
1.397237571629593722e+00 1.402297835869895648e+00
1.496072414269255191e+00 1.587598280655306393e+00
1.620283573666032817e+00 1.591384431148076928e+00
1.683588118933682765e+00 1.983327719529557331e+00
1.874762668107440300e+00 2.148576911847725146e+00
2.141176357917262241e+00 2.340156651120770537e+00
2.266296591831675755e+00 2.514998172620642958e+00
2.429587706051846485e+00 2.652458054659693421e+00
2.614602214864364171e+00 2.790852101293831655e+00
2.724063462138994751e+00 2.924038831031386731e+00
2.914844920464563227e+00 3.045206696869860785e+00
3.060200721444582328e+00 3.163969907697176343e+00
3.204687040674779386e+00 3.290769246668377779e+00
3.343512031250832184e+00 3.414710837485338768e+00
3.478178194717678640e+00 3.539368557719105635e+00
3.586856924857528828e+00 3.662608627683156204e+00
3.722260704722278213e+00 3.784398737592870265e+00
3.905973851041441680e+00 3.841410528306215877e+00
4.035665261387406666e+00 3.915187109163388524e+00
4.155518438755756883e+00 4.025862499407807604e+00
4.284031158684130425e+00 4.111637416969506020e+00
4.406069273707288403e+00 4.278078878680138253e+00
4.534418441517250820e+00 4.412982049366943826e+00
4.658696426382489264e+00 4.494907419548330729e+00
4.677549434110767734e+00 4.798954443577987838e+00
4.791585127086911200e+00 4.930688505070182082e+00
5.059236552868441095e+00 4.905177365386058419e+00
5.066518000499702801e+00 5.190402242042979175e+00
5.317304641470005144e+00 5.188002020024554461e+00
5.445085838396323652e+00 5.309561742843865950e+00
5.580571190720700514e+00 5.446719740400239651e+00
5.570999233087648328e+00 5.705240122211853837e+00
5.842363258455365305e+00 5.710317430736867372e+00
5.973046656531964871e+00 5.841893221862201280e+00
5.955183484787578863e+00 6.097495463138871585e+00
6.230338916654109660e+00 6.098454297813301395e+00
6.374452129046386695e+00 6.248958142480464772e+00
6.517518725408002922e+00 6.378904506088037607e+00
6.653745137493376482e+00 6.532145602570088805e+00
6.791840325504513665e+00 6.662586694735619375e+00
6.781574257590723853e+00 6.896260916618292214e+00
7.050988776321406526e+00 6.869633535760626408e+00
7.182169935879704425e+00 7.043799505102247061e+00
7.320096178871498438e+00 7.175653399844143188e+00
7.447650841754466455e+00 7.317487621863613789e+00
7.588179983371939663e+00 7.431813169614221337e+00
7.722362371270302006e+00 7.586590758717567162e+00
7.865072486981747879e+00 7.727495553576376963e+00
7.995323688336999801e+00 7.824006188256285022e+00
8.145844500126420584e+00 7.963401669260179006e+00
8.275734682650682572e+00 8.166223452663576410e+00
8.408852021341957084e+00 8.249294145920661236e+00
8.553201130864049873e+00 8.375366046407393128e+00
8.685947483863154517e+00 8.542010754421017538e+00
8.821929827858850715e+00 8.691087727502816662e+00
8.968256778285917719e+00 8.806880791337581726e+00
9.107482466106304742e+00 8.925815746798273054e+00
9.249710553674201918e+00 9.096041975273838176e+00
9.233704477585122916e+00 9.329863112216660426e+00
9.516013696760394325e+00 9.370415606976900236e+00
9.647179752688874288e+00 9.503538123677042648e+00
9.801863449096259728e+00 9.657950856643930493e+00
9.935463935138079350e+00 9.792197684254054124e+00
1.007761343480448879e+01 9.920140718404274693e+00
1.022901588904982439e+01 1.007103771685785532e+01
1.036242598119002700e+01 1.022744911300797099e+01
1.051601599779028007e+01 1.033357257711271338e+01
1.064569227943337992e+01 1.046551558580063457e+01
1.078659026468436544e+01 1.060174951556584233e+01
1.092743675981583884e+01 1.075738670605367453e+01
1.089330952453514989e+01 1.100826033686684191e+01
1.120981738597951782e+01 1.103104230480791692e+01
1.133839793849059241e+01 1.115328732750467999e+01
1.146821337160432641e+01 1.128222588097957768e+01
1.161272566054191735e+01 1.143913888271170798e+01
1.174822552173815104e+01 1.158055503208406023e+01
1.190098104380130728e+01 1.171858364955717136e+01
1.205056246932728925e+01 1.186672370547705668e+01
1.217684722403496522e+01 1.199217139229068430e+01
1.233576605344534904e+01 1.216923963120440355e+01
1.248793117037006084e+01 1.226543864824082419e+01
1.260935745612113124e+01 1.243948702064026968e+01
1.275690934939517973e+01 1.257268303953851962e+01
1.291220431725093221e+01 1.273505841315839682e+01
1.305449591812638133e+01 1.284111292560017326e+01
1.317698005037620490e+01 1.300594430331176632e+01
1.333623514269997834e+01 1.317759561431335946e+01
1.347646868060790482e+01 1.332699945284934095e+01
1.361567815541143212e+01 1.341819980346415164e+01
1.376731881274462665e+01 1.358748859904229178e+01
1.389941832585524750e+01 1.365392526911026216e+01
1.404881520238479276e+01 1.384078353876829048e+01
1.418351835519605864e+01 1.402417187026606982e+01
1.433357039634496388e+01 1.416554509242309656e+01
1.444862975026168428e+01 1.421970839267616959e+01
1.459671984892375463e+01 1.440042377281711339e+01
1.476392641717269960e+01 1.454186210252555789e+01
