0.000000000000000000e+00 0.000000000000000000e+00
0.000000000000000000e+00 0.000000000000000000e+00
0.000000000000000000e+00 0.000000000000000000e+00
0.000000000000000000e+00 0.000000000000000000e+00
0.000000000000000000e+00 0.000000000000000000e+00
0.000000000000000000e+00 0.000000000000000000e+00
0.000000000000000000e+00 0.000000000000000000e+00
0.000000000000000000e+00 0.000000000000000000e+00
0.000000000000000000e+00 0.000000000000000000e+00
0.000000000000000000e+00 0.000000000000000000e+00
0.000000000000000000e+00 0.000000000000000000e+00
0.000000000000000000e+00 0.000000000000000000e+00
0.000000000000000000e+00 0.000000000000000000e+00
8.722237433233964721e-02 0.000000000000000000e+00
5.597366659716230819e-01 2.652371692866032360e-01
1.030106544314635775e+00 1.951454462879778529e+00
4.247085605282412857e+00 4.651049171904057644e+00
5.994517586628866468e+00 6.349005080156517877e+00
6.688532864243666332e+00 6.695556795604382216e+00
6.902099202827757907e+00 6.900612745789877600e+00
6.940801891317214256e+00 7.094532254311220143e+00
7.149366907851933739e+00 7.191462026148818687e+00
7.281189693279738862e+00 7.379532242750802773e+00
7.506818884583699614e+00 7.634977372413966457e+00
7.710135238301660365e+00 7.817447068309852476e+00
7.821717281431657121e+00 8.120948793342510186e+00
8.102580125842477443e+00 8.352525377464182554e+00
8.259642413866343347e+00 8.604533741790858059e+00
8.570745136593954427e+00 8.817876375999935235e+00
8.774132461107395642e+00 9.019481181621156196e+00
8.973020187434777029e+00 9.214699850602306341e+00
9.206602780018050325e+00 9.414868072237521091e+00
9.471972423785544493e+00 9.605267788404754370e+00
9.642332198514928621e+00 9.792379367308260640e+00
9.866873171252619201e+00 9.974276071439716063e+00
1.006328815367677265e+01 1.015513283895543495e+01
1.023748386827431212e+01 1.031876847912607609e+01
1.043099234570709655e+01 1.049680617519691062e+01
1.060899880309043297e+01 1.066794759749952526e+01
1.082716048357567118e+01 1.078084229509274294e+01
1.086316083919986220e+01 1.100854509807875914e+01
1.117563454161137315e+01 1.109674173736593339e+01
1.135089996202651896e+01 1.128215801205064750e+01
1.147373557101102470e+01 1.156018504415244763e+01
1.163594478058540105e+01 1.175223935452257074e+01
1.192634692582432088e+01 1.180218680223608452e+01
1.212061682781179783e+01 1.201326496173842706e+01
1.220579799185125758e+01 1.233029268898195241e+01
1.239582565027462735e+01 1.252316784702535735e+01
1.259437656193014021e+01 1.271632042352325875e+01
1.291355513907061869e+01 1.276614953915445128e+01
1.298371859921506655e+01 1.310522769961611722e+01
1.329057099050717561e+01 1.313309655827502986e+01
1.349991191838256732e+01 1.337566274678625788e+01
1.353902402479457656e+01 1.369369557352864675e+01
1.389640237500423758e+01 1.377926282330815333e+01
1.410276439476747434e+01 1.395999042988364280e+01
1.429931961113701355e+01 1.413744075194748362e+01
1.451382633366364949e+01 1.436420202661443568e+01
1.472015935850013335e+01 1.451946467508098770e+01
1.474451635822999762e+01 1.488817068281727707e+01
1.510496299303962964e+01 1.493174752381059101e+01
1.531279535500384803e+01 1.515366728184973510e+01
1.552032039932359098e+01 1.537615718011661947e+01
1.572429240971253073e+01 1.557230355515775955e+01
1.593309413031025024e+01 1.578443829272623056e+01
1.615593889672658179e+01 1.597418740516792468e+01
1.616539698078211984e+01 1.632268300872474498e+01
1.655524094737226903e+01 1.637354486803038967e+01
1.676636473449546827e+01 1.659891159219553458e+01
1.697487188186601159e+01 1.679355544177158066e+01
1.719661507163710823e+01 1.704167635850609486e+01
1.740388478316375398e+01 1.724376665262796848e+01
1.761992494925381791e+01 1.744450078817545702e+01
1.784144505882501974e+01 1.760850104501529856e+01
1.805809344550278084e+01 1.782123131582580200e+01
1.826804276893502177e+01 1.804425355787965302e+01
1.849251306179665022e+01 1.826767028694145978e+01
1.872227802021637189e+01 1.852677409570770095e+01
1.893329116415370095e+01 1.871993727342535507e+01
1.887346789320361040e+01 1.907716487043806453e+01
1.932849097394804616e+01 1.909649676084933390e+01
1.954967007311001836e+01 1.928740725476187379e+01
1.977945361333561536e+01 1.955607965450995067e+01
2.000488836349136434e+01 1.973513842153788644e+01
2.020469027071885648e+01 1.996635565886181141e+01
2.043264518806929786e+01 2.019635909797084850e+01
2.064930499427324406e+01 2.040616858477728712e+01
2.088180685491512634e+01 2.065117214140695623e+01
2.109677044343068886e+01 2.088213942186358807e+01
2.133167665467318130e+01 2.106691387306845797e+01
2.155489690253993729e+01 2.129464869831080165e+01
2.178166790728742797e+01 2.152154180233141645e+01
2.199253092644614327e+01 2.173931551051445510e+01
2.222072879977313420e+01 2.195046157132526687e+01
2.243207189399348778e+01 2.217244201008047355e+01
2.265693406505846497e+01 2.240962081952456586e+01
2.288131725643808423e+01 2.263544369960442992e+01
2.310699097759656695e+01 2.283964846930877002e+01
2.331918530333711104e+01 2.303895876260959241e+01
2.355129621249851724e+01 2.330958062006803289e+01
