0.000000000000000000e+00 0.000000000000000000e+00
0.000000000000000000e+00 0.000000000000000000e+00
0.000000000000000000e+00 0.000000000000000000e+00
0.000000000000000000e+00 0.000000000000000000e+00
0.000000000000000000e+00 0.000000000000000000e+00
0.000000000000000000e+00 0.000000000000000000e+00
0.000000000000000000e+00 0.000000000000000000e+00
0.000000000000000000e+00 0.000000000000000000e+00
0.000000000000000000e+00 0.000000000000000000e+00
0.000000000000000000e+00 0.000000000000000000e+00
0.000000000000000000e+00 0.000000000000000000e+00
0.000000000000000000e+00 0.000000000000000000e+00
0.000000000000000000e+00 0.000000000000000000e+00
0.000000000000000000e+00 0.000000000000000000e+00
0.000000000000000000e+00 0.000000000000000000e+00
0.000000000000000000e+00 0.000000000000000000e+00
0.000000000000000000e+00 0.000000000000000000e+00
4.913567629119809377e-01 6.245630716716397135e-01
6.806114919795293039e-01 8.585926213089473125e-01
1.099974891340083527e+00 3.955946961918380911e+00
3.589881661633763876e+00 5.166597378473150926e+00
5.697547420591821066e+00 6.383326224135203120e+00
6.896310767884212822e+00 7.176938579665238294e+00
7.325884278700125485e+00 7.391314671201357100e+00
7.816139222504883577e+00 7.837016046537053526e+00
8.111354892498249924e+00 8.274724228806080717e+00
8.455869271732426640e+00 8.638026705359083124e+00
8.671567522154823848e+00 9.015541964127574914e+00
8.897337827877489502e+00 9.334613924281077502e+00
9.128691150451093250e+00 9.541475339597836225e+00
9.427848105797275835e+00 9.717319470501481149e+00
9.734631367413445702e+00 9.947988539605058023e+00
1.006780716882678028e+01 1.015943993443227455e+01
1.029926415513757298e+01 1.035102575399230318e+01
1.047184457249955258e+01 1.052965622942017099e+01
1.063358198058503135e+01 1.070831003720715557e+01
1.085652537845660426e+01 1.080706436937825643e+01
1.098678370322700459e+01 1.113431220347160888e+01
1.124395596535556408e+01 1.136283904476459128e+01
1.143239899711146457e+01 1.158283553275523658e+01
1.164637864366543063e+01 1.178513255502972612e+01
1.184779722259925272e+01 1.199312128693926205e+01
1.206955931529859782e+01 1.219162530888928586e+01
1.225344168457596083e+01 1.238052147536565428e+01
1.255727503076821350e+01 1.248879057551026150e+01
1.274814502122238835e+01 1.257292711083894687e+01
1.278642151150645745e+01 1.296290271671799488e+01
1.315008235130883918e+01 1.296286459078612907e+01
1.336072146409220984e+01 1.316904378853548607e+01
1.354534636627080069e+01 1.341036448073090348e+01
1.373582346101407481e+01 1.359228316865701558e+01
1.378636172642949020e+01 1.396943445908922499e+01
1.400107341084128620e+01 1.416486448056861391e+01
1.436903902657064336e+01 1.421330792506797103e+01
1.457175211735576958e+01 1.439829429291058460e+01
1.476597974749701692e+01 1.460902840671893266e+01
1.483089539371778898e+01 1.498544337108607571e+01
1.519052861923885267e+01 1.505945524700714877e+01
1.539609818785583784e+01 1.525478547719863798e+01
1.560879559017313056e+01 1.547656005955637681e+01
1.581711879931830644e+01 1.569255597991949891e+01
1.603603499385327780e+01 1.589214946894142599e+01
1.610024919282186673e+01 1.623196892370043187e+01
1.647212265248230167e+01 1.636856847556667915e+01
1.668495406276657533e+01 1.654499857649248895e+01
1.690521180352415342e+01 1.679784185123255469e+01
1.714436721153700560e+01 1.699027314635695873e+01
1.736182964334826195e+01 1.724117134070773005e+01
1.758760225106737707e+01 1.745362342458041027e+01
1.779711585648999517e+01 1.767039455222722921e+01
1.802400416179746045e+01 1.784099620014085019e+01
1.824957892824004801e+01 1.806736498097018284e+01
1.847478699873360242e+01 1.827660037571219576e+01
1.870064715695935575e+01 1.852460497701594733e+01
1.892319926653475193e+01 1.876891870925665984e+01
1.915326265844111475e+01 1.899735374281770817e+01
1.936964689529765948e+01 1.922579668353391114e+01
1.942387880107098397e+01 1.955147970059486084e+01
1.982504154380923822e+01 1.962106965315391349e+01
2.005250171650224189e+01 1.986245472475330232e+01
2.029314522900411788e+01 2.006212046645160996e+01
2.052657977638657982e+01 2.032520539319709485e+01
2.075070394004463736e+01 2.056981829516925231e+01
2.097499788780078234e+01 2.081512316496008452e+01
2.120712037072284417e+01 2.105297102596651015e+01
2.145364860708043153e+01 2.123555831367698943e+01
2.169261209673627988e+01 2.151158066586665285e+01
2.192980236354707912e+01 2.175607549595854806e+01
2.216253688257884136e+01 2.197427572832018328e+01
2.239983156363763328e+01 2.219738175709712991e+01
2.262763494284939014e+01 2.238204204062650149e+01
2.265306229670811433e+01 2.276285231900604344e+01
2.306192597198865712e+01 2.289128977093415784e+01
2.327127286264033401e+01 2.309517645196844882e+01
2.349966332119455004e+01 2.336505393902027450e+01
2.375094551584486524e+01 2.358742302018762871e+01
2.398933253992305481e+01 2.381388523719677153e+01
2.423350929883161697e+01 2.407554893847234823e+01
2.448064304991459750e+01 2.430496156171815514e+01
2.470395394137173284e+01 2.445474680712428750e+01
2.496066991614870645e+01 2.478967412612912113e+01
