0.000000000000000000e+00 0.000000000000000000e+00
0.000000000000000000e+00 0.000000000000000000e+00
0.000000000000000000e+00 0.000000000000000000e+00
0.000000000000000000e+00 0.000000000000000000e+00
0.000000000000000000e+00 0.000000000000000000e+00
0.000000000000000000e+00 0.000000000000000000e+00
0.000000000000000000e+00 0.000000000000000000e+00
0.000000000000000000e+00 0.000000000000000000e+00
0.000000000000000000e+00 0.000000000000000000e+00
0.000000000000000000e+00 0.000000000000000000e+00
0.000000000000000000e+00 0.000000000000000000e+00
0.000000000000000000e+00 0.000000000000000000e+00
0.000000000000000000e+00 0.000000000000000000e+00
0.000000000000000000e+00 0.000000000000000000e+00
0.000000000000000000e+00 0.000000000000000000e+00
0.000000000000000000e+00 0.000000000000000000e+00
0.000000000000000000e+00 0.000000000000000000e+00
0.000000000000000000e+00 0.000000000000000000e+00
0.000000000000000000e+00 0.000000000000000000e+00
0.000000000000000000e+00 0.000000000000000000e+00
0.000000000000000000e+00 0.000000000000000000e+00
0.000000000000000000e+00 0.000000000000000000e+00
0.000000000000000000e+00 0.000000000000000000e+00
0.000000000000000000e+00 0.000000000000000000e+00
0.000000000000000000e+00 0.000000000000000000e+00
0.000000000000000000e+00 0.000000000000000000e+00
0.000000000000000000e+00 0.000000000000000000e+00
6.419925182884672621e-01 3.097477203004160295e-01
0.000000000000000000e+00 5.987063915729425867e-01
6.752451605102535170e-01 1.454701757998116518e+00
1.517035413408194255e+00 3.315826028955753291e+00
1.029563250010709030e+00 7.302436853964039187e+00
4.069012024230391766e+00 8.651190812469799596e+00
9.764977991158467319e+00 1.028536532664763747e+01
1.153690859083190290e+01 1.161027392847159589e+01
1.175055460753674907e+01 1.213684234644103199e+01
1.231399515016538260e+01 1.234590376687364177e+01
1.258565194268521026e+01 1.267220751911134791e+01
1.278925435197515803e+01 1.293250719030968909e+01
1.300665332423460896e+01 1.316726833451909684e+01
1.332965991189796817e+01 1.325771703261401058e+01
1.346527277058140726e+01 1.362835137309250122e+01
1.369238170730069371e+01 1.392009387525690478e+01
1.394987914847736299e+01 1.418118800764795395e+01
1.416367639777549137e+01 1.445882074766788783e+01
1.443556790916864330e+01 1.470887042165347225e+01
1.469870741876263764e+01 1.494089862673476432e+01
1.495846692466083816e+01 1.517361048210872276e+01
1.521841408494204906e+01 1.539687832709837068e+01
1.550855021479449825e+01 1.561767080650079897e+01
1.571953382675375011e+01 1.583794864740255370e+01
1.605155973164447403e+01 1.594950060508870671e+01
1.613309374185502776e+01 1.627353142613209869e+01
1.648128273184276082e+01 1.636097880533490923e+01
1.659196233952691557e+01 1.670303984267044939e+01
1.691785689662530956e+01 1.683491725784337234e+01
1.713310440833753390e+01 1.700304090912020527e+01
1.736566026526439188e+01 1.724380258955281064e+01
1.751623944143446110e+01 1.760430011669836858e+01
1.784624630332827522e+01 1.774933089581817924e+01
1.809685025228293398e+01 1.793745879751063299e+01
1.832541791382786656e+01 1.823988583621182258e+01
1.856650929349470402e+01 1.845474470887422314e+01
1.881284572498854857e+01 1.865856391767681899e+01
1.905623521517874863e+01 1.891311717078542287e+01
1.929763636647732028e+01 1.915635636484216064e+01
1.954155829733346295e+01 1.943231108203117330e+01
1.964401353384447546e+01 1.975512481988278779e+01
2.001860022699868580e+01 1.990768021114184805e+01
2.027286617582372941e+01 2.017318718745856287e+01
2.053834779124965237e+01 2.040037887106611691e+01
2.080113723045191065e+01 2.066637171308335752e+01
2.106418944835068174e+01 2.087290769945468938e+01
2.133183246642342823e+01 2.118099267819600229e+01
2.159704642110329331e+01 2.144093004061142338e+01
2.185763367614871910e+01 2.167347107889307978e+01
2.191828206369323340e+01 2.205392411382968376e+01
2.234916664400810049e+01 2.220014507294612116e+01
2.259777885257195607e+01 2.246889382676723557e+01
2.287032754092897591e+01 2.274076735997907761e+01
2.313865651224884346e+01 2.298987356178372110e+01
2.340376161220286377e+01 2.324332737839302609e+01
2.365468505510774122e+01 2.350058395472154160e+01
2.392046347425482011e+01 2.373110452052273800e+01
2.419642544949255836e+01 2.402331356372847182e+01
2.447007689195131164e+01 2.424272862273332407e+01
2.474703297951549530e+01 2.455846069650097618e+01
2.501326710684179488e+01 2.476797077731277952e+01
2.527792087764168016e+01 2.514160569444573312e+01
2.554841754879175753e+01 2.539170311548195258e+01
2.581833018122064871e+01 2.565570935681784803e+01
2.609398763566486323e+01 2.582351401515718692e+01
2.635995103439906373e+01 2.619021197205346851e+01
2.663047382691287623e+01 2.644321533554837700e+01
2.690377219682465793e+01 2.670052320440805715e+01
2.718840315196164781e+01 2.697246423948329763e+01
2.745506495891734389e+01 2.722578402741875792e+01
2.773817956100318938e+01 2.750899021404788414e+01
2.800298358130073595e+01 2.776739371610331020e+01
2.828900202418941490e+01 2.801872128397376471e+01
2.856280102422196521e+01 2.833334138495509791e+01
