0.000000000000000000e+00 0.000000000000000000e+00
0.000000000000000000e+00 0.000000000000000000e+00
0.000000000000000000e+00 0.000000000000000000e+00
0.000000000000000000e+00 0.000000000000000000e+00
0.000000000000000000e+00 0.000000000000000000e+00
0.000000000000000000e+00 0.000000000000000000e+00
0.000000000000000000e+00 0.000000000000000000e+00
0.000000000000000000e+00 0.000000000000000000e+00
0.000000000000000000e+00 0.000000000000000000e+00
0.000000000000000000e+00 0.000000000000000000e+00
0.000000000000000000e+00 0.000000000000000000e+00
0.000000000000000000e+00 0.000000000000000000e+00
0.000000000000000000e+00 0.000000000000000000e+00
0.000000000000000000e+00 0.000000000000000000e+00
0.000000000000000000e+00 0.000000000000000000e+00
0.000000000000000000e+00 0.000000000000000000e+00
0.000000000000000000e+00 0.000000000000000000e+00
0.000000000000000000e+00 0.000000000000000000e+00
0.000000000000000000e+00 2.963709050985978075e-02
3.683799340730839478e-01 1.089104638369637612e-01
1.632442233917815733e-01 0.000000000000000000e+00
2.675077882149244912e-01 9.681743944779989952e-02
1.804761972854655450e-01 0.000000000000000000e+00
2.442455809791124199e-01 0.000000000000000000e+00
5.948573160190560039e-01 3.821677481521068565e+00
2.743010351596388841e+00 4.658453955811882707e+00
4.982525413511917023e+00 7.560937906884348081e+00
6.989757209462219123e+00 9.507857676422808879e+00
7.108581730087458084e+00 9.741882266812812219e+00
9.958134539080500502e+00 1.006561683675948160e+01
1.018476037967486292e+01 1.030248556954531658e+01
1.040393016831760420e+01 1.044709083136591232e+01
1.062043546387360848e+01 1.073971214794817541e+01
1.084826929864551381e+01 1.102061348695066734e+01
1.108604667319024628e+01 1.124480383075542278e+01
1.135661180748157228e+01 1.153657398693330904e+01
1.153698559131071555e+01 1.177290833303298356e+01
1.175825794363500698e+01 1.202052151823583159e+01
1.198988875470396920e+01 1.224610542696592930e+01
1.227392901103703693e+01 1.245540727954278992e+01
1.248744122677501878e+01 1.266333028672672611e+01
1.276418589159821337e+01 1.287882022354892619e+01
1.298312015084700199e+01 1.310207126299983749e+01
1.324762674075784830e+01 1.332316243850330650e+01
1.343344635496390360e+01 1.354393563228915731e+01
1.366173042295046081e+01 1.375437752764502797e+01
1.386285452186608502e+01 1.396628481058539251e+01
1.407590196898399704e+01 1.418831916863355502e+01
1.428760353815676787e+01 1.439178625236578313e+01
1.452127549535192408e+01 1.460245081310114834e+01
1.468643687605372605e+01 1.481891817019093871e+01
1.492962176477164427e+01 1.502209567821136460e+01
1.522869535775757122e+01 1.514945901057325806e+01
1.536371364829797947e+01 1.542769134094842620e+01
1.563383234062090565e+01 1.551742641319411575e+01
1.585870864576213002e+01 1.574340656087249002e+01
1.607604720283140054e+01 1.589489889938677081e+01
1.630012112343912278e+01 1.614313783095839838e+01
1.652102741418140042e+01 1.635059307505105153e+01
1.657510244927723164e+01 1.672849568694379130e+01
1.695714014342204834e+01 1.677166456946207873e+01
1.717480309432169250e+01 1.700935048283190199e+01
1.724582522820519870e+01 1.737054128863447033e+01
1.761439791465082649e+01 1.748659634664689122e+01
1.784819932586472646e+01 1.769286100809343054e+01
1.809069436749195248e+01 1.792089697572398777e+01
1.831763879526808481e+01 1.821165023088673607e+01
1.855884537720461225e+01 1.838233869211956062e+01
1.879871099183119298e+01 1.859418369827216111e+01
1.903580907479317119e+01 1.888844135720388806e+01
1.927917960186608326e+01 1.910290073359777097e+01
1.951885809541330019e+01 1.931175409832819057e+01
1.975842042590676328e+01 1.954761086077635923e+01
1.999089043493301432e+01 1.980457649997904213e+01
2.022639754062407391e+01 2.002924758357735513e+01
2.030083178989768555e+01 2.040177621322597545e+01
2.067700252592024412e+01 2.055296875177861438e+01
2.090981672500038968e+01 2.077629799986993575e+01
2.117784935828235504e+01 2.098018085362435770e+01
2.141532816283021035e+01 2.126381257591818041e+01
2.165698429157648519e+01 2.144915734247555505e+01
2.191523484933034993e+01 2.173763138772103076e+01
2.216271220756228288e+01 2.201529590749714771e+01
2.242270421058505647e+01 2.226641474886697836e+01
2.267621768961380724e+01 2.240965580065377338e+01
2.292633912234721549e+01 2.269483643892061764e+01
2.318224746870442843e+01 2.294479382072747597e+01
2.343967192933545363e+01 2.324532074985697605e+01
2.369643947057653932e+01 2.345269393594202967e+01
2.395139444480584601e+01 2.373823697834951929e+01
2.420454738455990906e+01 2.395428119210360407e+01
2.446188155822141752e+01 2.424126857094314502e+01
2.472667608428263719e+01 2.448341075260273669e+01
2.497894627222974151e+01 2.473455339700241851e+01
2.522484466716410267e+01 2.485514070402977538e+01
2.547579371461143438e+01 2.517477069642401233e+01
2.571771233758381925e+01 2.546091683950371376e+01
2.595812791800522845e+01 2.569988006113259615e+01
2.621602948622022211e+01 2.601148326659205523e+01
2.645801300433363323e+01 2.619114316189047642e+01
2.672780950629045549e+01 2.648946005535585257e+01
