0.000000000000000000e+00 0.000000000000000000e+00
0.000000000000000000e+00 0.000000000000000000e+00
0.000000000000000000e+00 0.000000000000000000e+00
0.000000000000000000e+00 0.000000000000000000e+00
0.000000000000000000e+00 0.000000000000000000e+00
1.614313988224655161e-01 -4.416868975624923740e-03
3.160365266938743645e+00 3.272518894169136772e+00
3.289616365712710433e+00 3.283670025105119628e+00
3.308981863909044918e+00 3.303500204746653512e+00
3.359281718704824726e+00 3.324736119767443654e+00
3.418125046212920903e+00 3.499174488660446336e+00
3.604297030123170487e+00 3.753282997794186837e+00
3.741726396205356853e+00 3.893849722649041389e+00
3.986830674846060685e+00 4.143043908823228705e+00
4.125898905759263435e+00 4.348785482221802390e+00
4.339699298434800845e+00 4.547424493155393321e+00
4.475526847968273714e+00 4.737675182207879310e+00
4.717440004102395612e+00 4.933095216413740935e+00
4.884275604968443041e+00 5.118758092132409843e+00
5.087054724370702274e+00 5.274497210497363753e+00
5.259906087443409817e+00 5.434737965949381966e+00
5.430932700694893533e+00 5.601935672602910365e+00
5.580718183440077418e+00 5.765668051804118122e+00
5.770055570387897959e+00 5.923530907642687637e+00
5.957647329944217418e+00 6.091750185469118506e+00
6.117711356070396178e+00 6.244877879763631512e+00
6.285083532884480739e+00 6.391592503194063468e+00
6.461975368378827689e+00 6.545197581747475013e+00
6.606600935608502034e+00 6.707048620001383021e+00
6.766580075858255050e+00 6.861365020613708232e+00
6.928783193572286336e+00 7.004374968306099625e+00
7.070579636620092145e+00 7.152756917099738487e+00
7.192616611796587733e+00 7.306611833541948542e+00
7.449323932096469925e+00 7.335827408715976716e+00
7.599551062868783902e+00 7.479468671900025178e+00
7.750225435049900469e+00 7.576451834080724979e+00
7.906316285667728927e+00 7.712583871693666104e+00
8.053949553041420018e+00 7.878063656744550336e+00
8.063149677943082239e+00 8.206275129526389378e+00
8.358771598651197010e+00 8.211718193450042946e+00
8.513390718434390436e+00 8.374659185868312150e+00
8.673216004918495869e+00 8.480766091081356706e+00
8.696295932107441118e+00 8.832295958285765636e+00
8.996706579963138495e+00 8.808516993311537036e+00
9.153264605101281148e+00 9.005342490277165268e+00
9.141961845064257020e+00 9.293705467461517600e+00
9.469550443948222096e+00 9.312625343927022570e+00
9.634067008319441072e+00 9.449000121669183017e+00
9.791430085405357531e+00 9.628642849479067678e+00
9.948743164505936321e+00 9.741242971143986296e+00
9.939333156155520044e+00 1.009932880084005546e+01
1.027618061483311962e+01 1.012682296132083515e+01
1.043477498250800117e+01 1.025538132675311331e+01
1.061653167542718812e+01 1.046024064804147180e+01
1.076384573850058501e+01 1.060166637519595767e+01
1.093889172412614208e+01 1.073411675040147095e+01
1.110805849637444709e+01 1.093600857782364955e+01
1.126748492483099895e+01 1.107052990171620088e+01
1.143945513733454078e+01 1.130072439540537843e+01
1.161113706487429020e+01 1.143581531213454916e+01
1.176824534137555034e+01 1.157557337666628605e+01
1.194973558040580919e+01 1.179185514907549148e+01
1.211820638426420871e+01 1.197488624225228548e+01
1.228924227122662671e+01 1.206657003771810999e+01
1.231456250372249350e+01 1.242258471172303658e+01
1.261850374201358171e+01 1.246154092735312879e+01
1.278878709965846383e+01 1.259604966428189599e+01
1.282801444953146230e+01 1.291105418280536377e+01
1.312119443293075527e+01 1.295132820289564179e+01
1.329834115518363369e+01 1.313769958185552866e+01
1.329421157577682955e+01 1.339883384967037649e+01
1.361934792288163010e+01 1.345690739239761058e+01
1.378122552716841120e+01 1.356935762318212824e+01
1.396199311148319921e+01 1.381695471331757830e+01
1.411761760402128196e+01 1.399009026949543255e+01
1.430964399969507639e+01 1.413999993014948231e+01
1.447660962131445039e+01 1.430262807355732946e+01
1.465604968559190802e+01 1.450560556366158060e+01
1.466166776649049908e+01 1.475792055551496595e+01
1.499136323908299673e+01 1.471842313031193328e+01
1.516455625869967960e+01 1.501066879682126931e+01
1.533834043858546714e+01 1.520333829780950374e+01
1.551174964107989673e+01 1.530480799447857088e+01
1.569101550110232068e+01 1.548183062131843712e+01
1.587934972194634220e+01 1.563868968691784467e+01
1.604114509772826480e+01 1.580180674729368917e+01
1.623642903479078825e+01 1.603754584484404333e+01
1.641086361448660824e+01 1.623433906320631337e+01
1.657498826888369337e+01 1.632931846606267356e+01
1.676538218580520123e+01 1.652415035212594319e+01
1.693640475342052198e+01 1.673393475650428641e+01
1.713008385838860548e+01 1.692892904805666277e+01
1.730748896842347051e+01 1.706290193943444677e+01
1.747618596775312483e+01 1.717429050821579395e+01
1.765677189287350757e+01 1.742837518001293873e+01
1.783798651249417944e+01 1.757076458146108777e+01
1.801564923546778019e+01 1.774613253078586439e+01
1.818808132861853011e+01 1.794138495120663990e+01
1.836160645800101321e+01 1.808925470888300779e+01
1.855407978043643169e+01 1.831311817876159154e+01
1.873635051153790698e+01 1.852329230998981302e+01
