0.000000000000000000e+00 0.000000000000000000e+00
0.000000000000000000e+00 0.000000000000000000e+00
0.000000000000000000e+00 0.000000000000000000e+00
0.000000000000000000e+00 0.000000000000000000e+00
0.000000000000000000e+00 0.000000000000000000e+00
0.000000000000000000e+00 0.000000000000000000e+00
5.138059167931370574e-02 8.361058015243404834e-03
9.484128046862967676e-02 8.361058015243404834e-03
1.354787373404891859e+00 2.891462831914259013e+00
2.716055170135923902e+00 3.694402204920735677e+00
3.979250658176985311e+00 4.034649202508701293e+00
4.127267926138856957e+00 4.196799277811691375e+00
4.218516081775796067e+00 4.186389525702830738e+00
4.279104680583211362e+00 4.430776808133628286e+00
4.496778578108056479e+00 4.780131768683713034e+00
4.719469186721984677e+00 4.929978579044441034e+00
4.941593036704426289e+00 5.143065408446196862e+00
5.216256259143952967e+00 5.278137849864528164e+00
5.343002216764996426e+00 5.498723030753311036e+00
5.540211859994142785e+00 5.703495524868073652e+00
5.706133788573829690e+00 5.905167974414491816e+00
5.870317086389817973e+00 6.100218907398594403e+00
6.020570536598373046e+00 6.285874361742070704e+00
6.223492018622899913e+00 6.471216161372498554e+00
6.418660690853247530e+00 6.640424264710758528e+00
6.611612522699625849e+00 6.803440844385106878e+00
6.775224068123289811e+00 6.964499867007454270e+00
6.982311715583262135e+00 7.126075642654219777e+00
7.175951093904289202e+00 7.288908236885611736e+00
7.315265056045390679e+00 7.440636801264500555e+00
7.484116996317449200e+00 7.601008609996462440e+00
7.653128433155413468e+00 7.753205462854037222e+00
7.902117759549641463e+00 7.825199910138414872e+00
8.048899676244044343e+00 7.923066797146209872e+00
8.060822365462682271e+00 8.242151105942921774e+00
8.238978746476762538e+00 8.417133033228271444e+00
8.423742429902063122e+00 8.577007550400747249e+00
8.601227615265587545e+00 8.748240988875778612e+00
8.776849230906289989e+00 8.906681867918265993e+00
9.068068306871802875e+00 8.915313433661109954e+00
9.224831441116522868e+00 9.045525952529022362e+00
9.387383417070422453e+00 9.205151970451618482e+00
9.551449631547018981e+00 9.372354536000365499e+00
9.719349268483165716e+00 9.523394313928298160e+00
9.894438956811343999e+00 9.677478613402854535e+00
1.006120251548760614e+01 9.884736801424866215e+00
1.003108583497713191e+01 1.023205997502893894e+01
1.023425581034099174e+01 1.039412063162626687e+01
1.056543223396288589e+01 1.039248695498530317e+01
1.073769140168903746e+01 1.056013839745123128e+01
1.090223199934582254e+01 1.076076556001662432e+01
1.108795502707244829e+01 1.093781627227973452e+01
1.124173728219371604e+01 1.110002158814628004e+01
1.142619463763097087e+01 1.126537552014794485e+01
1.159703004226505207e+01 1.146252404898576316e+01
1.177790987096220121e+01 1.162993004709728062e+01
1.195922817480345834e+01 1.181469764188793903e+01
1.213005206485056497e+01 1.199902081856107650e+01
1.231576010717933656e+01 1.219657661332304066e+01
1.250323378325957435e+01 1.236390619697356819e+01
1.267616098356728749e+01 1.254516375346431367e+01
1.286510795523196471e+01 1.271594800305157413e+01
1.305205180095201101e+01 1.293035294626893794e+01
1.305443298770714478e+01 1.319737435709601847e+01
1.341053207597425612e+01 1.318883111489574134e+01
1.358379579061685760e+01 1.340882896383336487e+01
1.377542517164400238e+01 1.352769013521187169e+01
1.395108222965154354e+01 1.378577713316985331e+01
1.390351429695237151e+01 1.409911347460736586e+01
1.431054870055099393e+01 1.410310803966394388e+01
1.448845893260668660e+01 1.426244449430716976e+01
1.467017741322111135e+01 1.451180481728559890e+01
1.484774038713033129e+01 1.463682672156353171e+01
1.503508814151826911e+01 1.484391031513875170e+01
1.520920961075107414e+01 1.502996452407687222e+01
1.540820716834133464e+01 1.524481193854667005e+01
1.559999651732229786e+01 1.551059992720954028e+01
1.577772820199396620e+01 1.554993548791637714e+01
1.597059514464152841e+01 1.581260859088582471e+01
1.615425883044651201e+01 1.600653289828456138e+01
1.633871029800273078e+01 1.613459832055654175e+01
1.652668850215422580e+01 1.628585864730950306e+01
1.670626661537643542e+01 1.656255612344419959e+01
1.689684045474078644e+01 1.673787459164646307e+01
1.708709398293254367e+01 1.693802354075164374e+01
1.728430788101707094e+01 1.709652859574895345e+01
1.747307804618286298e+01 1.723976823558196969e+01
1.767440224297889984e+01 1.742833079929094708e+01
1.786835220781503963e+01 1.770800370094912779e+01
1.806152372928977456e+01 1.785859717539868186e+01
1.824760682562786585e+01 1.799575796693453000e+01
1.844655706136687101e+01 1.821363016463026341e+01
1.864896369068868509e+01 1.842127272965455731e+01
1.883147452975503811e+01 1.855370574179342213e+01
1.902494633917262234e+01 1.884031685122180377e+01
1.922498505391306267e+01 1.887492080568175723e+01
1.941476969141133324e+01 1.918747856393516926e+01
1.961718036187660985e+01 1.934961635350467546e+01
1.982077175816427683e+01 1.951539473807323333e+01
2.000750519391201365e+01 1.974900803129888871e+01
2.020639808872530807e+01 2.001454732634694267e+01
