0.000000000000000000e+00 0.000000000000000000e+00
0.000000000000000000e+00 0.000000000000000000e+00
0.000000000000000000e+00 0.000000000000000000e+00
0.000000000000000000e+00 0.000000000000000000e+00
0.000000000000000000e+00 0.000000000000000000e+00
0.000000000000000000e+00 0.000000000000000000e+00
3.628443030197966296e-02 7.150405803356092438e-01
3.297482483167425427e-01 1.383978583068163015e+00
1.592100232942403659e+00 1.910341943322114933e+00
1.889318668112953903e+00 1.939949506659719880e+00
2.002638782595690170e+00 2.005018378226327336e+00
2.100528740917250836e+00 2.111025257182755688e+00
2.227981564605499898e+00 2.291496776528054724e+00
2.412465185273005464e+00 2.479949749494690270e+00
2.551836307009708982e+00 2.634826751007793177e+00
2.689668118072383596e+00 2.807270025425503857e+00
2.853145971539650105e+00 2.944141018708124502e+00
2.988473371226427755e+00 3.088421772888735983e+00
3.130212521236844125e+00 3.225487068449176320e+00
3.289441311144684299e+00 3.374341145499533567e+00
3.424862175709845857e+00 3.514321698486067014e+00
3.572058597743384301e+00 3.645403505068144590e+00
3.710487044675061963e+00 3.779769052749688996e+00
3.841889662116424020e+00 3.908886488603417586e+00
3.979402933297344180e+00 4.039652974476157787e+00
4.168451416256249153e+00 4.104697324997014896e+00
4.303623923911800375e+00 4.213286061730216581e+00
4.435415851502947149e+00 4.352039719517128091e+00
4.568368590454267242e+00 4.482772620762775162e+00
4.703928036144315428e+00 4.628856029449926801e+00
4.846140064415486393e+00 4.742879345001792757e+00
4.895369663218123613e+00 4.976823749280907982e+00
5.110211452741329374e+00 5.063574838973309511e+00
5.253580685026135733e+00 5.183177000812202451e+00
5.392679753496726569e+00 5.335271724833844154e+00
5.529442669606733141e+00 5.462403754089700136e+00
5.679031126600924573e+00 5.608341380592085201e+00
5.819169575036599262e+00 5.727770032124380961e+00
5.966304903600299525e+00 5.900784452751284270e+00
6.108604454044039400e+00 6.028132021106411997e+00
6.258396027422053365e+00 6.161756895316782057e+00
6.404356595441779376e+00 6.319407873832512124e+00
6.549576325418750677e+00 6.449972810560854697e+00
6.688911941618595591e+00 6.615342882393575152e+00
6.836749182973009376e+00 6.745934535246296271e+00
6.983846171907070577e+00 6.917050886378614649e+00
7.138381241938660082e+00 7.057845210124528812e+00
7.275254707547308186e+00 7.187900280994989011e+00
7.428369463933261585e+00 7.321935907264244037e+00
7.578699904138759713e+00 7.479787682319781972e+00
7.726077465894124252e+00 7.589648473246136007e+00
7.865252590095862750e+00 7.792058948250819128e+00
8.006412996120632286e+00 7.880509921828193320e+00
8.154753611770395594e+00 8.045050330980171083e+00
8.289283969352942094e+00 8.228104493794051066e+00
8.452368641278809491e+00 8.381213933204197275e+00
8.607339051377321582e+00 8.485945528538149318e+00
8.759063329789462671e+00 8.640724488696214678e+00
8.894986669841150828e+00 8.824744597147082814e+00
9.058866697524225131e+00 8.973591382889612333e+00
9.202500265472794538e+00 9.095082322575310130e+00
9.354616234698529098e+00 9.257540951097785964e+00
9.510774044377793501e+00 9.412485714307882390e+00
9.656166052186842208e+00 9.560557068689135463e+00
9.811957665005845541e+00 9.683384874473345505e+00
9.961762228543362241e+00 9.838851922835464947e+00
1.010716739626020022e+01 1.001227923290200117e+01
1.025544165134371788e+01 1.016166984957220620e+01
1.041453507564627579e+01 1.028205122466857269e+01
1.055868564328329029e+01 1.041680530033349505e+01
1.071557619949987128e+01 1.060649284007827298e+01
1.085745402382335634e+01 1.073416279120381844e+01
1.101060180146457057e+01 1.090907201744065702e+01
1.116093440965428307e+01 1.103715943320980308e+01
1.132035334413473215e+01 1.118505138672063026e+01
1.146916997735863752e+01 1.129306068419614206e+01
1.161217575443098049e+01 1.146091190450131414e+01
1.176699688645603992e+01 1.159853617143886062e+01
1.192127568541554261e+01 1.174076480981997150e+01
1.206197877143225838e+01 1.193077405791597911e+01
1.221572412991172207e+01 1.206802815354012104e+01
1.236586412403281976e+01 1.222343411339547892e+01
1.251149069833190985e+01 1.237295706928217598e+01
1.265732713092622497e+01 1.255390176451960826e+01
1.281140273644757421e+01 1.268133309501475203e+01
1.296473100906420939e+01 1.278971921424177438e+01
1.312271773173971212e+01 1.293332347970068419e+01
1.326397854916602981e+01 1.311383694597772731e+01
1.342102401723259320e+01 1.331117484178859911e+01
1.357988471531419528e+01 1.344336247177733590e+01
1.372297313260921570e+01 1.346086997478337643e+01
1.387425982324658413e+01 1.366990839415000636e+01
1.402828424030445476e+01 1.380044799411966849e+01
1.417357155194948426e+01 1.404269893123452029e+01
1.433250505764145011e+01 1.418434686128791000e+01
1.446944074404377467e+01 1.428940291263653251e+01
1.462488903083459846e+01 1.443686134143375099e+01
1.478361567624949124e+01 1.458549732809803956e+01
1.493836938398827385e+01 1.472486480292984901e+01
1.507439268868542470e+01 1.488032428886735659e+01
1.523893236592120282e+01 1.508790473700252122e+01
