0.000000000000000000e+00 0.000000000000000000e+00
0.000000000000000000e+00 0.000000000000000000e+00
0.000000000000000000e+00 0.000000000000000000e+00
1.235497186343767137e-02 0.000000000000000000e+00
3.379542004233388602e-02 0.000000000000000000e+00
9.497446807961357207e-03 2.488602309051679007e-01
2.931241417224036416e-01 6.069271725105486182e-01
5.993692929785822132e-01 7.579065559797947271e-01
8.402332528479603546e-01 8.740516572455487854e-01
9.785024435664004816e-01 9.622630335725314010e-01
1.083634356102382235e+00 1.060138441105362928e+00
1.192246917416051488e+00 1.163268677632168346e+00
1.296373654233562656e+00 1.268085248116276542e+00
1.400677603147527872e+00 1.378211092119631553e+00
1.511229226660686820e+00 1.481110213899037964e+00
1.624969848996167476e+00 1.598261827721662254e+00
1.729373444286852246e+00 1.695127901726316999e+00
1.832792423844798568e+00 1.816588810328685799e+00
1.938981474784998937e+00 1.914318932127821338e+00
2.049513730332533701e+00 2.017222953226799120e+00
2.158976750516873100e+00 2.128235825753408861e+00
2.265430109351676435e+00 2.239519216836652227e+00
2.379235125109308235e+00 2.345251757040343943e+00
2.484133385883407819e+00 2.451057049319495640e+00
2.596142990094656433e+00 2.568060663044754222e+00
2.708066030769169075e+00 2.678908124185359618e+00
2.814244605050709502e+00 2.752610310432047402e+00
2.920465790412061668e+00 2.868135745584418750e+00
3.027385761666857800e+00 2.995834342208024026e+00
3.135192372050029430e+00 3.098835169911855925e+00
3.243809600160520556e+00 3.200253336396894355e+00
3.353758879816106653e+00 3.299628001814256528e+00
3.463127411736259376e+00 3.391792041796187096e+00
3.576309464687906114e+00 3.527190227428242952e+00
3.682824220741452326e+00 3.600223695769941834e+00
3.791822967731465877e+00 3.723777242974039670e+00
3.903478348320541969e+00 3.837043331799301349e+00
4.014395007695934048e+00 3.912504820916408388e+00
4.126297138351194604e+00 4.044718024160370184e+00
4.232675680812242547e+00 4.163317518836388231e+00
4.341719951513526965e+00 4.251251725591780328e+00
4.455151708488244822e+00 4.357576029184920152e+00
4.555115371055490137e+00 4.467696916031271392e+00
4.665798808714106016e+00 4.563269812022066496e+00
4.773578725939139566e+00 4.689110260129558228e+00
4.882270229942862194e+00 4.761500064254138742e+00
4.989686463519261039e+00 4.912810299049896301e+00
5.095396185290563373e+00 5.027748927402531542e+00
5.206076070448684590e+00 5.096945964866376855e+00
5.314561277618333079e+00 5.223072413606169917e+00
5.422068391624333294e+00 5.315205265752107167e+00
5.526682833480470514e+00 5.438692150858545737e+00
5.632265753713644685e+00 5.557294135384108991e+00
5.733740721379133376e+00 5.647937423295064541e+00
5.846782282847977186e+00 5.770628214983182680e+00
5.947042544681746534e+00 5.858235235930069784e+00
6.059093029786964735e+00 5.976471896187097066e+00
6.167162410778094461e+00 6.086526823526122065e+00
6.275233034194567239e+00 6.150397350422308840e+00
6.380069641745293119e+00 6.279449097705506411e+00
6.493908149447852551e+00 6.397828707257457559e+00
6.597813384759400712e+00 6.527782942158172119e+00
6.705903598062761262e+00 6.620573729609938063e+00
6.821668839071970858e+00 6.733008231287595180e+00
6.927780799346900942e+00 6.835517695429322416e+00
7.035375269702060841e+00 6.909861410714447594e+00
7.141665525565681349e+00 7.035180243527741517e+00
7.249544724059461487e+00 7.121806368249868235e+00
7.352194009437745592e+00 7.227445386062688826e+00
7.461987145226842699e+00 7.366108440033321436e+00
7.564624910113090905e+00 7.458916861596790682e+00
7.679365748283188076e+00 7.596995392500121902e+00
7.787790056435059505e+00 7.665412748679464094e+00
7.895364671936062173e+00 7.752857124669226607e+00
7.997341741644154567e+00 7.875688843471742473e+00
8.108563395943290786e+00 7.984797353440696632e+00
8.217870700042190890e+00 8.065161910053914696e+00
8.332531782092809536e+00 8.225422677432174368e+00
8.439535375510867965e+00 8.317793171681637787e+00
8.555561426162306304e+00 8.429104147783570866e+00
8.656459158397881382e+00 8.544052094105461848e+00
8.763707322152431090e+00 8.633111537935473478e+00
8.880642632599501596e+00 8.804511274240763186e+00
8.984289849444806464e+00 8.855954679279072650e+00
9.097155311318211091e+00 8.950112991188207801e+00
9.201177599000523344e+00 9.082782571415009443e+00
9.312929324860428792e+00 9.214661719282636554e+00
9.416864560702224551e+00 9.278958348878663998e+00
9.523605011873209847e+00 9.401052130273697571e+00
9.632627611293335335e+00 9.442084229599991829e+00
9.739972697419434056e+00 9.567062962770190637e+00
9.849985494235916406e+00 9.722369115467721201e+00
9.946518590279827876e+00 9.807159949720249514e+00
1.005447333441195568e+01 9.928769000322050786e+00
1.017562658872981274e+01 1.004100244632828698e+01
1.028074419800148753e+01 1.010702449130011082e+01
1.038335200259318647e+01 1.023103542547265654e+01
1.049610412224492961e+01 1.040706276845904732e+01
1.059926511076720068e+01 1.043304980463811837e+01
1.070980660176706500e+01 1.055543699348500652e+01
1.082195801752397735e+01 1.068982245760724403e+01
