0.000000000000000000e+00 0.000000000000000000e+00
3.757990022494094511e-05 0.000000000000000000e+00
2.065502760344041511e-03 0.000000000000000000e+00
1.840095305134081393e-04 1.049468487404515010e-01
2.433377192924251475e-01 4.155409346458912440e-02
3.668688836734612657e-01 7.787119647139924272e-02
4.278050827470751272e-01 5.046801370540094922e-01
6.087838698540767313e-01 5.734588509386777666e-01
7.107238738965501179e-01 6.750046119757863172e-01
8.087646723636136015e-01 7.806521018160657022e-01
9.036639485732754773e-01 8.794414408544568573e-01
9.977907328263684317e-01 9.708165626912838020e-01
1.092148628451088399e+00 1.056927017523263457e+00
1.188422330019756501e+00 1.148301863196950601e+00
1.280297172261792849e+00 1.251411849236182317e+00
1.371747376573087651e+00 1.333126737705168763e+00
1.464255263160714415e+00 1.428799518979693595e+00
1.559657382992611474e+00 1.519666510451899821e+00
1.653137074397372785e+00 1.609181214053552189e+00
1.747312553458367113e+00 1.698054484572238954e+00
1.837323570093043035e+00 1.791814686116487199e+00
1.929037321137961669e+00 1.883654783511038211e+00
2.021942046619944033e+00 1.970783383805020605e+00
2.109812574481051417e+00 2.070052992165569705e+00
2.203731228090399785e+00 2.157147563179427685e+00
2.296617819973514774e+00 2.235932643374751283e+00
2.385548410450944345e+00 2.321696146688347451e+00
2.477967986600048356e+00 2.409660528567944215e+00
2.566873877322844777e+00 2.514098882968969217e+00
2.660994313017536861e+00 2.583966630143737397e+00
2.751172205238523016e+00 2.701361281035233208e+00
2.838833453667884310e+00 2.794322156425430581e+00
2.934102315006190675e+00 2.898375061852068058e+00
3.027452011130673970e+00 2.964269431610278005e+00
3.118634996140551063e+00 3.054211383234394894e+00
3.209380799695489728e+00 3.125001518020753100e+00
3.303611045203222130e+00 3.236604496052243984e+00
3.393027340938182590e+00 3.327689521260648764e+00
3.485912769478215267e+00 3.396119725243790022e+00
3.578742538426998188e+00 3.519021617922354572e+00
3.666802283310698574e+00 3.612061212283316891e+00
3.759017802017003085e+00 3.698096641282256680e+00
3.852818685773176544e+00 3.781915939871876020e+00
3.942882731045078692e+00 3.880202163070095356e+00
4.032035875985425122e+00 3.960020690750825523e+00
4.124805669170802602e+00 4.068233850806865171e+00
4.212414849577212017e+00 4.135044709303292265e+00
4.304565699087842034e+00 4.247157982035112411e+00
4.404164075351373775e+00 4.304869815039255698e+00
4.490495134823270007e+00 4.409159065733717853e+00
4.585703510170023200e+00 4.520404954485927718e+00
4.671667564833138719e+00 4.600169246677632273e+00
4.765529886868930198e+00 4.704890755588262863e+00
4.856749010495084562e+00 4.760273234206374937e+00
4.948159957110644491e+00 4.860175098202236477e+00
5.041363750100485319e+00 4.988956553255660786e+00
5.140930103934649331e+00 5.045016827273959947e+00
5.230881421311519119e+00 5.176552524180407566e+00
5.325684555380512997e+00 5.219275665705044531e+00
5.418055429300573600e+00 5.301595058046532749e+00
5.505871174852914329e+00 5.425305328494947510e+00
5.594348046643061956e+00 5.542026079595191668e+00
5.695663356884907991e+00 5.594473653453391648e+00
5.778798520460822097e+00 5.712761816545467219e+00
5.871324842726916238e+00 5.746445154221436979e+00
5.970059309796165614e+00 5.875590602859313449e+00
6.062281541121053330e+00 5.992388153353501501e+00
6.152097928144060646e+00 6.083537983210772104e+00
6.241192994810520922e+00 6.137167347176477605e+00
6.336384143487300058e+00 6.225011028434258797e+00
6.427646958379826359e+00 6.320231119579523771e+00
6.513486188248395869e+00 6.431364221315686969e+00
6.609688358913873074e+00 6.519398895968397945e+00
6.700733798800212249e+00 6.591548990294823440e+00
6.798301130284798433e+00 6.715880706452635351e+00
6.882479658515754828e+00 6.759854812911904709e+00
6.983107331772653303e+00 6.844447901627465747e+00
7.068757843635168570e+00 6.962031842823808603e+00
7.160486580122015887e+00 7.068892506544439236e+00
7.249536414079014612e+00 7.164025692614033325e+00
7.349032844654203700e+00 7.254367252361182850e+00
7.433156738524627549e+00 7.336761979180749016e+00
7.533712075566143085e+00 7.409969752882864746e+00
7.620026869381293366e+00 7.517350015082096881e+00
7.712029939678783919e+00 7.571737642518180600e+00
7.808829900771451449e+00 7.689963458607843805e+00
7.898304508422930859e+00 7.787204264768731399e+00
7.985190337585496678e+00 7.890554505284644193e+00
8.080340908256175680e+00 7.951723919028438559e+00
8.165334144247859527e+00 8.047715096852162020e+00
8.255478768698946368e+00 8.165995213296920241e+00
8.349080420851706208e+00 8.221193780384444594e+00
8.442980896726167472e+00 8.299463782177721072e+00
8.531103959256221003e+00 8.399427105162514451e+00
8.628355286786128175e+00 8.515278429843736063e+00
8.731236378821877864e+00 8.607709018202157836e+00
8.814143045648020092e+00 8.671195061132381809e+00
8.912694666475383443e+00 8.783707989789341752e+00
9.002928168260728725e+00 8.863562872363583978e+00
9.090713600423260488e+00 8.980228153569294491e+00
9.181999605031744949e+00 9.083277054089641922e+00
