0.000000000000000000e+00 0.000000000000000000e+00
0.000000000000000000e+00 0.000000000000000000e+00
0.000000000000000000e+00 0.000000000000000000e+00
0.000000000000000000e+00 0.000000000000000000e+00
0.000000000000000000e+00 0.000000000000000000e+00
0.000000000000000000e+00 0.000000000000000000e+00
0.000000000000000000e+00 0.000000000000000000e+00
0.000000000000000000e+00 0.000000000000000000e+00
0.000000000000000000e+00 0.000000000000000000e+00
0.000000000000000000e+00 0.000000000000000000e+00
0.000000000000000000e+00 0.000000000000000000e+00
1.297550004072455798e-01 2.105622194320324603e+00
8.354564274816125291e-01 5.993014768463692521e-01
2.190699782852753685e+00 6.134341036388673452e+00
5.600124160845966870e+00 5.701469225242642658e+00
5.637894959638144243e+00 5.314454323353829501e+00
5.746877972267403933e+00 5.762736907371174055e+00
5.835054506786213402e+00 5.894544838468636527e+00
5.925716182251493436e+00 6.025494670091432248e+00
6.088015263860177662e+00 5.997915460776866325e+00
6.133275418983917149e+00 6.242835505361625792e+00
6.259086296098092639e+00 6.387254911657222145e+00
6.451944368088854631e+00 6.504805508357976329e+00
6.594082615676711612e+00 6.591811164805182699e+00
6.740411235832783454e+00 6.871849130005032613e+00
6.864597314897621594e+00 7.135400313985828191e+00
7.046390371252586604e+00 7.333655069354561462e+00
7.207139185792796887e+00 7.572017357498417311e+00
7.413582487518342923e+00 7.748991012232644415e+00
7.632826440913754062e+00 7.894470622585926023e+00
7.864979218877083511e+00 8.059933302169460134e+00
8.056074919892836306e+00 8.194295880722481940e+00
8.265867255427869154e+00 8.348013394771323092e+00
8.425655822234404013e+00 8.494740180242184024e+00
8.600532555518537237e+00 8.643040594302933144e+00
8.752268466194850660e+00 8.788683386529275054e+00
8.938586603113394702e+00 8.907324562076750496e+00
9.082263415951375762e+00 9.062441843927111051e+00
9.232823782441322180e+00 9.220451096107469269e+00
9.388723566681468569e+00 9.371412144324237303e+00
9.547952741885312733e+00 9.491602043286148316e+00
9.700881523327906208e+00 9.645876602339708228e+00
9.858792370588378873e+00 9.764354762827492706e+00
9.980183271472961692e+00 1.000833540506165242e+01
1.018578422912464454e+01 1.014777959627424231e+01
1.034581694704997368e+01 1.024743581420852756e+01
1.051617294165926531e+01 1.041261466359092935e+01
1.068389085547740791e+01 1.053248272537299890e+01
1.084991201916857051e+01 1.071558770852770337e+01
1.102591564609052455e+01 1.091386351233247609e+01
1.119952215547511543e+01 1.105623075219931017e+01
1.137883644518001702e+01 1.126015087451932573e+01
1.155219890012707751e+01 1.139579178540814475e+01
1.172678735788996818e+01 1.156433751327165638e+01
1.190906014431937621e+01 1.168836493979787150e+01
1.209195235019746129e+01 1.191389757627538337e+01
1.225615830918722793e+01 1.205346200078168017e+01
1.244235408131344123e+01 1.224407127364463044e+01
1.262375881444129888e+01 1.238156213193429345e+01
1.279890047901934302e+01 1.260222083619878042e+01
1.297480332520248147e+01 1.272104949622919534e+01
1.316075408565934879e+01 1.295154219315042710e+01
1.332138284155203856e+01 1.312997385398199590e+01
1.350816711733681252e+01 1.326689284881872766e+01
1.369029294633118887e+01 1.349387256834783244e+01
1.386881322943746397e+01 1.360405549815107840e+01
1.405166471021905927e+01 1.384221994568764735e+01
1.423130720687882800e+01 1.401839588244443924e+01
1.442682911529239753e+01 1.416822810357735207e+01
1.461599973813727438e+01 1.432530545091682761e+01
1.479674388134407614e+01 1.454053028792631963e+01
1.497532656028948495e+01 1.472571578741840348e+01
1.515484017254950544e+01 1.490710754302406293e+01
1.533953978094049120e+01 1.503675024523889192e+01
1.552694976506231228e+01 1.522398578565135097e+01
1.569500442934640638e+01 1.539721268516101560e+01
1.588961064715797988e+01 1.561377645415039161e+01
1.607444120022044132e+01 1.580912377486028753e+01
1.624814940401278207e+01 1.603010161436969483e+01
1.643517997260776298e+01 1.614617604915471460e+01
1.661738457847714301e+01 1.633197990772711350e+01
1.681678860285579447e+01 1.656226111388434319e+01
1.700679991260098234e+01 1.673857243063581990e+01
1.720009558722088983e+01 1.695418889759567804e+01
1.736540077673778981e+01 1.707558460590988147e+01
1.755967799808169616e+01 1.730792867628678877e+01
1.773405239033107961e+01 1.736561656501503847e+01
1.792198160564111120e+01 1.763718349161427312e+01
1.810773216167391197e+01 1.779352592282218026e+01
1.829048491528127585e+01 1.797884478669071129e+01
1.848037407902312879e+01 1.819596903265795618e+01
1.867345067379953250e+01 1.836007579153232783e+01
1.885248085046618982e+01 1.855143582370748234e+01
1.905556936540229529e+01 1.878314456332471138e+01
1.923295664810139982e+01 1.892903408716067304e+01
1.942247756327237340e+01 1.911162755192052742e+01
1.961637550381376727e+01 1.930428498976789342e+01
1.978561803341558445e+01 1.948032225861822297e+01
1.999212566214813691e+01 1.962386629404987204e+01
2.016703574186668035e+01 1.977502425438515488e+01
2.035837011349823200e+01 2.009920616303712038e+01
