0.000000000000000000e+00 0.000000000000000000e+00
0.000000000000000000e+00 0.000000000000000000e+00
0.000000000000000000e+00 0.000000000000000000e+00
0.000000000000000000e+00 0.000000000000000000e+00
0.000000000000000000e+00 0.000000000000000000e+00
0.000000000000000000e+00 0.000000000000000000e+00
0.000000000000000000e+00 0.000000000000000000e+00
0.000000000000000000e+00 0.000000000000000000e+00
0.000000000000000000e+00 0.000000000000000000e+00
0.000000000000000000e+00 0.000000000000000000e+00
0.000000000000000000e+00 0.000000000000000000e+00
0.000000000000000000e+00 0.000000000000000000e+00
0.000000000000000000e+00 0.000000000000000000e+00
0.000000000000000000e+00 0.000000000000000000e+00
1.369375595280242497e-01 3.253764630903187294e-02
2.285488232021324062e-01 0.000000000000000000e+00
6.850772811159189235e-01 1.624300628244206846e-01
5.954659115576292905e-01 2.783535225694513837e+00
6.648684512492734067e-01 3.001196279002329881e+00
3.344668704091692479e+00 6.357337342368110988e+00
6.423265751021984826e+00 6.365750628619402995e+00
6.123331563456669180e+00 6.739514105475786998e+00
6.784896210658754256e+00 6.829604480949482692e+00
6.907598163377181244e+00 6.997958026905532591e+00
7.107380119096772475e+00 7.096297307771425089e+00
7.212522288836571427e+00 7.260197348324155975e+00
7.332527180416755108e+00 7.414471199546875724e+00
7.511981593022047043e+00 7.465526112818016813e+00
7.579833469367689425e+00 7.748746788151922082e+00
7.819392130267413421e+00 7.757380680758694247e+00
7.888573111776130631e+00 8.074880755656826281e+00
8.059839927413815275e+00 8.222785786192677193e+00
8.239035056479497854e+00 8.380905014245961127e+00
8.392951801746603380e+00 8.516136208331509749e+00
8.567781841677952315e+00 8.671627861289465500e+00
8.805086410638413241e+00 8.751775261141883533e+00
8.881683804345010813e+00 8.963110101555230358e+00
9.100591323304916713e+00 9.049353617058040200e+00
9.252162740630391013e+00 9.197535536418230961e+00
9.406331251415860351e+00 9.365955916802841230e+00
9.511810109600306262e+00 9.565520407728493879e+00
9.726970039174995364e+00 9.671382916586695799e+00
9.887240095721653077e+00 9.821991538125338650e+00
1.004971037241773857e+01 9.975670261966770980e+00
1.020902561689648813e+01 1.014436911034159650e+01
1.036704442507472024e+01 1.022138679359126456e+01
1.053224228804931784e+01 1.042646531314408342e+01
1.070610627647537072e+01 1.060747692084809657e+01
1.087382157562159612e+01 1.078173908567315920e+01
1.103645807995686212e+01 1.095481591905322283e+01
1.121795881022270969e+01 1.112437557218730255e+01
1.138106044017639462e+01 1.125391789115262320e+01
1.156127225033143446e+01 1.143263627366761881e+01
1.172493286368984933e+01 1.159569810211205088e+01
1.189593384403546139e+01 1.180810272490149160e+01
1.206367826583572800e+01 1.198176855432229182e+01
1.223840312113392237e+01 1.214152142840109150e+01
1.242133644580785656e+01 1.231224040172702949e+01
1.259275496393109428e+01 1.252306716076141235e+01
1.277409714384990735e+01 1.266475790247004696e+01
1.295773926286289424e+01 1.283914814339569865e+01
1.313017776889151023e+01 1.298010001493530652e+01
1.331349597758167924e+01 1.318262239894082377e+01
1.350854149840821528e+01 1.337742501657521821e+01
1.369075283926579978e+01 1.350480109705910436e+01
1.385929982828290541e+01 1.370432224650527431e+01
1.405047310834957841e+01 1.389943594557192164e+01
1.423813303743392389e+01 1.410575109675624894e+01
1.441079398891762331e+01 1.416862108438525958e+01
1.458915515177408118e+01 1.444693531564872480e+01
1.477388305645092359e+01 1.459278725953901734e+01
1.495360586522881796e+01 1.476440960482707432e+01
1.513650076275613188e+01 1.502526196455747964e+01
1.530863300088541656e+01 1.514500842766922339e+01
1.550195304474721425e+01 1.528973753144213177e+01
1.567360093272038668e+01 1.551353661527003602e+01
1.584907628602748808e+01 1.574106175174379807e+01
1.604213455075157313e+01 1.586188818220422192e+01
1.622339578853748776e+01 1.605044035921574874e+01
1.640690958436306346e+01 1.626062568573616929e+01
1.660280251821945185e+01 1.638817543358896955e+01
1.679356382690195204e+01 1.655021421235910850e+01
1.697129221286918721e+01 1.681708415591691264e+01
1.718199784326471047e+01 1.688276857001861941e+01
1.735728612329067388e+01 1.714860069825086342e+01
1.756162315891545234e+01 1.736333648687081421e+01
1.774332314230940355e+01 1.744927354836290334e+01
1.794844772204494632e+01 1.767615093793546421e+01
1.812401857751655498e+01 1.780176754296924457e+01
1.831191699023744235e+01 1.810217489821099335e+01
1.850188674733642102e+01 1.822870731937506150e+01
1.870191115235889612e+01 1.837215875654452546e+01
1.888372196163272321e+01 1.855636146611081827e+01
1.906545139618476625e+01 1.869734177738153136e+01
1.926419078579441901e+01 1.896341123692689479e+01
1.945565905698648734e+01 1.908896400251329695e+01
1.964570998564040138e+01 1.922451800797578514e+01
1.983389312646474423e+01 1.949633718892115297e+01
2.002595294003758397e+01 1.969665741269628256e+01
2.022017614718089007e+01 1.980217993813437261e+01
2.039211536458970642e+01 2.009257613341872073e+01
