0.000000000000000000e+00 0.000000000000000000e+00
0.000000000000000000e+00 0.000000000000000000e+00
0.000000000000000000e+00 0.000000000000000000e+00
5.006301313462514953e-03 3.637193408586252286e-01
1.615440292830962465e-01 4.578301612329745141e-02
6.112793046643945072e-01 7.775412703664705827e-01
1.971479090931150813e+00 2.219913931788010331e+00
2.331601143068247506e+00 2.561076668318203353e+00
2.719777797375926731e+00 2.766317199045114528e+00
2.885585880033773698e+00 3.055879036028853246e+00
3.118983114579265248e+00 3.228214339474517747e+00
3.352445449920052667e+00 3.459270858716245733e+00
3.570543202647129544e+00 3.701181676115206542e+00
3.742231698109945270e+00 3.914848608365424809e+00
3.927569335756813107e+00 4.123245649475482999e+00
4.153608637120540514e+00 4.330007593854676706e+00
4.359803397634457234e+00 4.522611968140150651e+00
4.594848072975163511e+00 4.713574960044150330e+00
4.787206999429591825e+00 4.893168323425245880e+00
4.987089437417662197e+00 5.069657570313278683e+00
5.191669042007516666e+00 5.252586399072922241e+00
5.372633417996219407e+00 5.441060964540048950e+00
5.564767324310782470e+00 5.627402442074658673e+00
5.724472533020953158e+00 5.811007026702016631e+00
5.919789298847033088e+00 5.995032478995799607e+00
6.072418402106419144e+00 6.165916104942068543e+00
6.235656194543310882e+00 6.345206485628254178e+00
6.441930403827124785e+00 6.525268088849900394e+00
6.671550161896131925e+00 6.580110243908249501e+00
6.714181134734801937e+00 6.863322642412811092e+00
6.927204610461132894e+00 7.048595393933388742e+00
7.134625734959571197e+00 7.224432045480370768e+00
7.271578306604450148e+00 7.396631196307114742e+00
7.446228975673475858e+00 7.566257415640771811e+00
7.630887324955903495e+00 7.745367159654507283e+00
7.911633836424957877e+00 7.800610251236796522e+00
8.091973707893981071e+00 7.912673143390060559e+00
8.100367687720531507e+00 8.268779228747789034e+00
8.449677259950517438e+00 8.271019214306319256e+00
8.618428827566928518e+00 8.476941509327293289e+00
8.786976094751345556e+00 8.632036763876099528e+00
8.963082267682288773e+00 8.834678396340461148e+00
8.985532193968357006e+00 9.140638965657801762e+00
9.316525211261341255e+00 9.205703628273633754e+00
9.494530788610523686e+00 9.345984607436916392e+00
9.677842641323438855e+00 9.530637684696937839e+00
9.698166990462855352e+00 9.848500855450712521e+00
1.003474845800573512e+01 9.881511297025344476e+00
1.021347003774041617e+01 1.006984777210105442e+01
1.039096888602156277e+01 1.025718640437793105e+01
1.057589213019158514e+01 1.041778566259746697e+01
1.063390696061622975e+01 1.075564640325237420e+01
1.093941448065399769e+01 1.080794908663138187e+01
1.112405378619005170e+01 1.096541454478837530e+01
1.115424869950274989e+01 1.130220783193005119e+01
1.149589568402723039e+01 1.137171934149156449e+01
1.152660081233619316e+01 1.168614748176510432e+01
1.186291990375861083e+01 1.175664449057844152e+01
1.190510935918093516e+01 1.203540391705827162e+01
1.207245083460355417e+01 1.222032319827069813e+01
1.241740056496271372e+01 1.227681214261828124e+01
1.243563787341225613e+01 1.260629823660898374e+01
1.279545892954706687e+01 1.262368682967965583e+01
1.297902090229900196e+01 1.283891098420629362e+01
1.301808339985940144e+01 1.316364272670859492e+01
1.336332878278649439e+01 1.321760408162041145e+01
1.354104123665422854e+01 1.339801396380754284e+01
1.373124842182214600e+01 1.357328395451795622e+01
1.372569900404165111e+01 1.388847218061356159e+01
1.407226975425018445e+01 1.394784731725605376e+01
1.426891749256656361e+01 1.415855290758530494e+01
1.446690965321556455e+01 1.427669462635332920e+01
1.464609414415705935e+01 1.452841540770481288e+01
1.473564891365425744e+01 1.480905684836001690e+01
1.487480914909906282e+01 1.497818095769441449e+01
1.518851336183760914e+01 1.508964828885669185e+01
1.526485240684456279e+01 1.536764476014802661e+01
1.557360105806177053e+01 1.546276299109260144e+01
1.577286912284002263e+01 1.564057260955993911e+01
1.595958796026154403e+01 1.584561870617302226e+01
1.614580238122411160e+01 1.603642001733203060e+01
1.633660930687599588e+01 1.622534117664039499e+01
1.652021632352845160e+01 1.640854019336187974e+01
1.672179914681385426e+01 1.653444723999330535e+01
1.690130154813694219e+01 1.677418848886591718e+01
1.700361381863705645e+01 1.705539788291363124e+01
1.727990940641261730e+01 1.716284748376504865e+01
1.746816766190317693e+01 1.735272310325754574e+01
1.766041063276488998e+01 1.750084182162494528e+01
1.785271066633158199e+01 1.773501558808685274e+01
1.805610260238083953e+01 1.795083674733807300e+01
1.812095814968396468e+01 1.819709702562651188e+01
1.829820398457382780e+01 1.838231769623666523e+01
1.860011776090866320e+01 1.850539636525791209e+01
1.878830968750534680e+01 1.862646135543068127e+01
1.899054215941085388e+01 1.887613151528191224e+01
1.918319612305470301e+01 1.899249597232643083e+01
1.938340350819400015e+01 1.927407734998077515e+01
1.956289201224052476e+01 1.950155114387674615e+01
1.975653756958403662e+01 1.963771299529216918e+01
1.996464599787233851e+01 1.979591684991379807e+01
