0.000000000000000000e+00 0.000000000000000000e+00
0.000000000000000000e+00 0.000000000000000000e+00
0.000000000000000000e+00 0.000000000000000000e+00
0.000000000000000000e+00 0.000000000000000000e+00
0.000000000000000000e+00 0.000000000000000000e+00
0.000000000000000000e+00 0.000000000000000000e+00
0.000000000000000000e+00 0.000000000000000000e+00
0.000000000000000000e+00 0.000000000000000000e+00
0.000000000000000000e+00 0.000000000000000000e+00
0.000000000000000000e+00 0.000000000000000000e+00
0.000000000000000000e+00 0.000000000000000000e+00
0.000000000000000000e+00 0.000000000000000000e+00
0.000000000000000000e+00 0.000000000000000000e+00
0.000000000000000000e+00 0.000000000000000000e+00
0.000000000000000000e+00 0.000000000000000000e+00
2.603128162800176157e-02 0.000000000000000000e+00
8.689672869534200567e-03 0.000000000000000000e+00
3.835168395620916493e-02 -6.993542368485200500e-02
7.874304760656637703e-02 5.320985461440354003e-01
1.705402906472927027e-01 0.000000000000000000e+00
2.790326958830700588e-01 0.000000000000000000e+00
1.212647537950338472e-01 0.000000000000000000e+00
4.049475197400508319e-01 0.000000000000000000e+00
1.359126745013730653e-01 4.488307079828635970e+00
1.018385640646334522e+00 6.905011289614459535e+00
4.570658535982565773e+00 7.369786591986856372e+00
7.170991779298154789e+00 7.565155972779419535e+00
7.533911612991817996e+00 7.642932690608581936e+00
7.645060623618038953e+00 7.843284757569363386e+00
7.952658028149518721e+00 7.875417308915624304e+00
8.015390755812360268e+00 8.122123904313149012e+00
8.182874356407463523e+00 8.280733597904589516e+00
8.400393330799051483e+00 8.322212415532513674e+00
8.491908140431929652e+00 8.579576618137574329e+00
8.703775828301761663e+00 8.632429750748769948e+00
8.844415260787892308e+00 8.790202267958534321e+00
8.944226977698765069e+00 9.021271679320575387e+00
9.092628622305966246e+00 9.169533343931856706e+00
9.255179862431583970e+00 9.334416635902474724e+00
9.477816685509139916e+00 9.391473412058060077e+00
9.635863276822298928e+00 9.565651019527095400e+00
9.786517715422947461e+00 9.698412868856841840e+00
9.937726775879843544e+00 9.847899713772894970e+00
1.011323147586717575e+01 9.965558282722295047e+00
1.026604681234161376e+01 1.018414954098926906e+01
1.043281928805460623e+01 1.031343167465021615e+01
1.059840165815350055e+01 1.046910250085393201e+01
1.075434826932974630e+01 1.066042147732301437e+01
1.091654168664306646e+01 1.085988207252082205e+01
1.108451385685665969e+01 1.095842719380368813e+01
1.124942628326990857e+01 1.114019477635995692e+01
1.142298390029459831e+01 1.131287958929503823e+01
1.159153997356715671e+01 1.143307502698264244e+01
1.176231940854807689e+01 1.163632936383035066e+01
1.193105891974862942e+01 1.182384348550655062e+01
1.210348394271730577e+01 1.200446292745952270e+01
1.228459383352346634e+01 1.220074402654887535e+01
1.244710551430405943e+01 1.233719841281362406e+01
1.262770921126740298e+01 1.251880157207823707e+01
1.280734485953742841e+01 1.265537490825440337e+01
1.297834488373509210e+01 1.284216657700690156e+01
1.316276704735007641e+01 1.302950759069720199e+01
1.333573244351730480e+01 1.317402182234470409e+01
1.352883547338511683e+01 1.337912200377187943e+01
1.370410073072375567e+01 1.353524313225264919e+01
1.389290164955607310e+01 1.372173846861405977e+01
1.406561066046512565e+01 1.389542543307416622e+01
1.424966281878363361e+01 1.407933008851946433e+01
1.443718130813374145e+01 1.427829887277093412e+01
1.461456564729066798e+01 1.438628350917805321e+01
1.480707182690191104e+01 1.460516419665503918e+01
1.497931719899382941e+01 1.471355274801704560e+01
1.516909460218572647e+01 1.487992181980408724e+01
1.534771811205974501e+01 1.511291018801619401e+01
1.553015072683789377e+01 1.527842373294943989e+01
1.573433221065158705e+01 1.534838197663064108e+01
1.592381780225795396e+01 1.556485904431508160e+01
1.609398425052344805e+01 1.577414391236578695e+01
1.628340061998784805e+01 1.599227658664771923e+01
1.647266581719394907e+01 1.614196601274702303e+01
1.666359515860231255e+01 1.634397100645697876e+01
1.683857876032357481e+01 1.648494124989576903e+01
1.703427133229233448e+01 1.676277771298316210e+01
1.720646928557400201e+01 1.682131059627887737e+01
1.738646999203992394e+01 1.712861241042929095e+01
1.757333783678377159e+01 1.726310890206439197e+01
1.774989394833446710e+01 1.742209823907344557e+01
1.793618999454414009e+01 1.761986218364979706e+01
1.810842450081651833e+01 1.772579520881441795e+01
1.832294594163626300e+01 1.797841366374276362e+01
1.847929774188111551e+01 1.811672850282546676e+01
1.868914887604314146e+01 1.822399019916696261e+01
1.886891886427963527e+01 1.842258468924690007e+01
1.906218289659845766e+01 1.865041641115058724e+01
1.925865691861375240e+01 1.875554798294311709e+01
1.944892009852447146e+01 1.909339162893286002e+01
1.964237554761525573e+01 1.915497238978199590e+01
1.983666994762344160e+01 1.940110374500494927e+01
2.000750500311828262e+01 1.947862939505591484e+01
2.020660733505401296e+01 1.980399433556549127e+01
2.040761640698003276e+01 1.989151282661672937e+01
