0.000000000000000000e+00 0.000000000000000000e+00
0.000000000000000000e+00 0.000000000000000000e+00
0.000000000000000000e+00 0.000000000000000000e+00
0.000000000000000000e+00 0.000000000000000000e+00
0.000000000000000000e+00 0.000000000000000000e+00
0.000000000000000000e+00 0.000000000000000000e+00
0.000000000000000000e+00 0.000000000000000000e+00
0.000000000000000000e+00 0.000000000000000000e+00
0.000000000000000000e+00 0.000000000000000000e+00
0.000000000000000000e+00 0.000000000000000000e+00
0.000000000000000000e+00 0.000000000000000000e+00
0.000000000000000000e+00 0.000000000000000000e+00
0.000000000000000000e+00 0.000000000000000000e+00
0.000000000000000000e+00 0.000000000000000000e+00
0.000000000000000000e+00 0.000000000000000000e+00
0.000000000000000000e+00 0.000000000000000000e+00
0.000000000000000000e+00 0.000000000000000000e+00
0.000000000000000000e+00 0.000000000000000000e+00
0.000000000000000000e+00 0.000000000000000000e+00
1.164333510416312722e-01 0.000000000000000000e+00
8.123265865958874399e-02 3.191987578231894940e+00
2.843502248954636880e-01 4.901665044170400165e+00
4.822996609809368174e+00 6.962895679141895222e+00
5.448713953720736747e+00 7.115653538912032339e+00
7.098839173469339237e+00 7.173460002871507868e+00
7.271356368973020068e+00 7.251638956893945220e+00
7.359201884810997463e+00 7.488459657834192207e+00
7.548412942571602002e+00 7.669163536607022991e+00
7.702244599705709405e+00 7.808856484467137093e+00
7.918907778875654557e+00 7.850373307227289210e+00
7.996674364003457214e+00 8.097455481388090348e+00
8.135288218234840940e+00 8.236684339131661758e+00
8.363900567128123242e+00 8.292832742533509105e+00
8.451099033060817334e+00 8.520946105092050971e+00
8.654947924073336907e+00 8.609036560615649591e+00
8.753105547348866367e+00 8.801284214411502660e+00
8.944912407500419604e+00 8.909149956883792854e+00
9.093455597471777452e+00 9.047668344451873068e+00
9.252775902912851791e+00 9.172051558931315185e+00
9.403171262408289266e+00 9.363281529891498423e+00
9.556865477280158672e+00 9.475065422861284503e+00
9.704565869815542811e+00 9.633200758388586138e+00
9.868270664161778782e+00 9.802752804628363847e+00
1.002350982979294258e+01 9.970957800083114719e+00
1.018776892120647481e+01 1.011656629368045657e+01
1.035446649938559283e+01 1.028722054919547801e+01
1.052059706367907665e+01 1.045934602615293585e+01
1.069252910191121941e+01 1.060531823445318977e+01
1.085915820973814228e+01 1.079345155106505416e+01
1.103389593866384821e+01 1.090957276827209377e+01
1.119712512291682494e+01 1.108129227001421491e+01
1.137082255531006325e+01 1.125793384141354814e+01
1.154217368676402167e+01 1.145366882176591616e+01
1.170965379673535267e+01 1.162725738836986800e+01
1.188686101431117059e+01 1.172606289872369523e+01
1.206420544635186864e+01 1.196938849079713485e+01
1.223080131382806890e+01 1.215785668033562494e+01
1.240847243821952972e+01 1.232352278201101825e+01
1.257469971929667452e+01 1.252195761702597387e+01
1.275429428538003052e+01 1.265651419194466598e+01
1.292153996582574393e+01 1.280543409122546628e+01
1.310445555341563484e+01 1.300587411852423791e+01
1.327131313988030392e+01 1.320235918722709023e+01
1.345400899580619125e+01 1.322588169820146220e+01
1.363534768081577830e+01 1.354224048269231595e+01
1.382388457868077403e+01 1.371912565594130839e+01
1.398885448988438185e+01 1.381737389533202176e+01
1.417824176317671281e+01 1.409759570167299714e+01
1.435840566906317406e+01 1.426066602969565622e+01
1.453635102303942617e+01 1.438769235063133323e+01
1.472528371870792085e+01 1.460767061012955992e+01
1.490575370883882655e+01 1.482436886936150167e+01
1.507537881796278612e+01 1.490483453915663858e+01
1.527747891777244682e+01 1.508491961497231593e+01
1.546559920284195577e+01 1.532955957450890949e+01
1.564810640075933001e+01 1.548624818029687766e+01
1.583457764357873465e+01 1.566023567953174656e+01
1.603036504574124521e+01 1.584371983594700950e+01
1.623078316439860913e+01 1.595346378725732883e+01
1.641902426589943786e+01 1.617724846120683679e+01
1.660523497292170347e+01 1.642525097299118286e+01
1.679381810865183411e+01 1.661464540965267744e+01
1.699082617979085086e+01 1.680358697554120795e+01
1.716932007173275920e+01 1.689584808837884466e+01
1.736453961091471498e+01 1.705121137554137078e+01
1.756776095404050508e+01 1.726555393734420107e+01
1.776189716326245360e+01 1.742948380711191092e+01
1.796143216418086297e+01 1.766140793970706824e+01
1.815602401654632558e+01 1.783764537921679150e+01
1.834041689483971638e+01 1.800983469004258097e+01
1.852848025407131161e+01 1.818520975035409037e+01
1.872362027642476789e+01 1.836556221484962492e+01
1.893225790310998136e+01 1.846141147518972758e+01
1.910155208466540699e+01 1.880404237241457110e+01
1.929879965630993865e+01 1.899325204361869623e+01
1.949169425829611413e+01 1.900406587822316951e+01
1.968624665056817236e+01 1.930289751488035677e+01
1.986343029201876931e+01 1.948119063807624585e+01
2.005447780486861475e+01 1.964852980973828167e+01
2.021641579724703419e+01 1.972501243308639829e+01
2.043292220360891775e+01 1.998869780136110208e+01
