0.000000000000000000e+00 0.000000000000000000e+00
0.000000000000000000e+00 0.000000000000000000e+00
0.000000000000000000e+00 0.000000000000000000e+00
0.000000000000000000e+00 0.000000000000000000e+00
0.000000000000000000e+00 0.000000000000000000e+00
0.000000000000000000e+00 0.000000000000000000e+00
0.000000000000000000e+00 0.000000000000000000e+00
0.000000000000000000e+00 0.000000000000000000e+00
0.000000000000000000e+00 0.000000000000000000e+00
0.000000000000000000e+00 0.000000000000000000e+00
0.000000000000000000e+00 0.000000000000000000e+00
0.000000000000000000e+00 0.000000000000000000e+00
0.000000000000000000e+00 0.000000000000000000e+00
0.000000000000000000e+00 0.000000000000000000e+00
0.000000000000000000e+00 0.000000000000000000e+00
0.000000000000000000e+00 0.000000000000000000e+00
0.000000000000000000e+00 0.000000000000000000e+00
0.000000000000000000e+00 0.000000000000000000e+00
0.000000000000000000e+00 0.000000000000000000e+00
0.000000000000000000e+00 0.000000000000000000e+00
0.000000000000000000e+00 0.000000000000000000e+00
0.000000000000000000e+00 0.000000000000000000e+00
0.000000000000000000e+00 0.000000000000000000e+00
0.000000000000000000e+00 0.000000000000000000e+00
0.000000000000000000e+00 0.000000000000000000e+00
0.000000000000000000e+00 0.000000000000000000e+00
0.000000000000000000e+00 0.000000000000000000e+00
0.000000000000000000e+00 0.000000000000000000e+00
0.000000000000000000e+00 0.000000000000000000e+00
0.000000000000000000e+00 0.000000000000000000e+00
0.000000000000000000e+00 0.000000000000000000e+00
0.000000000000000000e+00 0.000000000000000000e+00
0.000000000000000000e+00 0.000000000000000000e+00
0.000000000000000000e+00 0.000000000000000000e+00
0.000000000000000000e+00 0.000000000000000000e+00
0.000000000000000000e+00 0.000000000000000000e+00
0.000000000000000000e+00 0.000000000000000000e+00
0.000000000000000000e+00 0.000000000000000000e+00
0.000000000000000000e+00 0.000000000000000000e+00
0.000000000000000000e+00 0.000000000000000000e+00
0.000000000000000000e+00 0.000000000000000000e+00
0.000000000000000000e+00 0.000000000000000000e+00
0.000000000000000000e+00 0.000000000000000000e+00
0.000000000000000000e+00 0.000000000000000000e+00
0.000000000000000000e+00 0.000000000000000000e+00
0.000000000000000000e+00 0.000000000000000000e+00
0.000000000000000000e+00 0.000000000000000000e+00
0.000000000000000000e+00 0.000000000000000000e+00
0.000000000000000000e+00 0.000000000000000000e+00
0.000000000000000000e+00 0.000000000000000000e+00
0.000000000000000000e+00 0.000000000000000000e+00
0.000000000000000000e+00 0.000000000000000000e+00
0.000000000000000000e+00 0.000000000000000000e+00
0.000000000000000000e+00 0.000000000000000000e+00
0.000000000000000000e+00 0.000000000000000000e+00
0.000000000000000000e+00 0.000000000000000000e+00
0.000000000000000000e+00 0.000000000000000000e+00
0.000000000000000000e+00 0.000000000000000000e+00
0.000000000000000000e+00 0.000000000000000000e+00
0.000000000000000000e+00 0.000000000000000000e+00
0.000000000000000000e+00 0.000000000000000000e+00
0.000000000000000000e+00 0.000000000000000000e+00
0.000000000000000000e+00 0.000000000000000000e+00
0.000000000000000000e+00 0.000000000000000000e+00
0.000000000000000000e+00 0.000000000000000000e+00
1.668295050198113361e-01 0.000000000000000000e+00
0.000000000000000000e+00 4.626670372364781736e-01
9.084470884335155150e-01 3.173538562900632964e-01
1.213185070125269549e+00 8.506267534295773869e-01
2.311634802431566271e+00 6.118163958626572363e-01
3.113411491923879559e+00 6.212913224193149730e+00
8.261726079536400036e+00 4.981209659930820877e+00
1.025860961177452779e+01 1.639274177826664314e+01
1.831796176691189260e+01 2.025204648045733791e+01
2.125977428412900494e+01 2.264757308103665068e+01
2.358252682668448230e+01 2.441259766054712088e+01
2.500786907273894499e+01 2.552293412795485850e+01
2.591968328235933328e+01 2.636901970978057008e+01
2.664192110794316903e+01 2.699052988803531505e+01
2.720812664099308265e+01 2.749073816163691220e+01
2.798394715550749012e+01 2.772858518273597284e+01
2.844942989546965961e+01 2.816462462228997055e+01
2.891797866012077733e+01 2.861883497028357226e+01
2.937331958415060384e+01 2.910574975596549052e+01
2.980850080517796385e+01 2.956426443011791960e+01
3.024390518938876227e+01 3.000629531165250796e+01
3.064474850297149544e+01 3.041865462833543177e+01
3.107002622243146206e+01 3.085213240611011543e+01
3.147083710923996236e+01 3.129670574101971425e+01
3.185357570048259035e+01 3.169154265439769702e+01
3.225354611371305680e+01 3.207299349386099152e+01
3.264809980352287511e+01 3.252201532230732539e+01
3.303841291370785882e+01 3.287805067661858516e+01
3.343387615218944120e+01 3.331642961587144214e+01
3.382196387635114831e+01 3.371586115121011318e+01
3.420294727373971000e+01 3.405577874180229969e+01
3.457369889438725608e+01 3.442391110482328997e+01
3.495951533413195023e+01 3.484976886188818668e+01
3.535567933280100306e+01 3.520857373883705321e+01
3.574060228281880569e+01 3.558891650864896405e+01
3.612993482843724280e+01 3.597569624537925392e+01
