0.000000000000000000e+00 0.000000000000000000e+00
0.000000000000000000e+00 0.000000000000000000e+00
3.961012233405564187e-02 -5.069974941726855533e-02
1.508764086402048843e+00 2.415458709690176953e+00
1.986368612074145057e+00 2.201512996103903941e+00
2.248002033485086315e+00 2.246883039639382851e+00
2.293487325419770073e+00 2.310176321139213673e+00
2.372477923638655728e+00 2.353102153122474061e+00
2.436470350546042329e+00 2.580480946046434187e+00
2.597994030541721067e+00 2.828199403404744405e+00
2.818057950348417773e+00 3.052633784603237643e+00
3.062185225603705430e+00 3.259127117990028299e+00
3.211153095476645625e+00 3.464041314861934673e+00
3.375741618069074246e+00 3.639688011592359995e+00
3.499626907903732320e+00 3.806259515999539378e+00
3.747713810244793109e+00 3.949839179752891560e+00
3.941088955094340651e+00 4.099490063329095157e+00
4.123293158907723743e+00 4.241438023660377254e+00
4.261365246173467014e+00 4.383032716313986832e+00
4.403978914020881597e+00 4.518995150150169948e+00
4.560120835581234822e+00 4.658111677674001250e+00
4.707475983564664901e+00 4.801091794286861614e+00
4.847588565571169461e+00 4.939611636946073858e+00
5.053670850382422586e+00 4.971824771700434020e+00
5.110226945825787404e+00 5.203036269678235293e+00
5.239231476862331149e+00 5.344908094562605072e+00
5.383854853438122312e+00 5.486957669038980967e+00
5.615021559631747650e+00 5.523549369334650017e+00
5.639093341262698900e+00 5.766083432625555893e+00
5.905760584243485489e+00 5.769820032784592101e+00
6.048736234183453853e+00 5.899134306655887450e+00
6.187669243605193437e+00 6.039292114521037647e+00
6.213369183752509350e+00 6.335194940385544093e+00
6.340343766094139966e+00 6.479899739260356561e+00
6.620299361536884142e+00 6.483342986849546463e+00
6.780846702694438122e+00 6.649884039841239769e+00
6.919156693930924362e+00 6.734059633738172401e+00
7.071138988809602566e+00 6.936764930885781943e+00
7.077997958288469782e+00 7.219161453813176976e+00
7.372504587598725401e+00 7.179665732528278888e+00
7.357210112921030998e+00 7.511221347845926211e+00
7.659626202691534935e+00 7.469175831058578297e+00
7.805715150856801898e+00 7.651488801201338674e+00
7.954459750533187545e+00 7.784029447853611394e+00
7.882603212099474455e+00 8.080669144189087660e+00
8.236177571170300027e+00 8.108297180052371544e+00
8.382141954477393853e+00 8.234624374499141197e+00
8.535550180632027306e+00 8.391101241101665664e+00
8.693254718136810055e+00 8.519323577801046099e+00
8.670104676686150924e+00 8.817039794244381667e+00
8.983642343369185213e+00 8.805880829451664837e+00
9.149973436464957643e+00 8.967045459304500810e+00
9.292958213595440498e+00 9.156560055637667617e+00
9.451898523776515404e+00 9.301087186190015288e+00
9.599631575719744347e+00 9.459422185977553355e+00
9.756257677914264903e+00 9.628780173152255983e+00
9.909765061005284537e+00 9.742747660922862707e+00
1.006605477168950280e+01 9.909889164000107442e+00
1.021563367455865468e+01 1.009722996942190676e+01
1.037787451732902255e+01 1.025524350592437806e+01
1.052542029182629513e+01 1.037672084256841387e+01
1.068428368539263040e+01 1.057033653730380429e+01
1.084981365646889273e+01 1.067485285763207514e+01
1.098954187468114796e+01 1.086124147721352351e+01
1.116590324902010600e+01 1.104490438372096328e+01
1.131990012721158578e+01 1.117400095071663557e+01
1.147775167955998832e+01 1.133761550067563029e+01
1.164633978836989847e+01 1.152257550063600711e+01
1.180358579741811731e+01 1.165427463545703368e+01
1.196369414525605990e+01 1.182473577298000755e+01
1.210879184729696689e+01 1.195422352035873104e+01
1.228068468898769261e+01 1.212255761591543468e+01
1.243565526986463432e+01 1.225009771311971996e+01
1.258603943525671198e+01 1.243990988253378482e+01
1.276910088714248559e+01 1.260510108407551044e+01
1.291488625624099384e+01 1.275272236926302760e+01
1.308768449109463816e+01 1.286270624871674961e+01
1.323740133379807915e+01 1.307619017875532386e+01
1.339923109020969605e+01 1.321396100984800803e+01
1.355342525630915773e+01 1.341721603348077352e+01
1.372546944953530890e+01 1.358146347523565822e+01
1.387392929466125224e+01 1.378514422262308692e+01
1.403516233671500935e+01 1.384125571782654696e+01
1.419131945439029430e+01 1.405290827808858545e+01
1.436033817746439745e+01 1.418981902924895877e+01
1.451694426643908997e+01 1.435135420140943552e+01
1.467439737749820061e+01 1.450095502097390820e+01
1.484163658309328682e+01 1.466875429234365669e+01
1.498081663638023819e+01 1.477903124855480499e+01
1.514550666049026439e+01 1.502672872087781464e+01
1.531077742258397301e+01 1.514934828337129602e+01
1.546533260148323485e+01 1.528253033695529695e+01
1.562232238277839436e+01 1.547808964281039401e+01
1.578386240650014116e+01 1.558140968230420853e+01
1.594925624347491500e+01 1.579583337874876747e+01
1.611035535953145370e+01 1.593791856768138437e+01
1.627362765204702910e+01 1.619256869154207124e+01
1.643092339834853632e+01 1.628275152853852248e+01
1.661354337512603152e+01 1.650375197012194661e+01
1.676761770064387136e+01 1.664589933247791365e+01
1.692068766507378186e+01 1.684194746755349215e+01
