0.000000000000000000e+00 0.000000000000000000e+00
1.024670291051317500e-04 0.000000000000000000e+00
5.325662360669161741e-04 0.000000000000000000e+00
1.866499273916260443e-02 0.000000000000000000e+00
9.000605590603862061e-02 3.360584879575118783e-02
1.603657484771180419e-01 4.081049195292928422e-01
4.014276657585771346e-01 5.175518215359723451e-01
6.242267852614074020e-01 5.965457359985193442e-01
7.219864985604227403e-01 7.043010962889380000e-01
8.158695322798781291e-01 7.936544158255239845e-01
9.112043802008985560e-01 8.742873791047339749e-01
1.004690994851866304e+00 9.615474440435262116e-01
1.095548953925287394e+00 1.050127602976718588e+00
1.183633583540848022e+00 1.166972248093510744e+00
1.278235821726257049e+00 1.243751956657913826e+00
1.369211060197631946e+00 1.334248243176642701e+00
1.463312478259984895e+00 1.446559383759173256e+00
1.556463764834697949e+00 1.526307657038652010e+00
1.649885591858442968e+00 1.611707451479892805e+00
1.739397582245127971e+00 1.716336390353630836e+00
1.836460627904887177e+00 1.801837627403352959e+00
1.925078556845476463e+00 1.893595116998791683e+00
2.019140878367028602e+00 1.972447359371670261e+00
2.105362913390718127e+00 2.059752886185895804e+00
2.198877194951242675e+00 2.158858642696764640e+00
2.288973310042074605e+00 2.246371001927916833e+00
2.381899708821068273e+00 2.322352744113484579e+00
2.476030618081986212e+00 2.419634843763625032e+00
2.565600004911470666e+00 2.520855651818644905e+00
2.658979394700832888e+00 2.600525966912992537e+00
2.751117757137592434e+00 2.689817440930278636e+00
2.844044414680184651e+00 2.789052469330823403e+00
2.935701774480998338e+00 2.867413665800194966e+00
3.024720530975110400e+00 2.967540865410192463e+00
3.115143618052868213e+00 3.073325698438615472e+00
3.205019419566432770e+00 3.143451284090771569e+00
3.299930957253247144e+00 3.220819323857019079e+00
3.389958216078255759e+00 3.335104524634730172e+00
3.480487437685483076e+00 3.415013602843091967e+00
3.569005518328093096e+00 3.507295955700229673e+00
3.663937602672034277e+00 3.616091728615106415e+00
3.761329482994796969e+00 3.692800687971510509e+00
3.848463073249491107e+00 3.777693783364246549e+00
3.946151449836082570e+00 3.882282225700814049e+00
4.037599688065335535e+00 3.948944967889596480e+00
4.125094027384902162e+00 4.047889528095126366e+00
4.220768351002525343e+00 4.148947127334783325e+00
4.307883557099321692e+00 4.234183520252528865e+00
4.398182754066414013e+00 4.316471145970410817e+00
4.486103608102255613e+00 4.394056598084259413e+00
4.576203666877433740e+00 4.507061449047686352e+00
4.667620756521237091e+00 4.620691259499382753e+00
4.763495796522647652e+00 4.678855974339208856e+00
4.851311880489316941e+00 4.764760851349897131e+00
4.943007181369065250e+00 4.872072543471674955e+00
5.037026708434460431e+00 4.951871291665310260e+00
5.126797883011294132e+00 5.058424865314576913e+00
5.220845814672275154e+00 5.136887208226245782e+00
5.309306530406517233e+00 5.258680698527300912e+00
5.403468276693014438e+00 5.323684129028842804e+00
5.493437652837465990e+00 5.414278408717353663e+00
5.588984738765007343e+00 5.480407997891525440e+00
5.681481300684256830e+00 5.590630442163297076e+00
5.773813561587433085e+00 5.668680103274199134e+00
5.870572420882337994e+00 5.769383689797622949e+00
5.961192340766028330e+00 5.881032926156111174e+00
6.050848932932765045e+00 5.960415470741287969e+00
6.145125926773559399e+00 6.054283325783258007e+00
6.237213771755930836e+00 6.107950911260031646e+00
6.327908201987233916e+00 6.234453341162797813e+00
6.423213085451194182e+00 6.276258103746978456e+00
6.516412192354116506e+00 6.407115437962076498e+00
6.604248053459759404e+00 6.516013953046245533e+00
6.701170015210077935e+00 6.579420156329530478e+00
6.793195325149122610e+00 6.693294308435191908e+00
6.889596353198797374e+00 6.746462866219318677e+00
6.970427143841238404e+00 6.865759649579443291e+00
7.063317057172224800e+00 6.955351216182750207e+00
7.157828860212241295e+00 7.029444955817566232e+00
7.243943029580624859e+00 7.130688351634858257e+00
7.348863967388941987e+00 7.198032569681108050e+00
7.439252065401946723e+00 7.326108757056918108e+00
7.530956107026553603e+00 7.404230730112788095e+00
7.622796300918692758e+00 7.488161944460785868e+00
7.717437032641609740e+00 7.597359003201228589e+00
7.805947625252496636e+00 7.680042964153323659e+00
7.899383640339136647e+00 7.784859795311436237e+00
7.992843170377678774e+00 7.924206937756999025e+00
8.079700937170095187e+00 7.999086277584157578e+00
8.181242398968050722e+00 8.056893870011961667e+00
8.265989670810567347e+00 8.156829664486854981e+00
8.355359454751351223e+00 8.218420844562830396e+00
8.446208369921095027e+00 8.319806947575623113e+00
8.538823573890962138e+00 8.428568844152291462e+00
8.631479365098490675e+00 8.529870080017264655e+00
8.722602921930496578e+00 8.601041836174269761e+00
8.811240427650105289e+00 8.729871199297397411e+00
8.904791101859398594e+00 8.779597716407216978e+00
8.997661215115243749e+00 8.864084266844963977e+00
9.086461999996327421e+00 8.953281248494812772e+00
9.186148054500854698e+00 9.086819179580906791e+00
