0.000000000000000000e+00 -1.533680168334324717e-03
4.892899742335518609e-03 0.000000000000000000e+00
4.873965305989314684e-02 0.000000000000000000e+00
1.743654204494273219e-01 3.008558134368678055e-02
2.949420393649939687e-01 1.467600075125898296e-01
3.891316229626329837e-01 3.433441593824601012e-01
4.812499731966687899e-01 4.527360828905783174e-01
5.728334806596950823e-01 5.576021210630339731e-01
6.596530539137213101e-01 6.305956482391442686e-01
7.438260762838824203e-01 7.044192887439510997e-01
8.286962339727218518e-01 8.003529692250166416e-01
9.131146162984812298e-01 8.692161564183478184e-01
9.987903368862441900e-01 9.572659146123002616e-01
1.083373886702474254e+00 1.043786867323563072e+00
1.162864529324292295e+00 1.128327062061923458e+00
1.248468418846332195e+00 1.221575124974128901e+00
1.330920583790992318e+00 1.293250371521759812e+00
1.414118221634581563e+00 1.389875577250037519e+00
1.496437151680346966e+00 1.458844489964417734e+00
1.581100936429798320e+00 1.547746866675018262e+00
1.665204601319048683e+00 1.627136984900547478e+00
1.741212605173576788e+00 1.709233855601538510e+00
1.824125466882833058e+00 1.785591991979744053e+00
1.913990459633622354e+00 1.871946791516627240e+00
1.994150523206504655e+00 1.950859417943836771e+00
2.077827066941958734e+00 2.022154902080091965e+00
2.162999032818575085e+00 2.109082429877618292e+00
2.247700898041059325e+00 2.194863492111294168e+00
2.332458721145057812e+00 2.285526908164170479e+00
2.414951238678979539e+00 2.356638373570941969e+00
2.495142857321309027e+00 2.433314532479718739e+00
2.576850189453678386e+00 2.530914876966555926e+00
2.661055256302403471e+00 2.601886154076204161e+00
2.746066529570918568e+00 2.691055185145230233e+00
2.827788316930301082e+00 2.775959818328464834e+00
2.914330575905032639e+00 2.848985821769594473e+00
2.999192351578074511e+00 2.939534281031871643e+00
3.084402144657036438e+00 2.995784182771471293e+00
3.165307742523525647e+00 3.109160187585556567e+00
3.250287990767322555e+00 3.177082144417379794e+00
3.332092867783431167e+00 3.263136434336799230e+00
3.415741477719721697e+00 3.329292114125954161e+00
3.498018868598182785e+00 3.447343860585003750e+00
3.576391316734167880e+00 3.529891809644289946e+00
3.665086187342879942e+00 3.572299953870811340e+00
3.749128742713028650e+00 3.680866495004641692e+00
3.834220152641665713e+00 3.766671541790913125e+00
3.914916211933993306e+00 3.845392666755158562e+00
3.998452087611402472e+00 3.930444677123271280e+00
4.084122714199342141e+00 3.994058819420289730e+00
4.166056323954243190e+00 4.086604155727830090e+00
4.247391742536083648e+00 4.159189891126039207e+00
4.330043692927936227e+00 4.247581694471589842e+00
4.414862522223176988e+00 4.331852012792889006e+00
4.496754102889275906e+00 4.408317936680237636e+00
4.580898427656027394e+00 4.494116470142712316e+00
4.659974965011546288e+00 4.569986536722144166e+00
4.741989975381001088e+00 4.649917596052699942e+00
4.827277200724589434e+00 4.759781037460530051e+00
4.911971487363341993e+00 4.810130839047085161e+00
4.988739909339546585e+00 4.891024832350725937e+00
5.069371889126616182e+00 5.000799243174795627e+00
5.152520583597634207e+00 5.057643799414975661e+00
5.238970107393745579e+00 5.171862912767036136e+00
5.323577826958558745e+00 5.219516091781706280e+00
5.402448858333380954e+00 5.314556075149351244e+00
5.492257387890572495e+00 5.403667457437243193e+00
5.571454161919151105e+00 5.491485140098892437e+00
5.660061380179815416e+00 5.562806105028652581e+00
5.739145225191213839e+00 5.665771299925402182e+00
5.828533325826056988e+00 5.747311500730019951e+00
5.906022371009176375e+00 5.794739341426980772e+00
5.996532839290263261e+00 5.888562149179999317e+00
6.075599217257229512e+00 5.999573071531955293e+00
6.160794652484559819e+00 6.072259438633961004e+00
6.237574822787146367e+00 6.144778171117158294e+00
6.321002676636672035e+00 6.225759843753201572e+00
6.399202126966265780e+00 6.291453965471833776e+00
6.489697955252664130e+00 6.369770196664447326e+00
6.571213899692041061e+00 6.469158015352507007e+00
6.651804320838946794e+00 6.549303533453932680e+00
6.730285392020784130e+00 6.626945849480582851e+00
6.821594493739390863e+00 6.704088817851470594e+00
6.897279030627535334e+00 6.815230007192943695e+00
6.985400170086402127e+00 6.909507736666265387e+00
7.073056977256352518e+00 6.956080361208548446e+00
7.154705685598328202e+00 7.040012940636201755e+00
7.239346441808825361e+00 7.158529195603564155e+00
7.323855402593852482e+00 7.197528929059231473e+00
7.406524865816328962e+00 7.339314653677149636e+00
7.489278405331313948e+00 7.373876730163203774e+00
7.578212998153993851e+00 7.476918298708725708e+00
7.660077649444255066e+00 7.527467364467563371e+00
7.741143887111188171e+00 7.619323428166735468e+00
7.831099129167190753e+00 7.743483593253086994e+00
7.912500797234955918e+00 7.805852500286243334e+00
7.992874875906346155e+00 7.883184805089343605e+00
8.073930572630734659e+00 7.975262430946386871e+00
8.157146910948270602e+00 8.025940311262154125e+00
8.240570366380010725e+00 8.127673144905342539e+00
8.324291740879310453e+00 8.200318558769104982e+00
