0.000000000000000000e+00 0.000000000000000000e+00
1.946413091008250117e-03 0.000000000000000000e+00
1.419145469444808676e-03 0.000000000000000000e+00
3.023258579954699390e-02 0.000000000000000000e+00
8.189977349259927597e-02 0.000000000000000000e+00
2.037289873304250765e-01 1.528241904435272691e-01
2.095250613737711654e-01 6.346225526192443844e-01
6.431275873997165382e-01 7.716972839448832389e-01
8.617052319254024928e-01 8.725030309172765453e-01
9.704577539104147776e-01 9.783804735464044500e-01
1.089627811224733511e+00 1.080172668671623315e+00
1.198314191624626934e+00 1.176826527030772507e+00
1.303961235428071852e+00 1.278172468911130233e+00
1.410327153496119701e+00 1.395285302007881478e+00
1.521574651319914429e+00 1.505654398403331484e+00
1.628707808564860748e+00 1.605322984239706985e+00
1.739537055668030074e+00 1.713390465295702603e+00
1.843494995262685343e+00 1.813474535151865963e+00
1.955102930350588020e+00 1.909679083627265683e+00
2.062506064643403025e+00 2.018796177780272316e+00
2.163204364213563213e+00 2.135146082322546324e+00
2.269539228234618733e+00 2.240936737328429906e+00
2.375479888695244401e+00 2.349012492769401828e+00
2.484890049604170592e+00 2.441979444686459999e+00
2.598458496467153545e+00 2.557424739734964980e+00
2.707036705034878477e+00 2.649219818121189896e+00
2.817095238913402966e+00 2.768692634499144045e+00
2.926845222822401560e+00 2.879677835048374490e+00
3.035292105209320912e+00 2.977882084519686501e+00
3.141557515854799032e+00 3.077365953982472035e+00
3.252017906005964853e+00 3.203670849319925740e+00
3.359801397103416853e+00 3.286598244794167289e+00
3.466122016306638187e+00 3.407707332978916259e+00
3.570424296623068372e+00 3.499502956691165956e+00
3.681574636101017983e+00 3.606337054062852321e+00
3.788594804529498372e+00 3.720967101383282571e+00
3.892480621998506418e+00 3.835495863159164021e+00
4.008249506884888014e+00 3.950257579952785481e+00
4.120001668449306820e+00 4.045389502360363210e+00
4.229087691934229731e+00 4.133864432101883146e+00
4.336095684104743775e+00 4.259799880165264341e+00
4.443226616072022850e+00 4.336569596707032126e+00
4.549006280085732712e+00 4.479588698030342542e+00
4.662138003026291777e+00 4.575368693399710196e+00
4.767279073753678098e+00 4.675390990400607905e+00
4.877830189531946914e+00 4.774980003289485353e+00
4.988681170225313544e+00 4.863483885288848896e+00
5.097159166177437584e+00 5.011874565558313677e+00
5.205605238687269321e+00 5.097841751339067251e+00
5.311197959524619705e+00 5.213142799588342591e+00
5.416006467381988543e+00 5.329807164799708730e+00
5.524987537111651470e+00 5.430440745112480982e+00
5.632048618951825958e+00 5.561980550944893409e+00
5.739649955748002519e+00 5.646934034855402906e+00
5.848235595108293161e+00 5.739185927584879110e+00
5.956685449922785480e+00 5.851849390431162590e+00
6.064879543956773311e+00 5.968172108041235546e+00
6.175915400682821854e+00 6.063506012708641535e+00
6.281601758311224692e+00 6.203574232500328023e+00
6.385484363788668460e+00 6.288185353174520209e+00
6.493008982421767605e+00 6.389586869763204113e+00
6.605031639226061735e+00 6.501139238060206438e+00
6.707569688823213028e+00 6.598260066043827088e+00
6.811508528527321360e+00 6.680921929653743874e+00
6.918082278139294772e+00 6.828207348627581830e+00
7.033579689608694174e+00 6.933452401115945740e+00
7.143845798567734384e+00 7.024941097857919203e+00
7.253810467336617052e+00 7.114697267277000137e+00
7.356485283703778855e+00 7.299175447868706534e+00
7.463981004907799921e+00 7.320006800206782849e+00
7.574170900211515622e+00 7.498986301009388455e+00
7.688483213926128990e+00 7.566050251244516467e+00
7.801415904248791833e+00 7.638887666019175349e+00
7.907894131554325412e+00 7.763529272214126031e+00
8.014527065430920416e+00 7.890096862622117513e+00
8.117682995934782042e+00 7.983190078284480684e+00
8.226264057890318782e+00 8.085822650644276521e+00
8.341616238044085918e+00 8.230483558272569056e+00
8.444462772534530259e+00 8.283486119299086070e+00
8.556811104099933729e+00 8.460401971415468125e+00
8.667206065874577092e+00 8.569667526747332786e+00
8.770273073761144289e+00 8.638769357976457286e+00
8.877174895277738287e+00 8.720976030277089563e+00
8.983743758261685031e+00 8.868266030663706445e+00
9.096573424054414048e+00 8.980175315942219072e+00
9.200818537717941226e+00 9.058114830526674766e+00
9.313249109286072525e+00 9.188888254538928990e+00
9.414150405246113351e+00 9.289179378479307303e+00
9.522283166682877109e+00 9.399761806905384987e+00
9.623605745588932336e+00 9.526305880828870087e+00
9.733522553648182196e+00 9.636675973567932374e+00
9.839421679649577257e+00 9.705478773892229682e+00
9.947613232650457604e+00 9.831616619091626319e+00
1.005351412673654110e+01 9.928434998070610362e+00
1.016188761001610352e+01 1.009767837563886417e+01
1.027176005360688649e+01 1.012144834199353660e+01
1.038480403482174097e+01 1.023084462819975826e+01
1.048880939403326984e+01 1.035192550927068922e+01
1.059334690849731864e+01 1.041428209415193251e+01
1.070863085578555385e+01 1.054781698675286350e+01
1.081494917167011138e+01 1.065283697681819319e+01
