0.000000000000000000e+00 0.000000000000000000e+00
0.000000000000000000e+00 0.000000000000000000e+00
0.000000000000000000e+00 0.000000000000000000e+00
2.496019796241318901e-03 0.000000000000000000e+00
2.059081637484345695e-01 4.486255428043103149e-02
1.603320620897915827e+00 2.156649226544078424e+00
2.492961162875003023e+00 2.533146959526495490e+00
2.636324840061284647e+00 2.698470726386502427e+00
2.758961757818839899e+00 2.800389951104450770e+00
2.909797771153541657e+00 2.955364324139293508e+00
3.086337448292220564e+00 3.208642575424229371e+00
3.283614629542030983e+00 3.470676673705802351e+00
3.495571249595848418e+00 3.728489239931680466e+00
3.666743337480488307e+00 3.963721220521540634e+00
3.901470663618685997e+00 4.168166346383355148e+00
4.149397807844581898e+00 4.365793199701091254e+00
4.375419886916647627e+00 4.554597500514271147e+00
4.608972985152258062e+00 4.741879518748092437e+00
4.806890138736115148e+00 4.916508912574334644e+00
5.019274572985210625e+00 5.102872623840145394e+00
5.200517963597386384e+00 5.275650081498866939e+00
5.358406789208763676e+00 5.444862692606185384e+00
5.535941851193104668e+00 5.629426102267873766e+00
5.701551907468749292e+00 5.809478792243009337e+00
5.885755268439645249e+00 5.984755979394038583e+00
6.045708211514727815e+00 6.161398087173613369e+00
6.225778358162710191e+00 6.327254243485789686e+00
6.478712489864901336e+00 6.381011702394117080e+00
6.635732356800860821e+00 6.534372123167302426e+00
6.693814051029033152e+00 6.821734994817966857e+00
6.880198544348315792e+00 6.982892054063852605e+00
7.133632873737311364e+00 7.033534155336763405e+00
7.303163698244213187e+00 7.208920485506551401e+00
7.467288592860622742e+00 7.384288596357484025e+00
7.640621844053769429e+00 7.565462562591340756e+00
7.811158757744466996e+00 7.743832423582814428e+00
7.907694056211448164e+00 7.996661179154860299e+00
8.164390385357194191e+00 8.093532920204889791e+00
8.338185370104623573e+00 8.237243027491805591e+00
8.507431993190992969e+00 8.459906799201915462e+00
8.600317093944964242e+00 8.691514224672957312e+00
8.814805965674468169e+00 8.872040087599161851e+00
8.959463604203385501e+00 9.059671303275706578e+00
9.237814620686142675e+00 9.143386605765883246e+00
9.422637769669828245e+00 9.313930089338386509e+00
9.595288823522308164e+00 9.492670919144005737e+00
9.779057365634940879e+00 9.689926914227635635e+00
9.956051888402708272e+00 9.834003191044487835e+00
1.003916610684647104e+01 1.013222088682793398e+01
1.024708024776608895e+01 1.031053157423562361e+01
1.050660579953462737e+01 1.043457993916220161e+01
1.059454766527780301e+01 1.068543489021328341e+01
1.078110680716732794e+01 1.086062582940890842e+01
1.094858821368987911e+01 1.105570349984554746e+01
1.123762685685080775e+01 1.118082385915210963e+01
1.143880008903083123e+01 1.131282502058367712e+01
1.162383222977903152e+01 1.149556463729215139e+01
1.181763388154510075e+01 1.173960256874012487e+01
1.191187196201795651e+01 1.198748375610049166e+01
1.218711547277548490e+01 1.208728845092327120e+01
1.229004966249957320e+01 1.234919277451484376e+01
1.255830584494712276e+01 1.241933003722953899e+01
1.256848950544021015e+01 1.272940065312886126e+01
1.274227546323611904e+01 1.289553556602957052e+01
1.310196673561255487e+01 1.299996031627765625e+01
1.328830692399273339e+01 1.319368866503887183e+01
1.335750965177235017e+01 1.344235128865849482e+01
1.353200629954417167e+01 1.363488455812503730e+01
1.383558792934148052e+01 1.367705451861581700e+01
1.394922142126259779e+01 1.401219805152031483e+01
1.420877958602725322e+01 1.412877939485648326e+01
1.439732203927498233e+01 1.427489318567973875e+01
1.451954993279638373e+01 1.457613638313200610e+01
1.478557948594520433e+01 1.459573605217646630e+01
1.496385361337786790e+01 1.483229347954381971e+01
1.500753444854677809e+01 1.512903108962888155e+01
1.532467677478689616e+01 1.521424693276679463e+01
1.551518382386083950e+01 1.541808310622783829e+01
1.571889690848090204e+01 1.562062612463564015e+01
1.590844338957126425e+01 1.577288525034590805e+01
1.609191374207869174e+01 1.594734271700295558e+01
1.614035697076241505e+01 1.625524016246114201e+01
1.647846977067376173e+01 1.626008452770526702e+01
1.668264020039760354e+01 1.650864548812347010e+01
1.674201494391764555e+01 1.683625658419448001e+01
1.706774817181654669e+01 1.689353122554561892e+01
1.725656858637338686e+01 1.703980571752713757e+01
1.745889618432302015e+01 1.731039394198234760e+01
1.752800510396382450e+01 1.762288742619048421e+01
1.783962589219767025e+01 1.773152619303882460e+01
1.803291609040178400e+01 1.787136676559955006e+01
1.822082285031468984e+01 1.810427263139560949e+01
1.841635512749656556e+01 1.825308534911573588e+01
1.861536494012349152e+01 1.838755711860979858e+01
1.880771843654540376e+01 1.866246013157308781e+01
1.901797783822964760e+01 1.875967545725379892e+01
1.919482769794452892e+01 1.902761806043646331e+01
1.921565521162616008e+01 1.934433460163091212e+01
1.956936051332285587e+01 1.940427827361365232e+01
1.974317972391299136e+01 1.953533904278749489e+01
1.995555550210362838e+01 1.978485766196448736e+01
