0.000000000000000000e+00 0.000000000000000000e+00
0.000000000000000000e+00 0.000000000000000000e+00
0.000000000000000000e+00 0.000000000000000000e+00
0.000000000000000000e+00 0.000000000000000000e+00
0.000000000000000000e+00 0.000000000000000000e+00
0.000000000000000000e+00 0.000000000000000000e+00
0.000000000000000000e+00 0.000000000000000000e+00
0.000000000000000000e+00 0.000000000000000000e+00
0.000000000000000000e+00 0.000000000000000000e+00
0.000000000000000000e+00 0.000000000000000000e+00
0.000000000000000000e+00 0.000000000000000000e+00
0.000000000000000000e+00 0.000000000000000000e+00
0.000000000000000000e+00 0.000000000000000000e+00
0.000000000000000000e+00 0.000000000000000000e+00
0.000000000000000000e+00 0.000000000000000000e+00
0.000000000000000000e+00 0.000000000000000000e+00
0.000000000000000000e+00 0.000000000000000000e+00
0.000000000000000000e+00 0.000000000000000000e+00
0.000000000000000000e+00 0.000000000000000000e+00
0.000000000000000000e+00 0.000000000000000000e+00
0.000000000000000000e+00 0.000000000000000000e+00
4.338173208013165194e-01 2.554472990419159650e+00
5.877846109111515283e-01 1.221525600769352682e+00
1.833688672757534111e-01 6.669406940025920605e+00
6.335760861889905726e+00 7.229030949992258925e+00
6.927908591750598255e+00 7.325956504841787620e+00
7.373948232253264123e+00 7.507944404491690094e+00
7.541815864110169798e+00 7.660800393407601661e+00
7.757756612068752666e+00 7.687834856310849396e+00
7.829831210139754027e+00 7.965914750485412199e+00
8.041038691750326706e+00 7.980616884369684527e+00
8.134497078163882122e+00 8.272301847081788395e+00
8.271785939574712643e+00 8.427952443533952120e+00
8.466022903943301259e+00 8.567775946797890896e+00
8.624496863273039438e+00 8.702045949848772111e+00
8.840818945479339774e+00 8.782555143901118910e+00
8.987246879964343904e+00 8.905126531519476529e+00
9.131320065826598054e+00 9.071071239558564869e+00
9.287218929512830456e+00 9.202913554418930886e+00
9.441423077546247100e+00 9.342331736868597858e+00
9.597878831825516599e+00 9.509336917530562872e+00
9.749557622146928892e+00 9.602357929176044138e+00
9.905725251441870327e+00 9.758025913780466354e+00
1.006840412692827691e+01 9.869640076383312532e+00
1.022865981724160989e+01 1.009906674255420889e+01
1.039188106283966739e+01 1.025971832042325715e+01
1.055374124677595127e+01 1.041309960302664628e+01
1.071697930416279121e+01 1.056520144819717721e+01
1.089297424133398273e+01 1.074482853004669636e+01
1.105227974488855658e+01 1.088773259270590543e+01
1.121862363264146190e+01 1.108150407462635023e+01
1.138744249159714705e+01 1.121542999926459139e+01
1.155452377820784449e+01 1.139273654537242209e+01
1.172029490907520710e+01 1.159709675034883070e+01
1.189670375995721585e+01 1.173950997428104870e+01
1.207659454512916142e+01 1.185335755359708365e+01
1.225237356821803658e+01 1.211100344862034817e+01
1.243368017567828510e+01 1.226107824925496814e+01
1.261472062589838927e+01 1.235988221520159058e+01
1.279114495753683656e+01 1.258963561323687408e+01
1.295509669176940015e+01 1.272167341388933615e+01
1.313646821836983491e+01 1.296156653448766249e+01
1.332264742866067309e+01 1.310391618916535883e+01
1.348937283965670630e+01 1.327924308639817141e+01
1.368013040039946659e+01 1.350424279900768632e+01
1.384911115908401946e+01 1.356430072323352221e+01
1.402630570016536993e+01 1.376186743120850053e+01
1.421444191805731450e+01 1.394045984543254590e+01
1.440294376898067519e+01 1.414845712493135288e+01
1.459079664870938053e+01 1.423581316226720084e+01
1.476977524671355013e+01 1.446689469534260652e+01
1.495433752133290639e+01 1.464409400370413650e+01
1.513975612049295627e+01 1.483951989249059444e+01
1.531498583981564998e+01 1.507554716731271682e+01
1.550720732201148699e+01 1.522384555587684574e+01
1.569296253474173852e+01 1.540129208893884893e+01
1.587270370698971433e+01 1.557045944757106426e+01
1.606309110539550744e+01 1.570001535961883121e+01
1.623573272503871934e+01 1.588265815740973608e+01
1.641916806854765554e+01 1.606376263067774346e+01
1.659361639307816461e+01 1.633737707646563564e+01
1.677223391473410175e+01 1.644465673829493113e+01
1.695364711514785583e+01 1.654551061293669534e+01
1.713840349014748554e+01 1.674783074675778494e+01
1.731977795304625189e+01 1.693451817443783725e+01
1.749462787477864012e+01 1.711414943325814875e+01
1.767956860415102938e+01 1.728954199479011677e+01
1.787450772399133569e+01 1.748962207188755968e+01
1.806627533326254564e+01 1.765365486579282361e+01
1.826285456624441395e+01 1.792942481515484943e+01
1.845281086099098644e+01 1.812076179153345024e+01
1.863641833737467124e+01 1.827027467645715220e+01
1.882651906703611644e+01 1.844400082821266196e+01
1.901601511977633763e+01 1.860418841171949467e+01
1.919166631910085741e+01 1.874372529619186167e+01
1.938536552236207910e+01 1.901598802734990201e+01
1.959124799499997138e+01 1.915320410161343645e+01
1.977372493462944192e+01 1.934676932040780528e+01
1.995998648740043535e+01 1.953820362577457459e+01
2.016440288034634420e+01 1.969926909350749256e+01
2.034669820931561546e+01 1.989758736517296711e+01
