0.000000000000000000e+00 0.000000000000000000e+00
0.000000000000000000e+00 0.000000000000000000e+00
0.000000000000000000e+00 0.000000000000000000e+00
0.000000000000000000e+00 0.000000000000000000e+00
0.000000000000000000e+00 0.000000000000000000e+00
0.000000000000000000e+00 0.000000000000000000e+00
0.000000000000000000e+00 0.000000000000000000e+00
0.000000000000000000e+00 0.000000000000000000e+00
0.000000000000000000e+00 0.000000000000000000e+00
0.000000000000000000e+00 0.000000000000000000e+00
0.000000000000000000e+00 0.000000000000000000e+00
0.000000000000000000e+00 0.000000000000000000e+00
0.000000000000000000e+00 0.000000000000000000e+00
0.000000000000000000e+00 0.000000000000000000e+00
2.511879821938515778e-01 9.190727472673106135e-02
4.850952165815073158e+00 6.139318329372591698e+00
5.566822700061767826e+00 5.926848520031108514e+00
5.795797442024767321e+00 5.907653602957426031e+00
6.000610045651283642e+00 6.088689276749907009e+00
6.095363358279312749e+00 6.215924669445827000e+00
6.245705366140745340e+00 6.327144910022684421e+00
6.417881110441435943e+00 6.285224380917025400e+00
6.498111315246324793e+00 6.622767187832959479e+00
6.701574317548824489e+00 6.697775315688766717e+00
6.902617471522473735e+00 6.996133934390513787e+00
7.009430658330073172e+00 7.191844690501816295e+00
7.197162991902024132e+00 7.377362070189363408e+00
7.457996749244311552e+00 7.349470721350783720e+00
7.489629716053297415e+00 7.693161510022629379e+00
7.683084564034906805e+00 7.846529890878061408e+00
7.921098646205087412e+00 7.991696401569010177e+00
8.075990750601636847e+00 8.139622206108603208e+00
8.242502108023607832e+00 8.283200192223665326e+00
8.389191860748370644e+00 8.428904658990752807e+00
8.565052689026396493e+00 8.544496661891024303e+00
8.710540849642308459e+00 8.689023746761600719e+00
8.869848340396345066e+00 8.839754936591797119e+00
9.021263390897008350e+00 8.989293941225110274e+00
9.138840800578387658e+00 9.177113636077100622e+00
9.282732308054063353e+00 9.335001337383109998e+00
9.488691166400119670e+00 9.454640471865458196e+00
9.655562957894488818e+00 9.608153510738786096e+00
9.817827955879387503e+00 9.744564818813845619e+00
9.975133183080801658e+00 9.917769846027155722e+00
1.014235940030304128e+01 1.007842794716468049e+01
1.025133999184610900e+01 1.030069171365336977e+01
1.046547457642781431e+01 1.038842249939934170e+01
1.063247808180529930e+01 1.053833820030459023e+01
1.080832870398388401e+01 1.077645605184245703e+01
1.097363406527442997e+01 1.089910820342909226e+01
1.115641380840390440e+01 1.103958428936461367e+01
1.132608697713723345e+01 1.120843221631826658e+01
1.150259283056175796e+01 1.139626539774832992e+01
1.166724388412431423e+01 1.155813993912755500e+01
1.185026090747545879e+01 1.177617915490987066e+01
1.202009002409412020e+01 1.193321346402307803e+01
1.219962908801126922e+01 1.207418819636673391e+01
1.238302004642183718e+01 1.225346210329324670e+01
1.255350099423535148e+01 1.242012867274718069e+01
1.272982258173147763e+01 1.260622665866879544e+01
1.290524817412842751e+01 1.277168550197052532e+01
1.308699627983926561e+01 1.299398688546713565e+01
1.326169828674519913e+01 1.316351300827047233e+01
1.344527989451564842e+01 1.331722539221903467e+01
1.362125722620924506e+01 1.353696419769631554e+01
1.380107676561240204e+01 1.369897288864913953e+01
1.399480880883006684e+01 1.385066599877680105e+01
1.418971510361059707e+01 1.401539949605738045e+01
1.436132050436354568e+01 1.422007980271031613e+01
1.456795820960144283e+01 1.437374300566590435e+01
1.473932260780359904e+01 1.455923998892091475e+01
1.493823061445729294e+01 1.478600901718862737e+01
1.512793147403425209e+01 1.493217098987236291e+01
1.531301441022189280e+01 1.514272044631106873e+01
1.549463073922712297e+01 1.536358656752026164e+01
1.568831009996462811e+01 1.549797117747588970e+01
1.587840861413327964e+01 1.560912350236476165e+01
1.605417931376820917e+01 1.587820713112198945e+01
1.624090626318332653e+01 1.603146760946592764e+01
1.642271305956265337e+01 1.624632854093701084e+01
1.662529037127308484e+01 1.642400346522688181e+01
1.680031307676843966e+01 1.660806617730016654e+01
1.697225608231642013e+01 1.675509392991522972e+01
1.716438227004383421e+01 1.684281607185738139e+01
1.734248745561482252e+01 1.708963867169926587e+01
1.753360583191760824e+01 1.731195036388174557e+01
1.771855854190449975e+01 1.748009808815358923e+01
1.791022177778558699e+01 1.759408131371899842e+01
1.808500559301364063e+01 1.784153098075173816e+01
1.827933626075182971e+01 1.805871081193554772e+01
1.846139078134311617e+01 1.810749593059485463e+01
1.864921907359191167e+01 1.838360946752026592e+01
1.883773903680096495e+01 1.858418724281341383e+01
1.902763309781425605e+01 1.874039431676006728e+01
1.921106246599930500e+01 1.901793336951405777e+01
1.942412928787876325e+01 1.909020447633051987e+01
1.960910856033305905e+01 1.938462616986587150e+01
1.978700421874714266e+01 1.950921067475761816e+01
1.997889290406982710e+01 1.965542421957069763e+01
2.017362530843597668e+01 1.984908104523652028e+01
2.037118433424222630e+01 2.009291744759100951e+01
