0.000000000000000000e+00 0.000000000000000000e+00
0.000000000000000000e+00 0.000000000000000000e+00
0.000000000000000000e+00 0.000000000000000000e+00
0.000000000000000000e+00 0.000000000000000000e+00
0.000000000000000000e+00 0.000000000000000000e+00
0.000000000000000000e+00 0.000000000000000000e+00
0.000000000000000000e+00 0.000000000000000000e+00
0.000000000000000000e+00 0.000000000000000000e+00
0.000000000000000000e+00 0.000000000000000000e+00
0.000000000000000000e+00 0.000000000000000000e+00
0.000000000000000000e+00 0.000000000000000000e+00
0.000000000000000000e+00 0.000000000000000000e+00
0.000000000000000000e+00 0.000000000000000000e+00
0.000000000000000000e+00 0.000000000000000000e+00
0.000000000000000000e+00 0.000000000000000000e+00
0.000000000000000000e+00 0.000000000000000000e+00
0.000000000000000000e+00 0.000000000000000000e+00
0.000000000000000000e+00 0.000000000000000000e+00
0.000000000000000000e+00 2.731725199308774776e+00
1.055185513528565044e+00 0.000000000000000000e+00
1.540839545486926143e-01 8.913543333569700078e-01
8.867854016080798374e-01 6.179523423303077578e+00
5.985827191386846380e+00 2.675608843186710217e+00
5.318884072645030159e+00 6.998272906913213021e+00
6.974114161977180260e+00 7.121199417281148136e+00
7.241571618856244008e+00 7.336772478051741153e+00
7.346049384219448974e+00 7.487064927627123723e+00
7.525176106314089175e+00 7.666417483193898263e+00
7.700350294839484633e+00 7.766840944274988168e+00
7.861963425046083920e+00 7.916082989328607766e+00
8.008977926173017181e+00 8.063187170903498568e+00
8.172849779955706495e+00 8.143665404659547136e+00
8.290538094575508055e+00 8.366841732018027500e+00
8.477886092828505582e+00 8.435093741065502471e+00
8.620579707974290073e+00 8.569260919732670345e+00
8.727780760809023874e+00 8.831198327163095385e+00
8.877638262898127408e+00 8.977462122059034044e+00
9.041318629994107070e+00 9.126053732466260726e+00
9.279683570576766627e+00 9.229005092130828203e+00
9.431778556717024031e+00 9.363260242956506829e+00
9.588595469352032552e+00 9.504986002279606438e+00
9.742905875553418582e+00 9.656446080838753332e+00
9.901552727704947543e+00 9.823515283436286438e+00
1.005236845946999402e+01 9.999327006077287194e+00
1.021118579755000688e+01 1.014310429914588063e+01
1.037109647602880003e+01 1.031899807463682173e+01
1.054171832781656981e+01 1.047878011691591915e+01
1.070579681316799636e+01 1.063793263150470914e+01
1.086876763160665504e+01 1.075608213728447637e+01
1.104354630255538616e+01 1.094086341339471602e+01
1.122343627162800672e+01 1.114342960019977369e+01
1.138667830832726402e+01 1.130485486717494226e+01
1.155553328163248494e+01 1.147651377416464946e+01
1.173460915890530032e+01 1.159666481704231167e+01
1.189497772310931012e+01 1.179219460317098545e+01
1.207688160133203858e+01 1.202891146976633152e+01
1.225636994854235340e+01 1.219977611164383013e+01
1.242578521715770279e+01 1.237289425067939952e+01
1.261114672195718889e+01 1.254580279809981924e+01
1.277875702669185287e+01 1.262818336472171055e+01
1.296293283565229615e+01 1.272930343456240898e+01
1.313886814697843519e+01 1.302961635037588906e+01
1.331426387064109385e+01 1.317008052718631816e+01
1.348696952118620729e+01 1.332179205810149725e+01
1.368150147091804847e+01 1.348686973739749462e+01
1.385489117674066328e+01 1.370058018346035844e+01
1.404442869833538943e+01 1.385866475987990043e+01
1.421721790639150562e+01 1.402151898670728514e+01
1.441241092170739613e+01 1.427003022958534473e+01
1.458912889985278660e+01 1.437281381641795086e+01
1.477311331478044920e+01 1.457454141587635732e+01
1.495183812167912940e+01 1.476296298012159980e+01
1.514689533437399760e+01 1.495843931867532817e+01
1.532416161791361908e+01 1.505811228767658250e+01
1.550000688739132038e+01 1.528453092129828050e+01
1.568597951404359137e+01 1.548266589174663643e+01
1.587604648704561150e+01 1.562722855622855178e+01
1.606389845625733415e+01 1.582602035113477079e+01
1.623692487305998000e+01 1.595363213552746906e+01
1.642250259865358331e+01 1.618023080455178331e+01
1.661248081809997856e+01 1.631616187835839327e+01
1.680203184670177663e+01 1.655971221395538606e+01
1.700167835140020856e+01 1.664171862859228668e+01
1.719421405288195004e+01 1.694293387325537026e+01
1.737375304088010353e+01 1.707143773945562870e+01
1.757603665403013338e+01 1.730811275545238814e+01
1.775379110661529580e+01 1.740442969831478948e+01
1.794786393695917681e+01 1.760735808074825570e+01
1.814814188071247614e+01 1.779260940467069219e+01
1.831237689937764657e+01 1.800525829982093740e+01
1.852595446525766221e+01 1.812154145418460516e+01
1.870841284725301890e+01 1.832195965004904181e+01
1.890310371859924032e+01 1.850611798163140520e+01
1.909283327071961622e+01 1.871111588728039621e+01
1.927828816279355451e+01 1.887624984185198684e+01
1.947283666481082776e+01 1.908082416427815531e+01
1.965801302030105191e+01 1.917251256388435010e+01
1.984381938885600505e+01 1.939747474182188824e+01
2.003213481087193415e+01 1.949638987401256074e+01
2.021398240589102357e+01 1.969192431004483979e+01
2.041045730434647254e+01 1.997959014672186484e+01
