0.000000000000000000e+00 0.000000000000000000e+00
8.324083671799142881e-02 6.110596198028067638e-02
3.953664251249990880e-01 3.951143325320526367e-01
6.355769203340256857e-01 6.342750745575745919e-01
8.276488747536946411e-01 8.281382403733497100e-01
1.020222615363669094e+00 1.025907488090170849e+00
1.222204824655876321e+00 1.195389383119060067e+00
1.384899012999133872e+00 1.423959805624796626e+00
1.609303582324931314e+00 1.585511039144160028e+00
1.804415886966161953e+00 1.780173420152265651e+00
1.977750798390637055e+00 2.003409042208651680e+00
2.175053274088172728e+00 2.195980902628620779e+00
2.399466564444591388e+00 2.365538130511330106e+00
2.557283182881941119e+00 2.587229805972036445e+00
2.734569350723680792e+00 2.782041971693664628e+00
2.945374385167065956e+00 2.970560057682449795e+00
3.169158250987489822e+00 3.146116330926012949e+00
3.365716528226903925e+00 3.350543717107413499e+00
3.561294017078992180e+00 3.525572841829725412e+00
3.767943557567956514e+00 3.722560355372948049e+00
3.922711139797365743e+00 3.962395175127512825e+00
4.086049955695670199e+00 4.158369523584229732e+00
4.296616551301924325e+00 4.362657252534103414e+00
4.561363248035219087e+00 4.480550411544141021e+00
4.762700343276286219e+00 4.687824800353706856e+00
4.950243936998036887e+00 4.891409121532688253e+00
5.103383605887656493e+00 5.160753735154375299e+00
5.262411412567806757e+00 5.358343712903688605e+00
5.438514523598744432e+00 5.553784675946580762e+00
5.664154505765973013e+00 5.738867769130201246e+00
5.866137414680430595e+00 5.922513277926365838e+00
6.108956545587393094e+00 6.044698963800794189e+00
6.318660941605434900e+00 6.243190191531537536e+00
6.503657802644604580e+00 6.420064750143541943e+00
6.632265973096528100e+00 6.699546728217968372e+00
6.804898552516182697e+00 6.904834539287124429e+00
7.031056817993638575e+00 7.099264895818667043e+00
7.297240320849169848e+00 7.217454948919992397e+00
7.421329003403177360e+00 7.507628138570081155e+00
7.701083905306726152e+00 7.615222698604905638e+00
7.766433792821452187e+00 7.904518253840659092e+00
8.005182602166581063e+00 8.106287520077900766e+00
8.300854099364824989e+00 8.204415421796170449e+00
8.361307752548416516e+00 8.489484407137167565e+00
8.691732286179240319e+00 8.583750126652583745e+00
8.885215480541786448e+00 8.742747200042034095e+00
9.075542770559597017e+00 8.970106733180768899e+00
9.282105369501449488e+00 9.163184514245704904e+00
9.484085796902354204e+00 9.346218843299412882e+00
9.531887743387084555e+00 9.689013709696162380e+00
9.751156153081083744e+00 9.887050867155828371e+00
9.901430925331419886e+00 1.007856159149307551e+01
1.011771570451811009e+01 1.029127885638833284e+01
1.029022818564248709e+01 1.048333362855538908e+01
1.051705909747004419e+01 1.068632563045397177e+01
1.086986585059236887e+01 1.068810820203657208e+01
1.106733185860409030e+01 1.087765892675574442e+01
1.126102419792606035e+01 1.104721589238699941e+01
1.128764575625528543e+01 1.145412337719965556e+01
1.148075147548062702e+01 1.165772299913315280e+01
1.171454250908725570e+01 1.184475863582675537e+01
1.203440837084070658e+01 1.190430037139343256e+01
1.207349357621373009e+01 1.221816304549635568e+01
1.227874057697579602e+01 1.242994613866936682e+01
1.262441573928126815e+01 1.250118315772363786e+01
1.267271736517581182e+01 1.282376699393884500e+01
1.302048740609155786e+01 1.285615857252358474e+01
1.322107495593248316e+01 1.309370232786023713e+01
1.328951217264519613e+01 1.341860014429135539e+01
1.345303239879907942e+01 1.362340820232841310e+01
1.383174735357321516e+01 1.364831165380232392e+01
1.387728397029320426e+01 1.403148560711688830e+01
1.422082045169629794e+01 1.404704305629434202e+01
1.425573007307225204e+01 1.441943156567968565e+01
1.461500606718233541e+01 1.447000892589454679e+01
1.480833010757478974e+01 1.468392150468047141e+01
1.501005305791682076e+01 1.487997255098149019e+01
1.508876187300198346e+01 1.520867823206184433e+01
1.525669046253905314e+01 1.541492846291867203e+01
1.561994672331405454e+01 1.548532437113694193e+01
1.581186523684928780e+01 1.566311017856528842e+01
1.584747525503027532e+01 1.598787980295496070e+01
1.618369991395284302e+01 1.603327444188602513e+01
1.638115568937482180e+01 1.624730339538899671e+01
1.645366549800508338e+01 1.657034226270718946e+01
1.677529697667003106e+01 1.666350021703896189e+01
1.683568333513943571e+01 1.696517344066072042e+01
1.703939403375048656e+01 1.717188164545065021e+01
1.725144446120995312e+01 1.736891845910525944e+01
1.741148666576261306e+01 1.755340175429154215e+01
1.775640051284697662e+01 1.764228337693891646e+01
1.785184283352373669e+01 1.793878292846623523e+01
1.804413555810099012e+01 1.813118536762974387e+01
1.833506763811280749e+01 1.824303167802768755e+01
1.844828096008213691e+01 1.853150396948625911e+01
1.871776465943583290e+01 1.861591850960445171e+01
1.881008506691474480e+01 1.890722975722430022e+01
1.903430617716528062e+01 1.911167098939668918e+01
1.920591016542453389e+01 1.931564948091758183e+01
1.949208000332378532e+01 1.941081686252167060e+01
1.961360760576016204e+01 1.969333236921466224e+01
