0.000000000000000000e+00 0.000000000000000000e+00
0.000000000000000000e+00 0.000000000000000000e+00
0.000000000000000000e+00 0.000000000000000000e+00
0.000000000000000000e+00 0.000000000000000000e+00
0.000000000000000000e+00 0.000000000000000000e+00
0.000000000000000000e+00 0.000000000000000000e+00
0.000000000000000000e+00 0.000000000000000000e+00
0.000000000000000000e+00 0.000000000000000000e+00
0.000000000000000000e+00 0.000000000000000000e+00
0.000000000000000000e+00 0.000000000000000000e+00
0.000000000000000000e+00 0.000000000000000000e+00
0.000000000000000000e+00 0.000000000000000000e+00
0.000000000000000000e+00 0.000000000000000000e+00
0.000000000000000000e+00 0.000000000000000000e+00
0.000000000000000000e+00 4.190912932204148844e-01
8.025114999462015786e-02 0.000000000000000000e+00
1.529771456296617066e-02 0.000000000000000000e+00
1.533059472639810850e-01 0.000000000000000000e+00
1.548511907548621655e-02 2.013563567499643270e+00
5.674982683794930205e-01 0.000000000000000000e+00
4.398511579706065877e-01 -2.803829130669909658e-03
9.011412826576143953e-01 4.940894760478855119e+00
2.229714834779233712e+00 7.478539033029717453e-01
5.099252585821973938e+00 7.120543514825344644e+00
6.274363058493991119e+00 7.143604876382907420e+00
6.842485978725400209e+00 7.300476079975465993e+00
7.139382067509093766e+00 7.509046130637654137e+00
7.491701285766425578e+00 7.659227370874948981e+00
7.662300231084890889e+00 7.797100388491154277e+00
7.856429230156828147e+00 7.930116353663258622e+00
8.053052889830430772e+00 7.984103384905791856e+00
8.182680951334598163e+00 8.136121145999441140e+00
8.283779799144156186e+00 8.334828257141307262e+00
8.475244910339547744e+00 8.448569844450739552e+00
8.589158229832516867e+00 8.633240837094607656e+00
8.770669512639218013e+00 8.753573031287148254e+00
8.915552094190610788e+00 8.883662153949734019e+00
9.068399937176723213e+00 9.025569433240292483e+00
9.219050584452377350e+00 9.189114987211908669e+00
9.382260563303029599e+00 9.315479770216413158e+00
9.544845570675066782e+00 9.479835757957506104e+00
9.691953353193728304e+00 9.655389854226340773e+00
9.852026588451360922e+00 9.770706932963880931e+00
1.001118856521579659e+01 9.884588913360007112e+00
1.017650935142656543e+01 1.005229058379584473e+01
1.034062414794560070e+01 1.025130758890304072e+01
1.050629241133053249e+01 1.041765067887344465e+01
1.066875788396382063e+01 1.055168387399615071e+01
1.084009402675971501e+01 1.074072708744775362e+01
1.100920665879502813e+01 1.089906124037052848e+01
1.117475251587803520e+01 1.106310105189731097e+01
1.135064826240709834e+01 1.123207071457128059e+01
1.153545028743907785e+01 1.145254864278460794e+01
1.171712842793364473e+01 1.158308404971430150e+01
1.189235581763301042e+01 1.170973458264308498e+01
1.206526809902547903e+01 1.194724572428326859e+01
1.224389989001958590e+01 1.207648750658987424e+01
1.241808082412553205e+01 1.221328670734053290e+01
1.260839993655858571e+01 1.243892414265494395e+01
1.278207343823017972e+01 1.259823242436010204e+01
1.296430890038522499e+01 1.276340370154012405e+01
1.315530423780188229e+01 1.298015600037803630e+01
1.332240864143986769e+01 1.314069890547059138e+01
1.350642140588576723e+01 1.330225530466152506e+01
1.368899040333519324e+01 1.350373732626877832e+01
1.386832383319408457e+01 1.371632447068984106e+01
1.404913779331726609e+01 1.383962874885025940e+01
1.423382718925694412e+01 1.400683123861473511e+01
1.440466404793722965e+01 1.420292744775804827e+01
1.458922079830501062e+01 1.439048948444083287e+01
1.476656555706300367e+01 1.463807858218181757e+01
1.495559834850886816e+01 1.479026766052486686e+01
1.513957948523106189e+01 1.488498562925719249e+01
1.531765145415984186e+01 1.510299525198771242e+01
1.550058519072231178e+01 1.531523043008549756e+01
1.568733560473530453e+01 1.548517990962607094e+01
1.586777964905828853e+01 1.563604506745202372e+01
1.605211108147179644e+01 1.578053743850724011e+01
1.623920972045727140e+01 1.593669577488175726e+01
1.642985054589127358e+01 1.620507748527393588e+01
1.661554661695388191e+01 1.636654070239745096e+01
1.679098712146729255e+01 1.648392861000805354e+01
1.698123499468992037e+01 1.673901393184105402e+01
1.715939305255892933e+01 1.688163265446072003e+01
1.734926323130803638e+01 1.705101877551211942e+01
1.753874248395116098e+01 1.725460475240505787e+01
1.772123065671271647e+01 1.747147927221683261e+01
1.789631244025735057e+01 1.767217944542676022e+01
1.809362166805880179e+01 1.767211553552381886e+01
1.828429249297938242e+01 1.800684826295298890e+01
1.848070778766230760e+01 1.817810963588584983e+01
1.867004397969134999e+01 1.828736539791680471e+01
1.886525036931308819e+01 1.849120088089930647e+01
1.905795763399270015e+01 1.864988936109519813e+01
1.925427866641037511e+01 1.883343548737737194e+01
1.944679416516493120e+01 1.908064981892760059e+01
1.963572648037176194e+01 1.917281614787451716e+01
1.981434980017436587e+01 1.942053555368788764e+01
2.000681032409696058e+01 1.961364100499959662e+01
2.018932076917567997e+01 1.974706607751774712e+01
2.038412387523157676e+01 1.999678907359097124e+01
