0.000000000000000000e+00 0.000000000000000000e+00
0.000000000000000000e+00 0.000000000000000000e+00
0.000000000000000000e+00 0.000000000000000000e+00
0.000000000000000000e+00 0.000000000000000000e+00
0.000000000000000000e+00 0.000000000000000000e+00
0.000000000000000000e+00 0.000000000000000000e+00
0.000000000000000000e+00 0.000000000000000000e+00
5.674089721791310270e-02 3.890865065256240651e+00
1.952332793803711608e+00 3.792339538397501375e+00
4.043905823530140609e+00 4.092286610571303385e+00
4.248001705101692949e+00 4.247629509248393553e+00
4.302694037636769053e+00 4.295450129041491039e+00
4.369814826810519470e+00 4.371064835005082472e+00
4.442501390902919844e+00 4.441057690116048562e+00
4.586712032484047796e+00 4.640742269271990850e+00
4.770675406713378308e+00 4.944426817086045922e+00
4.921569329832194306e+00 5.107494024045739600e+00
5.159177560094290627e+00 5.379788165351938822e+00
5.379751791057206134e+00 5.556664068629960873e+00
5.527600143160913859e+00 5.755333838182952633e+00
5.779516818755765506e+00 5.928250337868710140e+00
5.957356496826160530e+00 6.121252158102251428e+00
6.113156596379619501e+00 6.311922033623127426e+00
6.282482661866470863e+00 6.484419716569157721e+00
6.467502371060817268e+00 6.656368468658912185e+00
6.659985501663360452e+00 6.826895623773107324e+00
6.847071395780938374e+00 6.985606415467850994e+00
6.999245592421592832e+00 7.148080253941208717e+00
7.188913225882795466e+00 7.304406092314959409e+00
7.351461093069918462e+00 7.463738628296303190e+00
7.524858669734127758e+00 7.615423759138299609e+00
7.752679336020217526e+00 7.655069167017088283e+00
7.894183086006509420e+00 7.778296555529530032e+00
7.928384445535625602e+00 8.067183170633811073e+00
8.211955192479965859e+00 8.102509514121578604e+00
8.369679655647953354e+00 8.225446211369193961e+00
8.390363234297195660e+00 8.549843398583350407e+00
8.563042480760561403e+00 8.715495113086326739e+00
8.869823466748576024e+00 8.774209772866162993e+00
8.891498973535517436e+00 9.039210758322971273e+00
9.084169178943744427e+00 9.204277456203387331e+00
9.365096318811584553e+00 9.230294581970815315e+00
9.397498667728012123e+00 9.526358560334681869e+00
9.699175568929078395e+00 9.572695436001742664e+00
9.866579080455656126e+00 9.726634943730362082e+00
1.002651651152025458e+01 9.915656871263312411e+00
1.021289559143372472e+01 1.011132988201486427e+01
1.038594523663076785e+01 1.022428956033869341e+01
1.055056186945162189e+01 1.040204505056093254e+01
1.071913493273749296e+01 1.061067314002316841e+01
1.089966118504223225e+01 1.079650705829298474e+01
1.107676858697002764e+01 1.091765088510998716e+01
1.114538464331674206e+01 1.123496660163777427e+01
1.142009837849667520e+01 1.132811878726532839e+01
1.160371671634838719e+01 1.145421023005488692e+01
1.177467877406691876e+01 1.165420824740748529e+01
1.196268057650622119e+01 1.182699317726839183e+01
1.213758041225538342e+01 1.200600452786686034e+01
1.232316251168881927e+01 1.216352214113344665e+01
1.250744564304315176e+01 1.235769036305311275e+01
1.268696396899829004e+01 1.254263178885929619e+01
1.286510684012327488e+01 1.276673134476396498e+01
1.304513011068124584e+01 1.290616950805095087e+01
1.323142625474288714e+01 1.309187103936037211e+01
1.342515617394664851e+01 1.328103616503321938e+01
1.360899714488188650e+01 1.342768402451256193e+01
1.378089531589554362e+01 1.363296904134399590e+01
1.397418154764079823e+01 1.384050359427826393e+01
1.416110888432064030e+01 1.397058716777783083e+01
1.433903706366096387e+01 1.412725126652188479e+01
1.453702834780194664e+01 1.438462129151998070e+01
1.472324389567427261e+01 1.456374766297564172e+01
1.490648265613760337e+01 1.474919719722544009e+01
1.509411692996661181e+01 1.492465876374192923e+01
1.527431238707669436e+01 1.503979580472063127e+01
1.545707398269088273e+01 1.529262001683313521e+01
1.564989850887551448e+01 1.547376180003289825e+01
1.582864508242323076e+01 1.570407266378032318e+01
1.586550729491959544e+01 1.594651776164772627e+01
1.618040607471102632e+01 1.604432432526126462e+01
1.635414406751073813e+01 1.619981206602816570e+01
1.654661065120439645e+01 1.639058627954810987e+01
1.673566045887985965e+01 1.655274223830076608e+01
1.691866525141195865e+01 1.670833955342128974e+01
1.711907040480330977e+01 1.689863644262875297e+01
1.730503533146038109e+01 1.714523517148467491e+01
1.749156219767149878e+01 1.731202785927770194e+01
1.767871618442291037e+01 1.747518439344799646e+01
1.788067782381917326e+01 1.763383473458211270e+01
1.807588821247480482e+01 1.788343790590525018e+01
1.828302025219715787e+01 1.807774216100878917e+01
1.847295280231955061e+01 1.821329196680392215e+01
1.866188227266316702e+01 1.844417704921484713e+01
1.887021561394269753e+01 1.860928384727930407e+01
1.906179739826580288e+01 1.878565002846664100e+01
1.925570750020796496e+01 1.894704072674219830e+01
1.944983890915376179e+01 1.920353811995433801e+01
1.964163502215911095e+01 1.929852179994398753e+01
1.983740605813924418e+01 1.957029837007340589e+01
2.000168801997967094e+01 1.975812939042917549e+01
2.020550591229590509e+01 1.998057249237476185e+01
