0.000000000000000000e+00 0.000000000000000000e+00
0.000000000000000000e+00 0.000000000000000000e+00
0.000000000000000000e+00 0.000000000000000000e+00
0.000000000000000000e+00 0.000000000000000000e+00
0.000000000000000000e+00 0.000000000000000000e+00
0.000000000000000000e+00 0.000000000000000000e+00
0.000000000000000000e+00 0.000000000000000000e+00
0.000000000000000000e+00 0.000000000000000000e+00
0.000000000000000000e+00 0.000000000000000000e+00
0.000000000000000000e+00 0.000000000000000000e+00
0.000000000000000000e+00 0.000000000000000000e+00
0.000000000000000000e+00 0.000000000000000000e+00
0.000000000000000000e+00 0.000000000000000000e+00
0.000000000000000000e+00 0.000000000000000000e+00
7.005092494782294565e-02 -1.502039554260492168e-02
1.759548654077696880e-02 7.870192447336592512e-01
1.240197573097460981e-01 3.037968691235993113e+00
3.376571770464349420e+00 6.236093564261417477e+00
4.425367122911442408e+00 6.211886284769036592e+00
5.815803825952289507e+00 6.074611276652849057e+00
6.407537823469154681e+00 6.456507276648000726e+00
6.589624946625700197e+00 6.646176323260711172e+00
6.642221361666786450e+00 6.783527392122103095e+00
6.870249618971241645e+00 6.943312805781284069e+00
6.989020625007764664e+00 7.096790363592764272e+00
7.186492048271012401e+00 7.101114364928571732e+00
7.272386805954605293e+00 7.365819382330156095e+00
7.456503237316102428e+00 7.429594735501474645e+00
7.575983739079409141e+00 7.695339800763617788e+00
7.715321165289542371e+00 7.874965881721315952e+00
7.873751116864913691e+00 8.015677197641407403e+00
8.023840800830022602e+00 8.180072267369341787e+00
8.200015204377699263e+00 8.319174434847354860e+00
8.361276034091874365e+00 8.459102230370710629e+00
8.597347732923356745e+00 8.541687023661518552e+00
8.675607614259241984e+00 8.751366779936303075e+00
8.891633200379910562e+00 8.814069319798862878e+00
9.047525807912322193e+00 8.978367761591533380e+00
9.197390045988786511e+00 9.138075204493100401e+00
9.349675774224358804e+00 9.277489747976666479e+00
9.512018459498410294e+00 9.445537589268065304e+00
9.674375549521684547e+00 9.593917347243680283e+00
9.831345964110310476e+00 9.720542687219980493e+00
9.987855444121210624e+00 9.929260179546025356e+00
1.015385161723082064e+01 1.009340083595078674e+01
1.032656693962482208e+01 1.026555750324770244e+01
1.047539227982720789e+01 1.040636403194633353e+01
1.063665285871910804e+01 1.057961346430982630e+01
1.080263383066896488e+01 1.075504899974547257e+01
1.097401691580513727e+01 1.089371996064513404e+01
1.113976562616526778e+01 1.107649340121015591e+01
1.131460650601017015e+01 1.120145943342316919e+01
1.148554399857003006e+01 1.142804603487080684e+01
1.167144690419559083e+01 1.156752940196842872e+01
1.184224694294369584e+01 1.174936590049059326e+01
1.202097700667381908e+01 1.192061738941277760e+01
1.219223960847885557e+01 1.206813268891624347e+01
1.237831161078779552e+01 1.223871728466090758e+01
1.255114968919926177e+01 1.238591184015454338e+01
1.273180641472987418e+01 1.264577228008379173e+01
1.291859979644515910e+01 1.278738706639275868e+01
1.308874926583410137e+01 1.298230387830806087e+01
1.328511631632318313e+01 1.318532532183606953e+01
1.346275259847118910e+01 1.331690414996866600e+01
1.364543899812969130e+01 1.346218565635039432e+01
1.382792020867624316e+01 1.367121944219692331e+01
1.400094824072135857e+01 1.384782368872416036e+01
1.418704971811837368e+01 1.402826895156282561e+01
1.437270972196800578e+01 1.418516288950493021e+01
1.455427198783144149e+01 1.435496398284211494e+01
1.473934182983459884e+01 1.453401551239148581e+01
1.492161317391666486e+01 1.476644724294821209e+01
1.511766678683216547e+01 1.491914817596394371e+01
1.529470624720143590e+01 1.510967737721714776e+01
1.548474992835639874e+01 1.530361425180995205e+01
1.567564257318818122e+01 1.547451383055127927e+01
1.585727800213103222e+01 1.555182709356000359e+01
1.604397230460661206e+01 1.581082094697547191e+01
1.623549226584045613e+01 1.597994977087900814e+01
1.642083527552977174e+01 1.618965834092331946e+01
1.661136895446205841e+01 1.638093365215317121e+01
1.677389550683207631e+01 1.652385967503920483e+01
1.698330797665686731e+01 1.675732409643997656e+01
1.715947220074992785e+01 1.694251070414178884e+01
1.735589795781358546e+01 1.711807711650528319e+01
1.755289168407794520e+01 1.726836044533318670e+01
1.772806406799814027e+01 1.743668683066245961e+01
1.791355225973643428e+01 1.764833008770423461e+01
1.810195693674949169e+01 1.785311301573673859e+01
1.829684050823536978e+01 1.797309643645017374e+01
1.848903145839486939e+01 1.818771581435670015e+01
1.867394358451994307e+01 1.836451892692828736e+01
1.886143611886426896e+01 1.854758151182408099e+01
1.904560508993010970e+01 1.874129354809770831e+01
1.924352626090759699e+01 1.892621366762155333e+01
1.942270336241034201e+01 1.905752157475319919e+01
1.961235356042173095e+01 1.936672684700544167e+01
1.981523457993334247e+01 1.945223386432007473e+01
1.999160399743641037e+01 1.968288428832228121e+01
2.020826955209028952e+01 1.975629833870195284e+01
2.038256259694382777e+01 2.007144842019019038e+01
