0.000000000000000000e+00 0.000000000000000000e+00
0.000000000000000000e+00 0.000000000000000000e+00
0.000000000000000000e+00 0.000000000000000000e+00
0.000000000000000000e+00 0.000000000000000000e+00
0.000000000000000000e+00 0.000000000000000000e+00
0.000000000000000000e+00 0.000000000000000000e+00
0.000000000000000000e+00 0.000000000000000000e+00
0.000000000000000000e+00 0.000000000000000000e+00
0.000000000000000000e+00 0.000000000000000000e+00
0.000000000000000000e+00 0.000000000000000000e+00
0.000000000000000000e+00 0.000000000000000000e+00
0.000000000000000000e+00 0.000000000000000000e+00
0.000000000000000000e+00 0.000000000000000000e+00
0.000000000000000000e+00 0.000000000000000000e+00
0.000000000000000000e+00 0.000000000000000000e+00
9.531005310166879019e-02 0.000000000000000000e+00
1.323767321630547056e-01 0.000000000000000000e+00
0.000000000000000000e+00 0.000000000000000000e+00
1.433640705858391928e-01 0.000000000000000000e+00
6.741561705402794313e-01 5.788751393880719576e+00
1.850233205941513193e+00 5.642579541416005817e+00
2.789553324018335445e+00 6.772883564403354484e+00
6.771710098140570899e+00 6.879997476529801759e+00
6.891740244284396688e+00 6.901059777098241810e+00
7.031049193211128312e+00 7.033521859352316774e+00
7.197427415841960219e+00 7.278519782316516640e+00
7.333014455409799126e+00 7.435155213516282835e+00
7.471342016334026503e+00 7.647127665731351165e+00
7.630325563203574468e+00 7.735834132443962119e+00
7.787319962083001812e+00 7.920646839130419892e+00
8.016624365732166524e+00 7.906106753670984588e+00
8.100468010073438307e+00 8.226114244197651360e+00
8.268212131515316088e+00 8.390709870929434544e+00
8.413960707739191136e+00 8.522349087835678461e+00
8.578378688719773493e+00 8.676332863268370943e+00
8.815395187963869006e+00 8.719520823756361949e+00
8.897188683842939483e+00 8.965702428732925000e+00
9.105977930892722227e+00 9.069692966764304032e+00
9.262207935831435535e+00 9.215707296148497818e+00
9.416470465897203823e+00 9.372787352393634919e+00
9.572934008720316967e+00 9.525102637618008572e+00
9.718764281026809115e+00 9.685205596498180469e+00
9.887499478811177411e+00 9.839478216382033793e+00
1.005043510285067931e+01 9.963046727951930137e+00
1.020256402051235156e+01 1.013938489151850320e+01
1.036649018971226965e+01 1.027402034633840877e+01
1.053116140665867739e+01 1.044041728115908008e+01
1.070493749480132095e+01 1.061996157233754623e+01
1.086414100059798393e+01 1.077806634766923644e+01
1.103552186372280097e+01 1.087471494841354058e+01
1.120223664384346662e+01 1.104711079631093540e+01
1.139272720079174483e+01 1.124735720442359543e+01
1.157022554784055224e+01 1.144437255260895370e+01
1.173671581834459232e+01 1.160173873992243720e+01
1.192662304583529576e+01 1.180112674265659045e+01
1.210216726003813648e+01 1.190122179834858152e+01
1.227235309559090304e+01 1.211423906121452632e+01
1.244794931804833027e+01 1.231033021581889564e+01
1.262791875445500978e+01 1.247685496638664482e+01
1.280923630337502672e+01 1.268138261206788009e+01
1.297758581320884375e+01 1.280541096850708094e+01
1.315957990835003422e+01 1.300614570774593659e+01
1.333518610747315414e+01 1.317466597169290310e+01
1.350694392758026829e+01 1.336561399106826897e+01
1.369410500199303904e+01 1.344256790101250942e+01
1.387804262700378644e+01 1.368576671667689659e+01
1.404786794966840624e+01 1.380649684285392809e+01
1.424450794478537752e+01 1.395776374683357268e+01
1.442277903068325529e+01 1.421000384614070278e+01
1.459336751902298879e+01 1.437485216857580816e+01
1.477561444709315985e+01 1.455966525102271625e+01
1.495228312071685828e+01 1.469346844423819753e+01
1.514038030655483702e+01 1.492093462453445341e+01
1.534072047532162308e+01 1.505459206465113020e+01
1.552246351966685900e+01 1.527557114459524001e+01
1.571588482097206629e+01 1.548687462195054110e+01
1.590990573759993509e+01 1.566528497963580158e+01
1.608358704353308255e+01 1.577870388353056974e+01
1.627376442557013192e+01 1.592009888200576206e+01
1.645367875947556513e+01 1.615852335269898177e+01
1.664182866920791071e+01 1.638164039489504020e+01
1.683342232899875412e+01 1.652919628352961823e+01
1.701543856283537082e+01 1.670654675703939418e+01
1.719418216526344523e+01 1.687858536867979709e+01
1.738598552996077018e+01 1.705959175590518484e+01
1.756602784955878960e+01 1.718938316741273908e+01
1.774469262046493157e+01 1.742990020455470201e+01
1.795528219449217033e+01 1.762948295628530460e+01
1.813651399586370516e+01 1.778546650995306777e+01
1.832407226952067347e+01 1.796498015244580415e+01
1.851216347089819436e+01 1.807578334814502696e+01
1.870360449701324868e+01 1.840254146393900569e+01
1.888966465260917005e+01 1.842497928834031384e+01
1.906344564125931740e+01 1.865214090326044882e+01
1.928019034878456850e+01 1.887498154983331844e+01
1.946662937724997633e+01 1.911439934459113132e+01
1.964570602531005861e+01 1.921384868761396092e+01
1.984177357959060828e+01 1.948774618400424785e+01
2.003565382180367038e+01 1.967449866352394494e+01
2.022054966839375467e+01 1.986231545877905447e+01
2.041942039953007182e+01 2.006487349496232397e+01
