0.000000000000000000e+00 0.000000000000000000e+00
0.000000000000000000e+00 0.000000000000000000e+00
0.000000000000000000e+00 0.000000000000000000e+00
0.000000000000000000e+00 0.000000000000000000e+00
0.000000000000000000e+00 0.000000000000000000e+00
0.000000000000000000e+00 0.000000000000000000e+00
0.000000000000000000e+00 0.000000000000000000e+00
0.000000000000000000e+00 0.000000000000000000e+00
0.000000000000000000e+00 0.000000000000000000e+00
6.389938074469961315e-02 2.671071273559137538e+00
2.557847935720330756e+00 1.973399819053950566e+00
1.083327193022237678e+00 3.644167306910421456e+00
4.427348400838337916e+00 5.008624938687690431e+00
4.626275092736729100e+00 4.932172189734523648e+00
5.092545896468156030e+00 5.224182527419683808e+00
5.199206952529679349e+00 5.189214632722895182e+00
5.260396915893946534e+00 5.295711407267819304e+00
5.417918659278934790e+00 5.472415583480691126e+00
5.589946618214238327e+00 5.681732467903916728e+00
5.708564447287230337e+00 5.919656659563417023e+00
5.912116382090572664e+00 6.138965849257500551e+00
6.140591986454805529e+00 6.395285252092700823e+00
6.308083506234843263e+00 6.590671196114096908e+00
6.517304732176649296e+00 6.756985624746659091e+00
6.740477258079276446e+00 6.912601080934345887e+00
6.963901931167734816e+00 7.066429537536451200e+00
7.121891914528098333e+00 7.227256429465836796e+00
7.265108644221418110e+00 7.392843702833004293e+00
7.433727668750613304e+00 7.560583573134192825e+00
7.579024950469738009e+00 7.707840039468722537e+00
7.730858404766824066e+00 7.856327895130664984e+00
7.886909903834980362e+00 8.001328837394000359e+00
8.048669438121589081e+00 8.149676431789021791e+00
8.293686758474645870e+00 8.204822593091657623e+00
8.356919941521425699e+00 8.444366565401834279e+00
8.591139905533681898e+00 8.515558418379672645e+00
8.741805054233239503e+00 8.672695696299539847e+00
8.837872781945737444e+00 8.903253404204640731e+00
9.065078930290050963e+00 9.006962799781780049e+00
9.170585019602118138e+00 9.233114438495451992e+00
9.398037584590600346e+00 9.323790936167529964e+00
9.551341704451733250e+00 9.483784103827060719e+00
9.716897781576909310e+00 9.661162028250048550e+00
9.878175053719997933e+00 9.807443994345614868e+00
9.993234284065966477e+00 1.002164595150635051e+01
1.019906609502614181e+01 1.014381912037008604e+01
1.035702516613972080e+01 1.031037521291336567e+01
1.053214146045830013e+01 1.045902893752306184e+01
1.071030176949517632e+01 1.060280137132115108e+01
1.081218331268376254e+01 1.085597174010566590e+01
1.103229640586668125e+01 1.100707878138839746e+01
1.121420888976227026e+01 1.115816298608101498e+01
1.138918442189440050e+01 1.124818132600442411e+01
1.156684369071331631e+01 1.147352767812757257e+01
1.173936896758146453e+01 1.166151204621536941e+01
1.191573856989767499e+01 1.178093845912982651e+01
1.209260296073433416e+01 1.201949416254461234e+01
1.226642427546945413e+01 1.215978184475455137e+01
1.245581535904746318e+01 1.230736350194693074e+01
1.264348643899520575e+01 1.253254997342175869e+01
1.282454985446247520e+01 1.269409380784180996e+01
1.300993795521797303e+01 1.287775652706441498e+01
1.319684358323205764e+01 1.304730226981229713e+01
1.324110569324094477e+01 1.332503488067930064e+01
1.354908551674941108e+01 1.342002516737419704e+01
1.373185747595399953e+01 1.358467258851137771e+01
1.390762070546468721e+01 1.375572518221254548e+01
1.409976672458711455e+01 1.385692623082705843e+01
1.427356922691472363e+01 1.409797764065336168e+01
1.445890560574567907e+01 1.424231359226241800e+01
1.464403715458332478e+01 1.444335424987230176e+01
1.482997642679433348e+01 1.469797455278177267e+01
1.502137083732052147e+01 1.480922006808534164e+01
1.520703715016182933e+01 1.506485700080939161e+01
1.539995626065677570e+01 1.519672578144746389e+01
1.558061217495566275e+01 1.545453820552942403e+01
1.576525125771309632e+01 1.558534144889662265e+01
1.595534301397503008e+01 1.578766169997569868e+01
1.614642284492564528e+01 1.594984422387373257e+01
1.632455986271602200e+01 1.617815475672540160e+01
1.652053531341563186e+01 1.629698529716241140e+01
1.671623437175720639e+01 1.649608446771305381e+01
1.689847353902804272e+01 1.666200256939987412e+01
1.709747904894063097e+01 1.691851165684736813e+01
1.727681077357233264e+01 1.705208870765313733e+01
1.747172483955469247e+01 1.721821603348288221e+01
1.765090010845856483e+01 1.740063440404986395e+01
1.784957728944043254e+01 1.755179917474471551e+01
1.803596235977711260e+01 1.774396690803318677e+01
1.821956177509566288e+01 1.797783907182685326e+01
1.841541011496285662e+01 1.821236960275706451e+01
1.859391733505260547e+01 1.831586721457698275e+01
1.878654842927500823e+01 1.855722370106867203e+01
1.897956707512807384e+01 1.875675910296592974e+01
1.916540330045238960e+01 1.889678277652927818e+01
1.936033625129045177e+01 1.908403260033591309e+01
1.954797643729327916e+01 1.927533359953946146e+01
1.975316153184518342e+01 1.944648368854732112e+01
1.992007235615380623e+01 1.965898571201975997e+01
2.011741952124581090e+01 1.979544507140559872e+01
2.031962409212157539e+01 2.002942616226629369e+01
