0.000000000000000000e+00 0.000000000000000000e+00
0.000000000000000000e+00 0.000000000000000000e+00
0.000000000000000000e+00 0.000000000000000000e+00
0.000000000000000000e+00 0.000000000000000000e+00
0.000000000000000000e+00 0.000000000000000000e+00
0.000000000000000000e+00 0.000000000000000000e+00
0.000000000000000000e+00 0.000000000000000000e+00
0.000000000000000000e+00 0.000000000000000000e+00
0.000000000000000000e+00 0.000000000000000000e+00
0.000000000000000000e+00 0.000000000000000000e+00
0.000000000000000000e+00 0.000000000000000000e+00
0.000000000000000000e+00 0.000000000000000000e+00
0.000000000000000000e+00 0.000000000000000000e+00
4.410329298186135144e-02 0.000000000000000000e+00
1.859093201134001117e-01 0.000000000000000000e+00
4.749585398046607398e-02 0.000000000000000000e+00
2.335535161789383252e-01 -2.875515035206199430e-02
3.096695277767255727e-01 0.000000000000000000e+00
2.994925545898433628e-01 -4.878295356145544853e-02
4.313163804761468989e-01 0.000000000000000000e+00
3.589953379898463415e-01 0.000000000000000000e+00
2.041183120718332411e+00 6.405980724360979650e+00
5.576833746639221268e+00 6.847481184468843907e+00
6.680388996531537948e+00 7.027910544525734160e+00
7.091387133135639509e+00 7.120437849416430431e+00
7.182478996757991396e+00 7.338243724947743019e+00
7.304283859082564057e+00 7.480688513138705531e+00
7.507318311970608171e+00 7.656736459111654902e+00
7.671502005950006087e+00 7.782197831489611417e+00
7.906719401177868534e+00 7.846544132183685960e+00
7.995529040576141888e+00 8.093342749519306878e+00
8.132327935103020877e+00 8.238869458432075632e+00
8.361386540737091977e+00 8.290349836177895781e+00
8.496332041748601682e+00 8.435271814960684011e+00
8.598793204457885864e+00 8.681033060853767580e+00
8.760964742518778436e+00 8.830331862920196784e+00
8.935285612784117149e+00 8.979466768624019934e+00
9.124943867512886442e+00 9.061268865474216838e+00
9.220797263554386447e+00 9.276505764817475352e+00
9.427562120522743783e+00 9.364750704473124188e+00
9.586394297112320828e+00 9.511841873145096216e+00
9.740350188229808026e+00 9.690323406766419012e+00
9.903481728951605945e+00 9.849026851559708362e+00
1.005879033406882428e+01 1.002199582508478137e+01
1.022438874464394054e+01 1.013435244472888996e+01
1.038382313874048180e+01 1.033066663384525086e+01
1.055620262188961078e+01 1.046822169640547529e+01
1.071163315814280992e+01 1.061987393629923027e+01
1.088376597546782065e+01 1.079706645999790915e+01
1.104685474639991760e+01 1.098469818924844610e+01
1.121078531527957800e+01 1.115133336510089457e+01
1.137721406269142044e+01 1.130791734857619169e+01
1.155312637415748966e+01 1.149626206916559035e+01
1.172322134102422986e+01 1.166372138578045181e+01
1.189207965912619258e+01 1.175195014692527096e+01
1.206692477685631282e+01 1.196644790520273638e+01
1.225099812965654245e+01 1.215301614165062460e+01
1.243469801325000290e+01 1.223383777197015121e+01
1.260580140725789278e+01 1.247461104682977151e+01
1.278372062415468058e+01 1.262533355143794545e+01
1.296809436263166582e+01 1.283543372089681078e+01
1.315606614068525104e+01 1.294597945824877705e+01
1.333068338392844687e+01 1.316322607641220443e+01
1.351475078885341397e+01 1.339817343413957751e+01
1.369756174036118068e+01 1.355071404324837481e+01
1.387938230616203050e+01 1.366452631963609576e+01
1.406239661043505151e+01 1.380572487101398593e+01
1.423268818796875657e+01 1.406894748528916672e+01
1.442000276385739355e+01 1.425289031872011769e+01
1.460104789930485403e+01 1.440529376455175203e+01
1.477391444330650039e+01 1.457013738342314824e+01
1.496007126293853595e+01 1.482556788752684440e+01
1.514070691926033518e+01 1.489377300847796981e+01
1.532149294838509412e+01 1.508877824111871213e+01
1.549788248589249662e+01 1.521384883668364907e+01
1.568494841004944007e+01 1.543401558713726551e+01
1.587473429352474596e+01 1.564248053963373408e+01
1.604668159309425235e+01 1.586381461726655751e+01
1.623547614066298195e+01 1.601816161490879864e+01
1.642269146593976359e+01 1.616087450364584654e+01
1.661724242894590731e+01 1.630443699591265982e+01
1.679745723545579494e+01 1.658337558148227231e+01
1.699343719718525847e+01 1.661949601217330752e+01
1.717110651368679086e+01 1.689873396604831512e+01
1.735475447299536711e+01 1.711215704873074372e+01
1.755379259656282187e+01 1.722264765837760692e+01
1.774052667997748145e+01 1.745399354050789142e+01
1.793258162372810460e+01 1.758961753697957420e+01
1.812483935275774272e+01 1.770757149474264480e+01
1.831371394065137181e+01 1.792336674947063813e+01
1.850012924470362208e+01 1.815304489357430739e+01
1.868569117785758849e+01 1.829771224960947862e+01
1.886605417943963658e+01 1.852543457556793172e+01
1.906075844638222705e+01 1.872819498215089951e+01
1.924452676858992106e+01 1.887939723454465835e+01
1.945211024592770599e+01 1.904799094978323026e+01
1.963202488254654199e+01 1.936129138612798073e+01
1.981499329417212252e+01 1.941017427160781139e+01
2.000383477802898469e+01 1.964513599823423107e+01
2.017117106460418086e+01 1.969641982038694294e+01
2.038323210336657709e+01 1.997678113031853542e+01
