0.000000000000000000e+00 0.000000000000000000e+00
0.000000000000000000e+00 0.000000000000000000e+00
0.000000000000000000e+00 0.000000000000000000e+00
0.000000000000000000e+00 0.000000000000000000e+00
0.000000000000000000e+00 0.000000000000000000e+00
0.000000000000000000e+00 0.000000000000000000e+00
0.000000000000000000e+00 0.000000000000000000e+00
0.000000000000000000e+00 0.000000000000000000e+00
0.000000000000000000e+00 0.000000000000000000e+00
0.000000000000000000e+00 0.000000000000000000e+00
0.000000000000000000e+00 0.000000000000000000e+00
0.000000000000000000e+00 0.000000000000000000e+00
0.000000000000000000e+00 0.000000000000000000e+00
0.000000000000000000e+00 0.000000000000000000e+00
3.855419043846405547e+00 4.079312989798730804e+00
4.664717737428316191e+00 4.743375974499958403e+00
4.257953382599566794e+00 5.539935546682650092e+00
5.540748070255304469e+00 6.038077779439809945e+00
6.223031428427264089e+00 6.509098427580088497e+00
6.507136688260020563e+00 6.627101937967266210e+00
6.758256674444591994e+00 6.935805739228507072e+00
7.005252151210363820e+00 7.207027782941541894e+00
7.195267584167189590e+00 7.548437014591256933e+00
7.448507229851929701e+00 7.709480657547560511e+00
7.666679624153620587e+00 7.856050387439351468e+00
7.898558225208685890e+00 8.132702609384336867e+00
8.147538320460935068e+00 8.350810298155526112e+00
8.350831328948462584e+00 8.550098046711575250e+00
8.555695915346733571e+00 8.778511997909346221e+00
8.817589147731796473e+00 8.988881223523303987e+00
9.057656029859632696e+00 9.203207233364160800e+00
9.230122032024434375e+00 9.411641762155928959e+00
9.425824482280527050e+00 9.607573405312990644e+00
9.629689153388808265e+00 9.812036102195666132e+00
9.803980749644759740e+00 1.000420263572084068e+01
1.001563622633946160e+01 1.020082113151446102e+01
1.020541193074624431e+01 1.040152945325970357e+01
1.043629169539698687e+01 1.058236123990290700e+01
1.062225971320131634e+01 1.076805577615512455e+01
1.081327428704698690e+01 1.095465593422403039e+01
1.102133547172208949e+01 1.114632913157743488e+01
1.121555883610766635e+01 1.132314498374962142e+01
1.138243357691282220e+01 1.150438175327419543e+01
1.168356705497356529e+01 1.156808417333153294e+01
1.186498007569393209e+01 1.172291801544105461e+01
1.204072452135380189e+01 1.187519831876376308e+01
1.206255762659818309e+01 1.223729012853613263e+01
1.227355656706242293e+01 1.242651606157033761e+01
1.260635198720850347e+01 1.243272571596258302e+01
1.279149626220123359e+01 1.265471791526793410e+01
1.297785683185300520e+01 1.284009035063148829e+01
1.302665872012303261e+01 1.316832326739928227e+01
1.336798161413002539e+01 1.317210402188129414e+01
1.339347039794045457e+01 1.355480087022528046e+01
1.362937940241859280e+01 1.374800018856695338e+01
1.394675950923021013e+01 1.381174977043627194e+01
1.414909039488796338e+01 1.397569308961567991e+01
1.435260254069514119e+01 1.414903249885693448e+01
1.435182372820832342e+01 1.453763868429848571e+01
1.474849797963991627e+01 1.458286696238163493e+01
1.493618141898659779e+01 1.476434930398260015e+01
1.514181756644897980e+01 1.499011312933642159e+01
1.534836966145633319e+01 1.517844546701446085e+01
1.555171464370621948e+01 1.541196334761558795e+01
1.575919715766930729e+01 1.562632294146859024e+01
1.596896960464177972e+01 1.579004329205054802e+01
1.618486248168654029e+01 1.601448653192039728e+01
1.640580871658421813e+01 1.615388623875189822e+01
1.659706802088233246e+01 1.643039141478574905e+01
1.679720526622519117e+01 1.663788801753841540e+01
1.686229886063930294e+01 1.698044042736750114e+01
1.721259992404027273e+01 1.705985967923294311e+01
1.743824434657710043e+01 1.723664024999105848e+01
1.763439513250164836e+01 1.745145126713937245e+01
1.785556752874853004e+01 1.772131520612927247e+01
1.806955409118832634e+01 1.789413259976476667e+01
1.829471074734878044e+01 1.804719387490552052e+01
1.849151671505126870e+01 1.829237989116937513e+01
1.871135504988236420e+01 1.852950636355446079e+01
1.892234337078713935e+01 1.873132986144876710e+01
1.914739557512601564e+01 1.895992642218023505e+01
1.937864907811931303e+01 1.919410497287212891e+01
1.959449200915159395e+01 1.941376531087309232e+01
1.981620913521597416e+01 1.956264980144610632e+01
2.005064658116113918e+01 1.980386885032485722e+01
2.025402492229007478e+01 2.001522584528632009e+01
2.047557149041703184e+01 2.026014834387086694e+01
2.069451509776054721e+01 2.046863599005645185e+01
2.091902278673241966e+01 2.063128242298262904e+01
2.113950363444690339e+01 2.088570896705768121e+01
2.136361206528878043e+01 2.103534118744117620e+01
2.131505415408710391e+01 2.149854430860047927e+01
2.177001987804070637e+01 2.149581206277105849e+01
2.198344435417999421e+01 2.178459902961298766e+01
2.220323258507159636e+01 2.190273038743946898e+01
2.242318132902750349e+01 2.216719414781958974e+01
2.264862101015210527e+01 2.240661148614703890e+01
2.289493986578979801e+01 2.261246551166496488e+01
2.310710086023181020e+01 2.287473974397842724e+01
2.333406015368541375e+01 2.304458112398747005e+01
2.355827470200900819e+01 2.336482206476033596e+01
