0.000000000000000000e+00 0.000000000000000000e+00
0.000000000000000000e+00 1.217024774473854043e+00
1.252715064217568397e+00 1.287594152862909125e+00
1.293870696377411589e+00 1.296166802887983582e+00
1.387196748378371147e+00 1.407655372534410532e+00
1.512359750936261849e+00 1.597827626117735322e+00
1.623457865732586880e+00 1.828492837660193215e+00
1.772479216175276706e+00 1.982088049181953027e+00
1.953385326936514010e+00 2.176301009094030903e+00
2.153387683777271189e+00 2.318859969012587285e+00
2.327114114026691993e+00 2.460885199160121939e+00
2.501498803551346128e+00 2.598579257115685159e+00
2.628261435268242074e+00 2.730806588056180040e+00
2.751428793989616928e+00 2.851731334541559360e+00
2.884637340221325008e+00 2.980301381016775775e+00
3.018401137353893926e+00 3.100277741540053977e+00
3.155356109634323225e+00 3.218374218394813635e+00
3.328853956209368636e+00 3.277487101301966632e+00
3.390899953821489898e+00 3.461325014876388106e+00
3.582176117549132233e+00 3.521202283598813487e+00
3.700973501802737431e+00 3.647433321395375572e+00
3.821647645093952494e+00 3.772164000865631639e+00
3.941843158684300796e+00 3.892840673531257512e+00
4.059456383598665674e+00 4.016182465000690094e+00
4.183295410030006600e+00 4.099587895554780204e+00
4.251398566629693399e+00 4.307325885767347984e+00
4.440569734584243200e+00 4.408310507096567576e+00
4.578948289558020690e+00 4.547430439823797244e+00
4.712695237782916102e+00 4.671076787162082411e+00
4.840681359072255496e+00 4.777248505259497513e+00
4.986274229678121728e+00 4.942646511576425539e+00
5.117711669499998450e+00 5.072830511517742558e+00
5.250620496695915129e+00 5.164722230060628583e+00
5.385675872703219014e+00 5.283227338761751213e+00
5.522649299897449460e+00 5.445353152724326407e+00
5.657616078680264060e+00 5.588136644018847576e+00
5.799667646924977937e+00 5.707729742951891616e+00
5.934973756526277455e+00 5.849231035093600539e+00
6.066511545544503115e+00 6.013593979726586269e+00
6.131359285058283426e+00 6.200280825485732450e+00
6.334593729870407586e+00 6.273353693346377824e+00
6.482538595781760726e+00 6.404609544654095821e+00
6.616497151766584039e+00 6.564302349525625857e+00
6.742862330952661409e+00 6.657753667157193966e+00
6.877616280219573497e+00 6.794568089738413086e+00
7.021628955676629147e+00 6.968241534289925987e+00
7.078048795302486873e+00 7.144474118747462299e+00
7.295257175767269509e+00 7.203671230886399712e+00
7.436246847467610444e+00 7.336862290735624903e+00
7.570527691371510493e+00 7.447005218969150242e+00
7.715545599948572253e+00 7.559922282964225637e+00
7.860222990742341764e+00 7.772090382153110433e+00
8.003040082020579149e+00 7.889834183012121471e+00
8.140375004715442842e+00 8.048418458977787182e+00
8.291705383723591893e+00 8.122076824513117188e+00
8.430026115885951299e+00 8.263378584869208510e+00
8.575442615844179883e+00 8.409687834753777125e+00
8.707769853689804052e+00 8.569862247722312532e+00
8.853858076388791076e+00 8.735951580309974318e+00
8.991893147500544359e+00 8.800598004334281299e+00
9.136479949651715060e+00 8.967120251666655051e+00
9.276537622947293116e+00 9.127740925683578865e+00
9.412647274779576634e+00 9.246427330406596923e+00
9.561137633222891452e+00 9.398585121539955622e+00
9.709506216414423463e+00 9.549046397810789344e+00
9.846371491069206172e+00 9.636789901907706124e+00
9.967142328162715614e+00 9.789157673056530840e+00
1.012311398857738531e+01 9.955502459378026359e+00
1.026444962514431225e+01 1.009266508120546924e+01
1.038519371390994195e+01 1.024420964803772094e+01
1.053102632824979068e+01 1.038428482099461903e+01
1.067976917016938287e+01 1.050614687710505990e+01
1.081730381164004839e+01 1.064427509219338397e+01
1.096259666475424233e+01 1.079004977782212471e+01
1.111558513300373008e+01 1.091539318816966819e+01
1.123391055468179012e+01 1.108970619485741693e+01
1.137792981329166864e+01 1.119213504665881764e+01
1.151370162732410307e+01 1.134413007231060355e+01
1.166439151534797958e+01 1.144925488007405434e+01
1.179975768857782015e+01 1.161895881473355097e+01
1.194657561354959263e+01 1.174583824200454885e+01
1.207495741524518706e+01 1.187345190619892499e+01
1.223128031363382640e+01 1.203979197053872241e+01
1.236640513710320732e+01 1.219959949101103724e+01
1.252520926862168871e+01 1.232331121218770242e+01
1.265256749992030016e+01 1.232622659348439953e+01
1.280260085000990067e+01 1.257603978497893138e+01
1.291638669346096613e+01 1.271291161803099889e+01
1.307152606659146166e+01 1.290780429560130216e+01
1.320605982922978505e+01 1.298844817785154504e+01
1.334850064126580449e+01 1.312736770395913766e+01
1.348714540167030229e+01 1.332141858660370204e+01
1.347103884015724518e+01 1.356445273107304494e+01
1.377071536995932810e+01 1.349616361102132522e+01
1.371520774244549479e+01 1.382571465828325508e+01
1.403771094290821964e+01 1.388435250027368539e+01
1.417223266403641446e+01 1.404832166192244003e+01
1.431905199927229155e+01 1.412602025996848276e+01
1.442938925762237190e+01 1.419841727871315129e+01
1.456941724160286000e+01 1.449436023546510910e+01
1.473059132971891749e+01 1.455052208708652017e+01
