0.000000000000000000e+00 0.000000000000000000e+00
0.000000000000000000e+00 0.000000000000000000e+00
0.000000000000000000e+00 0.000000000000000000e+00
0.000000000000000000e+00 0.000000000000000000e+00
0.000000000000000000e+00 0.000000000000000000e+00
0.000000000000000000e+00 0.000000000000000000e+00
0.000000000000000000e+00 0.000000000000000000e+00
0.000000000000000000e+00 0.000000000000000000e+00
0.000000000000000000e+00 0.000000000000000000e+00
0.000000000000000000e+00 0.000000000000000000e+00
0.000000000000000000e+00 0.000000000000000000e+00
0.000000000000000000e+00 0.000000000000000000e+00
0.000000000000000000e+00 0.000000000000000000e+00
0.000000000000000000e+00 0.000000000000000000e+00
0.000000000000000000e+00 0.000000000000000000e+00
0.000000000000000000e+00 0.000000000000000000e+00
0.000000000000000000e+00 0.000000000000000000e+00
0.000000000000000000e+00 0.000000000000000000e+00
0.000000000000000000e+00 0.000000000000000000e+00
0.000000000000000000e+00 0.000000000000000000e+00
0.000000000000000000e+00 0.000000000000000000e+00
0.000000000000000000e+00 0.000000000000000000e+00
0.000000000000000000e+00 0.000000000000000000e+00
0.000000000000000000e+00 0.000000000000000000e+00
0.000000000000000000e+00 0.000000000000000000e+00
0.000000000000000000e+00 0.000000000000000000e+00
0.000000000000000000e+00 0.000000000000000000e+00
0.000000000000000000e+00 0.000000000000000000e+00
0.000000000000000000e+00 0.000000000000000000e+00
0.000000000000000000e+00 0.000000000000000000e+00
0.000000000000000000e+00 0.000000000000000000e+00
0.000000000000000000e+00 0.000000000000000000e+00
0.000000000000000000e+00 0.000000000000000000e+00
0.000000000000000000e+00 0.000000000000000000e+00
0.000000000000000000e+00 0.000000000000000000e+00
0.000000000000000000e+00 0.000000000000000000e+00
0.000000000000000000e+00 0.000000000000000000e+00
0.000000000000000000e+00 0.000000000000000000e+00
0.000000000000000000e+00 0.000000000000000000e+00
0.000000000000000000e+00 0.000000000000000000e+00
0.000000000000000000e+00 0.000000000000000000e+00
0.000000000000000000e+00 0.000000000000000000e+00
0.000000000000000000e+00 0.000000000000000000e+00
0.000000000000000000e+00 0.000000000000000000e+00
0.000000000000000000e+00 0.000000000000000000e+00
0.000000000000000000e+00 0.000000000000000000e+00
0.000000000000000000e+00 0.000000000000000000e+00
0.000000000000000000e+00 0.000000000000000000e+00
0.000000000000000000e+00 0.000000000000000000e+00
1.644449028620630689e-03 0.000000000000000000e+00
1.644449028620630689e-03 0.000000000000000000e+00
8.076415664717293552e-01 9.207429877530465490e+00
3.530976897890305000e-01 7.493522165058308815e+00
1.254394206773015874e+01 1.606089426531043785e+01
1.379244223735176078e+01 1.666280634153068974e+01
1.679216913887505669e+01 1.784474402149150762e+01
1.787262101587852925e+01 1.867621597882405382e+01
1.876193559615434481e+01 1.925214339438262101e+01
1.934468693044165732e+01 1.974663334825502403e+01
1.984106188845162677e+01 2.020515295048675242e+01
2.039610174605828874e+01 2.054700382041913187e+01
2.071208591739795324e+01 2.087072520494707106e+01
2.115438786181982422e+01 2.106762911045894171e+01
2.135696817117646162e+01 2.149521223457674068e+01
2.169258650981144854e+01 2.180621682749820067e+01
2.207542752269823438e+01 2.198797635643965265e+01
2.226881417856583312e+01 2.239939315396981456e+01
2.269278975327837955e+01 2.257913923229932252e+01
2.287749983561252520e+01 2.297460487099336746e+01
2.328765114284925630e+01 2.320197878363060795e+01
2.358566164167920931e+01 2.347908068951268845e+01
2.388754513131337731e+01 2.378629049846606591e+01
2.420811614289586089e+01 2.411746655138849960e+01
2.451680248236878512e+01 2.439705351070071160e+01
2.484220722550087856e+01 2.463922489319764253e+01
2.514316933299918944e+01 2.498181375881864952e+01
2.545002678170281385e+01 2.528582431807454611e+01
2.577978226703369558e+01 2.560868394803759784e+01
2.609110801049040518e+01 2.595452930262121427e+01
2.641597882942464892e+01 2.625688718580034475e+01
2.671563689671803132e+01 2.654653433769769677e+01
2.703937503612162985e+01 2.685630217926279784e+01
2.736539911120527080e+01 2.721843530047253168e+01
2.766846406804265612e+01 2.750220119984002309e+01
2.798527050978540842e+01 2.782189282427874488e+01
2.832077133681308112e+01 2.814424726507265007e+01
2.864533530859231902e+01 2.848676417134973704e+01
2.896326343774276069e+01 2.881161686132253408e+01
2.928663475878591882e+01 2.914092018924403149e+01
2.961422712793521228e+01 2.948863538137620921e+01
2.994183468023257078e+01 2.977544568551132187e+01
3.026840138290332405e+01 3.008985412763110645e+01
3.059122041843211903e+01 3.040603244720036002e+01
3.092495259048537548e+01 3.076936271582986748e+01
3.126205854080396307e+01 3.106058864041334999e+01
3.158965854953633112e+01 3.135380721227562262e+01
3.191336996937214820e+01 3.174483610172570991e+01
3.224970125768300733e+01 3.206242135004023197e+01
3.257035083071689741e+01 3.236161281965610925e+01
3.289690936768732854e+01 3.266706299164034988e+01
3.321183841497811073e+01 3.300084161429997920e+01
