0.000000000000000000e+00 0.000000000000000000e+00
1.500137451714302461e+00 1.766747509360055757e+00
1.572957667764983469e+00 1.603117709870613306e+00
1.656576351676654735e+00 1.653434967760691210e+00
1.682550376752501631e+00 1.678400011581496543e+00
1.744286879125957812e+00 1.835153820794390711e+00
1.812401731525145943e+00 1.949333948285654872e+00
2.026577886455284361e+00 2.144417564248681352e+00
2.173763115003828350e+00 2.298645984906277029e+00
2.301663365219313029e+00 2.508398517261251737e+00
2.423256572424269617e+00 2.660157507182804082e+00
2.676739068950969358e+00 2.852363265337618969e+00
2.850789377844771266e+00 3.007821215026832640e+00
2.989819735667339273e+00 3.155073387892142645e+00
3.127019972237633283e+00 3.310412428687594222e+00
3.289040191009845682e+00 3.450774036315436000e+00
3.431281545422226298e+00 3.586150011697065931e+00
3.596941282140371676e+00 3.709279218543126255e+00
3.727788721333160638e+00 3.842792247882643508e+00
3.868415779608376681e+00 3.969213377981033464e+00
4.013509227679458391e+00 4.091533771448745860e+00
4.135332921316972943e+00 4.223144559050702185e+00
4.274815334235555930e+00 4.349357701272261956e+00
4.472516420006513727e+00 4.375904752354376370e+00
4.602565325011086728e+00 4.452663721095089677e+00
4.554473577601534373e+00 4.731622157533786677e+00
4.725125406533915218e+00 4.868140654670587431e+00
4.881898034935745478e+00 4.997464938356903197e+00
4.997705358882313043e+00 5.131349416127671148e+00
5.258050988414328053e+00 5.146636910013183908e+00
5.388964991470305499e+00 5.223768514961434128e+00
5.517821642869273013e+00 5.362339410976201037e+00
5.647494706316635416e+00 5.489997645426214490e+00
5.779896356725415352e+00 5.605216826029949750e+00
5.922041431007554202e+00 5.770088307341752376e+00
5.927300793705095217e+00 6.043725253748464254e+00
6.185339374375424804e+00 6.042011441793197157e+00
6.316439628852956290e+00 6.140209555548591602e+00
6.457433815354685080e+00 6.281443051603643468e+00
6.600086857041098654e+00 6.458630685666959970e+00
6.736406560706839741e+00 6.601619752384498163e+00
6.876807353809750722e+00 6.769290753705561769e+00
6.850384292051511892e+00 7.003321920012548496e+00
7.153410276258836298e+00 7.027726182132000510e+00
7.166200705065029375e+00 7.279175955989005686e+00
7.286585190922682642e+00 7.406445938192498524e+00
7.565251417880174856e+00 7.446272502069387400e+00
7.711528219807950002e+00 7.577289863589735219e+00
7.844510037235524536e+00 7.717563752843336289e+00
7.994012700421174955e+00 7.909107909567532957e+00
8.136614932039465842e+00 8.017056836877527459e+00
8.277797663405566553e+00 8.135984114280679691e+00
8.421071167158627802e+00 8.283922931482928576e+00
8.427290796621837998e+00 8.553167530840768862e+00
8.702101068887749591e+00 8.591078294495240186e+00
8.843440392708403763e+00 8.696704128946633361e+00
8.989588188673005575e+00 8.879168693584365002e+00
9.128621185074889510e+00 9.025282996498274812e+00
9.274236594154023905e+00 9.145822175024610701e+00
9.423255896264924658e+00 9.274334628880678721e+00
9.576201871943517574e+00 9.482372666655653148e+00
9.713501430652508262e+00 9.590984709342134096e+00
9.866045290571916482e+00 9.687987795900564691e+00
9.868033245585928981e+00 9.962954330219931265e+00
1.014621841882269493e+01 1.006236983900998005e+01
1.028480709053869369e+01 1.016205986290738750e+01
1.043187586122484234e+01 1.031939567470318231e+01
1.058066766458604491e+01 1.049808486623850534e+01
1.071897116221987112e+01 1.057108655292100075e+01
1.087682128016852623e+01 1.070791710502665950e+01
1.102871098096903069e+01 1.089605592274245716e+01
1.117483712279986108e+01 1.103086401847402520e+01
1.132206397779597751e+01 1.115122229588767944e+01
1.147745943700762616e+01 1.133166854317240713e+01
1.162185810680126430e+01 1.149097895959282134e+01
1.177700286115292450e+01 1.161820395572065223e+01
1.192499216124268457e+01 1.176868636733277462e+01
1.206436253054601160e+01 1.192463217468426073e+01
1.221387012153164875e+01 1.207016446486876404e+01
1.235586493294590937e+01 1.220808258447275563e+01
1.250621261143828811e+01 1.236406612611459011e+01
1.266249403214821179e+01 1.249467520226146000e+01
1.280025845163693710e+01 1.258927841930255731e+01
1.293684930511278885e+01 1.276410455293460444e+01
1.309830669403404357e+01 1.290272192088156444e+01
1.324265628152222796e+01 1.314002796771648107e+01
1.339894685398829388e+01 1.321753620816024011e+01
1.353457417549261343e+01 1.331822847010389310e+01
1.367770800601548054e+01 1.350346940583981237e+01
1.383562896236117368e+01 1.369184140587414333e+01
1.398021383178148902e+01 1.381242234759056942e+01
1.411943221461573827e+01 1.391178418769312941e+01
1.428161455581587269e+01 1.411912054853993048e+01
1.441581207191765301e+01 1.427336897789639103e+01
1.456469530479855301e+01 1.441612814879107063e+01
1.471837652886943637e+01 1.458791521652197432e+01
1.487560542064004032e+01 1.470426722838734968e+01
1.502144384584538628e+01 1.483527133778708418e+01
1.517240641426358927e+01 1.495829382907977845e+01
1.530792865155318516e+01 1.509468953901767385e+01
1.548723276781509384e+01 1.533131110611579828e+01
