0.000000000000000000e+00 0.000000000000000000e+00
0.000000000000000000e+00 0.000000000000000000e+00
0.000000000000000000e+00 0.000000000000000000e+00
0.000000000000000000e+00 0.000000000000000000e+00
1.086204793912298072e+00 2.880101751301789914e+00
2.904147150527882637e+00 2.860451205458455881e+00
2.871349499516723913e+00 2.864902349768945200e+00
2.888259832225239077e+00 2.881611456913584224e+00
2.946559779108131938e+00 2.950020210589960890e+00
3.077418737307799024e+00 3.123292828833132084e+00
3.182593311229072519e+00 3.281337754652153382e+00
3.318010825660662633e+00 3.516487090665944226e+00
3.462543699206350301e+00 3.684530980870400541e+00
3.679860892977531606e+00 3.850104920365139183e+00
3.855972855195444637e+00 4.028639313205454542e+00
4.064611604798295197e+00 4.225708172575771471e+00
4.189877341178799064e+00 4.420766164717745639e+00
4.354344776648376936e+00 4.581878358661067629e+00
4.525042179128295317e+00 4.738530985821863162e+00
4.709397890834551070e+00 4.903945861470239365e+00
4.879330070807696096e+00 5.068020062744947651e+00
5.056328537887175401e+00 5.211359776389835829e+00
5.203158858603959658e+00 5.367443905266968684e+00
5.418702626718378212e+00 5.507950131522705739e+00
5.572020065544982970e+00 5.657383768506089261e+00
5.710616812423174871e+00 5.813863892245176856e+00
5.866041866188740350e+00 5.954973801592494453e+00
5.987646896433815868e+00 6.089983561253669464e+00
6.139740624674152158e+00 6.236202655260415284e+00
6.372127792384271849e+00 6.275002061590654101e+00
6.374331820318351660e+00 6.525818936959800531e+00
6.503714579889804170e+00 6.666103296361423070e+00
6.689792992609687516e+00 6.817981253305698708e+00
6.959605147658064261e+00 6.807682238942626363e+00
7.104103691239986418e+00 6.932755508136320799e+00
7.262150760899021229e+00 7.108666553237336316e+00
7.258824400588092196e+00 7.408658580318207676e+00
7.378991079755484961e+00 7.563644844317528815e+00
7.708079359311579282e+00 7.555787907482794274e+00
7.853705734260801208e+00 7.662374442403896424e+00
8.011677113577817977e+00 7.840174746938444628e+00
8.164234455793538459e+00 8.005656427212070270e+00
8.320318412080789372e+00 8.109303615107979368e+00
8.489324832638457607e+00 8.290675573753507166e+00
8.640557327668638266e+00 8.425338323659387285e+00
8.807988154509137857e+00 8.621142360529992388e+00
8.962658233046376210e+00 8.755233919861936442e+00
9.116019632671308770e+00 8.877462474277278304e+00
9.080932301596305933e+00 9.258573000219540106e+00
9.423701565465462338e+00 9.215111625274825968e+00
9.592750949141091610e+00 9.388226315531092325e+00
9.747045257554535880e+00 9.553423689927788232e+00
9.889992989823122471e+00 9.684215997664374243e+00
1.006095158096661102e+01 9.845964907538597544e+00
1.020994871716526120e+01 1.001940677470942553e+01
1.037786906797951403e+01 1.018936188569742640e+01
1.052812287823889470e+01 1.032943921039834834e+01
1.070316296676515400e+01 1.048947726876750863e+01
1.086677592043853657e+01 1.067673503588673611e+01
1.102506260049283071e+01 1.082666974608316579e+01
1.117979028670986708e+01 1.097663402764961305e+01
1.134969954255021563e+01 1.118380606421919943e+01
1.150820557495356944e+01 1.131363907013934167e+01
1.166143689296970543e+01 1.146596494979650416e+01
1.181931829042489923e+01 1.167037826735842110e+01
1.198251457102929685e+01 1.179946489510689567e+01
1.215481913313165307e+01 1.194138432303450870e+01
1.230947669871006411e+01 1.216147433344339923e+01
1.248007510560414524e+01 1.228269578095682846e+01
1.263328946554321419e+01 1.244866597262771712e+01
1.279926708897036214e+01 1.264439255903395676e+01
1.296948353101550566e+01 1.278982336141499765e+01
1.314265910050805353e+01 1.291751771257419179e+01
1.331260599084833807e+01 1.308521256149569822e+01
1.347648855049148153e+01 1.326026005664817653e+01
1.346562245112323808e+01 1.359111909397596740e+01
1.380653469123157073e+01 1.358695327135198205e+01
1.397586489979440749e+01 1.376562224679358160e+01
1.414344848220723883e+01 1.387091118480757679e+01
1.408630856198378822e+01 1.424103871890505602e+01
1.446696270925319716e+01 1.423991394782591691e+01
1.463332816995218622e+01 1.443639760907915814e+01
1.478288688941085027e+01 1.458840388354729001e+01
1.496075163022003274e+01 1.473146760024582491e+01
1.512561260873347990e+01 1.489878428137684629e+01
1.528934323821468944e+01 1.512101386041859641e+01
1.546772114220170202e+01 1.526983913887612410e+01
1.562479346361045884e+01 1.540109415162683426e+01
1.578945380406376486e+01 1.553712710474399827e+01
1.595865699306371965e+01 1.571528660078012685e+01
1.611543344740926642e+01 1.590587942715208492e+01
1.629945316279363254e+01 1.606666455400271687e+01
1.646688008031173922e+01 1.624786575070100270e+01
1.662048582439264877e+01 1.635891125172692284e+01
1.680472371981201718e+01 1.651907581959637739e+01
1.697096024050316387e+01 1.675341859119887999e+01
1.712643926663053051e+01 1.694263203720093358e+01
1.732290993368086873e+01 1.704858105831332082e+01
1.746152060424622121e+01 1.721665223788539123e+01
1.763718709997860401e+01 1.727599119155406271e+01
1.780791498476851586e+01 1.761090619574037319e+01
