0.000000000000000000e+00 0.000000000000000000e+00
0.000000000000000000e+00 0.000000000000000000e+00
0.000000000000000000e+00 0.000000000000000000e+00
0.000000000000000000e+00 0.000000000000000000e+00
0.000000000000000000e+00 0.000000000000000000e+00
0.000000000000000000e+00 0.000000000000000000e+00
0.000000000000000000e+00 0.000000000000000000e+00
0.000000000000000000e+00 0.000000000000000000e+00
0.000000000000000000e+00 0.000000000000000000e+00
0.000000000000000000e+00 0.000000000000000000e+00
0.000000000000000000e+00 0.000000000000000000e+00
0.000000000000000000e+00 0.000000000000000000e+00
0.000000000000000000e+00 0.000000000000000000e+00
0.000000000000000000e+00 0.000000000000000000e+00
0.000000000000000000e+00 0.000000000000000000e+00
0.000000000000000000e+00 0.000000000000000000e+00
0.000000000000000000e+00 0.000000000000000000e+00
0.000000000000000000e+00 0.000000000000000000e+00
0.000000000000000000e+00 0.000000000000000000e+00
0.000000000000000000e+00 0.000000000000000000e+00
0.000000000000000000e+00 0.000000000000000000e+00
0.000000000000000000e+00 0.000000000000000000e+00
0.000000000000000000e+00 0.000000000000000000e+00
0.000000000000000000e+00 0.000000000000000000e+00
0.000000000000000000e+00 0.000000000000000000e+00
0.000000000000000000e+00 0.000000000000000000e+00
0.000000000000000000e+00 0.000000000000000000e+00
0.000000000000000000e+00 0.000000000000000000e+00
0.000000000000000000e+00 0.000000000000000000e+00
0.000000000000000000e+00 0.000000000000000000e+00
0.000000000000000000e+00 0.000000000000000000e+00
0.000000000000000000e+00 0.000000000000000000e+00
0.000000000000000000e+00 0.000000000000000000e+00
0.000000000000000000e+00 0.000000000000000000e+00
0.000000000000000000e+00 0.000000000000000000e+00
2.360841793213146178e-04 0.000000000000000000e+00
4.787498260820031971e-04 0.000000000000000000e+00
1.583998644872955386e-01 0.000000000000000000e+00
7.877657280822679686e-01 2.533528748401024377e-01
6.881295281464968605e-01 4.260836712962390305e-01
1.005387655556599036e+00 1.690598983539026490e+00
1.929281232991157280e+00 6.397002762772479034e-01
2.076361679981951980e+00 1.358054104908289483e+00
5.940925248163864580e+00 6.551886667429101863e+00
1.106839824952931650e+01 1.348540860101639538e+01
1.346970092317499024e+01 1.440672601273748299e+01
1.479410335686116618e+01 1.519961169625291575e+01
1.547137369996623590e+01 1.574295255415336214e+01
1.604197942607208560e+01 1.613853508365114209e+01
1.638488672204114494e+01 1.658004136709528709e+01
1.659075547687961816e+01 1.689809304787504374e+01
1.692889065252827763e+01 1.720562722021290725e+01
1.723718993552313350e+01 1.749054538309856000e+01
1.753052553857221696e+01 1.774246735951416554e+01
1.784131398143006919e+01 1.798725546871435910e+01
1.808551945873024636e+01 1.823174940663624000e+01
1.840030003866499086e+01 1.847792645251721311e+01
1.862579783382025411e+01 1.873224892866181435e+01
1.890576242840961640e+01 1.896260011271291290e+01
1.920688393732537946e+01 1.912594700545472293e+01
1.937185191286761921e+01 1.946253623725338500e+01
1.961856361280410255e+01 1.971697319278720428e+01
1.996126602765000513e+01 1.988809699466803238e+01
2.021613531216832982e+01 2.014444887274999019e+01
2.047212865232287271e+01 2.039016235081489370e+01
2.063752377670687466e+01 2.071135771935740522e+01
2.096525546339304213e+01 2.092437656130323731e+01
2.124614433958017301e+01 2.110228256144102588e+01
2.151860149814064371e+01 2.138608519325503821e+01
2.178482981030510501e+01 2.168722344222235776e+01
2.206076036037377719e+01 2.193002045311492765e+01
2.233437015482628851e+01 2.221473330920894895e+01
2.258968736658541943e+01 2.248982300392370348e+01
2.285439831848715997e+01 2.273915946606869198e+01
2.299011648714854417e+01 2.306055116382862380e+01
2.336756469171567119e+01 2.329557539383245057e+01
2.365524509631078587e+01 2.348807234496029039e+01
2.393814539592776214e+01 2.383934826470169455e+01
2.423805177592127791e+01 2.409734761533185576e+01
2.451065231481520001e+01 2.434751555055741790e+01
2.480351935446943301e+01 2.468545668455783115e+01
2.508750149851990940e+01 2.490944133926765858e+01
2.538701638516638681e+01 2.525360545361534648e+01
2.567634349982225217e+01 2.545103128118190838e+01
2.596797896146352969e+01 2.582046338111176453e+01
2.626682927504590381e+01 2.608911446145996038e+01
2.656808169357127625e+01 2.634940432726694937e+01
2.686523831602666590e+01 2.660961498845599849e+01
2.716906716411959266e+01 2.696336025663609703e+01
2.746550394393391770e+01 2.727992502793431129e+01
2.777157614849745926e+01 2.752074140429019522e+01
2.805103005931259119e+01 2.779432508560346449e+01
2.832591230413055783e+01 2.808212350137525348e+01
2.864436518476055582e+01 2.840528864242784834e+01
2.893673303363529214e+01 2.868342198066297044e+01
2.924655196090823139e+01 2.898774120983244629e+01
2.953397595256667785e+01 2.920477497526137256e+01
2.983941304248394744e+01 2.961547072430001393e+01
3.014737427087469968e+01 2.985834904861536288e+01
3.041995567130983602e+01 3.014567271077567057e+01
3.073356146707323333e+01 3.048105685444247825e+01
