0.000000000000000000e+00 0.000000000000000000e+00
0.000000000000000000e+00 0.000000000000000000e+00
0.000000000000000000e+00 0.000000000000000000e+00
0.000000000000000000e+00 0.000000000000000000e+00
0.000000000000000000e+00 0.000000000000000000e+00
0.000000000000000000e+00 0.000000000000000000e+00
0.000000000000000000e+00 0.000000000000000000e+00
0.000000000000000000e+00 0.000000000000000000e+00
0.000000000000000000e+00 0.000000000000000000e+00
0.000000000000000000e+00 0.000000000000000000e+00
0.000000000000000000e+00 0.000000000000000000e+00
0.000000000000000000e+00 0.000000000000000000e+00
0.000000000000000000e+00 0.000000000000000000e+00
0.000000000000000000e+00 0.000000000000000000e+00
0.000000000000000000e+00 0.000000000000000000e+00
0.000000000000000000e+00 0.000000000000000000e+00
0.000000000000000000e+00 0.000000000000000000e+00
0.000000000000000000e+00 0.000000000000000000e+00
0.000000000000000000e+00 0.000000000000000000e+00
0.000000000000000000e+00 0.000000000000000000e+00
0.000000000000000000e+00 0.000000000000000000e+00
0.000000000000000000e+00 0.000000000000000000e+00
0.000000000000000000e+00 0.000000000000000000e+00
0.000000000000000000e+00 0.000000000000000000e+00
0.000000000000000000e+00 0.000000000000000000e+00
0.000000000000000000e+00 0.000000000000000000e+00
0.000000000000000000e+00 0.000000000000000000e+00
0.000000000000000000e+00 0.000000000000000000e+00
0.000000000000000000e+00 0.000000000000000000e+00
0.000000000000000000e+00 0.000000000000000000e+00
0.000000000000000000e+00 0.000000000000000000e+00
0.000000000000000000e+00 0.000000000000000000e+00
0.000000000000000000e+00 0.000000000000000000e+00
0.000000000000000000e+00 0.000000000000000000e+00
0.000000000000000000e+00 0.000000000000000000e+00
0.000000000000000000e+00 0.000000000000000000e+00
0.000000000000000000e+00 0.000000000000000000e+00
0.000000000000000000e+00 0.000000000000000000e+00
0.000000000000000000e+00 0.000000000000000000e+00
0.000000000000000000e+00 0.000000000000000000e+00
0.000000000000000000e+00 0.000000000000000000e+00
0.000000000000000000e+00 0.000000000000000000e+00
0.000000000000000000e+00 0.000000000000000000e+00
0.000000000000000000e+00 0.000000000000000000e+00
0.000000000000000000e+00 0.000000000000000000e+00
0.000000000000000000e+00 0.000000000000000000e+00
0.000000000000000000e+00 0.000000000000000000e+00
0.000000000000000000e+00 0.000000000000000000e+00
0.000000000000000000e+00 0.000000000000000000e+00
0.000000000000000000e+00 0.000000000000000000e+00
0.000000000000000000e+00 0.000000000000000000e+00
0.000000000000000000e+00 0.000000000000000000e+00
0.000000000000000000e+00 0.000000000000000000e+00
0.000000000000000000e+00 0.000000000000000000e+00
0.000000000000000000e+00 0.000000000000000000e+00
0.000000000000000000e+00 0.000000000000000000e+00
0.000000000000000000e+00 0.000000000000000000e+00
0.000000000000000000e+00 0.000000000000000000e+00
0.000000000000000000e+00 0.000000000000000000e+00
0.000000000000000000e+00 0.000000000000000000e+00
0.000000000000000000e+00 0.000000000000000000e+00
0.000000000000000000e+00 0.000000000000000000e+00
0.000000000000000000e+00 0.000000000000000000e+00
0.000000000000000000e+00 0.000000000000000000e+00
0.000000000000000000e+00 0.000000000000000000e+00
0.000000000000000000e+00 0.000000000000000000e+00
3.192377472169123931e-01 0.000000000000000000e+00
1.026354255640644864e+00 3.138567851857146929e-01
1.240433062828240951e+00 0.000000000000000000e+00
2.702725214971994028e+00 8.672698947416305204e-01
9.545158670389882971e+00 1.118612878448692705e+01
1.802632451718666573e+01 1.969221541134276521e+01
2.087056651703859345e+01 2.227427912932695619e+01
2.333567802115075906e+01 2.397331860537254045e+01
2.455330219502739197e+01 2.505641918426333348e+01
2.552418062636242624e+01 2.588272308163684343e+01
2.618936120449372140e+01 2.651897208149699026e+01
2.677363731221031529e+01 2.705038774135521606e+01
2.749452288617834839e+01 2.726419552906161314e+01
2.794285548731994595e+01 2.770430829844722709e+01
2.837951316656604561e+01 2.816630275637950831e+01
2.880768470245089929e+01 2.862048992396522351e+01
2.921770692166683148e+01 2.900452641360698891e+01
2.961482722202462270e+01 2.945782453372701326e+01
3.003187039632764055e+01 2.988356914740461079e+01
3.042661726207098027e+01 3.027379388936843441e+01
3.080087340171902355e+01 3.066071987960950551e+01
3.119462134790315844e+01 3.106857321595179755e+01
3.159133589983493096e+01 3.145430001320310964e+01
3.197376888776491910e+01 3.183982214544781897e+01
3.234996064431386031e+01 3.225806027368591344e+01
3.276321854423017754e+01 3.263326005474480240e+01
3.315817216095926767e+01 3.298604426837638925e+01
3.353554240451310875e+01 3.339744235565397190e+01
3.393743390584732822e+01 3.378674600609554801e+01
3.429399953560778158e+01 3.413315615933824887e+01
3.468132975480292401e+01 3.447605594746457314e+01
3.506093485020333844e+01 3.488610301937521285e+01
3.542742152520894905e+01 3.525707350029572495e+01
3.579578851504552972e+01 3.564310848158029899e+01
3.617998272964003803e+01 3.599680439675596944e+01
