6.790161757917151375e-01 6.798863664638178372e-01
6.314040861070866484e-01 6.262346305313467587e-01
7.407128987735246417e-01 8.862685746066165660e-01
9.325055689587149477e-01 9.906546344903696122e-01
1.046233910946014811e+00 1.127400640210754146e+00
1.140957260116618466e+00 1.286972686901187268e+00
1.256939364644440227e+00 1.438750352792850018e+00
1.422899083548689658e+00 1.544733566367384681e+00
1.581993805994274416e+00 1.660787635748637525e+00
1.726335853904004347e+00 1.780394002276760812e+00
1.855773412029727121e+00 1.896119899741724124e+00
1.964213552059286716e+00 2.008548636940151511e+00
2.073724563920151365e+00 2.119798331896524779e+00
2.187701602066533635e+00 2.230125804234071474e+00
2.307762751503211529e+00 2.341480863941176604e+00
2.445374839580306769e+00 2.415727058741547584e+00
2.531810546689005292e+00 2.568704434135422154e+00
2.678154210779289723e+00 2.653513292641580090e+00
2.789700358559374482e+00 2.762270429373528735e+00
2.905304388766456913e+00 2.877748585910147483e+00
3.022129365503499532e+00 2.978192540567266455e+00
3.134546961299307100e+00 3.073694753420568304e+00
3.252521967461999619e+00 3.190487230371459315e+00
3.370380640348622503e+00 3.301831492125462564e+00
3.495491468306123117e+00 3.471777865205539548e+00
3.619227866969155993e+00 3.572380593206314625e+00
3.744321400838829472e+00 3.658654471814804410e+00
3.867603963518793542e+00 3.828654636162784453e+00
3.987218477052453913e+00 3.909080666903768986e+00
4.111021527151038413e+00 4.040466169229814497e+00
4.232170085371541823e+00 4.154289149367169642e+00
4.278200776708021458e+00 4.328311409952839917e+00
4.465104010816449254e+00 4.409537973824854795e+00
4.588733252791544537e+00 4.530450247289409482e+00
4.710178309189434920e+00 4.618966967667300416e+00
4.833205293564630800e+00 4.775191454832186544e+00
4.963351822870047059e+00 4.853992918779848509e+00
5.077176152220602923e+00 4.979465189810321490e+00
5.207898581179759567e+00 5.119422986078292936e+00
5.251516117714805532e+00 5.304993218933359067e+00
5.450394645993224430e+00 5.335918047224808447e+00
5.571395329171612509e+00 5.478483034436107957e+00
5.600724305374852108e+00 5.676681496371701385e+00
5.818227558147569312e+00 5.709189953211560642e+00
5.948854297811435821e+00 5.873812017868769608e+00
6.073070860855648512e+00 5.997186197516724881e+00
6.211698207249308545e+00 6.108534450248291670e+00
6.329775003051485882e+00 6.234961467971143811e+00
6.456767494699165333e+00 6.375987015983619166e+00
6.587024248028714446e+00 6.452881555152728765e+00
6.717216029563692459e+00 6.633898111713686596e+00
6.851626360576513086e+00 6.705593536126545295e+00
6.973057882948579866e+00 6.863821308379162822e+00
7.095068333100422286e+00 6.996699753685296841e+00
7.228663069596983348e+00 7.087682562740622139e+00
7.352336926480294466e+00 7.201641500742868907e+00
7.465488203404182066e+00 7.375800504633453158e+00
7.595823496862765367e+00 7.522450105902142248e+00
7.601149667611369232e+00 7.667995148446908438e+00
7.833293628889983928e+00 7.715021602743704854e+00
7.955105683757252244e+00 7.807749560406057832e+00
8.093528387867653606e+00 7.984586897653305648e+00
8.204759310779078163e+00 8.140654565608652860e+00
8.341824951385399700e+00 8.244787485846929442e+00
8.465379632503278629e+00 8.342719918791352995e+00
8.599900727257164590e+00 8.470044264816284141e+00
8.703512329327034891e+00 8.584466783254036670e+00
8.860564303566857092e+00 8.654715478200866841e+00
8.966613362243112562e+00 8.842698238491690788e+00
9.099614542431714526e+00 8.972365042934901780e+00
9.226697957836952568e+00 9.107436613382999369e+00
9.344404601018649004e+00 9.220106479327261795e+00
9.483683297730774342e+00 9.292548467936011747e+00
9.599145998404164715e+00 9.355020010778853035e+00
9.733170639612209740e+00 9.602520532630892447e+00
9.861843347846482644e+00 9.752532374034727169e+00
9.990079956857297105e+00 9.852260671235178791e+00
1.011521606893002634e+01 1.000488251985221666e+01
1.023658515349059961e+01 1.009236731045564817e+01
1.036829626893281109e+01 1.019907942112998533e+01
1.049731090255182586e+01 1.040302323708741383e+01
1.062392240694171797e+01 1.052215456141976979e+01
1.075020198654535619e+01 1.062880228512418945e+01
1.087573703949377091e+01 1.059339754446235382e+01
1.100709326318386161e+01 1.087420847700884430e+01
1.113673523545862132e+01 1.100152170979173327e+01
1.125965309894222699e+01 1.108592389642116949e+01
1.137449865519133319e+01 1.118161042882412026e+01
1.151669055760503468e+01 1.132186942673885888e+01
1.165610806808524202e+01 1.147341101350032666e+01
1.176291134219953705e+01 1.162485578914912665e+01
1.189359027090942789e+01 1.171396796750801350e+01
1.202433963199513123e+01 1.180939823477159933e+01
1.215371533471024001e+01 1.188270305628438805e+01
1.228642696436866366e+01 1.212733133718179701e+01
1.240598010992364308e+01 1.228860469354229679e+01
1.252784143559722274e+01 1.238705380005426981e+01
1.266453491084219429e+01 1.244982373926329444e+01
1.280638869305518845e+01 1.262515511677962898e+01
1.294300719235487307e+01 1.273995831608249674e+01
1.304412322958867421e+01 1.289198586587339612e+01
