3.100820614237499995e-01 1.050110167358223157e+00
9.653262306282175409e-01 9.825503665200838732e-01
9.569090743605712657e-01 9.558117903199441212e-01
1.057951803460220885e+00 1.106382779355655765e+00
1.189826400850858334e+00 1.284218057455208006e+00
1.317087131932422439e+00 1.400456081564157573e+00
1.458884520041163757e+00 1.494891920547680275e+00
1.581882140177393703e+00 1.637984163807510329e+00
1.696778932934121409e+00 1.809459636491088874e+00
1.796727113542404330e+00 1.975395430383275475e+00
1.924347723841109303e+00 2.103356047093077663e+00
2.043573361901990459e+00 2.231306703102475364e+00
2.177662201693075339e+00 2.361177034781362316e+00
2.324712426645596519e+00 2.477800479928943922e+00
2.479817223152636085e+00 2.598849916314961650e+00
2.614867783438406423e+00 2.718959785646563265e+00
2.755849281535393214e+00 2.835959576125023585e+00
2.890604063022053083e+00 2.953385207820641067e+00
3.020753439048249334e+00 3.069499307573157587e+00
3.126554153734519392e+00 3.186641248460779785e+00
3.302981365387343438e+00 3.237198333003980188e+00
3.333395001545665703e+00 3.418491471274646365e+00
3.538951659338062328e+00 3.442771055604535668e+00
3.653255211383804379e+00 3.575588370512828629e+00
3.782458936498263480e+00 3.658003609082860930e+00
3.902809208482207914e+00 3.790865816052452431e+00
4.018549283083180157e+00 3.908107683318033043e+00
4.150565706057901316e+00 4.032218931386181815e+00
4.176005583847349101e+00 4.265736125469080875e+00
4.303454246661555516e+00 4.388372170809798689e+00
4.513773140219491609e+00 4.422612015521792728e+00
4.643327052263659382e+00 4.555792826006613616e+00
4.769327406195325025e+00 4.674089964254489971e+00
4.888000176541017261e+00 4.813141802084577314e+00
5.016481320859615955e+00 4.956546151417220436e+00
5.135721429504395807e+00 5.044405995813098009e+00
5.267365548857167568e+00 5.179511202272538029e+00
5.395568503254302151e+00 5.311653352785731919e+00
5.521789280362260577e+00 5.439954548232482701e+00
5.541048765017507094e+00 5.623129501316382672e+00
5.763457168463795632e+00 5.679746876801248234e+00
5.891396176187378764e+00 5.762767075299095154e+00
6.014122287319895399e+00 5.955817803470497829e+00
6.151005452358932146e+00 6.048088903914974779e+00
6.261818160593707994e+00 6.178272937905821216e+00
6.395879842785243241e+00 6.268874165321095759e+00
6.526965532814791970e+00 6.423338025279126562e+00
6.642986743747234080e+00 6.574724353414970857e+00
6.774809384120445088e+00 6.703682925784266722e+00
6.904347253456038835e+00 6.834213294514891679e+00
7.034245318886338971e+00 6.945052005722840427e+00
7.166549816702640463e+00 7.076153577533054850e+00
7.292341530449446552e+00 7.212221395545372005e+00
7.422995643773382390e+00 7.339077505945698299e+00
7.550161536426742259e+00 7.407487860840266336e+00
7.679939211869726279e+00 7.587852997597167359e+00
7.811848577569928231e+00 7.726858628438683319e+00
7.945094390863035372e+00 7.825235155532392461e+00
8.072646274241252584e+00 7.960642823897458698e+00
8.201542641826502944e+00 8.093711228892646048e+00
8.330964819441287972e+00 8.227474013589837654e+00
8.452084699928033018e+00 8.345139047058447446e+00
8.581113375927897025e+00 8.477369847896062183e+00
8.716305219524851822e+00 8.596040492520964804e+00
8.861419772973514242e+00 8.742675146799907537e+00
8.979388665059142127e+00 8.860695937320866022e+00
9.111489344594842166e+00 9.014224714646521974e+00
9.243017372827102562e+00 9.076154003522685088e+00
9.368138929214159916e+00 9.221750648075534684e+00
9.488557680244838366e+00 9.387511901858669461e+00
9.622583531788881928e+00 9.472593639901242923e+00
9.758109086541631783e+00 9.604871673549313371e+00
9.892350543413613195e+00 9.743193036535460649e+00
1.001616498622419726e+01 9.876428481616732924e+00
1.016555654851572399e+01 1.001330149301170458e+01
1.027812686640141315e+01 1.012141269990568659e+01
1.041767749484975170e+01 1.026459345837483284e+01
1.037352356379051344e+01 1.047603686628143649e+01
1.067564448420725221e+01 1.052108517945466204e+01
1.080130356595159569e+01 1.066470465575242876e+01
1.078613661504940957e+01 1.087504200981600633e+01
1.106075546997032788e+01 1.091125665725983396e+01
1.119515761443495450e+01 1.100954489604916553e+01
1.133350140196796829e+01 1.119007150402527628e+01
1.144997981390566366e+01 1.131324828048535558e+01
1.158487367456006112e+01 1.148592989230474259e+01
1.172682715855175850e+01 1.149944944708506434e+01
1.184824637881669140e+01 1.166683293212412664e+01
1.198439644155258499e+01 1.182169184610074097e+01
1.213210605683483401e+01 1.190186204760043331e+01
1.225140864898181192e+01 1.213018151099612929e+01
1.238643640878548169e+01 1.223332122928120569e+01
1.252087983853708408e+01 1.236142275383920186e+01
1.264647382566202083e+01 1.244130014642477455e+01
1.278371148395509316e+01 1.259760290928481297e+01
1.292034385573705535e+01 1.275761314213846553e+01
1.306219827683573698e+01 1.284302460589030304e+01
1.317581437206756867e+01 1.292350833907985219e+01
1.332328961355409902e+01 1.309388889789726029e+01
1.324621630424457130e+01 1.332982313142736253e+01
1.357622699568543645e+01 1.345316619427284444e+01
