0.000000000000000000e+00 0.000000000000000000e+00
0.000000000000000000e+00 0.000000000000000000e+00
0.000000000000000000e+00 0.000000000000000000e+00
0.000000000000000000e+00 0.000000000000000000e+00
0.000000000000000000e+00 0.000000000000000000e+00
0.000000000000000000e+00 0.000000000000000000e+00
0.000000000000000000e+00 0.000000000000000000e+00
0.000000000000000000e+00 0.000000000000000000e+00
0.000000000000000000e+00 0.000000000000000000e+00
0.000000000000000000e+00 0.000000000000000000e+00
0.000000000000000000e+00 0.000000000000000000e+00
0.000000000000000000e+00 0.000000000000000000e+00
0.000000000000000000e+00 0.000000000000000000e+00
0.000000000000000000e+00 0.000000000000000000e+00
0.000000000000000000e+00 0.000000000000000000e+00
0.000000000000000000e+00 0.000000000000000000e+00
0.000000000000000000e+00 0.000000000000000000e+00
0.000000000000000000e+00 0.000000000000000000e+00
0.000000000000000000e+00 1.890405759277912656e+00
2.854267563617844949e-01 0.000000000000000000e+00
2.823549086082412174e+00 6.684412402768462158e+00
6.031313707401696256e+00 6.480264440204586585e+00
6.434098029256917428e+00 6.829305626895448178e+00
6.903671756803124282e+00 6.945028883219120708e+00
7.049361580372830893e+00 7.101962126642330730e+00
7.193348255913439182e+00 7.145601336870203824e+00
7.312098613293334992e+00 7.269320477669872105e+00
7.435670382332989270e+00 7.574050214577487949e+00
7.619132665715833141e+00 7.588979672084922967e+00
7.763398783628382205e+00 7.961521133497135416e+00
7.922583840399572530e+00 8.117433731868555213e+00
8.090935746192846167e+00 8.247995263640389041e+00
8.252096512574306431e+00 8.389895972012393344e+00
8.522848770663065565e+00 8.426824836596209067e+00
8.569664656852797435e+00 8.674876461796447558e+00
8.812332254654606345e+00 8.767271912391262134e+00
8.902032862437099681e+00 8.969438816088263877e+00
9.110432947962944894e+00 9.056033957782060995e+00
9.264079610649543994e+00 9.210957954037802153e+00
9.416142510178914904e+00 9.344119714186478021e+00
9.570014292834944314e+00 9.473636593628533831e+00
9.728639036743658153e+00 9.650850804012680584e+00
9.888593789054475280e+00 9.776342229898528302e+00
1.005869859966991520e+01 9.934812199174841041e+00
1.021777811116745482e+01 1.011176567020174488e+01
1.037649983601608739e+01 1.028918799205731816e+01
1.054272600208390642e+01 1.045388834399618716e+01
1.071843909331691691e+01 1.060504184257427518e+01
1.087953515743485333e+01 1.076356194947392275e+01
1.105516493744410589e+01 1.096073836935681278e+01
1.120964956138721469e+01 1.111816367687740303e+01
1.138417570424438452e+01 1.124722348506712599e+01
1.154730302938950004e+01 1.143228267695698364e+01
1.174005928605743776e+01 1.159574860423991716e+01
1.190191046380640394e+01 1.176997121657833567e+01
1.208498565885152765e+01 1.194145447589648334e+01
1.225679872710058405e+01 1.213146708530183027e+01
1.243664265543024605e+01 1.231903586474552803e+01
1.261250874353480533e+01 1.250032829132012857e+01
1.279258305087796010e+01 1.265799136310136142e+01
1.297135857447073093e+01 1.283923202242497297e+01
1.313965110501085931e+01 1.298704006244852494e+01
1.332058172863146694e+01 1.321995638234304060e+01
1.349401964727333869e+01 1.333513542571221855e+01
1.366740872574919585e+01 1.351496950357060101e+01
1.384094138653829731e+01 1.371106933776091097e+01
1.401604287878984323e+01 1.389361438147126826e+01
1.420186579336165877e+01 1.396551780571793522e+01
1.437496775304900254e+01 1.425822886186954186e+01
1.455321975944505830e+01 1.439773918081201387e+01
1.472668757076644930e+01 1.460509090217970574e+01
1.491666644473064274e+01 1.479891409571880878e+01
1.509538391158883108e+01 1.496550974655627364e+01
1.528449240960179800e+01 1.510734181070511362e+01
1.546274194818026260e+01 1.528938031019632326e+01
1.564783477613085694e+01 1.541165992742282675e+01
1.584976038463670278e+01 1.565635128277057575e+01
1.600806803519789412e+01 1.585073519785031237e+01
1.620458174452788569e+01 1.603085368170363978e+01
1.639271109536546334e+01 1.610941665079175777e+01
1.659089501561838276e+01 1.636811388309815740e+01
1.677933558290883909e+01 1.658072313407470944e+01
1.695622434456531735e+01 1.675670231258420628e+01
1.715420431741552321e+01 1.692230106543155443e+01
1.734670967816616383e+01 1.712011103975510196e+01
1.752503201669469846e+01 1.729681175008352767e+01
1.772275204831906592e+01 1.739982712440203372e+01
1.790717176361488683e+01 1.763302420758119382e+01
1.808635044459537511e+01 1.786785187623668492e+01
1.828058263424608043e+01 1.800241582288569120e+01
1.846735657873767167e+01 1.819819951379914968e+01
1.867339275882892125e+01 1.829760385034452597e+01
1.884156558991633901e+01 1.859512755037875920e+01
1.904238669719948618e+01 1.875606971242020293e+01
1.922693961715257061e+01 1.887567174068594156e+01
1.943189265186603976e+01 1.910630280851515295e+01
1.961643202942644137e+01 1.935873756790909894e+01
1.982200845780072385e+01 1.948517743359880328e+01
2.000391496684704506e+01 1.968117316004260076e+01
2.019948196327030843e+01 1.974770584216830827e+01
2.039917210532904690e+01 1.991055605263414918e+01
