0.000000000000000000e+00 0.000000000000000000e+00
0.000000000000000000e+00 0.000000000000000000e+00
0.000000000000000000e+00 0.000000000000000000e+00
0.000000000000000000e+00 0.000000000000000000e+00
0.000000000000000000e+00 0.000000000000000000e+00
0.000000000000000000e+00 0.000000000000000000e+00
0.000000000000000000e+00 0.000000000000000000e+00
0.000000000000000000e+00 0.000000000000000000e+00
0.000000000000000000e+00 0.000000000000000000e+00
0.000000000000000000e+00 0.000000000000000000e+00
0.000000000000000000e+00 0.000000000000000000e+00
2.677059571661842829e-01 -1.233849407977734153e-01
0.000000000000000000e+00 0.000000000000000000e+00
0.000000000000000000e+00 -3.216978187206256251e-02
6.851004424223823552e-02 -4.506883358276811413e-02
1.418023261144018554e-01 6.220129205667294936e-02
1.401830805499459376e-01 5.366762944758318277e+00
1.816770972651310601e+00 5.499875360411758507e+00
4.954197771687271157e+00 6.357512984849919668e+00
6.440316535374415174e+00 6.340289146548321320e+00
6.521320098227719519e+00 6.533018024763535436e+00
6.630831820485015626e+00 6.629456999006706042e+00
6.761919518851086330e+00 6.733825318676687210e+00
6.884923870408165669e+00 6.971443576557522448e+00
7.013343694307757836e+00 7.158782844765848807e+00
7.161923514325254203e+00 7.319064466017325188e+00
7.396344395570325858e+00 7.325028711816527149e+00
7.457922916728128016e+00 7.576041721223677250e+00
7.637899743305588629e+00 7.741145257180924055e+00
7.843465919362814454e+00 7.771255074073334157e+00
7.944200289740992460e+00 8.039786945894915604e+00
8.091498581919116972e+00 8.185910611974879458e+00
8.300267209549243574e+00 8.228138599492327288e+00
8.438489057655136349e+00 8.404484690473086772e+00
8.554537095087230369e+00 8.674071356896135399e+00
8.725385386267040744e+00 8.837898142852425920e+00
8.891072191955920800e+00 8.986232158977788487e+00
9.058336366289507779e+00 9.131456907194030137e+00
9.235744939843000267e+00 9.286479327559238328e+00
9.436723720942127969e+00 9.367392928758940585e+00
9.598190183188449964e+00 9.519438126139137424e+00
9.748147645300550224e+00 9.644411208267616331e+00
9.905551152501274714e+00 9.799232359497336731e+00
1.006149449539828389e+01 9.972399803064520896e+00
1.022710123913811309e+01 1.013041453678583359e+01
1.038837128093553197e+01 1.026437285070515415e+01
1.055554130699260895e+01 1.042750436698671024e+01
1.072421850524067999e+01 1.056510752657180063e+01
1.088883533217846633e+01 1.074182487014098442e+01
1.106350735490004489e+01 1.091251524831906750e+01
1.122965862483129840e+01 1.106252437706019442e+01
1.139471808010784137e+01 1.128865341649215992e+01
1.156722108465839938e+01 1.146057262784112751e+01
1.174167843415574630e+01 1.163709574179372552e+01
1.191406812232575518e+01 1.177174974145177089e+01
1.209522197484054296e+01 1.194472523999498748e+01
1.227005628541108528e+01 1.211138199142204108e+01
1.243921702389351047e+01 1.227394053264020002e+01
1.261772199330049560e+01 1.243309015650588023e+01
1.278955217648831955e+01 1.265119458721513723e+01
1.295439553285379475e+01 1.284665662126495178e+01
1.313182500103675743e+01 1.298878531510374401e+01
1.330886791362186550e+01 1.315474203957298371e+01
1.348555860629276104e+01 1.334540814115636742e+01
1.366561226085207004e+01 1.347857016071382574e+01
1.385574541848848540e+01 1.364040894369071033e+01
1.404303480710590790e+01 1.387421077581574913e+01
1.420592974201946390e+01 1.405143220722302644e+01
1.439433134845973328e+01 1.427128915255018882e+01
1.459562758403312266e+01 1.439576732831863382e+01
1.478038797830883588e+01 1.460014689931528764e+01
1.495668467295641335e+01 1.473640672574598831e+01
1.515608352616641952e+01 1.492463876525787292e+01
1.534065726628536375e+01 1.507389016889554867e+01
1.551952389455968451e+01 1.530569745894039713e+01
1.571703282319313644e+01 1.543203938911908679e+01
1.590847329042559011e+01 1.565185371288702143e+01
1.608219440967190650e+01 1.578816267797880535e+01
1.627104977456554380e+01 1.596005864469401736e+01
1.645975442241867270e+01 1.626007720723630356e+01
1.664618736848882818e+01 1.638978637810615169e+01
1.682977098307138064e+01 1.656245637148386507e+01
1.702474073373972985e+01 1.676547224181700102e+01
1.719804796297153615e+01 1.690575606165507239e+01
1.739049457464635395e+01 1.710332749693170484e+01
1.757513378333867493e+01 1.732375890559761800e+01
1.775522033524563170e+01 1.755039580040570968e+01
1.794519982564075278e+01 1.768509489100520682e+01
1.812496410039624806e+01 1.790126871693155763e+01
1.833752131461880097e+01 1.806691689621688468e+01
1.851383241995378626e+01 1.822850306218622407e+01
1.870620462892033231e+01 1.844486675648754215e+01
1.889444142317309172e+01 1.861865119870188678e+01
1.907968132949433837e+01 1.866067958198579646e+01
1.927612174573680548e+01 1.887884006276091142e+01
1.946261796078215411e+01 1.907319822836010914e+01
1.965743818861631809e+01 1.934487361605003741e+01
1.984562883907181785e+01 1.950356481592680780e+01
2.005633525057879041e+01 1.974893724388433114e+01
2.022848538642448801e+01 1.980135862806615421e+01
2.041039222686979926e+01 2.004610585120228450e+01
