0.000000000000000000e+00 0.000000000000000000e+00
0.000000000000000000e+00 0.000000000000000000e+00
0.000000000000000000e+00 0.000000000000000000e+00
0.000000000000000000e+00 0.000000000000000000e+00
0.000000000000000000e+00 0.000000000000000000e+00
0.000000000000000000e+00 0.000000000000000000e+00
0.000000000000000000e+00 0.000000000000000000e+00
0.000000000000000000e+00 0.000000000000000000e+00
0.000000000000000000e+00 0.000000000000000000e+00
0.000000000000000000e+00 0.000000000000000000e+00
0.000000000000000000e+00 0.000000000000000000e+00
0.000000000000000000e+00 0.000000000000000000e+00
0.000000000000000000e+00 0.000000000000000000e+00
0.000000000000000000e+00 0.000000000000000000e+00
0.000000000000000000e+00 0.000000000000000000e+00
0.000000000000000000e+00 0.000000000000000000e+00
0.000000000000000000e+00 0.000000000000000000e+00
0.000000000000000000e+00 0.000000000000000000e+00
0.000000000000000000e+00 0.000000000000000000e+00
3.519735506447354556e+00 5.849722120222754285e+00
4.031733702111543138e+00 0.000000000000000000e+00
3.778420796845555873e+00 6.792690291061687979e+00
6.625433832254127964e+00 6.943067033738383742e+00
6.896250853024953997e+00 7.032986111895604076e+00
7.007699045558983819e+00 7.234310518061012552e+00
7.224657674035170452e+00 7.338125366881367739e+00
7.359199578889672466e+00 7.472017433137398079e+00
7.572388035478851087e+00 7.460945536319888660e+00
7.622331623144389390e+00 7.736793179761433770e+00
7.841878945462217310e+00 7.735669546379366324e+00
7.905156203999524678e+00 8.070083594012730899e+00
8.076267857473149903e+00 8.221141669732322299e+00
8.246340115577019958e+00 8.364659129106389202e+00
8.497885759300393360e+00 8.369586564508930238e+00
8.533479623198632069e+00 8.650471174529847929e+00
8.786063336397596402e+00 8.685446686927074111e+00
8.830552219272503223e+00 8.944931591037862617e+00
9.080361524177424926e+00 8.960385482347476227e+00
9.234987924503428758e+00 9.120980387371202980e+00
9.393276481629682095e+00 9.296364336645456916e+00
9.547462518838981893e+00 9.441356594786016743e+00
9.708380414591903929e+00 9.583631763236670764e+00
9.868419330822696622e+00 9.744442670122111849e+00
1.001812819349582284e+01 9.920752946872255507e+00
1.017432147207108528e+01 1.006174029691848126e+01
1.032834563773889514e+01 1.023467056924397056e+01
1.048195533753024833e+01 1.035046932501472128e+01
1.065693335782170159e+01 1.055503110300772640e+01
1.082223693427372524e+01 1.070953278878605985e+01
1.099083141252758367e+01 1.090454473033733862e+01
1.116229059961337811e+01 1.105397354451022096e+01
1.133063021036783447e+01 1.122357968631011182e+01
1.149628671199052832e+01 1.142986901931690547e+01
1.167116972906684680e+01 1.152464900877503773e+01
1.185262028183455740e+01 1.172463154027598797e+01
1.200966378816185198e+01 1.191796264613925871e+01
1.218671819712881010e+01 1.208999108040258719e+01
1.236842798859820292e+01 1.222718416021366217e+01
1.254116078096861742e+01 1.246036742995967650e+01
1.271309757254069517e+01 1.264293449314051010e+01
1.289554471369612187e+01 1.281292447892562514e+01
1.306582578815366702e+01 1.298103483535632030e+01
1.325115810853030318e+01 1.316510296896857213e+01
1.342589318932786036e+01 1.335649344320071386e+01
1.360387156585050050e+01 1.342952994167583292e+01
1.378749255660890682e+01 1.369056261756727899e+01
1.396637411619292024e+01 1.386337738094542260e+01
1.415067482831202561e+01 1.402122650715155139e+01
1.434186079983814466e+01 1.424247135822317745e+01
1.451104466644388502e+01 1.436242098128806610e+01
1.470765353374445183e+01 1.452677458795262844e+01
1.488502232697419814e+01 1.475388232632028718e+01
1.506873958604351849e+01 1.490413200947849859e+01
1.525726986947770847e+01 1.506707604153467628e+01
1.546169215884343195e+01 1.534874581811765459e+01
1.564810143235768258e+01 1.551714395098446175e+01
1.583143651191379497e+01 1.565090874031546164e+01
1.603683303285522399e+01 1.576074393082538450e+01
1.621438378373943578e+01 1.596656535053839576e+01
1.640243829923408825e+01 1.620534956560029372e+01
1.658414004989461432e+01 1.634150607104628605e+01
1.678173459325141081e+01 1.650281572819242015e+01
1.695877396172893370e+01 1.670770832757912672e+01
1.716288054681401931e+01 1.695226888987748026e+01
1.734098151572757018e+01 1.708536059114569383e+01
1.754707720989764397e+01 1.727800407341473132e+01
1.772716117986362860e+01 1.744069256737884643e+01
1.790918248060563300e+01 1.758702592609963489e+01
1.810780379298553555e+01 1.785793598011809991e+01
1.830595473168667553e+01 1.795089595491464962e+01
1.848874545885396259e+01 1.822395703939609746e+01
1.867230463977844579e+01 1.836873988047904760e+01
1.885861325048733406e+01 1.856875628806518463e+01
1.904851817477518594e+01 1.870672266520584515e+01
1.923615231995590591e+01 1.888192418082017099e+01
1.942911578061704958e+01 1.901967163502912328e+01
1.960895844180398839e+01 1.929933024690052434e+01
1.979246982741771177e+01 1.942438234915484685e+01
1.999467363865264957e+01 1.958068627973899822e+01
2.019077181300422907e+01 1.990475640527693812e+01
2.037752862541201537e+01 2.003050794928024203e+01
