0.000000000000000000e+00 0.000000000000000000e+00
0.000000000000000000e+00 0.000000000000000000e+00
0.000000000000000000e+00 0.000000000000000000e+00
0.000000000000000000e+00 0.000000000000000000e+00
0.000000000000000000e+00 0.000000000000000000e+00
0.000000000000000000e+00 0.000000000000000000e+00
0.000000000000000000e+00 0.000000000000000000e+00
0.000000000000000000e+00 0.000000000000000000e+00
0.000000000000000000e+00 0.000000000000000000e+00
0.000000000000000000e+00 0.000000000000000000e+00
0.000000000000000000e+00 0.000000000000000000e+00
0.000000000000000000e+00 0.000000000000000000e+00
0.000000000000000000e+00 0.000000000000000000e+00
0.000000000000000000e+00 0.000000000000000000e+00
0.000000000000000000e+00 0.000000000000000000e+00
0.000000000000000000e+00 0.000000000000000000e+00
0.000000000000000000e+00 0.000000000000000000e+00
0.000000000000000000e+00 0.000000000000000000e+00
0.000000000000000000e+00 0.000000000000000000e+00
4.557421005562440897e-01 3.963136216687253022e+00
8.328728775940203999e-01 3.071412223610643921e-01
8.966132151106414039e-01 3.351613423531420999e+00
6.543630860895643941e-01 3.678730295111226845e+00
6.833782462989278494e-01 6.798416264795402064e+00
5.854584123342265300e+00 7.285839746662459149e+00
7.133093524919638106e+00 7.386657004317712882e+00
7.414286755687841790e+00 7.535902323216821408e+00
7.581543304009074724e+00 7.681716081349535763e+00
7.787222793102716700e+00 7.724036464326735185e+00
7.866211782922429840e+00 7.965795658817734548e+00
8.066168730041578527e+00 8.020729769310081636e+00
8.185095966452099248e+00 8.151951513370224944e+00
8.305811175485358078e+00 8.423905441669555572e+00
8.441599303449272895e+00 8.564492965420365422e+00
8.588278926665376289e+00 8.701749419642448302e+00
8.842306079422190379e+00 8.750323866802970585e+00
8.994540514673218468e+00 8.881258204318775995e+00
9.138932896615862944e+00 9.031550558313794497e+00
9.281901799197338931e+00 9.180718203366684094e+00
9.436745463661827316e+00 9.339925922737968733e+00
9.592725614641009813e+00 9.492706259631065180e+00
9.747425613698149860e+00 9.657274567946451782e+00
9.896063991687432448e+00 9.818896451585205298e+00
1.005728442476107709e+01 9.985072894725524506e+00
1.022382749300301974e+01 1.013820618778176197e+01
1.037734471199195418e+01 1.028844549123778584e+01
1.054018167299847164e+01 1.047215938041424721e+01
1.069124419485242505e+01 1.061160590340838183e+01
1.084785341793064894e+01 1.078489528574711542e+01
1.101613457562477905e+01 1.094186126290665939e+01
1.118401134513695361e+01 1.110427373403970996e+01
1.135250971125745778e+01 1.125934325818855442e+01
1.151824432855993763e+01 1.149635077616387413e+01
1.169669680460877714e+01 1.160893542510875776e+01
1.186743901363398024e+01 1.178279164584694882e+01
1.204364764212174599e+01 1.199152232320960998e+01
1.220790657798362844e+01 1.212671089562500093e+01
1.240235417551827446e+01 1.235090645092536477e+01
1.257696084550345539e+01 1.242716525216162715e+01
1.275828990182705525e+01 1.256725755119210497e+01
1.293682352526848511e+01 1.280263085327842454e+01
1.311095493882449148e+01 1.301265197880187863e+01
1.330097211814112512e+01 1.311007383180455754e+01
1.347967415087333976e+01 1.338494073467748890e+01
1.366055806722341792e+01 1.355976849352858693e+01
1.384488388189513941e+01 1.363281955538482393e+01
1.402162577648005737e+01 1.386047350733221073e+01
1.421170283856200633e+01 1.402939476883909187e+01
1.438896863496907130e+01 1.418439739104886321e+01
1.456387740353155280e+01 1.444799661627476617e+01
1.476226869612847814e+01 1.458580033452222402e+01
1.494304995008049985e+01 1.475842933221581887e+01
1.513233898613870743e+01 1.488675577991041621e+01
1.531429444020983155e+01 1.509338545588985170e+01
1.549882406172974214e+01 1.515966436065843759e+01
1.569162304311905309e+01 1.547026578385557372e+01
1.587193905123125504e+01 1.554740627145928400e+01
1.606901348929095263e+01 1.572941246437624230e+01
1.626245876569462823e+01 1.594526531486984311e+01
1.644355469723807772e+01 1.608286362650449774e+01
1.664333444410993934e+01 1.629629285386848991e+01
1.684219166630181164e+01 1.651362303500301465e+01
1.702491491305945814e+01 1.661098412332021823e+01
1.720630255096030581e+01 1.689287717616474538e+01
1.739945454835614314e+01 1.706087481875245260e+01
1.758295005515971354e+01 1.723573749716684134e+01
1.776106583750927825e+01 1.738073019869104741e+01
1.794791062973267515e+01 1.746301259617833423e+01
1.814389269093742740e+01 1.771197238855617329e+01
1.832267141531447407e+01 1.787357543402766780e+01
1.851865735945211711e+01 1.810477838517839899e+01
1.871504053448691707e+01 1.828240567337342881e+01
1.889986180039234043e+01 1.846562489631628878e+01
1.909229872764414182e+01 1.866797829490454674e+01
1.927671592206320383e+01 1.886822637852797513e+01
1.946930088987200591e+01 1.902843216217036115e+01
1.964108293263179661e+01 1.924766618352166958e+01
1.984829974469563751e+01 1.936637320377336735e+01
2.002691189636262337e+01 1.954332950967408067e+01
2.019555658367535500e+01 1.973382874037489998e+01
2.041697475586638433e+01 1.992713489652350134e+01
