0.000000000000000000e+00 0.000000000000000000e+00
0.000000000000000000e+00 0.000000000000000000e+00
0.000000000000000000e+00 0.000000000000000000e+00
0.000000000000000000e+00 0.000000000000000000e+00
0.000000000000000000e+00 0.000000000000000000e+00
0.000000000000000000e+00 0.000000000000000000e+00
0.000000000000000000e+00 0.000000000000000000e+00
0.000000000000000000e+00 0.000000000000000000e+00
0.000000000000000000e+00 0.000000000000000000e+00
0.000000000000000000e+00 0.000000000000000000e+00
0.000000000000000000e+00 0.000000000000000000e+00
0.000000000000000000e+00 0.000000000000000000e+00
0.000000000000000000e+00 0.000000000000000000e+00
5.854976103179662661e-02 0.000000000000000000e+00
7.314205152848901603e-02 0.000000000000000000e+00
1.707294645294390179e-01 3.418769079435488023e-02
1.953606762875103875e-01 5.265596450149570562e-02
4.263192624777177864e-01 4.615871694855916418e-01
7.712305620578123744e-01 3.549611456503044826e-02
9.268462077395799303e-01 3.496522640964620621e+00
1.540441723620287418e+00 5.667957836107724745e+00
4.039711235990564475e+00 6.748307359115869097e+00
6.019717960200164697e+00 4.641732186939290017e+00
6.291717582351626703e+00 6.978496804369163975e+00
6.980545521767666628e+00 7.128251353018646874e+00
7.172358153008464576e+00 7.334849338979918976e+00
7.349781651322143006e+00 7.461060581487476639e+00
7.545687392663483095e+00 7.467986584849557907e+00
7.594042448631866726e+00 7.794958939171552359e+00
7.848852901374534063e+00 7.813670553330869240e+00
7.984074042159165607e+00 8.134424400921359322e+00
8.141162863640955649e+00 8.275445167883233921e+00
8.396568814318564833e+00 8.282797424681909604e+00
8.448661082310234605e+00 8.562854701258023837e+00
8.691121132020477091e+00 8.578361844212327725e+00
8.737499195608670277e+00 8.848834973123461012e+00
8.923309714969740014e+00 8.999290046501261742e+00
9.145832200762344044e+00 9.086873466957319678e+00
9.252542931143285188e+00 9.288583588961557780e+00
9.400923595715793724e+00 9.431902239684829325e+00
9.591099771119790063e+00 9.579206399774133018e+00
9.749820688331814367e+00 9.715158147694456403e+00
9.909087333044938717e+00 9.815757802152646150e+00
1.006739395636275169e+01 1.000735305082726434e+01
1.022752645009468075e+01 1.015172884009954934e+01
1.039367779317809770e+01 1.030425983491707242e+01
1.057005323618454007e+01 1.041168842545968687e+01
1.073057482352920289e+01 1.063111739554525847e+01
1.091021477470894041e+01 1.080682280329452993e+01
1.107517665247715044e+01 1.095132393575570795e+01
1.124673303225972631e+01 1.116255431909310225e+01
1.142019424160651475e+01 1.126035502606315752e+01
1.159319526305087500e+01 1.148981871399031895e+01
1.176218438951497802e+01 1.164034140106740267e+01
1.193812954816673155e+01 1.178645376878885997e+01
1.211018797738256048e+01 1.194676090230553278e+01
1.227640471031685543e+01 1.211785468161462731e+01
1.245839036429592106e+01 1.227135852879823297e+01
1.261543560384843765e+01 1.250128952828096018e+01
1.279731833751825398e+01 1.272133267663561895e+01
1.298458586315994445e+01 1.280052727700351944e+01
1.315285092975333825e+01 1.297454771053458877e+01
1.333487660412847120e+01 1.317073706563423841e+01
1.350422414453690045e+01 1.330657557367397636e+01
1.368163012444027871e+01 1.341522956128971522e+01
1.385768588134608947e+01 1.363386585257535444e+01
1.403438197846863389e+01 1.380862663662259671e+01
1.422251454820727368e+01 1.406560500353714893e+01
1.441451058464408419e+01 1.427536755853451211e+01
1.460178202894816835e+01 1.439424876915399487e+01
1.479555026188161015e+01 1.458007716133692178e+01
1.496895182196997887e+01 1.475700918807525319e+01
1.516219562900279705e+01 1.490718439615165281e+01
1.535840358404645833e+01 1.506303035285961656e+01
1.553862264860978115e+01 1.525311768263441614e+01
1.572433047024555108e+01 1.549797920656800443e+01
1.590780975510070228e+01 1.557574426494806197e+01
1.610241622938400496e+01 1.580967401361098723e+01
1.627899014029184599e+01 1.600068576444260771e+01
1.647630385633291183e+01 1.617646129949591582e+01
1.666193169774319571e+01 1.628423102799169442e+01
1.684566700197665412e+01 1.650676325063606598e+01
1.703284633803341208e+01 1.671533364031785496e+01
1.720881539431347207e+01 1.692750083997906785e+01
1.740822605410762591e+01 1.707372097675277800e+01
1.758194739218408031e+01 1.716927843258726583e+01
1.777571235505762459e+01 1.740930943423101596e+01
1.797429771223892914e+01 1.768650908749571471e+01
1.815348076116288567e+01 1.779493098240437376e+01
1.834921700993325544e+01 1.799744725829383185e+01
1.853662545769643089e+01 1.805938574883698067e+01
1.871760068942181476e+01 1.836253455539104706e+01
1.891150376587364690e+01 1.844336481319902177e+01
1.909201297863845426e+01 1.872060442151200732e+01
1.927657156662577975e+01 1.890618726729024957e+01
1.947269565927286905e+01 1.904824913705777334e+01
1.964298728968898899e+01 1.930440015069401838e+01
1.982993680748010945e+01 1.939761419163280465e+01
2.001243058205453096e+01 1.961368487849641440e+01
2.018286581729190488e+01 1.977816704240953172e+01
2.037988661056304096e+01 1.999540993210670337e+01
