0.000000000000000000e+00 0.000000000000000000e+00
0.000000000000000000e+00 0.000000000000000000e+00
0.000000000000000000e+00 0.000000000000000000e+00
0.000000000000000000e+00 0.000000000000000000e+00
0.000000000000000000e+00 0.000000000000000000e+00
0.000000000000000000e+00 0.000000000000000000e+00
0.000000000000000000e+00 0.000000000000000000e+00
0.000000000000000000e+00 0.000000000000000000e+00
0.000000000000000000e+00 0.000000000000000000e+00
0.000000000000000000e+00 0.000000000000000000e+00
0.000000000000000000e+00 0.000000000000000000e+00
0.000000000000000000e+00 0.000000000000000000e+00
0.000000000000000000e+00 0.000000000000000000e+00
0.000000000000000000e+00 1.992227578077301775e+00
1.799113230552524145e+00 6.240832015250095954e-02
4.975477288680875132e-01 1.144592439807265327e+00
2.142890090902814126e+00 5.497084214050583562e+00
5.787687501522201572e+00 5.885087445782255955e+00
6.020060367210604113e+00 6.023040385363781724e+00
6.163571726564363473e+00 6.164146723676829254e+00
6.251631706037596103e+00 6.285946060868691454e+00
6.374287801196428127e+00 6.425617527365992565e+00
6.486346369521220900e+00 6.615630518777610547e+00
6.656759624157261968e+00 6.831429932265976390e+00
6.819755559515977339e+00 6.997189292231585256e+00
6.948434148213729067e+00 7.210299956725914505e+00
7.211865379358785688e+00 7.367152523529524544e+00
7.351276544182257844e+00 7.527097520082074666e+00
7.558523853137917747e+00 7.688780035424525039e+00
7.714829590269786763e+00 7.863892439544388324e+00
7.879600272831721597e+00 8.018837094802202969e+00
8.030216974026721743e+00 8.166856100158215170e+00
8.176524756037466091e+00 8.321306571899699023e+00
8.449769569330607411e+00 8.339113344686925444e+00
8.476791293758914492e+00 8.626701918537863278e+00
8.641374727177467463e+00 8.778273421743103100e+00
8.807556939916054262e+00 8.918514073398212005e+00
8.980912557014008257e+00 9.073934568846629745e+00
9.226089223488990854e+00 9.139297247045965022e+00
9.384873729157417799e+00 9.269927903299123528e+00
9.542424664640229537e+00 9.356823498300178343e+00
9.700045805850439962e+00 9.561818981137873763e+00
9.863751745295914475e+00 9.742682618976433062e+00
1.001988662819289821e+01 9.887737861098942815e+00
1.019150211128917327e+01 1.002877071098448880e+01
1.035198700747997869e+01 1.019925536354410589e+01
1.036508617763725937e+01 1.048151697267921634e+01
1.065416408565137552e+01 1.052879917346452565e+01
1.081735997479678701e+01 1.070837656467915444e+01
1.099114969267276010e+01 1.086482232713474261e+01
1.115152594511045692e+01 1.105037701397362326e+01
1.132775349992926373e+01 1.118946139423905350e+01
1.148720511460491345e+01 1.139050944487714467e+01
1.166039680679568313e+01 1.158193997366824490e+01
1.182450195462441300e+01 1.165052690762936827e+01
1.199879529896650965e+01 1.191456059803053513e+01
1.216278494050151693e+01 1.208900041973026163e+01
1.235117653966436535e+01 1.222245249434391390e+01
1.252600941290694969e+01 1.244070632238336138e+01
1.270512889474214369e+01 1.256435498067450496e+01
1.287281028605698907e+01 1.266229227671789914e+01
1.305205321723548550e+01 1.289958974348483345e+01
1.323802992975084969e+01 1.305400119007488513e+01
1.342777481923258165e+01 1.329235456620053668e+01
1.360355477314131534e+01 1.348681579248335183e+01
1.379864259776611313e+01 1.354682863616182686e+01
1.397566204360018816e+01 1.374792800312020802e+01
1.415571288521950777e+01 1.393518954608926208e+01
1.435584421428314705e+01 1.408379178750474559e+01
1.453222700757508790e+01 1.428784908295398992e+01
1.471924070469034440e+01 1.445640018757805834e+01
1.488376053760708650e+01 1.464505632351411357e+01
1.508872318724520589e+01 1.482676824847231600e+01
1.526365903620440001e+01 1.501935955733262418e+01
1.545032561259532145e+01 1.514110242509554816e+01
1.564183135106419620e+01 1.529338923118203475e+01
1.583115799396004952e+01 1.552939850877579886e+01
1.599968002529794830e+01 1.577351385823368446e+01
1.619764592899168676e+01 1.593628362064483817e+01
1.639028442569340527e+01 1.611945340729138465e+01
1.657162926934582359e+01 1.622506534848439586e+01
1.676162936135423465e+01 1.648834120250026558e+01
1.693922235601671744e+01 1.662976668818723880e+01
1.712804015955638093e+01 1.678193515497489230e+01
1.733818164815287233e+01 1.706644296707714048e+01
1.751590302732324744e+01 1.726592441795741451e+01
1.769408985927953637e+01 1.735364182419188950e+01
1.788589823236514675e+01 1.759344795490300939e+01
1.809502894740693790e+01 1.786331259358241752e+01
1.827409629275880576e+01 1.788302181592192142e+01
1.845092828223871706e+01 1.809113043426355460e+01
1.864568029124003345e+01 1.828332118806062567e+01
1.883168606963429070e+01 1.854420608064000930e+01
1.902206371375229210e+01 1.873621868957579295e+01
1.922271889598756545e+01 1.893278082419686470e+01
1.941092702953789484e+01 1.900698346164742958e+01
1.959282963163347091e+01 1.924061496892476342e+01
1.978091154437309029e+01 1.946616375737298199e+01
1.997677024999705964e+01 1.965067225235647541e+01
2.016930581958445856e+01 1.982947463577603742e+01
2.035894842959346462e+01 2.004633868480270564e+01
