0.000000000000000000e+00 0.000000000000000000e+00
0.000000000000000000e+00 0.000000000000000000e+00
0.000000000000000000e+00 0.000000000000000000e+00
0.000000000000000000e+00 0.000000000000000000e+00
0.000000000000000000e+00 0.000000000000000000e+00
0.000000000000000000e+00 0.000000000000000000e+00
0.000000000000000000e+00 0.000000000000000000e+00
4.239596258093571435e-01 6.790079086284225296e-01
6.156125188184067287e-01 1.484597817363779715e+00
1.494070432861067665e+00 1.602601772193547935e+00
1.668676381951683219e+00 1.743091133794086645e+00
1.827924520324961000e+00 1.907464207516478050e+00
1.959123713450213744e+00 2.037044835511248486e+00
2.077846491275217033e+00 2.158924222589279740e+00
2.234118509408614894e+00 2.287667891962527733e+00
2.364377022754417190e+00 2.405341853432422461e+00
2.476060849192777802e+00 2.540031729794971049e+00
2.650914068189012429e+00 2.615711790067433817e+00
2.752048742625432531e+00 2.810960620871267412e+00
2.900256148707945680e+00 2.946246749184881608e+00
3.032148056935660030e+00 3.075882177303443932e+00
3.197337580876147278e+00 3.171513466778904888e+00
3.287213776469837700e+00 3.318501469286625927e+00
3.426198727184468940e+00 3.453326045998134752e+00
3.551761984735898992e+00 3.580230051651347001e+00
3.708489378933005565e+00 3.680232720843636507e+00
3.839452037538102935e+00 3.801375160604053782e+00
3.968662043379944215e+00 3.921539703302280522e+00
4.102457977140757883e+00 4.060217192145032961e+00
4.231901458261901894e+00 4.175094116571092862e+00
4.369831405284140047e+00 4.322479697159986145e+00
4.508362951276497554e+00 4.446575473475796514e+00
4.647851100188537643e+00 4.571710525726614627e+00
4.790972862544371935e+00 4.702456246687953367e+00
4.930131155595987025e+00 4.839670317758411500e+00
5.066428900115890421e+00 4.952100944934977989e+00
5.200559048864960232e+00 5.117439455211052923e+00
5.336515655359813870e+00 5.236832463842594265e+00
5.370934336544691767e+00 5.446889623676460346e+00
5.595908951830743661e+00 5.512581739204432729e+00
5.735362222183538528e+00 5.657836975717771999e+00
5.872499952483174468e+00 5.795544442551895159e+00
6.013323221564370158e+00 5.941593521425228452e+00
6.150410517123840570e+00 6.062818389095396832e+00
6.281614745900360397e+00 6.207690522673076750e+00
6.428539235893188319e+00 6.347666865852588103e+00
6.560857929004158429e+00 6.494742526253259207e+00
6.696608083222709951e+00 6.624636873216726229e+00
6.841948579396571972e+00 6.756550491925684021e+00
6.981261816657803543e+00 6.886323704224464493e+00
7.115259818878401532e+00 7.012790932439406433e+00
7.251234981318003037e+00 7.144140478805037553e+00
7.397335056218108384e+00 7.304533771506498852e+00
7.537528617529653197e+00 7.442479278869679860e+00
7.679818137202908623e+00 7.563778849105351476e+00
7.805237653096566142e+00 7.705362812638477443e+00
7.950266872642952620e+00 7.855619399697210348e+00
8.088362853781228878e+00 7.975064118693093285e+00
8.229616406623904368e+00 8.121385809800260702e+00
8.367316206439051385e+00 8.226947646565323069e+00
8.502886455196632554e+00 8.380505768458204940e+00
8.655784874925432248e+00 8.507757847742871249e+00
8.792031533764694373e+00 8.655293888780445144e+00
8.935122493403856225e+00 8.815196468304572264e+00
9.074009937324460040e+00 8.926874836578535977e+00
9.211736918910782279e+00 9.077963840502164317e+00
9.357791134985937731e+00 9.183922577985242697e+00
9.497042962313079428e+00 9.320231240190324229e+00
9.624868974963693091e+00 9.466877001831694116e+00
9.781193865765068551e+00 9.594620391549533167e+00
9.925131602316875856e+00 9.769182940934289405e+00
1.005818239824327165e+01 9.887146216401381693e+00
1.019254307022371542e+01 1.003476812398503171e+01
1.034078211403353720e+01 1.014055837223814827e+01
1.048025157126972573e+01 1.034146835415150179e+01
1.061739453972198888e+01 1.046264790309784409e+01
1.076607088044531402e+01 1.061728020824636332e+01
1.091437731191835603e+01 1.074319547375742978e+01
1.104527780622529676e+01 1.088626302378501975e+01
1.118332537270903337e+01 1.101680729073485843e+01
1.132410818149731568e+01 1.110817929720354158e+01
1.147455860649923665e+01 1.129517685905713442e+01
1.160669366569340433e+01 1.143861774544832421e+01
1.174939640354577186e+01 1.152203164710810768e+01
1.188990650073702682e+01 1.178380225134040415e+01
1.203206530296167642e+01 1.181730315473791570e+01
1.218020349425601268e+01 1.199397861972932056e+01
1.230788748914124753e+01 1.214214527516728737e+01
1.246340324358979856e+01 1.225390251634264160e+01
1.259584584334527868e+01 1.241526169581312367e+01
1.274155345925935023e+01 1.251872425638999253e+01
1.287769885686991778e+01 1.272849200856987650e+01
1.301826591412175382e+01 1.283099687608126516e+01
1.316192784386401193e+01 1.295779732265216388e+01
1.330389891055559737e+01 1.306717314583363176e+01
1.344829589582384521e+01 1.325189085730105454e+01
1.360113156148738511e+01 1.337015262658066206e+01
1.374456753549640986e+01 1.351207169411914144e+01
1.388639045198919497e+01 1.366963143561032012e+01
1.401132080543339598e+01 1.377683157358101518e+01
1.415439436455727851e+01 1.400671588230512121e+01
