0.000000000000000000e+00 0.000000000000000000e+00
9.879918531088395170e-03 0.000000000000000000e+00
7.383001289104748621e-02 -8.441059003482947326e-03
1.785140094213255313e-01 4.212575132739106165e-02
2.893877096036144292e-01 1.718879006170472568e-01
3.800717267837074864e-01 3.224099057301530458e-01
4.661390303360915532e-01 4.079354662356304839e-01
5.510303346061882213e-01 5.159670911840188445e-01
6.314572624522510891e-01 5.989819360339855292e-01
7.170711907205257196e-01 6.705444540556498856e-01
7.943908727303941042e-01 7.589654049327667629e-01
8.710863216275441800e-01 8.450713589444889262e-01
9.502810434208752710e-01 9.103113253059708088e-01
1.030792093526008868e+00 1.006341561711942223e+00
1.111010082779990027e+00 1.090848139722627952e+00
1.188316897426125340e+00 1.147047311049618656e+00
1.273889771692550132e+00 1.242747273148950615e+00
1.351186804211944370e+00 1.290022657090754921e+00
1.433137690873401704e+00 1.406251279249299824e+00
1.511908682041404495e+00 1.481267786335424441e+00
1.589376128221035023e+00 1.560381899903107161e+00
1.671470132802303166e+00 1.625178248660434255e+00
1.748369736207201042e+00 1.693864970765422528e+00
1.828992758954005371e+00 1.779123547100915692e+00
1.911800495704669256e+00 1.857694040270320812e+00
1.990005211151857800e+00 1.922555919598743834e+00
2.068062250637155319e+00 2.035594592569341277e+00
2.147019773984116142e+00 2.088363463510922724e+00
2.227789567572443286e+00 2.176601279192367233e+00
2.306128356685831715e+00 2.249778338120966392e+00
2.383076853244898707e+00 2.337157457360366397e+00
2.465726734985116408e+00 2.412529099665426724e+00
2.543554733128832623e+00 2.495669858640065186e+00
2.625089533519094243e+00 2.584529469958162906e+00
2.701667865283670977e+00 2.656783118939711308e+00
2.782824904587624548e+00 2.733004075112469344e+00
2.868389297609366118e+00 2.809531294181838224e+00
2.944060690063810881e+00 2.873014552229515406e+00
3.023760307453781326e+00 2.938533819385360957e+00
3.104768695242329013e+00 3.042908903554347955e+00
3.178948825957836455e+00 3.116074658682389309e+00
3.257141654753465509e+00 3.213703200925436487e+00
3.336235128565820052e+00 3.287326130477186137e+00
3.421058253499381863e+00 3.349779157123701001e+00
3.501425253155754369e+00 3.393797606158061253e+00
3.580478534633217524e+00 3.512633717498889752e+00
3.657713551432646870e+00 3.597649219457900838e+00
3.738418724594385179e+00 3.681848717012005778e+00
3.812068563565870427e+00 3.737833305792554572e+00
3.896098247817983307e+00 3.803002610713539955e+00
3.979869257727918441e+00 3.913722674859697381e+00
4.057366905401916135e+00 3.968178943395839653e+00
4.137096562898033625e+00 4.092558057063931720e+00
4.215981862633014998e+00 4.152089972830665943e+00
4.294735118991392042e+00 4.228599918850467709e+00
4.377917384732286976e+00 4.319917134727634611e+00
4.457563397493890633e+00 4.371131881929367857e+00
4.532840912129615596e+00 4.471300029643957785e+00
4.610571980683605631e+00 4.516831166182676327e+00
4.691628369470906890e+00 4.616779388635262826e+00
4.773574088650463842e+00 4.689048614571900586e+00
4.849491544292688694e+00 4.786767105283525225e+00
4.931107237639679397e+00 4.864793136933677431e+00
5.015158867015466093e+00 4.931270978985526909e+00
5.091061158904977013e+00 5.001409807247177319e+00
5.173237808892737988e+00 5.069686663625428302e+00
5.252677418096427076e+00 5.181392902962191904e+00
5.333562450912991082e+00 5.238053141896357623e+00
5.411259455777028826e+00 5.308591677943447884e+00
5.492024987045436291e+00 5.396775959445355042e+00
5.571039093721412705e+00 5.487923056757140650e+00
5.653291745010407432e+00 5.519450816619814404e+00
5.736599411661406300e+00 5.647271722816318729e+00
5.814926897318417609e+00 5.717167704969963182e+00
5.891881561804508394e+00 5.771941859486976689e+00
5.971908508144679217e+00 5.868570513977236836e+00
6.046622123802799287e+00 5.926386993667373204e+00
6.131867297239778303e+00 6.012351223062012195e+00
6.210078943461318168e+00 6.110710682279168360e+00
6.288225752378481026e+00 6.184662683645047565e+00
6.364727645664213895e+00 6.250648931242860584e+00
6.442537129035720511e+00 6.340858252865008815e+00
6.524191299713633541e+00 6.446491852863162286e+00
6.599955034979218205e+00 6.488957856142150149e+00
6.677641002816167237e+00 6.593756940129104294e+00
6.760466318395437213e+00 6.629428637055670315e+00
6.840663127493100681e+00 6.736601750927620813e+00
6.924341530282905666e+00 6.837782359012210875e+00
7.003311874936551717e+00 6.896590478457218509e+00
7.081351128751751212e+00 6.980181838401243510e+00
7.159845361393835539e+00 7.052994380823514931e+00
7.242852170187324745e+00 7.128686311572575818e+00
7.325258966028874497e+00 7.198019977372471345e+00
7.402992880994766267e+00 7.264785928994005104e+00
7.483353920066297071e+00 7.366864136852130152e+00
7.560757149652615361e+00 7.452752948506254249e+00
7.641575203308944353e+00 7.529773042324475973e+00
7.714520946608582896e+00 7.573048916640892969e+00
7.802076910276003474e+00 7.645649042872324941e+00
7.870951512513370218e+00 7.769077734131628610e+00
7.960180720310376934e+00 7.855643384937118334e+00
