0.000000000000000000e+00 0.000000000000000000e+00
0.000000000000000000e+00 0.000000000000000000e+00
0.000000000000000000e+00 0.000000000000000000e+00
0.000000000000000000e+00 0.000000000000000000e+00
0.000000000000000000e+00 0.000000000000000000e+00
0.000000000000000000e+00 0.000000000000000000e+00
0.000000000000000000e+00 0.000000000000000000e+00
0.000000000000000000e+00 0.000000000000000000e+00
0.000000000000000000e+00 0.000000000000000000e+00
0.000000000000000000e+00 0.000000000000000000e+00
0.000000000000000000e+00 0.000000000000000000e+00
0.000000000000000000e+00 0.000000000000000000e+00
0.000000000000000000e+00 0.000000000000000000e+00
0.000000000000000000e+00 0.000000000000000000e+00
0.000000000000000000e+00 0.000000000000000000e+00
0.000000000000000000e+00 0.000000000000000000e+00
0.000000000000000000e+00 0.000000000000000000e+00
0.000000000000000000e+00 0.000000000000000000e+00
0.000000000000000000e+00 0.000000000000000000e+00
0.000000000000000000e+00 1.765717700893155301e-02
1.769141057553331731e-01 0.000000000000000000e+00
2.902559648960286731e-01 3.846795113503542751e+00
2.759993233011003300e-01 4.418855683314286686e+00
5.156738886752394890e+00 7.036655075831266259e+00
7.075782816277735421e+00 7.143847511821660667e+00
7.116069838065962827e+00 7.368480948799324359e+00
7.309187412519967175e+00 7.561793712234798903e+00
7.569014564808975720e+00 7.637232815333837799e+00
7.726599950478220791e+00 7.828931145666414793e+00
7.894538745420899062e+00 7.858054487823737944e+00
7.985455491785533155e+00 8.118709599489825735e+00
8.144656313933118952e+00 8.281695959974602061e+00
8.302228756080777927e+00 8.424303563535017858e+00
8.484333796695640473e+00 8.555555922865387686e+00
8.644037866311817808e+00 8.698409152538111755e+00
8.843568328022916702e+00 8.783636795821781362e+00
8.987904922547565789e+00 8.941293366314573277e+00
9.135636845395580963e+00 9.084967746379708942e+00
9.289869594498970429e+00 9.238372373134099647e+00
9.442645020175200798e+00 9.398764021827233250e+00
9.605663584147693612e+00 9.529269686845458054e+00
9.757589993177438359e+00 9.699925797255071203e+00
9.914853162361245253e+00 9.818912254488010305e+00
1.007137437105715172e+01 1.001623962600608841e+01
1.023444421216445654e+01 1.011705412633752665e+01
1.039386417446526778e+01 1.027471543499755136e+01
1.055175080508606200e+01 1.043760061211078494e+01
1.072075459418754662e+01 1.059776141861614107e+01
1.088398587813786378e+01 1.081124179961921072e+01
1.104626767941290133e+01 1.097737028122851477e+01
1.121120357089590414e+01 1.111679589976966298e+01
1.138613368461878039e+01 1.128513165589637701e+01
1.155988206255220874e+01 1.147102567835429632e+01
1.173342006915391345e+01 1.161688679184175754e+01
1.191893773483218588e+01 1.179494348330535658e+01
1.210775503671450437e+01 1.194759045010732557e+01
1.228206619906865527e+01 1.211185046571793222e+01
1.245933706833374899e+01 1.232691011959251881e+01
1.264212328230048143e+01 1.243988272394739880e+01
1.283346581534121533e+01 1.259714080341531783e+01
1.301441409548280959e+01 1.281427583577599627e+01
1.319909056366260636e+01 1.301340092810239923e+01
1.338663565195896332e+01 1.315284411030560641e+01
1.357376805177102774e+01 1.331457278275381562e+01
1.374818648922306430e+01 1.350306125264550161e+01
1.393366259894014370e+01 1.375598293434363661e+01
1.412579366535135073e+01 1.387007284644788108e+01
1.429373641332452571e+01 1.400482707017888373e+01
1.446866338465688884e+01 1.417777069705934423e+01
1.465289972337948576e+01 1.432925777229190878e+01
1.483453123270359519e+01 1.445997060236425469e+01
1.501204175212974157e+01 1.474620291726467691e+01
1.519186495288423089e+01 1.495897622574522146e+01
1.538230042128517638e+01 1.508078477380559868e+01
1.556808241598589326e+01 1.523785098914309266e+01
1.574922285856520610e+01 1.544404300309063949e+01
1.593018018909564404e+01 1.562855849655450768e+01
1.612825890146031682e+01 1.580347708765670589e+01
1.630300768485690810e+01 1.601124544937179905e+01
1.648908890504078428e+01 1.617801355612005665e+01
1.667207609904392029e+01 1.639975459493917143e+01
1.684820234654613458e+01 1.652131162879216930e+01
1.704084385610726571e+01 1.669957581341709485e+01
1.722452493236393423e+01 1.685796943061172470e+01
1.740228872424038897e+01 1.707748119495201422e+01
1.759378943495550018e+01 1.715161873186148966e+01
1.777752533694216908e+01 1.742881741393200556e+01
1.795365996212853332e+01 1.753173841159676627e+01
1.814444913179127283e+01 1.778168714359106062e+01
1.834364965783645118e+01 1.795385114930722992e+01
1.852263666627329286e+01 1.808185633561399186e+01
1.871620744530491010e+01 1.827718534564100139e+01
1.889179522077996864e+01 1.840053244907640106e+01
1.907261162522742381e+01 1.866553461147670490e+01
1.926031373472910246e+01 1.887541387033913054e+01
1.945173108242621396e+01 1.894719326603195952e+01
1.964257197528284138e+01 1.925793941025571243e+01
1.983281329275785154e+01 1.929741146104139560e+01
2.001421639408032505e+01 1.942340611938628570e+01
2.020274682421750256e+01 1.972007891923387390e+01
2.039261854208093183e+01 1.985732248845266668e+01
