0.000000000000000000e+00 0.000000000000000000e+00
0.000000000000000000e+00 0.000000000000000000e+00
0.000000000000000000e+00 0.000000000000000000e+00
1.593999514413249434e-03 0.000000000000000000e+00
6.989156526643979135e-03 0.000000000000000000e+00
1.545410663839284250e-02 -1.347078148479781759e-02
1.013931313643805510e-01 5.214750761432840331e-01
2.281243045084618282e-01 1.226160071411054986e+00
1.266896397331942703e+00 1.419493103202726481e+00
1.499345455558215523e+00 1.540512687063909203e+00
1.696827643482021974e+00 1.705906172831082479e+00
1.810476430182010432e+00 1.801814834070265325e+00
1.942823951267549143e+00 1.925392828607708662e+00
2.032248255759987021e+00 2.155382538977123286e+00
2.196688418389960873e+00 2.291405627122368394e+00
2.378174899809203602e+00 2.421845274405737491e+00
2.513486257067616414e+00 2.547401338652953040e+00
2.657193042472427713e+00 2.637915730378420864e+00
2.760449151317911909e+00 2.812651978851986811e+00
2.880494318465477210e+00 2.936435124414428444e+00
3.055618151541733774e+00 3.001938002104319381e+00
3.143993273040457392e+00 3.183977889129181893e+00
3.304935001593001687e+00 3.260894388397357790e+00
3.431970169484919175e+00 3.387479995207252959e+00
3.564721507401220624e+00 3.515971113581732865e+00
3.656989905598556412e+00 3.694913983272256619e+00
3.821834463312617558e+00 3.778549290199173960e+00
3.957311926087804466e+00 3.905980295527752943e+00
4.089384833671294572e+00 4.045246101515325599e+00
4.221640903818984825e+00 4.164833121948960937e+00
4.348965581836181649e+00 4.295151286721000439e+00
4.484635673020593849e+00 4.452308499523382146e+00
4.618659133258472771e+00 4.582356946050611946e+00
4.754398544575473728e+00 4.695362237205110034e+00
4.897612321915877587e+00 4.831516344935179674e+00
5.042778682552319758e+00 4.987004215715059807e+00
5.176664467133725189e+00 5.108071285306383658e+00
5.316412601041979435e+00 5.253895819476506190e+00
5.456468394538392275e+00 5.394532605428681293e+00
5.601553680773912802e+00 5.484479391078662225e+00
5.735359032492324260e+00 5.633665597616298371e+00
5.872619559308891901e+00 5.774949720597201797e+00
6.010376439461324161e+00 5.926908450644821968e+00
6.150230124689969990e+00 6.040208929042799824e+00
6.284996609620613128e+00 6.191199794786974131e+00
6.422391378650153193e+00 6.304646356275100949e+00
6.561695883328702017e+00 6.472950070179215309e+00
6.706606885336267254e+00 6.616612875386344683e+00
6.838497602072402870e+00 6.742160685000797571e+00
6.982883541576296871e+00 6.876860747702610688e+00
7.114558846128838709e+00 6.972392828047932589e+00
7.258048627115862850e+00 7.162577508058691755e+00
7.400125843911626866e+00 7.259197423611825073e+00
7.532427972053849174e+00 7.401540908638612137e+00
7.671000261607271220e+00 7.583647737991835669e+00
7.804329483028946690e+00 7.704256769665939864e+00
7.952189096825773795e+00 7.809110485034209681e+00
8.082393014288678401e+00 7.985491002679465211e+00
8.226015212361431850e+00 8.126943262543035118e+00
8.355838522899356136e+00 8.216827902833363950e+00
8.494644233226164687e+00 8.400314551485706716e+00
8.642661015623692933e+00 8.545842252941696415e+00
8.787018411794951689e+00 8.653600506939485015e+00
8.931644486721308951e+00 8.758176204882509808e+00
9.066013445018931804e+00 8.883297120141021352e+00
9.212205127748120503e+00 9.096537549567486280e+00
9.350055933357339200e+00 9.201960653800105305e+00
9.498836811461648821e+00 9.338528201383288874e+00
9.634512289281552455e+00 9.474003778914553919e+00
9.781143214823613263e+00 9.602463175324643885e+00
9.916641762386280590e+00 9.737642713183642940e+00
1.006686304418489009e+01 9.890184329187578172e+00
1.019393019882978102e+01 1.003625350230233693e+01
1.034506088847997951e+01 1.017611663686652612e+01
1.048061615500914989e+01 1.032507529454314010e+01
1.062079846692552110e+01 1.046880908601347038e+01
1.076536623404446047e+01 1.060456278235103866e+01
1.090860571668021883e+01 1.075499244163892776e+01
1.105216066682963039e+01 1.087571597343334240e+01
1.118425378344304733e+01 1.104543378496304484e+01
1.134786198799422507e+01 1.120771536469806229e+01
1.147607059176725031e+01 1.133021235698427454e+01
1.161302507031518871e+01 1.146627198828724126e+01
1.175844473056711337e+01 1.162062535021731158e+01
1.189858925311602000e+01 1.174614277130750040e+01
1.203431205739646970e+01 1.190149673732049962e+01
1.218376694174267882e+01 1.205889891062311570e+01
1.232437409412252372e+01 1.216457100721255280e+01
1.246372752191788891e+01 1.229448729318070477e+01
1.259582942131932626e+01 1.244072384981477875e+01
1.273664967254569724e+01 1.255587366168938601e+01
1.288179225531046335e+01 1.272557907504810260e+01
1.302893749183678729e+01 1.277087769471500422e+01
1.317147455363342345e+01 1.298152595546918242e+01
1.330853208000098142e+01 1.310034654802138654e+01
1.344382481380325345e+01 1.327296325721713899e+01
1.360572783288126786e+01 1.342689712917594136e+01
1.372819930996035254e+01 1.356335156139116904e+01
1.387571461357856784e+01 1.367402090016822491e+01
1.401020642026736418e+01 1.377672192374087956e+01
1.416051376157078856e+01 1.399538308051462288e+01
