0.000000000000000000e+00 0.000000000000000000e+00
0.000000000000000000e+00 0.000000000000000000e+00
0.000000000000000000e+00 0.000000000000000000e+00
0.000000000000000000e+00 0.000000000000000000e+00
0.000000000000000000e+00 0.000000000000000000e+00
0.000000000000000000e+00 0.000000000000000000e+00
0.000000000000000000e+00 0.000000000000000000e+00
0.000000000000000000e+00 -1.350732692705169241e-02
5.275322123754894177e-01 1.593833959438182433e+02
5.322220336516222972e+01 2.718055147064033008e+02
1.991766199445456778e+02 3.194003760941205314e+02
3.267462016524884802e+02 4.198298908808300212e+02
3.754783464120205281e+02 4.726743651052544806e+02
4.611026520635923589e+02 5.183554514721198530e+02
5.025530736695004066e+02 5.507719215297964865e+02
5.800271000499971024e+02 6.385585535260930783e+02
6.189100562568672785e+02 6.650648482292233439e+02
6.428945422913824359e+02 6.952157923199030165e+02
6.567437678592210659e+02 7.224903193852079539e+02
6.994793510791735116e+02 7.375218973969125500e+02
7.115895501813130295e+02 7.496724017898397960e+02
7.232388071490976245e+02 7.580004144977433498e+02
7.370617756319223872e+02 7.642686636418652597e+02
7.484759803261865727e+02 7.687207134869797756e+02
7.522773035127030425e+02 7.722214105640651951e+02
7.610060343107462586e+02 7.748100095902483417e+02
7.657269651464855542e+02 7.771318400326483697e+02
7.684219124378300876e+02 7.789689667024907749e+02
7.710117638273054581e+02 7.806044778706900615e+02
7.729320168556080262e+02 7.819778196200902585e+02
7.757970143191662373e+02 7.831925050514446411e+02
7.761745207808459099e+02 7.842059058023351099e+02
7.774167475171201431e+02 7.851673890568669094e+02
7.780707228106729190e+02 7.859773806560971252e+02
7.795305828946968631e+02 7.867597233875113716e+02
7.797209588683846277e+02 7.873956056847617901e+02
7.800312386889918344e+02 7.879144185319968301e+02
7.801247620823581883e+02 7.883558429969449435e+02
7.885988547712827312e+02 7.793391751416189663e+02
7.888277710532361198e+02 7.752257772046343689e+02
7.747796214011526672e+02 7.891781677053514841e+02
7.893939744190851115e+02 7.762797457745069778e+02
7.895810746121842385e+02 7.740326056014288270e+02
7.897759327117690873e+02 7.757645921558955706e+02
7.754843975889982630e+02 7.900228592131944652e+02
7.902198816172243596e+02 7.755540057835434027e+02
7.903892178958876684e+02 7.733469044902302585e+02
7.905813616786849707e+02 7.722355559942074024e+02
7.740016424191870783e+02 7.908839324363427750e+02
7.910961926684095715e+02 7.744873495422624501e+02
7.912840194791947397e+02 7.752999734440844577e+02
7.733878986846042380e+02 7.915332779698401282e+02
7.917436941358747617e+02 7.738469019040284138e+02
7.727115712775271277e+02 7.920107674712930930e+02
7.922379121861116573e+02 7.742055089295040489e+02
7.924189769107292705e+02 7.731777991439898869e+02
7.926190446802147562e+02 7.739779770575435123e+02
7.928284170535075646e+02 7.760647299677099227e+02
7.725818822595722395e+02 7.930641939893740755e+02
7.774193418587339011e+02 7.932791511168951502e+02
7.934675959528062776e+02 7.762585647862099449e+02
7.936604496349015108e+02 7.744077335748456790e+02
7.737762148220555218e+02 7.938485795626163508e+02
7.940469657726712285e+02 7.763547408586387064e+02
7.942038563329383578e+02 7.748248458052228216e+02
7.736013352221192463e+02 7.943384030525778599e+02
7.945754892739279285e+02 7.762988527507438903e+02
7.947089114022201102e+02 7.697316672965431508e+02
7.948592299837654309e+02 7.759699896543401110e+02
7.950332502511607800e+02 7.712447231234008314e+02
7.951953916858095681e+02 7.736053877274287061e+02
7.756074959213741522e+02 7.953305845641684755e+02
7.732428543376928474e+02 7.954843350270291467e+02
7.956961373140006799e+02 7.729172765697371688e+02
7.730742511828382248e+02 7.958013669980545046e+02
7.960231245687098180e+02 7.728964423133526225e+02
7.726008477373009100e+02 7.961048263806384284e+02
7.963231356373398739e+02 7.737762216050811048e+02
7.726368159495424379e+02 7.964034288460806010e+02
7.966493430894080348e+02 7.718819944927710139e+02
7.733965612298723045e+02 7.967071878868475778e+02
7.969434521634374278e+02 7.748234720074780171e+02
7.971143480667813037e+02 7.739772647896188573e+02
7.704851135623332539e+02 7.971918048220009041e+02
7.974067721577065413e+02 7.757878949355974783e+02
7.975789398859581070e+02 7.731178944944550722e+02
7.977653345987623652e+02 7.694072786774521546e+02
7.701747755931078245e+02 7.979087558083124350e+02
7.718926952430666688e+02 7.980402945530614716e+02
7.982427884072629922e+02 7.706045236374170599e+02
7.984337437776731576e+02 7.736220280819119353e+02
7.713807225010253887e+02 7.985273362676496163e+02
7.987751929501924906e+02 7.726426280276530179e+02
7.685961991116150784e+02 7.988612019106565185e+02
7.991076246669058492e+02 7.709829669915707200e+02
7.992913538214021401e+02 7.696065646997385556e+02
7.759278880090820394e+02 7.993853066371456180e+02
7.996544369841948310e+02 7.714165696961787262e+02
7.997864123703950554e+02 7.731911782342347124e+02
7.996939085000925616e+02 7.633425536345791897e+02
8.004741256627435178e+02 7.836616552764852486e+02
