0.000000000000000000e+00 0.000000000000000000e+00
0.000000000000000000e+00 0.000000000000000000e+00
0.000000000000000000e+00 0.000000000000000000e+00
0.000000000000000000e+00 0.000000000000000000e+00
7.479994679047859141e-02 0.000000000000000000e+00
1.155854533899660641e-01 6.636103035962268026e-02
2.202198729766379204e-01 4.073905903926148403e-02
3.482885561871185143e-01 4.165047712513924694e+00
6.894299340806558263e+00 8.727315179263483103e+00
8.254928634716566904e+00 8.591518705149288948e+00
8.610465531565612451e+00 8.581088754571288391e+00
8.636905600223482082e+00 8.565645831557828771e+00
8.647062635973064459e+00 8.553396286023842165e+00
8.633900040626338424e+00 8.560160109113521543e+00
8.648820653975288764e+00 8.624093950970468825e+00
8.691719155990885071e+00 8.875739764426429090e+00
8.803951614824242711e+00 9.290562719302407402e+00
9.259883381742055164e+00 9.551404627175642759e+00
9.557353462278443956e+00 9.833363597143112145e+00
9.804931004274948236e+00 1.010981444515923400e+01
1.013921511298947387e+01 1.037349089627722343e+01
1.034913036643845174e+01 1.064383444733279660e+01
1.064676379246566462e+01 1.089489107464124906e+01
1.084838676166251403e+01 1.111457048950029503e+01
1.113136819612920903e+01 1.133097160391241509e+01
1.136688209042450737e+01 1.156038828575251642e+01
1.156330825750846358e+01 1.178385511473643987e+01
1.178282343869972237e+01 1.199831698560741700e+01
1.199886633099317379e+01 1.220855582283948948e+01
1.216436505149583702e+01 1.242034133559815956e+01
1.236581509601031037e+01 1.263155742389997194e+01
1.254869561471972084e+01 1.283429245682626885e+01
1.277364735195049050e+01 1.304120139809571555e+01
1.297301131288328335e+01 1.322830838484849281e+01
1.317619018686477972e+01 1.342734654890519153e+01
1.335446495117844989e+01 1.363325499770540716e+01
1.358630462429030672e+01 1.382634690251999210e+01
1.373017198195084454e+01 1.403004165857917940e+01
1.390372284528860902e+01 1.421817260914875547e+01
1.409904852998288760e+01 1.441663772465490112e+01
1.429059775506797259e+01 1.460476717358091925e+01
1.442828449485157094e+01 1.478479619067960016e+01
1.495519959421944733e+01 1.459543146535905223e+01
1.478525242589711475e+01 1.514667884622013538e+01
1.532612126518885454e+01 1.497813857538359095e+01
1.514900324458106873e+01 1.551968382590230711e+01
1.569893246236038031e+01 1.536654780945345067e+01
1.550975959321572972e+01 1.590165142371217755e+01
1.571747613741980665e+01 1.609274942416950438e+01
1.595404233584248033e+01 1.628327536625574723e+01
1.647727040152137690e+01 1.612587497592916463e+01
1.665518593537355230e+01 1.627704496953563407e+01
1.685732386899009683e+01 1.646382258841029511e+01
1.666797497889546165e+01 1.704328586607203277e+01
1.696601222735035464e+01 1.724361116318484477e+01
1.745424221358490513e+01 1.705164115443955097e+01
1.765658772114085906e+01 1.731290062267105156e+01
1.784875202538124128e+01 1.745107836950013791e+01
1.805995313537897218e+01 1.771638088043882675e+01
1.826704188725633671e+01 1.788799021375719533e+01
1.846504158136852070e+01 1.806301891187219155e+01
1.868296938965214693e+01 1.829985627003922488e+01
1.888036935342919520e+01 1.851630592561956590e+01
1.910528964708398547e+01 1.870748995349073240e+01
1.932183589768095544e+01 1.896111996398200716e+01
1.953215094122638718e+01 1.910926674194536545e+01
1.974101058031268252e+01 1.937491123854022135e+01
1.996834150476779257e+01 1.953065626632412943e+01
2.018249021214986882e+01 1.982031880161423842e+01
2.039225735558756725e+01 1.998938802272473936e+01
2.059571463913037093e+01 2.021190417484507762e+01
2.082786050460769545e+01 2.042115188710663531e+01
2.101975481237957410e+01 2.065000320666978695e+01
2.123300976863523104e+01 2.083850877903889298e+01
2.146186265697446416e+01 2.104921229822587847e+01
2.166832920503359006e+01 2.126656063135331109e+01
2.150057739486868158e+01 2.182276559557580953e+01
2.171152150046308549e+01 2.202361976865813986e+01
2.227926295052728989e+01 2.187519396643838832e+01
2.246538364029023072e+01 2.209264785881413928e+01
2.268834140463745896e+01 2.233786325144536988e+01
2.289356101528661114e+01 2.251070281608220824e+01
2.311497825192671485e+01 2.279822053001410609e+01
2.304386336303261018e+01 2.326724505359237938e+01
2.355464196420684431e+01 2.324076917874809567e+01
2.375670594381527678e+01 2.346157284217126815e+01
2.397976522756754392e+01 2.363601859670078653e+01
2.420336621671592070e+01 2.390054797754216764e+01
2.443505432699321034e+01 2.409117936209570132e+01
2.465190741128423824e+01 2.432493243653680537e+01
2.487288402193743053e+01 2.447622574087874625e+01
2.510872647778009892e+01 2.477131542362984007e+01
2.532528769405871216e+01 2.498341111513452972e+01
2.555389329044742652e+01 2.526623841495547040e+01
2.578891507001991457e+01 2.548769122704680967e+01
2.600557160149067570e+01 2.568116530202755854e+01
2.623285327916727638e+01 2.592342205090465512e+01
2.644539301099214867e+01 2.619849389234660109e+01
2.667288693635152441e+01 2.633744494840719241e+01
2.689974882765425335e+01 2.658296808862824534e+01
2.713831572420094318e+01 2.685129468238700667e+01
