0.000000000000000000e+00 0.000000000000000000e+00
0.000000000000000000e+00 0.000000000000000000e+00
0.000000000000000000e+00 0.000000000000000000e+00
0.000000000000000000e+00 0.000000000000000000e+00
0.000000000000000000e+00 0.000000000000000000e+00
1.052502658591622509e-01 3.278792439960698801e-01
2.071842303581417910e-01 6.075090401674135832e-01
6.809697495266109346e-01 7.695920340153632466e-01
8.510394081786180065e-01 8.766957095404724898e-01
9.844757606801448624e-01 9.637929483548025589e-01
1.088637960787410597e+00 1.065943309220376056e+00
1.196319884445843806e+00 1.170912429316835590e+00
1.298503447382324927e+00 1.278135639307007132e+00
1.411418286437404968e+00 1.378043768966346949e+00
1.516980875412243357e+00 1.493784684040091015e+00
1.628610388480531190e+00 1.617861734020286768e+00
1.735642754136248023e+00 1.705369108903989739e+00
1.846131832581599852e+00 1.807400920569659508e+00
1.954172371601904157e+00 1.936844912122705376e+00
2.059837353236594559e+00 2.028955261552675360e+00
2.168068397435739758e+00 2.140370201795433580e+00
2.270320310848831902e+00 2.251732341147974381e+00
2.385930157011279640e+00 2.346388669329264598e+00
2.491938420608653448e+00 2.453734767455738819e+00
2.601554639606260544e+00 2.572342578457613271e+00
2.711137890118483273e+00 2.657474933131147132e+00
2.816931448672717053e+00 2.772406725169493491e+00
2.929639855901494006e+00 2.886603503857245734e+00
3.036270827864933075e+00 2.980278555353342629e+00
3.139482645527714499e+00 3.077936116944126166e+00
3.244079135049360296e+00 3.192628000488784590e+00
3.353588978487769712e+00 3.308840241023098372e+00
3.460582132407584943e+00 3.417712139073430411e+00
3.564274628219075591e+00 3.502655070630296574e+00
3.679135411579894210e+00 3.602375552677428594e+00
3.787452134657236513e+00 3.739365530129101334e+00
3.898853616853185322e+00 3.834147037965698779e+00
4.005445851525205825e+00 3.952744598367506246e+00
4.116009993902856046e+00 4.026653471900211834e+00
4.224545569444762450e+00 4.150135334790180153e+00
4.327553132953172899e+00 4.266911018123366262e+00
4.443432159956208771e+00 4.398563764986596958e+00
4.546021201361369890e+00 4.477915046793630616e+00
4.655577241124633225e+00 4.549694622175962877e+00
4.767978579058504529e+00 4.706216564619109199e+00
4.874064358284953435e+00 4.816579471238597421e+00
4.984762101508644960e+00 4.904803568732490682e+00
5.090692797939437853e+00 5.026100240725003943e+00
5.191729405855481261e+00 5.128442945124247032e+00
5.303048879393178261e+00 5.226949238888166427e+00
5.407750141190010851e+00 5.328709836844852887e+00
5.516052399866843814e+00 5.464627620019276932e+00
5.627454416588079766e+00 5.550714175795468996e+00
5.727242696601611449e+00 5.650538106753857370e+00
5.841046466549426164e+00 5.765756691318828508e+00
5.954087825289296809e+00 5.889688355555417587e+00
6.064130884488768025e+00 5.996705209918823165e+00
6.169959177444540366e+00 6.111150067488654969e+00
6.281461833745407120e+00 6.206167212255924603e+00
6.388535178670706749e+00 6.265901830371060299e+00
6.498370821807320397e+00 6.408218685944631510e+00
6.607709072484362345e+00 6.495142040724354082e+00
6.711718247210582966e+00 6.636565394621125158e+00
6.819022870420239357e+00 6.735852428503463329e+00
6.924132398625727269e+00 6.808176228435030453e+00
7.035276446050744426e+00 6.945522156533756153e+00
7.144379888090343300e+00 7.027702867364523875e+00
7.258935560759330663e+00 7.134428200422343380e+00
7.372495012622300337e+00 7.231988744406200098e+00
7.476678094356890902e+00 7.345787383702069739e+00
7.584299390221763915e+00 7.443637942708748234e+00
7.698574548701861531e+00 7.595655867192667721e+00
7.802611435603808765e+00 7.666240730495859523e+00
7.907852024131741153e+00 7.798051324930235673e+00
8.019253857448255474e+00 7.886757258026025674e+00
8.123311163251539568e+00 7.997701699604498948e+00
8.230960577492860253e+00 8.096675891911750966e+00
8.341709735989132568e+00 8.190480870361986021e+00
8.446145320528776423e+00 8.322709350650393745e+00
8.560740240599931994e+00 8.436418783326999460e+00
8.662493175684012670e+00 8.522589070442084136e+00
8.775659058598941797e+00 8.641570857365090674e+00
8.880713342538964383e+00 8.755572348349451417e+00
8.993319682030344708e+00 8.869114510760294223e+00
9.092787155575573266e+00 8.996383390347968856e+00
9.204057960801817373e+00 9.084237216891356326e+00
9.317482187343417266e+00 9.169776896987098525e+00
9.415279066361742721e+00 9.224375926819810445e+00
9.528563277066558257e+00 9.362481651432636554e+00
9.637882112660644651e+00 9.506690669040347430e+00
9.744690429536847276e+00 9.615336400825166052e+00
9.849427869258247981e+00 9.689890988307375608e+00
9.961651009823050629e+00 9.793763438174494240e+00
1.006959540698292699e+01 9.974959499382595851e+00
1.017461154934286860e+01 1.006365357045262776e+01
1.028326221302873300e+01 1.016634013778281265e+01
1.039141658247510414e+01 1.025446149113993677e+01
1.049473536396255113e+01 1.033777404755153384e+01
1.060462287234323142e+01 1.044865280170527022e+01
1.071712483795228010e+01 1.057788788946652758e+01
1.081955627730716785e+01 1.068320915906366864e+01
