0.000000000000000000e+00 0.000000000000000000e+00
0.000000000000000000e+00 0.000000000000000000e+00
0.000000000000000000e+00 0.000000000000000000e+00
2.141840731799594250e-02 -9.728083042940961333e-04
3.106147582811921826e+00 3.630332539555054083e+00
2.937872889492979311e+00 3.234689998282088919e+00
3.227294959451675549e+00 3.227279033358264382e+00
3.209952516873196604e+00 3.209895003698662652e+00
3.222511557815014527e+00 3.222495876454924080e+00
3.258061594330212252e+00 3.244777349635023178e+00
3.329948953307884096e+00 3.320226003679774607e+00
3.408559541575977736e+00 3.521495872270207439e+00
3.546239484149767307e+00 3.715602585637706401e+00
3.685664134516678736e+00 3.908076109969298439e+00
3.906680159657596185e+00 4.108616817905732077e+00
4.129743990617393834e+00 4.303931197238715534e+00
4.340169912694096688e+00 4.500944733925867247e+00
4.504110990045939289e+00 4.694540300846151482e+00
4.719965847217812538e+00 4.884946341485598253e+00
4.916584037891851722e+00 5.068404955702411563e+00
5.135926144092906043e+00 5.249681097989332912e+00
5.332253469378579247e+00 5.430707208353371840e+00
5.531987166613459905e+00 5.614829074450375046e+00
5.710540796528141172e+00 5.807342429505214731e+00
5.876328532038657571e+00 5.984799769927232838e+00
6.069748616570168842e+00 6.177408531379464662e+00
6.223500158152742046e+00 6.349281618942030470e+00
6.368878635461308946e+00 6.531398667971995309e+00
6.540046445662235364e+00 6.716888325104227953e+00
6.759104062248636247e+00 6.897010840957727318e+00
6.939744025730364640e+00 7.081419859818842255e+00
7.083458094675060934e+00 7.255149556239357977e+00
7.290174593962638561e+00 7.429219116527227662e+00
7.419649630570536836e+00 7.614986742566839162e+00
7.576689639648817476e+00 7.785699000684685345e+00
7.779985089352600802e+00 7.959975662442203337e+00
7.966872963823113274e+00 8.129042983998452598e+00
8.304481487816454788e+00 8.091165438359928075e+00
8.268401548578113491e+00 8.497601130841609063e+00
8.654843762124743378e+00 8.486307186696320670e+00
8.832237997357825776e+00 8.623507632865129224e+00
9.018942799558436363e+00 8.820381471461633538e+00
8.981926422471754989e+00 9.194386380866092168e+00
9.365684976929715688e+00 9.148032765874152261e+00
9.548242651279764459e+00 9.307221241839375381e+00
9.494568639117208164e+00 9.730638093430471258e+00
9.668028869413756610e+00 9.904100482465873156e+00
1.008535438222855340e+01 9.844527192560486029e+00
1.002649855275898894e+01 1.025561704276436537e+01
1.044766032341019546e+01 1.018611670020725768e+01
1.063709062382949710e+01 1.040053958353332320e+01
1.057091776388488391e+01 1.080851430927022427e+01
1.100797846524439372e+01 1.072785866722872861e+01
1.118233134136149864e+01 1.094554079086448617e+01
1.136182666119693430e+01 1.113092707309186657e+01
1.154572597124807487e+01 1.130614205793116511e+01
1.172993609160777062e+01 1.150431481655016874e+01
1.191979854155833429e+01 1.165959598108757689e+01
1.186265081607364813e+01 1.208609410027022690e+01
1.227098869653340252e+01 1.201005567516451400e+01
1.246834612188914981e+01 1.222518841363044118e+01
1.264110684394562867e+01 1.243816009175884396e+01
1.282973953358625607e+01 1.258961605279797347e+01
1.301653570992781717e+01 1.275912150644339249e+01
1.319785980715257523e+01 1.296246915422644364e+01
1.318898834118296470e+01 1.336274679786269459e+01
1.334519122082645737e+01 1.353787525762519905e+01
1.373838243118265190e+01 1.355765662235204161e+01
1.391619410082794239e+01 1.375745178699626514e+01
1.410284875795594139e+01 1.394080666499579735e+01
1.411866232224367756e+01 1.425617283322317519e+01
1.447052269877696240e+01 1.427086304766031866e+01
1.465137337191527322e+01 1.448677946131973826e+01
1.483787264720206522e+01 1.465372603219638137e+01
1.503565006859181175e+01 1.489705126544503777e+01
1.505461932958843718e+01 1.519820731922952284e+01
1.541151586083543990e+01 1.522969386924003743e+01
1.559429913531639755e+01 1.544904160959214856e+01
1.579000727539348325e+01 1.564827497342837503e+01
1.577790525296878421e+01 1.593453762683011554e+01
1.616155695069917542e+01 1.600578102270629088e+01
1.633705054703151305e+01 1.613623536136660519e+01
1.652186107828936201e+01 1.635845064372531965e+01
1.671612982466061936e+01 1.654044961359914367e+01
1.690749250292247297e+01 1.672427130944709006e+01
1.695722812323011297e+01 1.704967684434507902e+01
1.726288404361983098e+01 1.710568561568925716e+01
1.729569582432097974e+01 1.740299359023209291e+01
1.762492186598866439e+01 1.747854825343054941e+01
1.781222075179640640e+01 1.769672242743354573e+01
1.800473000622260500e+01 1.788294861365668353e+01
1.820094172889847428e+01 1.805121067167711857e+01
1.838708172993489853e+01 1.823341718674915413e+01
1.842729997544239140e+01 1.851466638050202818e+01
1.875528672780147232e+01 1.857117673287442017e+01
1.893620971353051274e+01 1.876776900162125017e+01
1.913927349437935987e+01 1.892957345833296401e+01
1.932368395909367109e+01 1.918458014156523816e+01
1.936653479068321460e+01 1.947346313624811387e+01
1.969279476845061083e+01 1.956458884872317228e+01
1.971459982643960629e+01 1.983558883041591869e+01
