0.000000000000000000e+00 0.000000000000000000e+00
0.000000000000000000e+00 0.000000000000000000e+00
0.000000000000000000e+00 0.000000000000000000e+00
1.275428849564574723e-04 0.000000000000000000e+00
1.275428849564574723e-04 0.000000000000000000e+00
3.231740082242243878e-02 1.800057934305285601e+00
1.904374581587540582e+00 3.333060362976403734e+00
3.698433670921473126e+00 3.705124701089204109e+00
3.723710003268886126e+00 3.727131372678210486e+00
3.732191889170096477e+00 3.730743202775231637e+00
3.764360186512070605e+00 3.764594152578186304e+00
3.851508843162325224e+00 3.873499762437274452e+00
3.921570404372651364e+00 3.918623202210004486e+00
4.043449256250688073e+00 4.161560230705406482e+00
4.179393836715528998e+00 4.468327355996913219e+00
4.428442720556906131e+00 4.751900439256809605e+00
4.638619219982211384e+00 5.000079052880076702e+00
4.864824833983395713e+00 5.184148287204655148e+00
5.149080442647640865e+00 5.371035191788764429e+00
5.407502430207007826e+00 5.539074428454379806e+00
5.580546875907650417e+00 5.715379315792910475e+00
5.775855199652876415e+00 5.874077601608340693e+00
5.969248316273281674e+00 6.042105352568459153e+00
6.146230846039354212e+00 6.199769103219598954e+00
6.285731156368065342e+00 6.368306016834823780e+00
6.486196399175078398e+00 6.538799827193177094e+00
6.645122556544782455e+00 6.691508301660437752e+00
6.780839861150940173e+00 6.848299336562690520e+00
6.993800004808214510e+00 6.933946516328574283e+00
7.091420570287485958e+00 7.178071495720860895e+00
7.262251298164133395e+00 7.345819657249720080e+00
7.377408261533723532e+00 7.527132715244861494e+00
7.673395908791339259e+00 7.569128090196487690e+00
7.838083225280126243e+00 7.672374996316946749e+00
7.885662413683871108e+00 8.021411222809014419e+00
8.174137024039751509e+00 8.027590091112513093e+00
8.343669466772896115e+00 8.197071089976633473e+00
8.392530215127008475e+00 8.506040610814141090e+00
8.555703046045016080e+00 8.677265959796722328e+00
8.718157015825362066e+00 8.842282098706519378e+00
9.014881987431973442e+00 8.871972706263060005e+00
9.177989758944463006e+00 9.054514456704227499e+00
9.356328571824111151e+00 9.232458036364535658e+00
9.391585406447907403e+00 9.525933462355686387e+00
9.574144398371428721e+00 9.690172948118318530e+00
9.870064636534838343e+00 9.723656747403836675e+00
1.003906609187925802e+01 9.917562278336731652e+00
1.022810851064942206e+01 1.004759259817928729e+01
1.039414556102685161e+01 1.023281825207380180e+01
1.057400909348286433e+01 1.049828745352629689e+01
1.074726009298989382e+01 1.063521374799630337e+01
1.091992666832698866e+01 1.078740653696758933e+01
1.111523110802814429e+01 1.094873640545132609e+01
1.129736584084153073e+01 1.109331072372257765e+01
1.147807316938211564e+01 1.135517821526285154e+01
1.167154037809931566e+01 1.155039846837672179e+01
1.185469342917949831e+01 1.168972273926002003e+01
1.189700906494412180e+01 1.201089706872094176e+01
1.220640605163721304e+01 1.206969786710472725e+01
1.224328087012692734e+01 1.236802075156398040e+01
1.256027830285056979e+01 1.243545061507339611e+01
1.274957333880178112e+01 1.256075751889599168e+01
1.293271685623749789e+01 1.276889237663069210e+01
1.312302673987949575e+01 1.296949998211673005e+01
1.330472323978737137e+01 1.316023323567332959e+01
1.348464220187821816e+01 1.332567872864104075e+01
1.367531153882539208e+01 1.352991837010806897e+01
1.385930610467284119e+01 1.364506907389525558e+01
1.404376190369663924e+01 1.387152815254555982e+01
1.423344715717166942e+01 1.403750797361435687e+01
1.442404212585505441e+01 1.427972639933030941e+01
1.463632594252472607e+01 1.442332889047369626e+01
1.480617393389564640e+01 1.458787017710304568e+01
1.499483471745876706e+01 1.481956305776524552e+01
1.501548808356854003e+01 1.513311672373405692e+01
1.535323579413312700e+01 1.517863682953768212e+01
1.552698703445983774e+01 1.537120670372755349e+01
1.571505012520513311e+01 1.554697339195355354e+01
1.589737876423651208e+01 1.573209953287443952e+01
1.611257881507447820e+01 1.591905625271229496e+01
1.628605216831331504e+01 1.614262629811138439e+01
1.647806790967905499e+01 1.628678726698484169e+01
1.665459175589294105e+01 1.643754362973989203e+01
1.685075723245165236e+01 1.664097192634795874e+01
1.703204702290227956e+01 1.687686152539533424e+01
1.721939272307458779e+01 1.704729900060965520e+01
1.739943833984558808e+01 1.727270544926801321e+01
1.759376906344935776e+01 1.742161017891267605e+01
1.778068718605319987e+01 1.763685402296954052e+01
1.797344114922843872e+01 1.775613315629672684e+01
1.816166987464207594e+01 1.800975447231171955e+01
1.836397407545803873e+01 1.817311834320653219e+01
1.855955056581146678e+01 1.837146507594862754e+01
1.874368162513642133e+01 1.858010253640669163e+01
1.892012234633299173e+01 1.873253992659834211e+01
1.911809604486911596e+01 1.896823212831914418e+01
1.931357204833371100e+01 1.912252663976547495e+01
1.950579319503247078e+01 1.933020977646464189e+01
1.969109250104963849e+01 1.951554937312561933e+01
1.987290890004545929e+01 1.965890205086707709e+01
2.006910869001514186e+01 1.992890302470582498e+01
