0.000000000000000000e+00 0.000000000000000000e+00
0.000000000000000000e+00 0.000000000000000000e+00
0.000000000000000000e+00 0.000000000000000000e+00
0.000000000000000000e+00 0.000000000000000000e+00
0.000000000000000000e+00 0.000000000000000000e+00
0.000000000000000000e+00 0.000000000000000000e+00
0.000000000000000000e+00 0.000000000000000000e+00
3.838444801215334046e+00 3.490231499165611595e+00
3.750405951583473119e+00 3.438879583244096150e+00
2.991567142950909197e+00 4.041581294930263191e+00
4.107146404095663783e+00 4.115153761629051665e+00
4.175508961527686580e+00 4.192563545776605949e+00
4.256440980759871096e+00 4.256186557680438298e+00
4.371714432879754142e+00 4.395873145076476085e+00
4.507254136108524101e+00 4.651344870392239983e+00
4.748799056469835023e+00 4.925176001999955311e+00
4.997044046729355316e+00 5.091269548049502269e+00
5.230555400825528167e+00 5.327135694085681550e+00
5.390631591644569731e+00 5.527194347568205046e+00
5.515802354592353574e+00 5.752873364678660728e+00
5.711960445455609658e+00 5.935784614986100216e+00
5.906023665310767612e+00 6.140714266261490195e+00
6.100370842137570193e+00 6.326066320641495544e+00
6.339505326788550832e+00 6.517116296179081836e+00
6.526163763508390225e+00 6.679793196662324739e+00
6.745113804415562520e+00 6.848359960704264893e+00
6.912113446411517259e+00 7.024778624093181989e+00
7.098647614184839583e+00 7.192721139090634708e+00
7.246416707759776088e+00 7.361918480929278807e+00
7.417906217032339988e+00 7.526489450751812527e+00
7.586480661914051460e+00 7.692563181790414539e+00
7.756840432566121102e+00 7.856497453224529082e+00
7.911153402483726893e+00 8.013256077964816981e+00
8.056352629943313914e+00 8.191044511006470685e+00
8.228232835092464725e+00 8.348911492800983325e+00
8.359267803818399400e+00 8.500461381843276598e+00
8.649893492629660230e+00 8.560887427646450831e+00
8.742762728996977373e+00 8.816499580012520099e+00
8.849241742653546794e+00 8.982310736222459013e+00
9.130283567879063256e+00 9.045405087473456618e+00
9.294091342564730240e+00 9.165060543692845840e+00
9.455949412195957748e+00 9.271834891859644046e+00
9.621590628631469855e+00 9.448430366219222165e+00
9.777131751588830966e+00 9.690802857553045158e+00
9.819406715831933141e+00 9.951976197320929529e+00
1.011668405191897691e+01 1.001372845233683684e+01
1.018355698618858796e+01 1.027686769176935577e+01
1.044651771845468069e+01 1.033006772183312982e+01
1.061109366600009452e+01 1.048737346551743777e+01
1.079143497330161949e+01 1.068359375892541863e+01
1.096414710016864902e+01 1.082039281891652571e+01
1.114553178396379174e+01 1.099096780896557135e+01
1.132227732049147662e+01 1.118814470995191357e+01
1.150450627120524594e+01 1.137726139936398795e+01
1.168605863314021320e+01 1.147552723794838947e+01
1.171859902502023587e+01 1.184116992551426151e+01
1.203168982402671539e+01 1.187264770164066974e+01
1.221815901248222502e+01 1.206298414492742843e+01
1.240659953831313445e+01 1.222685555194839147e+01
1.259536226777053081e+01 1.235677144862464338e+01
1.277407202825066435e+01 1.253411401946899417e+01
1.295618133458050458e+01 1.280133687855209246e+01
1.313746364526713606e+01 1.293489301224138721e+01
1.331876770794418263e+01 1.303425932219263927e+01
1.350882747383999849e+01 1.334968696758564910e+01
1.368762046332512838e+01 1.353630505169717857e+01
1.386632962746670472e+01 1.365852204795267966e+01
1.403909310417404299e+01 1.387457386128520476e+01
1.423062643093690482e+01 1.405210696029613793e+01
1.441011311618662738e+01 1.421552160860945513e+01
1.457986822342588518e+01 1.436638907284975986e+01
1.476424140837053578e+01 1.455964529503091498e+01
1.495278741425068780e+01 1.471254405726425318e+01
1.512740931158758428e+01 1.493836522178870752e+01
1.531871170719004560e+01 1.513917690057567356e+01
1.550875300723652472e+01 1.536056355209283453e+01
1.569324839022709739e+01 1.551852829626313479e+01
1.588986865331572318e+01 1.568591987302513679e+01
1.607605717214033447e+01 1.579434478198717429e+01
1.626575890600754803e+01 1.604031869201231686e+01
1.645302813545545462e+01 1.614181356984013505e+01
1.663728317132594725e+01 1.638314395939611856e+01
1.682733072004129937e+01 1.657084493252873969e+01
1.701572077914822856e+01 1.676625089595969342e+01
1.720123502389258974e+01 1.698098276410211938e+01
1.738165100430617827e+01 1.713690448315274040e+01
1.756432750848385638e+01 1.729811119412338982e+01
1.751562705442685797e+01 1.767942834821446141e+01
1.791866620973878099e+01 1.769584174176652525e+01
1.809964628503759343e+01 1.785827834293699823e+01
1.828266418998206078e+01 1.805927305221578294e+01
1.848731233047709921e+01 1.821660793682278978e+01
1.869643302832043119e+01 1.846723855113994262e+01
1.886924135098248456e+01 1.866474056901795464e+01
1.906219132542844008e+01 1.880855417628385240e+01
1.926580372270993280e+01 1.904505863857074743e+01
1.945474329348459008e+01 1.918048561121764450e+01
1.965267313736104526e+01 1.940662853367241070e+01
1.983780540830768757e+01 1.958352885463427029e+01
2.001032449111700728e+01 1.979184427095061949e+01
2.022767108940626457e+01 2.005104120025351833e+01
