0.000000000000000000e+00 0.000000000000000000e+00
0.000000000000000000e+00 0.000000000000000000e+00
0.000000000000000000e+00 0.000000000000000000e+00
0.000000000000000000e+00 0.000000000000000000e+00
0.000000000000000000e+00 0.000000000000000000e+00
3.041764919055881672e-02 2.142677421034414564e+01
6.524442889681762725e-02 1.144427934258119350e+01
2.101431504894360758e-01 1.992583981461366061e-01
4.911778959704039549e-01 2.749231184826168217e+01
3.046494007475857302e+01 3.095926808079378389e+01
3.136932402109449924e+01 3.136261412514953761e+01
3.117689488569490663e+01 3.128471340172544402e+01
3.128869146838792048e+01 3.128013487502401446e+01
3.126988950673797163e+01 3.126780250983663123e+01
3.125868200037382394e+01 3.123801385448392054e+01
3.128043354872260551e+01 3.134423377168029745e+01
3.133193472527829115e+01 3.184723255550085241e+01
3.150853515122210169e+01 3.230311680660633300e+01
3.181470550700732858e+01 3.269747056355753045e+01
3.234074669461300999e+01 3.317193814303579558e+01
3.268443600041165098e+01 3.363565354207265301e+01
3.313493184818448611e+01 3.408988032513552469e+01
3.351008122013455903e+01 3.447812244340617838e+01
3.396412940289454241e+01 3.484073614471093094e+01
3.441504285614756498e+01 3.520062391134432289e+01
3.482685255208235731e+01 3.550679561300341192e+01
3.517227989242137909e+01 3.581671354732498003e+01
3.553362655768250988e+01 3.609272911490388935e+01
3.590438682158532657e+01 3.636615864197523251e+01
3.615959263861289941e+01 3.664227058564515005e+01
3.650156453148159841e+01 3.691782334835336599e+01
3.678501779134635541e+01 3.719143091229471310e+01
3.706285362172283016e+01 3.742447658020449808e+01
3.729876354040937514e+01 3.767685296877531442e+01
3.755117554652507295e+01 3.794340758445878237e+01
3.782151263042468514e+01 3.817554909388569229e+01
3.808034383178722493e+01 3.841165299633863839e+01
3.828218248161726933e+01 3.864470176800955414e+01
3.846673937821783085e+01 3.883833146029594019e+01
3.900958407598616162e+01 3.872370086171373771e+01
3.865886129893083734e+01 3.924896569587104977e+01
3.942811644001542959e+01 3.900425799587676323e+01
3.913759822799611499e+01 3.966256616226950626e+01
3.984541794506640855e+01 3.937217970821521362e+01
4.003410778407761939e+01 3.922906345371914938e+01
4.023882709575769923e+01 3.952465482476166159e+01
3.972645179728587550e+01 4.047135884636571745e+01
4.003516413993497025e+01 4.068726027170202286e+01
4.089394285425952091e+01 4.037097331196187611e+01
4.113119592706163985e+01 4.041865621456104662e+01
4.133243160244553849e+01 4.051858653754096196e+01
4.155948962090937471e+01 4.087788908726968629e+01
4.178469688175835017e+01 4.109708997346231740e+01
4.129505320252328460e+01 4.204400275955957511e+01
4.158142966803458052e+01 4.228378818398824279e+01
4.252074573062518681e+01 4.174959292246170151e+01
4.273664074413777314e+01 4.181399628270539637e+01
4.215150476661625589e+01 4.300894666396942512e+01
4.324289346799363898e+01 4.236316261263279159e+01
4.261791181404201012e+01 4.351093665964612001e+01
4.279124887317123438e+01 4.376176092002157958e+01
4.400569791415972531e+01 4.315298408039893019e+01
4.333757170090041200e+01 4.424516973769171813e+01
4.450239857361563622e+01 4.350487950817351646e+01
4.472796712101861516e+01 4.367228951410845639e+01
4.413421406525653623e+01 4.497974121304115869e+01
4.421382778797362789e+01 4.519646912890551249e+01
4.545353349283497835e+01 4.440212854319318581e+01
4.571381794857529712e+01 4.468521371224525751e+01
4.595006150167870373e+01 4.486885379475915414e+01
4.621840045587968149e+01 4.497224323511839827e+01
4.646743537655216727e+01 4.530564903028447787e+01
4.671478900284181890e+01 4.577129765370117553e+01
4.697124308168513096e+01 4.595147580653210184e+01
4.617917191003912336e+01 4.721055339726142819e+01
4.747933962117019746e+01 4.650091573797534750e+01
4.774382885951545319e+01 4.668760680927179862e+01
4.799898931140275238e+01 4.690397368230893704e+01
4.824565844273456605e+01 4.721853145608769609e+01
4.850260592935325121e+01 4.736743234858680296e+01
4.876656729239792298e+01 4.768161794301937562e+01
4.901407317655169749e+01 4.800478554810121068e+01
4.827452103751999601e+01 4.922345640512212128e+01
4.952627400263036606e+01 4.846626698059012028e+01
4.980396106897764952e+01 4.857915389943001117e+01
5.006852850231913976e+01 4.893613396693583439e+01
5.033346282741634781e+01 4.907779816068465806e+01
5.059658684601117784e+01 4.941982532968494723e+01
5.087367450396106250e+01 4.971547491712824041e+01
5.112816442829824837e+01 4.997172453199961240e+01
5.139440423492927579e+01 5.017298541006508117e+01
5.169107203323471822e+01 5.053866896175249934e+01
5.197087713348064142e+01 5.086679537886047342e+01
5.225134503493636373e+01 5.117918649660460062e+01
5.251446024372150134e+01 5.132671052259094324e+01
5.167479752442559970e+01 5.269738908688918144e+01
5.305708076564165054e+01 5.191566685310579032e+01
5.332084984651961435e+01 5.216652945771121352e+01
5.226368515345144061e+01 5.348890770094685365e+01
5.382600026107405711e+01 5.263288343153087823e+01
5.412732664425815443e+01 5.304231577942260145e+01
