0.000000000000000000e+00 0.000000000000000000e+00
6.154630647572409234e-03 -2.666217665807765497e-03
5.497854446034088072e-02 -4.131189908941967220e-03
1.753036765409911046e-01 3.316219127035154035e-02
2.983364171267082754e-01 1.194399303136500917e-01
4.082552896580411983e-01 3.229441113304792887e-01
5.063930507519438518e-01 4.681376281264686967e-01
6.001975804125422309e-01 5.516455637543994373e-01
6.897677249271768618e-01 6.638794425581292513e-01
7.773888460789291077e-01 7.371439543561947305e-01
8.650580098121796180e-01 8.395617300945454886e-01
9.570962557454116837e-01 9.383114897563037404e-01
1.046588716614674563e+00 1.022472794401215967e+00
1.134331918547708984e+00 1.103376296756683805e+00
1.221713062714790965e+00 1.207286211423168609e+00
1.306707198064755104e+00 1.265686605552244659e+00
1.397748460329303333e+00 1.341109269820327743e+00
1.485592376783741564e+00 1.438852357634781365e+00
1.573273843601507238e+00 1.513469495545346266e+00
1.657552467086417680e+00 1.606876613085218564e+00
1.748404605180972515e+00 1.699767557530783790e+00
1.836218789566693932e+00 1.795244701318886360e+00
1.921002011489644890e+00 1.866092664089647135e+00
2.006833127494260349e+00 1.958173462809355891e+00
2.090264525313423771e+00 2.053372967245248759e+00
2.180740714253981416e+00 2.138494722260026570e+00
2.264606215177290771e+00 2.203745619478868267e+00
2.350878060538003300e+00 2.308505872069374298e+00
2.437843286355540151e+00 2.405538563828656162e+00
2.528690981966334572e+00 2.499413160345770102e+00
2.614369269196645806e+00 2.553313957611345941e+00
2.704558984278267797e+00 2.670439019553508597e+00
2.788783081527639318e+00 2.753516860948286737e+00
2.877120806311738388e+00 2.834414665341483452e+00
2.963582632989018695e+00 2.920608949568726409e+00
3.052536185656778756e+00 2.992172872823089858e+00
3.141832994328056738e+00 3.078444255142553043e+00
3.225060356230909697e+00 3.172746020112573007e+00
3.313330899750946745e+00 3.237892180778310980e+00
3.403886673957235764e+00 3.330078742582603279e+00
3.487825745970640767e+00 3.413624636207315710e+00
3.576877005155294054e+00 3.522012482997092242e+00
3.663791878202976804e+00 3.611863004042290992e+00
3.754459969932828489e+00 3.666642069221696776e+00
3.842612002212856037e+00 3.783063544192796890e+00
3.929961360907766377e+00 3.858443226576431240e+00
4.011848482277790673e+00 3.934016497344477337e+00
4.105964241656377745e+00 4.044308918453455526e+00
4.186023962647882790e+00 4.127130579146899514e+00
4.275877912210964027e+00 4.193291419568399903e+00
4.362544910264796627e+00 4.286153068812372346e+00
4.449751509501350455e+00 4.379343980071210396e+00
4.539561810958890220e+00 4.461252251499368882e+00
4.629451754989506007e+00 4.547104285326212469e+00
4.719653458952230984e+00 4.636845214859547148e+00
4.802624511658216910e+00 4.730568954524533076e+00
4.896977934098464047e+00 4.803900935977524433e+00
4.979316586609722428e+00 4.875107263755342757e+00
5.064054249618959780e+00 4.976422947516882189e+00
5.150419424779289379e+00 5.044225355256524601e+00
5.236236375929932407e+00 5.141619911460450609e+00
5.331428186640826183e+00 5.216891403378392411e+00
5.417498076326987544e+00 5.363067304998923035e+00
5.505807007003242326e+00 5.428840253780133018e+00
5.594783673484844400e+00 5.534042238304959227e+00
5.683995838698198355e+00 5.573839016332716945e+00
5.769825680883913677e+00 5.664873478965594344e+00
5.857104181998794346e+00 5.748365962163752840e+00
5.940807527154579049e+00 5.857294999072651720e+00
6.029109303899809369e+00 5.955104835413413511e+00
6.112692409161773810e+00 5.997410395036614439e+00
6.200321130065433728e+00 6.110859270740659710e+00
6.287146331528343346e+00 6.158688874915954514e+00
6.373313323602450176e+00 6.273341554758845362e+00
6.458900979077429660e+00 6.363955747763800019e+00
6.548184758340273248e+00 6.453678713855876659e+00
6.635432131780399700e+00 6.516323343555582071e+00
6.717129949465078909e+00 6.627200618184754255e+00
6.808525789007558338e+00 6.694282300956512444e+00
6.894073698943133266e+00 6.784834164453229732e+00
6.984273659223529940e+00 6.888086320870952406e+00
7.071820767992054613e+00 6.975426601531646398e+00
7.155993226748527114e+00 7.052105149157135600e+00
7.245360510622119499e+00 7.118289888588106074e+00
7.333056472885594701e+00 7.215613579876070993e+00
7.423388624454936746e+00 7.293019944873324611e+00
7.501779528313037737e+00 7.392155151592680440e+00
7.587364251153442041e+00 7.459816313608331306e+00
7.678440471912229448e+00 7.579701511494959298e+00
7.764257487642321820e+00 7.662365425880493852e+00
7.851243846860268327e+00 7.724225982044779393e+00
7.939638084081880542e+00 7.846567079781257448e+00
8.028170429668442409e+00 7.878673344554329105e+00
8.112786355161780705e+00 7.934495466320496071e+00
8.208053012378252689e+00 8.096113615853113288e+00
8.287189365426431920e+00 8.180374692728699770e+00
8.377234624059408219e+00 8.276901741529050227e+00
8.462605655393362625e+00 8.346587752621735135e+00
8.557040808802959475e+00 8.407545056500524083e+00
8.633843625634339602e+00 8.521014866517672814e+00
8.728966099475899298e+00 8.597896744819907511e+00
