0.000000000000000000e+00 0.000000000000000000e+00
9.689536692403325976e-03 0.000000000000000000e+00
8.289213113956428458e-02 4.097145811072106132e-03
1.917594532640533589e-01 3.410088619842523150e-02
3.092072020221610651e-01 1.156931004576552263e-01
3.990759708124484439e-01 2.947006235799785601e-01
4.902411138574379601e-01 4.538628007025846678e-01
5.794946989788904990e-01 5.451301455956845121e-01
6.677166822314181127e-01 6.095104347344727502e-01
7.466372943601934375e-01 7.123133471532934191e-01
8.348264333135617665e-01 7.935624305366711928e-01
9.171598991235446752e-01 8.818758491792448861e-01
1.001623478018895508e+00 9.607123008285562982e-01
1.085988491138213163e+00 1.043209338520810769e+00
1.167713079781563357e+00 1.141623077606577885e+00
1.248885948845508853e+00 1.215320739909224734e+00
1.335231987561227074e+00 1.298540851268859875e+00
1.414450603517114491e+00 1.384330463079300744e+00
1.499037991746485110e+00 1.462810918290988749e+00
1.579427429081921019e+00 1.528368487987516566e+00
1.662167682001800317e+00 1.637182781761931549e+00
1.744315933874148739e+00 1.694157075897726683e+00
1.830119168993477485e+00 1.787246595009983841e+00
1.914046941818827285e+00 1.868609648134112788e+00
1.993737302274141587e+00 1.933365788241292904e+00
2.079447341902904700e+00 2.042421628919986354e+00
2.163644679594336484e+00 2.108228130213392948e+00
2.242913748283085873e+00 2.205856923691490223e+00
2.327198807313777262e+00 2.278268363894448090e+00
2.414487346868809503e+00 2.358020673436868275e+00
2.496517387265811738e+00 2.458932436264204213e+00
2.586005425666344948e+00 2.547551504481579965e+00
2.665892975512161645e+00 2.616889114497073177e+00
2.749805580019530016e+00 2.709715634407244611e+00
2.832386961186984298e+00 2.775889312092856720e+00
2.915810488213391505e+00 2.866708437141854304e+00
2.996625818159305510e+00 2.934503698530250393e+00
3.080768569316370886e+00 3.017727386704193826e+00
3.163261193099314195e+00 3.111974463883325548e+00
3.246709217367810929e+00 3.173749690341817420e+00
3.333301776156757601e+00 3.262745647536137827e+00
3.417001170664146770e+00 3.356543736614990614e+00
3.496685934051174005e+00 3.442835732991591957e+00
3.578519932511963653e+00 3.509181983066252286e+00
3.666481919950136170e+00 3.590095880947645313e+00
3.747331401253527705e+00 3.677367599725005043e+00
3.829384250863437256e+00 3.746702075603646875e+00
3.912395544943426895e+00 3.823043745864868281e+00
3.995132303909398885e+00 3.903089561673444674e+00
4.078520157298101800e+00 4.011838701511864613e+00
4.162788819347484903e+00 4.076139063985858790e+00
4.251477473998407142e+00 4.161870173974777209e+00
4.322903834935125644e+00 4.250572244964706314e+00
4.412264877378730077e+00 4.312876811820437695e+00
4.498214332924905356e+00 4.402651979714104158e+00
4.580390250143040909e+00 4.493536556865413090e+00
4.662435268061791760e+00 4.574251569406955653e+00
4.747271422951124364e+00 4.667521150260303564e+00
4.828295347983749153e+00 4.747027442921556428e+00
4.913043308163119960e+00 4.837292820422112172e+00
4.995285874282821226e+00 4.888041787709529906e+00
5.073533689463400442e+00 5.004989280804391427e+00
5.163094778324555101e+00 5.067347731544947997e+00
5.243933651903008197e+00 5.173246501419527021e+00
5.329534004566681027e+00 5.234846884332099215e+00
5.414101998401877225e+00 5.296931936531607654e+00
5.496284684001555121e+00 5.396921930713705073e+00
5.579006628276936830e+00 5.511158757371174666e+00
5.662108610052422719e+00 5.560884861051174077e+00
5.745780496225495249e+00 5.657912186557201295e+00
5.831365827445577743e+00 5.753059738698638625e+00
5.915722552762188613e+00 5.826774535545904854e+00
6.000481445110172452e+00 5.889233925282250759e+00
6.078942884996373586e+00 6.008639585338990230e+00
6.163408743615862662e+00 6.027951477997241625e+00
6.243028752523891889e+00 6.118957845212054103e+00
6.321091349685022287e+00 6.261317061610188972e+00
6.405465767947941202e+00 6.321620135878811553e+00
6.493656664456753269e+00 6.394260657012112326e+00
6.569990178461851293e+00 6.500674589952031290e+00
6.660207581041944103e+00 6.565094373821043661e+00
6.734395608637250064e+00 6.650507933747296541e+00
6.816172286348328946e+00 6.740999998260948978e+00
6.902021121697711870e+00 6.823493688083621223e+00
6.986471032839635775e+00 6.905657010801561135e+00
7.073197118296813635e+00 6.936559335601848453e+00
7.155245002204125626e+00 7.072367362386192013e+00
7.239811092881233812e+00 7.132089530442335068e+00
7.326473695474565062e+00 7.228362776144464874e+00
7.407397976294385344e+00 7.304087429307602797e+00
7.492053953480390049e+00 7.408864855999856225e+00
7.571990450202933154e+00 7.462691839133008820e+00
7.656989807503701506e+00 7.576860472974720651e+00
7.734898066877186729e+00 7.601990082562664952e+00
7.825852999685958267e+00 7.729309197409515164e+00
7.908375588750193863e+00 7.804389109187328977e+00
7.987499419258897504e+00 7.869094228749357711e+00
8.072427430176341900e+00 7.944399250098665988e+00
8.153183913666603999e+00 8.060529892085726900e+00
8.240567563785294425e+00 8.094500346833264359e+00
8.319773394748819939e+00 8.231501614366624864e+00
