0.000000000000000000e+00 0.000000000000000000e+00
0.000000000000000000e+00 0.000000000000000000e+00
0.000000000000000000e+00 0.000000000000000000e+00
0.000000000000000000e+00 0.000000000000000000e+00
0.000000000000000000e+00 0.000000000000000000e+00
0.000000000000000000e+00 0.000000000000000000e+00
0.000000000000000000e+00 7.250417104425297410e-01
1.965742104752691288e-01 3.048228438656932049e+00
2.221716467154898123e+00 3.272259027493356509e+00
3.348420092002717841e+00 3.783973750490631005e+00
3.764497276669618753e+00 3.978253686256821631e+00
4.115182449230859518e+00 4.133388908565997610e+00
4.210155665167057748e+00 4.316480454625054364e+00
4.381942412021849975e+00 4.510043917044678885e+00
4.573733708373530327e+00 4.644659795411401504e+00
4.742411654186428294e+00 4.711011614941800651e+00
4.874946776210238752e+00 5.084232527471286289e+00
5.030578375347315223e+00 5.285263063359390223e+00
5.251962564408302114e+00 5.513643495426309826e+00
5.522776673916490964e+00 5.729413511019603611e+00
5.693755466480921790e+00 5.929552032579877618e+00
5.878942872662769936e+00 6.121947872193826079e+00
6.061453845617156944e+00 6.300345156768762500e+00
6.277718068216798564e+00 6.455303030132203190e+00
6.477847463312619958e+00 6.613085969380880336e+00
6.642621188651416375e+00 6.763719694508235847e+00
6.821324573742389319e+00 6.915320059070353409e+00
6.985366740481087078e+00 7.055010978917417575e+00
7.190472423798837553e+00 7.139248759814647016e+00
7.274456919977292380e+00 7.357535948153831384e+00
7.493321562545818715e+00 7.419430765023933283e+00
7.646564793151542361e+00 7.588874641693064582e+00
7.765826192771649872e+00 7.843629583531807725e+00
7.930306281537415458e+00 8.016909173656886267e+00
8.123206346545359224e+00 8.203129935963428210e+00
8.295510212910262027e+00 8.376271531362245781e+00
8.473053534538536269e+00 8.535772336288470541e+00
8.686606484195547040e+00 8.624753523848783132e+00
8.773288543619591096e+00 8.854037929718383992e+00
9.016218192311310275e+00 8.930596210459965434e+00
9.187036883363427719e+00 9.103426370685530955e+00
9.363205096663346438e+00 9.291345008783624237e+00
9.455734092665649015e+00 9.524311806093955113e+00
9.648914861132677601e+00 9.701863868948535696e+00
9.863636892082652707e+00 9.798410940227302746e+00
1.002756531643108318e+01 9.992494852380444215e+00
1.020451636792772199e+01 1.015585768903429198e+01
1.030542947645662721e+01 1.036026154033117841e+01
1.054464271986520885e+01 1.045244833464943568e+01
1.071843503915144602e+01 1.061369310266317356e+01
1.088707148716543927e+01 1.081080803686898761e+01
1.106280474471257591e+01 1.102449458717289232e+01
1.124564767143588995e+01 1.115344842440587314e+01
1.130715112379818699e+01 1.140886911147882010e+01
1.159408152231874567e+01 1.152948497654498361e+01
1.178494221661320651e+01 1.168129702576153939e+01
1.194944306486711483e+01 1.186536427269259875e+01
1.202669470247194106e+01 1.210984378128669370e+01
1.230624600723284345e+01 1.221479875208426691e+01
1.238484391845622667e+01 1.245986513426070452e+01
1.266377351694411502e+01 1.255752108846239423e+01
1.273178530969376787e+01 1.280466363369233207e+01
1.300711645128908245e+01 1.290781191666750338e+01
1.319211354603206132e+01 1.307552164518795834e+01
1.338825702399477890e+01 1.328514546375496863e+01
1.356979347729721752e+01 1.344725016109250504e+01
1.374308135834033351e+01 1.363650525239961198e+01
1.395106108595493133e+01 1.374203223189974032e+01
1.412927442015298496e+01 1.402245728051263640e+01
1.431716749901898922e+01 1.417355892987683319e+01
1.438267601877362800e+01 1.443877293398734452e+01
1.466085940971800206e+01 1.450322710011647054e+01
1.483854759098024800e+01 1.468049917539300075e+01
1.504152627660177366e+01 1.490466528211271680e+01
1.521908624305608626e+01 1.506193788986813864e+01
1.522261037332192046e+01 1.534633650711562147e+01
1.558335648310234234e+01 1.542303485264503315e+01
1.577289556076687127e+01 1.556006675746274404e+01
1.595777477881608242e+01 1.576643495054852018e+01
1.615670564113939989e+01 1.597751310487497634e+01
1.634390961089133043e+01 1.614328678043402476e+01
1.652878014502532267e+01 1.636342286282689784e+01
1.672885920110089231e+01 1.656590512118226499e+01
1.691315253077000946e+01 1.667879685798963507e+01
1.709928297280105269e+01 1.690892636743525657e+01
1.730700851435308962e+01 1.704589364003674135e+01
1.726568438677846018e+01 1.741670716920732431e+01
1.766733077176806788e+01 1.747998148122311690e+01
1.785519079168182444e+01 1.759248213520759307e+01
1.804455323318435589e+01 1.784434448037160337e+01
1.824867873788155492e+01 1.807033383355850376e+01
1.844929003846375792e+01 1.825233910304802265e+01
1.863458986316743093e+01 1.847947259567717637e+01
1.883454808724883378e+01 1.860430596752586041e+01
1.879550110457715562e+01 1.892467719412471538e+01
1.919552890893966079e+01 1.897274271209378327e+01
1.937774912453312126e+01 1.920679530208783348e+01
1.955708497573439786e+01 1.935766135415593325e+01
1.976719764834345483e+01 1.955808771880267116e+01
1.994118848866955318e+01 1.976685148510017243e+01
2.014975142229930682e+01 1.994577291531293994e+01
