0.000000000000000000e+00 0.000000000000000000e+00
0.000000000000000000e+00 0.000000000000000000e+00
0.000000000000000000e+00 0.000000000000000000e+00
0.000000000000000000e+00 0.000000000000000000e+00
0.000000000000000000e+00 0.000000000000000000e+00
0.000000000000000000e+00 0.000000000000000000e+00
0.000000000000000000e+00 0.000000000000000000e+00
0.000000000000000000e+00 0.000000000000000000e+00
4.321036232167115715e-03 0.000000000000000000e+00
4.938327122476703426e-03 0.000000000000000000e+00
4.318786775522568538e-02 0.000000000000000000e+00
1.597415591335002549e+00 4.878845437514813810e+00
4.291184007313028737e+00 5.103205773539045254e+00
5.203200738663067426e+00 5.202664206741538955e+00
5.233588365899653816e+00 5.248680197014049753e+00
5.312213421631192922e+00 5.311145169758073159e+00
5.404161059433844727e+00 5.397657459735467178e+00
5.521838077414249035e+00 5.615849519984493554e+00
5.654504905600876263e+00 5.799541398162705086e+00
5.894709796174654848e+00 5.793610475615583510e+00
5.989556492014123990e+00 6.118541458885397688e+00
6.196769538177476555e+00 6.347656173527957968e+00
6.381399926672017386e+00 6.551003825806165359e+00
6.520363471799442756e+00 6.734927943491718416e+00
6.685424850477128977e+00 6.911622711220506865e+00
6.862233597585467137e+00 7.081652807389627213e+00
7.057602626347500241e+00 7.252355087416764157e+00
7.263253297735285052e+00 7.422462522941045471e+00
7.455771814071727732e+00 7.567609698740092483e+00
7.603129790423820644e+00 7.724104651234537045e+00
7.768200480375845984e+00 7.865588398909313383e+00
7.921038586985562624e+00 8.013025752660722034e+00
8.062744794889965760e+00 8.159773873506614095e+00
8.307205400843061582e+00 8.178816602912050371e+00
8.454010869443061793e+00 8.305977400648320241e+00
8.482431017152036290e+00 8.628216920259902167e+00
8.664898379582211874e+00 8.787069303506122253e+00
8.851721078585006452e+00 8.937035038128707143e+00
9.015219659208318248e+00 9.089854745280675274e+00
9.250025167549241090e+00 9.147071398997727698e+00
9.402675532960097726e+00 9.296561504199706505e+00
9.464639393949148882e+00 9.565677562951734103e+00
9.723526488344239382e+00 9.635280847989136532e+00
9.888429133125896442e+00 9.782942893747140545e+00
1.004676754259279292e+01 9.975890751548353919e+00
1.021091969601069671e+01 1.012126945136391498e+01
1.037339131368627321e+01 1.030113289199543658e+01
1.054634598834900316e+01 1.049355524822359698e+01
1.070961464543324659e+01 1.063405131492912759e+01
1.080043391316647927e+01 1.087377964487726878e+01
1.105983760876243771e+01 1.096491174166783722e+01
1.122772060038779607e+01 1.114939322144619105e+01
1.139916026179986730e+01 1.130867737157576158e+01
1.158049857702456720e+01 1.148640163890628152e+01
1.175757849423444945e+01 1.166287559371875915e+01
1.193278786771366562e+01 1.182450767036119998e+01
1.210646548249727772e+01 1.200581268244323141e+01
1.228837434783033089e+01 1.219065887563172623e+01
1.247253946195884922e+01 1.238685457977142690e+01
1.265197274908281422e+01 1.249913887158990811e+01
1.283102206194441131e+01 1.273627292834600588e+01
1.300681576497528624e+01 1.291440330168489758e+01
1.318867254528991317e+01 1.311274912812626958e+01
1.336505390303106822e+01 1.325853906806336724e+01
1.354680788092302812e+01 1.347146940371862911e+01
1.372438428496089635e+01 1.359352239813984475e+01
1.391584384433508781e+01 1.380233260143692142e+01
1.410680824036195347e+01 1.397450056712979638e+01
1.427755740546729513e+01 1.415680337403999722e+01
1.446457580883183169e+01 1.436417789405662759e+01
1.464083110833402657e+01 1.454471809962418050e+01
1.482554395377778000e+01 1.469949862596094015e+01
1.501524871102262360e+01 1.491299603322032397e+01
1.519354713920044375e+01 1.506798190130981929e+01
1.539227517287680413e+01 1.513234545952134624e+01
1.556776217589383471e+01 1.541113186834131454e+01
1.576959149085232070e+01 1.560405432590905939e+01
1.595826063179200460e+01 1.579015793446946425e+01
1.615461072743512716e+01 1.596491447681821185e+01
1.633287283906111398e+01 1.613857006448223430e+01
1.652604069483281535e+01 1.632383451537193864e+01
1.672194833855658658e+01 1.649612748882302782e+01
1.689235894218580469e+01 1.667149819010725054e+01
1.710148667421525559e+01 1.688372564705918677e+01
1.727381586496574073e+01 1.706140215908855495e+01
1.746761072050228236e+01 1.721924859444292011e+01
1.766528057871068569e+01 1.746914013141056543e+01
1.784545480428381836e+01 1.770085721750832164e+01
1.803542195230056322e+01 1.780118215427224015e+01
1.820258813311498614e+01 1.807389333797049247e+01
1.840780737543926548e+01 1.815422319729429290e+01
1.858253954099950178e+01 1.834061718465111923e+01
1.878029741149407883e+01 1.856143804977519451e+01
1.895738620620242187e+01 1.875494646388076347e+01
1.916663192702964480e+01 1.890368246400181462e+01
1.935817422943201294e+01 1.910429598659883865e+01
1.952333431890708937e+01 1.921319582499131684e+01
1.973474712343505999e+01 1.942507883988015038e+01
1.990951983967546113e+01 1.966330637082553068e+01
2.010709845630145054e+01 1.984982975930766713e+01
2.029715720934508383e+01 2.003544779282884747e+01
