0.000000000000000000e+00 0.000000000000000000e+00
0.000000000000000000e+00 0.000000000000000000e+00
0.000000000000000000e+00 0.000000000000000000e+00
0.000000000000000000e+00 0.000000000000000000e+00
0.000000000000000000e+00 0.000000000000000000e+00
0.000000000000000000e+00 0.000000000000000000e+00
0.000000000000000000e+00 0.000000000000000000e+00
6.481444382120071790e-02 0.000000000000000000e+00
0.000000000000000000e+00 0.000000000000000000e+00
8.021940648377319516e-02 0.000000000000000000e+00
2.178453617938959641e-01 3.732927835243588649e-02
5.849728633888615775e-02 2.346459182278400224e+00
6.562747916928945990e-01 2.600749672834458143e-03
1.632751780248210327e+00 5.083168627316378085e+00
4.913584619115900054e+00 5.150553693325983673e+00
5.465324201007627281e+00 5.480789428156533027e+00
5.540908925086569958e+00 5.569850779495914672e+00
5.672389283287897044e+00 5.706979744774290708e+00
5.783637007016749543e+00 5.859969133712827016e+00
5.909682030650063922e+00 6.043451621327167622e+00
6.042044991817557609e+00 6.188810279201947928e+00
6.167394907554421657e+00 6.450764064497717776e+00
6.367611838758825193e+00 6.601966077906341823e+00
6.552669860097037002e+00 6.760819629654709395e+00
6.817851907754548968e+00 6.920116465359186897e+00
7.021931943844566426e+00 6.953525164515447443e+00
7.109474798617017477e+00 7.235528123572430914e+00
7.276224272141654126e+00 7.413942554968325993e+00
7.452408161013861942e+00 7.608256950822250175e+00
7.631891914738271332e+00 7.749653982864610491e+00
7.767567090453752598e+00 7.900512140691382967e+00
7.927055485961901127e+00 8.041340956948889840e+00
8.092457779773015503e+00 8.197778372877378317e+00
8.258812568900756546e+00 8.343149446852965667e+00
8.482191522803338657e+00 8.408155007071101750e+00
8.633722239634321838e+00 8.536053901070497218e+00
8.780408983224090136e+00 8.678503246637136570e+00
8.825962469809732980e+00 8.935924965704055367e+00
9.003313073981383141e+00 9.089478154259461817e+00
9.245859837684708538e+00 9.167951297232590946e+00
9.401878325741483522e+00 9.302988830483478466e+00
9.555183755202911300e+00 9.471507428815545637e+00
9.712098819595047061e+00 9.635125735028704952e+00
9.802351167360972894e+00 9.873702167547985908e+00
1.003630378744371399e+01 9.985715216955020068e+00
1.020042652730148269e+01 1.012973837312692993e+01
1.035861393144064024e+01 1.031734516161819570e+01
1.052963194432740757e+01 1.049477984756880566e+01
1.069653412912289348e+01 1.064964534563839749e+01
1.086544748028557095e+01 1.082938114005929542e+01
1.104870848838307396e+01 1.101160656684251826e+01
1.121383919844513777e+01 1.116328068333399948e+01
1.139967749659777141e+01 1.134338335135512388e+01
1.157317167607591379e+01 1.153269503685489994e+01
1.175029069760541844e+01 1.169970732842002370e+01
1.192930888381631327e+01 1.186563197443383366e+01
1.210612616972454170e+01 1.200898020479416139e+01
1.227834050665568455e+01 1.222445304256811305e+01
1.246105827548931266e+01 1.240177182380053544e+01
1.263377564306138900e+01 1.255814922607531869e+01
1.281228745919600520e+01 1.272254052054830709e+01
1.299497288201152223e+01 1.292420033104852983e+01
1.317647964987465414e+01 1.305845681045454576e+01
1.334961719824049631e+01 1.317122183661993517e+01
1.354057817519513129e+01 1.347339515403780119e+01
1.371359874860426764e+01 1.363315998872541535e+01
1.389869966559261627e+01 1.380245791776648367e+01
1.408685705142248246e+01 1.400462353780333480e+01
1.427409087102633833e+01 1.421923958802644172e+01
1.447679167523849841e+01 1.434992252494857112e+01
1.466542843940809249e+01 1.448818442355217684e+01
1.483863169147801742e+01 1.469658716047465674e+01
1.504048572037281595e+01 1.488819302130040789e+01
1.522303740893351254e+01 1.506560912627880811e+01
1.540748845470133865e+01 1.527431480677080877e+01
1.560018133316117428e+01 1.537495188854570927e+01
1.578779593590828156e+01 1.557013911069261347e+01
1.599778024279486743e+01 1.577456428975752978e+01
1.618580237377797459e+01 1.595053329379604889e+01
1.636136248135372284e+01 1.615305870806481892e+01
1.656492817758980252e+01 1.627484823007664261e+01
1.676333539397309735e+01 1.652127242375632221e+01
1.694421957795152878e+01 1.667518992893350926e+01
1.714379845609707687e+01 1.681594062780770571e+01
1.731472210969498349e+01 1.703487637071576444e+01
1.750746363780467263e+01 1.718757375239971807e+01
1.769645552870300520e+01 1.744824175331986282e+01
1.786935377542299719e+01 1.759318699748400761e+01
1.805545794599647635e+01 1.781462377886439086e+01
1.824420328304961458e+01 1.798842203811145879e+01
1.843470790486618327e+01 1.814131550553591055e+01
1.863604869177325440e+01 1.837336498228271608e+01
1.881696251009063303e+01 1.845545828980622005e+01
1.900967214369164893e+01 1.868865659425076942e+01
1.920670637088301902e+01 1.891202892445155115e+01
1.939849358930463197e+01 1.909918874475422967e+01
1.956925053892178568e+01 1.921117296472724689e+01
1.974628043043436776e+01 1.933219492603830858e+01
1.997019718021967094e+01 1.961880439389334185e+01
2.014908918330052146e+01 1.988620820627350483e+01
2.033164738629273671e+01 2.008701621928268821e+01
