0.000000000000000000e+00 0.000000000000000000e+00
0.000000000000000000e+00 0.000000000000000000e+00
0.000000000000000000e+00 0.000000000000000000e+00
0.000000000000000000e+00 0.000000000000000000e+00
0.000000000000000000e+00 0.000000000000000000e+00
0.000000000000000000e+00 0.000000000000000000e+00
0.000000000000000000e+00 0.000000000000000000e+00
0.000000000000000000e+00 0.000000000000000000e+00
0.000000000000000000e+00 0.000000000000000000e+00
0.000000000000000000e+00 0.000000000000000000e+00
0.000000000000000000e+00 0.000000000000000000e+00
0.000000000000000000e+00 0.000000000000000000e+00
0.000000000000000000e+00 0.000000000000000000e+00
0.000000000000000000e+00 0.000000000000000000e+00
0.000000000000000000e+00 0.000000000000000000e+00
0.000000000000000000e+00 0.000000000000000000e+00
0.000000000000000000e+00 0.000000000000000000e+00
1.127641463521304038e-01 0.000000000000000000e+00
0.000000000000000000e+00 0.000000000000000000e+00
1.551962886944875664e-01 7.673479121492051691e-01
4.200040121523002101e-01 0.000000000000000000e+00
1.685423879342275555e+00 6.116287007330453385e+00
4.489634982324281154e+00 7.023702209407582053e+00
6.275263451851295748e+00 7.100839237475824461e+00
6.789890414329098789e+00 7.203922388971145452e+00
7.298305454778185819e+00 7.374979724218872157e+00
7.465789396019735236e+00 7.426137758599161032e+00
7.538795159749852814e+00 7.642603153707513641e+00
7.675006369840869702e+00 7.797081253569830395e+00
7.833306875070542574e+00 7.918691334026900286e+00
8.042531638694612184e+00 7.974256334693926362e+00
8.166643099232375747e+00 8.131280026994099686e+00
8.297215598050357244e+00 8.264241237133678197e+00
8.412330071279987109e+00 8.506938870933684171e+00
8.562000285842959357e+00 8.663162778604702297e+00
8.732654814396950016e+00 8.822873584217223453e+00
8.880617229142883318e+00 8.961435325785879868e+00
9.045321657843272689e+00 9.122823246073016534e+00
9.265585297576826918e+00 9.209014014208641186e+00
9.423600888769517070e+00 9.367781491983729225e+00
9.576606104575477119e+00 9.496612796912057064e+00
9.733368430875323440e+00 9.655537188196358755e+00
9.889810333302079925e+00 9.799288567247298687e+00
1.005572979166415060e+01 9.963726417604123142e+00
1.021990094755837930e+01 1.012824473256202573e+01
1.036578882215536801e+01 1.027645758479596338e+01
1.053519496257531785e+01 1.043883839065043873e+01
1.069502813084838699e+01 1.060812505211429269e+01
1.087128974062748021e+01 1.076664503237318904e+01
1.104103777974571621e+01 1.093641607409572103e+01
1.120342826105487788e+01 1.112848061426733359e+01
1.138126864488476997e+01 1.125563681821211581e+01
1.154124072631809561e+01 1.141201104750997075e+01
1.171691248163887877e+01 1.160367393462735919e+01
1.188762464395354357e+01 1.177509896195047112e+01
1.205483981151810724e+01 1.190639001342617398e+01
1.223076199805150566e+01 1.209472602078814063e+01
1.239916626842830638e+01 1.226435519879304259e+01
1.257889905461762048e+01 1.243909662240883307e+01
1.275218084394396989e+01 1.259831368445277100e+01
1.293219229039343610e+01 1.284665822465237639e+01
1.312295780551322366e+01 1.299746619151224536e+01
1.331230903685854727e+01 1.315378992470737884e+01
1.349354706935693038e+01 1.335089539702738115e+01
1.367830918536361295e+01 1.351353323567763454e+01
1.385991081736779584e+01 1.369006558924749584e+01
1.404919096442853998e+01 1.385217800309735914e+01
1.423054925258960068e+01 1.403979155249878197e+01
1.441566670128447214e+01 1.425823890027977647e+01
1.459484814511957396e+01 1.443944567498510523e+01
1.478478764005418356e+01 1.457927373830521312e+01
1.496244498499842912e+01 1.477150652166963418e+01
1.514918187827721852e+01 1.486491084956348097e+01
1.532919315286684281e+01 1.512402442838102168e+01
1.551907859379084442e+01 1.531275144747765715e+01
1.569781339729918201e+01 1.551985070756702889e+01
1.586912237580358287e+01 1.568151276298925367e+01
1.606347648964747066e+01 1.584752263357012758e+01
1.623571394906353405e+01 1.603061565317262094e+01
1.642218297648480174e+01 1.621973574700933796e+01
1.661875927356451044e+01 1.640853164736386915e+01
1.678797793742536726e+01 1.661511883381613330e+01
1.698510407675813383e+01 1.666990646159479184e+01
1.718041068314721542e+01 1.683002144959700530e+01
1.737641296794071977e+01 1.712660120506608763e+01
1.757221031496155206e+01 1.728024719065943415e+01
1.775865912736844265e+01 1.746958860382230228e+01
1.793941603137119145e+01 1.768157386837324907e+01
1.813713307842354183e+01 1.782680990319811087e+01
1.832217546164857680e+01 1.795209638322922530e+01
1.850042743078726559e+01 1.822211735452447101e+01
1.868227796070175728e+01 1.835488588133502574e+01
1.888467556585843710e+01 1.860013448752417276e+01
1.908106570091310061e+01 1.867621161215726389e+01
1.925715837114925222e+01 1.890925052597161482e+01
1.944713526336814269e+01 1.911013166763946458e+01
1.963712725277839155e+01 1.923392164599361465e+01
1.980736881664325466e+01 1.942670903612384947e+01
2.000625087781719103e+01 1.964886647986142876e+01
2.019413447271946183e+01 1.983009912436924083e+01
2.039669247213731040e+01 1.992469479543124322e+01
