0.000000000000000000e+00 0.000000000000000000e+00
0.000000000000000000e+00 0.000000000000000000e+00
0.000000000000000000e+00 0.000000000000000000e+00
0.000000000000000000e+00 0.000000000000000000e+00
0.000000000000000000e+00 0.000000000000000000e+00
0.000000000000000000e+00 0.000000000000000000e+00
0.000000000000000000e+00 0.000000000000000000e+00
0.000000000000000000e+00 0.000000000000000000e+00
0.000000000000000000e+00 0.000000000000000000e+00
0.000000000000000000e+00 0.000000000000000000e+00
0.000000000000000000e+00 -7.770431472999335398e-02
0.000000000000000000e+00 2.757786491359193182e+00
9.579447632106215249e-02 0.000000000000000000e+00
1.741326003947797629e-01 3.288889587786504975e+00
5.072800928656247876e+00 5.853532298484719121e+00
5.513161202491813739e+00 5.724534644987702592e+00
5.908327667455651522e+00 6.064131818006378793e+00
6.040466326420627752e+00 6.080085158456311589e+00
6.114228037479394473e+00 6.229376948147920423e+00
6.247924300517134100e+00 6.301078864508203203e+00
6.358879396563196451e+00 6.330646441367615118e+00
6.448574054414412338e+00 6.484949089719876270e+00
6.563843515945939622e+00 6.720353092573614795e+00
6.758907484214301320e+00 6.893946556281789206e+00
6.916167219723198478e+00 6.992559495636448297e+00
7.078212991597402137e+00 7.172003480167843392e+00
7.215280459492742438e+00 7.360313291005219583e+00
7.333269271824878643e+00 7.572878623766873041e+00
7.501652190701859624e+00 7.708950347392188540e+00
7.678836084538198214e+00 7.854778908815874594e+00
7.908481635879400784e+00 8.048219437333568038e+00
8.070750839578234803e+00 8.198505225793276452e+00
8.219662900565330332e+00 8.348543774525559513e+00
8.357075593404182712e+00 8.502197507961195555e+00
8.524923404520786008e+00 8.649356512951760223e+00
8.702287996083681421e+00 8.793456432350373220e+00
8.875505846125609111e+00 8.937435773538418005e+00
9.096284205620074559e+00 9.027494515398675645e+00
9.245143827309277640e+00 9.170988886716747501e+00
9.396498500630789508e+00 9.321713398789672311e+00
9.548579871228758620e+00 9.484736805228587642e+00
9.710349478791320266e+00 9.641219023153452028e+00
9.789605553786058678e+00 9.871107700391808848e+00
1.003204199656967255e+01 9.903611468206348079e+00
1.019951298601434608e+01 1.010993217795966537e+01
1.035844391203288239e+01 1.026741395724397954e+01
1.052600319027290254e+01 1.040361011825260640e+01
1.068126595493245112e+01 1.060530487889086082e+01
1.085501705030532449e+01 1.073927839700585984e+01
1.102641307447649766e+01 1.092192524802737985e+01
1.118538202304286600e+01 1.107421297801903215e+01
1.135963995373539426e+01 1.123497148038530291e+01
1.153170723291163036e+01 1.142566894551599965e+01
1.169218730097250614e+01 1.158946852331063937e+01
1.187055808875120988e+01 1.176451963973899950e+01
1.204602477362603175e+01 1.193721243946287736e+01
1.221753107582969911e+01 1.214509724054278017e+01
1.240649238946218702e+01 1.232404891737362185e+01
1.257501097293234515e+01 1.246448019349606362e+01
1.275834100311862507e+01 1.263694162399641563e+01
1.292809023471027885e+01 1.282649524147225151e+01
1.312277908805817894e+01 1.298864162979123549e+01
1.329927590684327399e+01 1.313967278251973170e+01
1.349114899892960651e+01 1.331144361130912301e+01
1.366908165931408448e+01 1.353859382898111363e+01
1.385149415813432050e+01 1.367589201047209180e+01
1.402659153732491504e+01 1.387386181639294946e+01
1.421316210527917256e+01 1.396563978576394049e+01
1.438591674580820445e+01 1.422185464468437921e+01
1.457849120688466549e+01 1.438525781693660299e+01
1.477333087837104664e+01 1.463538000762323144e+01
1.494302072323175601e+01 1.478914044813424766e+01
1.513834179253168344e+01 1.495648230135117629e+01
1.532286424734781782e+01 1.510814278334789762e+01
1.550570848563188164e+01 1.521678324184289366e+01
1.570190653233560774e+01 1.554736099810401129e+01
1.587590487593610433e+01 1.563218274146548659e+01
1.607313202641022443e+01 1.583493118112964027e+01
1.625082358307158614e+01 1.600824901771347442e+01
1.642920641428076678e+01 1.622246520478947573e+01
1.662808717010147319e+01 1.643769976231778784e+01
1.681386813674467362e+01 1.653823328031734263e+01
1.699501939439706177e+01 1.673567904379516591e+01
1.718920226691477282e+01 1.696494612298261373e+01
1.737442861460311505e+01 1.717556978383795396e+01
1.755454728681319665e+01 1.736661221773213271e+01
1.773761800357821983e+01 1.742214731541077555e+01
1.793882459491008774e+01 1.753251833790147529e+01
1.811787291462615102e+01 1.782690606678632506e+01
1.832016568894904296e+01 1.797040146217690193e+01
1.850320918298601924e+01 1.818716874119516902e+01
1.870491989903806029e+01 1.841783991079731209e+01
1.888210975508294709e+01 1.861946122311610097e+01
1.906960486278810052e+01 1.874827343027164517e+01
1.926185624254001638e+01 1.897085952730906655e+01
1.946475399379944449e+01 1.914409521078335530e+01
1.965070176029896132e+01 1.929571544393759197e+01
1.983117092410188675e+01 1.951957234883764869e+01
2.002925433596961824e+01 1.969616741738173005e+01
2.022545423908379547e+01 1.986810983009379328e+01
2.041337782065746254e+01 2.009067100468941192e+01
