0.000000000000000000e+00 0.000000000000000000e+00
0.000000000000000000e+00 0.000000000000000000e+00
0.000000000000000000e+00 0.000000000000000000e+00
0.000000000000000000e+00 0.000000000000000000e+00
0.000000000000000000e+00 0.000000000000000000e+00
0.000000000000000000e+00 0.000000000000000000e+00
0.000000000000000000e+00 0.000000000000000000e+00
0.000000000000000000e+00 0.000000000000000000e+00
0.000000000000000000e+00 0.000000000000000000e+00
0.000000000000000000e+00 0.000000000000000000e+00
0.000000000000000000e+00 0.000000000000000000e+00
0.000000000000000000e+00 0.000000000000000000e+00
0.000000000000000000e+00 0.000000000000000000e+00
0.000000000000000000e+00 0.000000000000000000e+00
0.000000000000000000e+00 0.000000000000000000e+00
0.000000000000000000e+00 0.000000000000000000e+00
0.000000000000000000e+00 0.000000000000000000e+00
5.535674081695526189e-02 2.821987852721093759e+00
1.443811749950933698e-01 8.376575578401622479e+00
1.055513527704335708e+00 6.798770450774356267e-01
5.819502286989284290e-01 6.716981329673685330e+00
5.183760940981867016e+00 6.687240093963445986e+00
6.252074707050400804e+00 6.858969242594809224e+00
6.932744661839051581e+00 7.105636521068391609e+00
6.641867733748373581e+00 7.179840738361830788e+00
7.304750010428686657e+00 7.171755061502770978e+00
7.298508589451015105e+00 7.457377985369609164e+00
7.558467901118572030e+00 7.468875331820366448e+00
7.647133835320746975e+00 7.723352405831307443e+00
7.834680085862272492e+00 7.805856162982968804e+00
7.976770696285726103e+00 7.951114444093791533e+00
8.098476684790524516e+00 8.174632526855200254e+00
8.289415121658821661e+00 8.246428329816248848e+00
8.400322590994349525e+00 8.493582965104746307e+00
8.546147690413294029e+00 8.668495231289414349e+00
8.783746864913352326e+00 8.693666507310080505e+00
8.842968955449274304e+00 8.953293984126522886e+00
8.998929722837727851e+00 9.113634511979395114e+00
9.157228750067526235e+00 9.279638323874701555e+00
9.343046540100383268e+00 9.434231860524500135e+00
9.585643524281712402e+00 9.500174724416108774e+00
9.740963049078006364e+00 9.648420010413570225e+00
9.898754988712459735e+00 9.796938182663010863e+00
1.005427796206688562e+01 9.966843289974242737e+00
1.022048514629694616e+01 1.013028625375965142e+01
1.038855683011182585e+01 1.028707334596041356e+01
1.055168649360600597e+01 1.046706831786632463e+01
1.071724737151806472e+01 1.061063985991471981e+01
1.087935830276023275e+01 1.079010400100468559e+01
1.103643861763369216e+01 1.094268262397022262e+01
1.121203737418302104e+01 1.111464037193147725e+01
1.137273213546597539e+01 1.130341271479260357e+01
1.154674805257614523e+01 1.146532804066386824e+01
1.172496372459539415e+01 1.162853793898816690e+01
1.190495214572351834e+01 1.168392193083252018e+01
1.207304340833737655e+01 1.192789492200101087e+01
1.225204611624647733e+01 1.206661598332970797e+01
1.243038638878086566e+01 1.231420582295015009e+01
1.260137337587287476e+01 1.250010084603392535e+01
1.277510841354383686e+01 1.269148012877235843e+01
1.295018438516128079e+01 1.284566524633027029e+01
1.312441794524163896e+01 1.297869871286877697e+01
1.329490651522212374e+01 1.316458919156660556e+01
1.347247929379486031e+01 1.337922809409965019e+01
1.364458894279538370e+01 1.358325400340581268e+01
1.382246722109013604e+01 1.369505422322976784e+01
1.401155513661527507e+01 1.388796426769874870e+01
1.419099307386046149e+01 1.400024914148516331e+01
1.437659975576297455e+01 1.425592425787196049e+01
1.457325237722098699e+01 1.439228112056534137e+01
1.474965537855187314e+01 1.450889970843870458e+01
1.494062695506897676e+01 1.477738576884360633e+01
1.512718638291427276e+01 1.495070838487456300e+01
1.531176500133603824e+01 1.512214059416056422e+01
1.551018226866901983e+01 1.529687607283463002e+01
1.567908855620885689e+01 1.546678835871097135e+01
1.587991097343087077e+01 1.565206278563869446e+01
1.606157889061234911e+01 1.574311139790060210e+01
1.625117882311361939e+01 1.603365947626600629e+01
1.643499969888655343e+01 1.612311343503975536e+01
1.662571559453425252e+01 1.639768869164305798e+01
1.681115522430602738e+01 1.656138957022630009e+01
1.700104254915347113e+01 1.677981287265277288e+01
1.718031283974618262e+01 1.689636130474888986e+01
1.737164028732376408e+01 1.703076843977357413e+01
1.756664463821364208e+01 1.728329401688140265e+01
1.774189824039823193e+01 1.741180765493701443e+01
1.792830131058560639e+01 1.763264105107345614e+01
1.812451326287117226e+01 1.783017684719765228e+01
1.831115832906918328e+01 1.794957450200186955e+01
1.849650526770912506e+01 1.819844368811530444e+01
1.868473939594492705e+01 1.831598282545621004e+01
1.888060990509053028e+01 1.854398379186935486e+01
1.907254774275632059e+01 1.872890814510437352e+01
1.926642270894349451e+01 1.888344033333019922e+01
1.943835109383325843e+01 1.911388833828086220e+01
1.964157367251663544e+01 1.925211157668286788e+01
1.982850257270290228e+01 1.947397060260609791e+01
2.000932252986611459e+01 1.952781068196136260e+01
2.021289233002935504e+01 1.984957110572974059e+01
2.039569364352366065e+01 1.997774537514837689e+01
