0.000000000000000000e+00 0.000000000000000000e+00
0.000000000000000000e+00 0.000000000000000000e+00
3.156736795414863146e-03 0.000000000000000000e+00
6.084651664606957090e-03 0.000000000000000000e+00
9.346719789011205190e-03 0.000000000000000000e+00
2.040594517529320875e-02 5.468952778055344126e-03
0.000000000000000000e+00 1.100053485712726209e+00
1.107607478224745590e+00 1.553117534288305013e+00
1.661433104624733925e+00 1.743687118594505536e+00
1.926040448243827363e+00 1.916787403063063389e+00
2.104367023372295975e+00 2.112605344883950131e+00
2.294095417372002288e+00 2.315826543187739617e+00
2.501631354713290900e+00 2.483979709573655992e+00
2.686517147237510450e+00 2.666883596084056229e+00
2.873740279311463919e+00 2.858191608758407387e+00
3.068095459951767356e+00 3.056307463672117919e+00
3.260124059231483518e+00 3.223890215285357908e+00
3.443916157273577472e+00 3.414488723021732230e+00
3.635368038334502394e+00 3.608419642765583468e+00
3.839751481245266884e+00 3.809889353336624929e+00
4.037784607961997452e+00 3.974226173473862644e+00
4.226844627688378431e+00 4.173810842919477793e+00
4.425035787952135813e+00 4.335205444506663675e+00
4.629208473774988342e+00 4.538774297011518577e+00
4.824521064180657959e+00 4.738105347309716997e+00
5.025286144239740516e+00 4.898194861424955526e+00
5.213801390830483662e+00 5.115058833156815865e+00
5.415385387316552723e+00 5.311907740641558462e+00
5.612605875252580034e+00 5.488913254857636481e+00
5.805094859864755819e+00 5.685963280402106967e+00
6.002423532157002306e+00 5.838343956053731354e+00
6.203465464219857672e+00 6.061675134254130626e+00
6.398663278556192324e+00 6.245424160029704019e+00
6.605440878590434828e+00 6.417386582398880712e+00
6.802046173397728879e+00 6.614453203948283289e+00
6.997858747515151912e+00 6.791920806119544629e+00
7.194160759885909862e+00 7.003253613828092305e+00
7.393025476646742256e+00 7.215905605465299466e+00
7.582539353787479897e+00 7.366800757582948833e+00
7.782690246124220224e+00 7.568011384714518286e+00
7.972881146181419076e+00 7.773636065905983550e+00
8.167973460214341230e+00 7.943696676474931273e+00
8.353531615639010255e+00 8.179637653414314258e+00
8.558451297313926176e+00 8.357883978919529611e+00
8.740640591844325513e+00 8.496552921911179723e+00
8.937369511938022981e+00 8.758736690408088776e+00
9.132362517841441374e+00 8.985585734808834601e+00
9.314352910779364336e+00 9.157428113818722792e+00
9.506383364102648059e+00 9.297038422839511540e+00
9.699132101398893369e+00 9.566557987879253488e+00
9.888597434106014106e+00 9.726161726724726009e+00
1.008337117918022585e+01 9.943419972059421852e+00
1.028902617444667733e+01 1.000697941889791309e+01
1.048755932724709083e+01 1.025896166259236431e+01
1.068123974733274650e+01 1.044407224876756501e+01
1.088757728991427065e+01 1.067812636062160259e+01
1.107676541318310193e+01 1.085959064985566158e+01
1.126798552683554178e+01 1.105291429349443000e+01
1.147179812138763033e+01 1.126376131357019084e+01
1.166766723216026946e+01 1.146100837788990034e+01
1.186157860799178287e+01 1.157601906491076349e+01
1.205627164613786029e+01 1.184774004100848011e+01
1.226447275773705670e+01 1.201473036813061235e+01
1.246563277879731046e+01 1.217763026034671370e+01
1.265926487263550904e+01 1.235893980463220387e+01
1.284512632980183255e+01 1.253205179467708419e+01
1.305742580822898802e+01 1.280914696199413427e+01
1.324355214185066032e+01 1.301328937705510924e+01
1.342874563495515083e+01 1.315967656121703122e+01
1.363457932731557420e+01 1.335359565958737527e+01
1.382260665871267413e+01 1.352844408865757053e+01
1.401358438377275206e+01 1.372371468903756586e+01
1.421621215234585733e+01 1.395401403614091862e+01
1.439522273373940919e+01 1.419225103676854616e+01
1.459926255410902840e+01 1.440326821792928769e+01
1.477989240548138028e+01 1.450868432942769104e+01
1.498224843771107651e+01 1.460883467114415168e+01
1.518249283251358328e+01 1.491506898678348136e+01
1.536981738627970095e+01 1.501618671847209896e+01
1.558403666512286811e+01 1.528776923282830325e+01
1.577881879576186108e+01 1.549157962853307424e+01
1.598345893256769301e+01 1.563587983678715254e+01
1.615893135716088125e+01 1.595686387792581762e+01
1.635072170932681601e+01 1.612821187264788492e+01
1.654186219988191198e+01 1.619129480855823644e+01
1.675102306871216129e+01 1.644504225150345533e+01
1.694214321629813114e+01 1.667202703332847236e+01
1.714501865741499032e+01 1.678263120084899640e+01
1.733971692243819973e+01 1.703164222184812715e+01
1.754662200035820163e+01 1.719587918159743012e+01
1.773895118565231144e+01 1.736441576969468059e+01
1.793561050703296544e+01 1.752042282305672316e+01
1.812828479888883493e+01 1.783100635271094347e+01
1.832704474898785918e+01 1.799745431479952984e+01
1.852772387389154574e+01 1.814295455778145083e+01
1.871584999713742903e+01 1.834620074722979055e+01
1.890484987644525106e+01 1.848519339645700654e+01
1.911339939736340554e+01 1.880568983010289941e+01
1.929930266295718511e+01 1.893354130832184978e+01
1.950008819681261585e+01 1.906657909530892780e+01
1.969875885639503821e+01 1.949350204802837538e+01
