0.000000000000000000e+00 0.000000000000000000e+00
0.000000000000000000e+00 0.000000000000000000e+00
0.000000000000000000e+00 0.000000000000000000e+00
0.000000000000000000e+00 0.000000000000000000e+00
7.763699168169717335e-02 -1.116714670329489040e-02
5.115236980536676248e-02 2.965972663552875720e-03
2.296688871342099370e-01 0.000000000000000000e+00
1.848894268780553629e+00 2.361323518247602227e+00
2.383821726031246868e+00 2.422829553254137291e+00
2.572333862830721074e+00 2.574605634281262656e+00
2.729055171568639526e+00 2.739041289185371486e+00
2.864178806086333129e+00 2.910317808182026678e+00
3.054605498125298357e+00 2.985883439023116370e+00
3.155304719002016256e+00 3.269026461472846368e+00
3.341728505136162486e+00 3.458470029641641297e+00
3.552398945219007675e+00 3.646001203693161052e+00
3.738296632904881900e+00 3.817135565421764465e+00
3.909910280690794160e+00 3.992977138930454917e+00
4.146337202942702582e+00 4.096517321993342620e+00
4.319501878538551054e+00 4.260434265058179015e+00
4.486744219137022149e+00 4.444280701517143939e+00
4.615899370013536007e+00 4.681786551235203930e+00
4.806044825632089790e+00 4.857283755837964456e+00
5.019741503855865261e+00 4.981534064455273025e+00
5.205462479390981834e+00 5.145291046871713014e+00
5.345150889168259312e+00 5.379629571054034720e+00
5.563930271159961194e+00 5.516190968857099364e+00
5.741227814047888955e+00 5.703940701792931556e+00
5.933345207423225354e+00 5.866844500656617889e+00
6.114289722757066059e+00 6.053824563517001600e+00
6.299921772066106485e+00 6.239324294587706099e+00
6.482410598372599253e+00 6.405466466869471631e+00
6.669639204283486222e+00 6.553043221304446497e+00
6.857694700138818433e+00 6.753922327238328194e+00
7.046813600119480547e+00 6.957855409071364683e+00
7.224120985799233452e+00 7.136313227726720498e+00
7.308309961310881953e+00 7.387870234852855766e+00
7.578081216050022384e+00 7.492665296296363131e+00
7.768328326866223321e+00 7.657100047659773701e+00
7.956454410488191797e+00 7.846907392631198519e+00
8.046005472729913066e+00 8.118858566613237571e+00
8.322191781294600688e+00 8.223822509953265580e+00
8.509297836499861489e+00 8.424822495165901870e+00
8.704002878578524616e+00 8.610236930212380457e+00
8.893497892202073984e+00 8.798023744221636022e+00
9.093203302307708569e+00 8.976201801998126228e+00
9.284778200180333840e+00 9.172430528461321231e+00
9.461703799110223301e+00 9.369579205605605310e+00
9.669434967480778909e+00 9.563318564236766406e+00
9.854920417269555699e+00 9.767806989827738207e+00
1.005472034654334124e+01 9.889603611666094807e+00
1.023999243506378498e+01 1.016185506791289228e+01
1.043246491629190231e+01 1.033489837002928269e+01
1.061875337000248187e+01 1.050287264180280822e+01
1.080683753508769129e+01 1.068801129066762634e+01
1.100400710178689501e+01 1.089340291600062827e+01
1.119391425231331105e+01 1.107391273420791045e+01
1.138546910678106627e+01 1.129227442929450831e+01
1.159303778761394454e+01 1.146429687752540616e+01
1.178560254593657142e+01 1.166980527664513900e+01
1.199148907975094502e+01 1.181450505065861201e+01
1.219109767389778654e+01 1.210257188545135953e+01
1.237300258005950759e+01 1.227637642187915112e+01
1.256972956940786368e+01 1.243624525316738882e+01
1.276522012949228824e+01 1.267754961439244354e+01
1.295077136597829259e+01 1.283049921343514121e+01
1.315409992128996031e+01 1.304108051146820380e+01
1.335072849419906937e+01 1.325604462707620357e+01
1.354324927870592532e+01 1.338423098761924024e+01
1.373785411975724102e+01 1.358785738908125396e+01
1.392535872570170596e+01 1.376868864460932329e+01
1.411249535364966334e+01 1.396458106189294668e+01
1.431143982625447464e+01 1.409624640413833596e+01
1.450500165094771887e+01 1.436242283184860646e+01
1.469017677943213940e+01 1.453477726990738361e+01
1.490190043070643355e+01 1.473457118216883899e+01
1.509460989395525488e+01 1.492816562407934100e+01
1.530880014746235496e+01 1.509936147679178298e+01
1.549723901323184094e+01 1.531944125228085340e+01
1.569061459965625360e+01 1.549273727755373820e+01
1.589291606182472805e+01 1.568281286287732179e+01
1.609275902394239210e+01 1.591122541844495331e+01
1.629125761240639392e+01 1.608197128496115269e+01
1.647946353188290658e+01 1.625590161863738814e+01
1.669810885928034239e+01 1.646245017476321237e+01
1.686623557005796670e+01 1.666158548037670784e+01
1.707568024535441253e+01 1.670820415318477359e+01
1.728472951498954302e+01 1.703074425432618355e+01
1.746787238580271051e+01 1.718338876624631339e+01
1.766599489270299017e+01 1.736816576250044264e+01
1.787620645913393957e+01 1.753475409759655079e+01
1.806737892414080449e+01 1.777292237030472322e+01
1.785064409614154712e+01 1.813749863916521576e+01
1.843486000185767537e+01 1.808769230150189600e+01
1.861412426746794679e+01 1.828117809742747824e+01
1.881219055551911623e+01 1.843033218649646443e+01
1.900494172450288488e+01 1.860520451568256561e+01
1.921612468922799621e+01 1.882300992579208909e+01
1.941576759041191380e+01 1.909450995728288802e+01
1.962006602203296168e+01 1.922698445447521109e+01
1.981436125974380857e+01 1.953155188626119809e+01
