0.000000000000000000e+00 0.000000000000000000e+00
0.000000000000000000e+00 0.000000000000000000e+00
0.000000000000000000e+00 0.000000000000000000e+00
0.000000000000000000e+00 0.000000000000000000e+00
0.000000000000000000e+00 0.000000000000000000e+00
2.409699442855271420e-02 0.000000000000000000e+00
5.829368978450471389e-02 1.240149932943816813e+00
7.354240148366162355e-01 1.744862047416742223e+00
1.828343871810830690e+00 1.864642288125347491e+00
2.026695386606607752e+00 2.050578758695255299e+00
2.221491008510386944e+00 2.258269222630150175e+00
2.383098487988034364e+00 2.470078238673020898e+00
2.574522141710357648e+00 2.660480748048098310e+00
2.779748353441651609e+00 2.841307856348576077e+00
3.016181693644911732e+00 2.995159200851653214e+00
3.198283397897814684e+00 3.164816759059265738e+00
3.350221312859820610e+00 3.389123587592190567e+00
3.560733601432105822e+00 3.521637580568116377e+00
3.751282809227494131e+00 3.722073197598750216e+00
3.941609764806634164e+00 3.875113277537672207e+00
4.131543231899182267e+00 4.088038720028737139e+00
4.321190498300345517e+00 4.270112486670853080e+00
4.510763168114194421e+00 4.398463604090231627e+00
4.703899161412098628e+00 4.651890170158305082e+00
4.896384214644291077e+00 4.814266869562622730e+00
5.093284643609882423e+00 4.972106164989692267e+00
5.282504414508373713e+00 5.176761490819511202e+00
5.480470122053248794e+00 5.379534343014343634e+00
5.672320423118025978e+00 5.568450859277403353e+00
5.863612562755315949e+00 5.731573527993578665e+00
6.046684429888995460e+00 5.966957639950277503e+00
6.114283256422117674e+00 6.203485961227399592e+00
6.407333484737661955e+00 6.343899522258801937e+00
6.601506433993397316e+00 6.527243203794960813e+00
6.789436189239458130e+00 6.652087293650717825e+00
6.983645632260312652e+00 6.864790947013561961e+00
7.184210390397165469e+00 7.090045735154766327e+00
7.382551507274887292e+00 7.243209208663661691e+00
7.579114387884923865e+00 7.464626567627161258e+00
7.785767757347637819e+00 7.618334558901240783e+00
7.976545007928723230e+00 7.819543289195117097e+00
8.165121862449788992e+00 7.975708128560335730e+00
8.354750235950985982e+00 8.199308572433428921e+00
8.542991171143906826e+00 8.390309615475066707e+00
8.737239184037029815e+00 8.539024984672250795e+00
8.943220401376134276e+00 8.777161986054228038e+00
9.138719327543419979e+00 8.965535635869725795e+00
9.328415646543605888e+00 9.196143645426843705e+00
9.525338117604009724e+00 9.361528258161541771e+00
9.719146332888414008e+00 9.589464313847836152e+00
9.908052487352167148e+00 9.773539963017649157e+00
1.011462622848926074e+01 9.975351459641418117e+00
1.030530305308924000e+01 1.013964689916473638e+01
1.049816617462075463e+01 1.038313832606611875e+01
1.068822709585485597e+01 1.056286385170158049e+01
1.088352761430840587e+01 1.075692006638551490e+01
1.109370488259431298e+01 1.094543492427404807e+01
1.128920783592850086e+01 1.119448342170340638e+01
1.148328030699233970e+01 1.134499542142336459e+01
1.168281833880840104e+01 1.153247614446823910e+01
1.187530831450274427e+01 1.168304083516356151e+01
1.207158340416656728e+01 1.184172650396826576e+01
1.227043004239897606e+01 1.205054564342417045e+01
1.245721479491416162e+01 1.226614565881610375e+01
1.267038597169299052e+01 1.241228240699703989e+01
1.285349548888750171e+01 1.256759586661744876e+01
1.305881301329016431e+01 1.284185242071669997e+01
1.325848777086823382e+01 1.303301168538374100e+01
1.344847763463826240e+01 1.322944420988124214e+01
1.363755515101219906e+01 1.342524528360883806e+01
1.383929223478067172e+01 1.359892890389150821e+01
1.403732520888472735e+01 1.379052745739255315e+01
1.422556934585585076e+01 1.397637901711451036e+01
1.442259511471004707e+01 1.413440548408178543e+01
1.463807525704374868e+01 1.434735969892986418e+01
1.482975133287040492e+01 1.449985992761135378e+01
1.502699924144874011e+01 1.472612617857338613e+01
1.521768534155694574e+01 1.501044419283240217e+01
1.540122684978587309e+01 1.514459208153447278e+01
1.559521323072002374e+01 1.532542051435901875e+01
1.578100361835344323e+01 1.550152120179877002e+01
1.600019950401505753e+01 1.571907229919654903e+01
1.617171653814893517e+01 1.594221843576909414e+01
1.637856504342688524e+01 1.611497686858928446e+01
1.654756877184847497e+01 1.627216580882729247e+01
1.674562709218327328e+01 1.648558485300587506e+01
1.693769935338971067e+01 1.668911890226496197e+01
1.713405765901045186e+01 1.684418893346171231e+01
1.732938994440407043e+01 1.703358880879744675e+01
1.753642669524671760e+01 1.720364070949012358e+01
1.771415350693894908e+01 1.742279885184259669e+01
1.791821892056013255e+01 1.773388064056820212e+01
1.811948620751772410e+01 1.782610968722380562e+01
1.831298087749891224e+01 1.799822390039760833e+01
1.850574459587058485e+01 1.818943803568445716e+01
1.870809638337739500e+01 1.841332946246572888e+01
1.890019075948784533e+01 1.862524093990274920e+01
1.910658012203735723e+01 1.883658994560625644e+01
1.931816656368847163e+01 1.890971632525612733e+01
1.949295713320592682e+01 1.924585840974041417e+01
1.970061714244737061e+01 1.937528756341307812e+01
