0.000000000000000000e+00 0.000000000000000000e+00
0.000000000000000000e+00 0.000000000000000000e+00
0.000000000000000000e+00 0.000000000000000000e+00
0.000000000000000000e+00 0.000000000000000000e+00
0.000000000000000000e+00 0.000000000000000000e+00
3.882751322851342446e-02 0.000000000000000000e+00
4.768981123735800687e-02 -2.709895705390582762e-02
3.637056500942769111e-01 1.015828850208545964e+00
1.552064351197180336e+00 2.378126064833789854e+00
2.425271488621579596e+00 2.749754033595594560e+00
2.739118811136655562e+00 2.969584849545556349e+00
3.095440869205992929e+00 3.163998612767578766e+00
3.229110287231744536e+00 3.347986136954185010e+00
3.461693495720419733e+00 3.436016108957864024e+00
3.612370010064541948e+00 3.693167297412483396e+00
3.804558695838787585e+00 3.860121539589215445e+00
3.999749207804931483e+00 3.954903990285572046e+00
4.134268405442694139e+00 4.265683268259717664e+00
4.359169522336594937e+00 4.451956258293817470e+00
4.543094626022417870e+00 4.627282783080678641e+00
4.701982992010036000e+00 4.799326418961289420e+00
4.880890661570654210e+00 4.966106345977643777e+00
5.124644276364191953e+00 5.040879431962712154e+00
5.292299886429901790e+00 5.210923904113700544e+00
5.461842292006327426e+00 5.378779538364667268e+00
5.627533829700450241e+00 5.553970297088718588e+00
5.729476549329412194e+00 5.805103475939690227e+00
5.976656714457697639e+00 5.911000451058528782e+00
6.085750935201723166e+00 6.161491556558940985e+00
6.332436646421854221e+00 6.253641257722009072e+00
6.507714763261117419e+00 6.448037860361113260e+00
6.674999849739164937e+00 6.620345544685914518e+00
6.847005491989006210e+00 6.780236798885543870e+00
7.022454296916998295e+00 6.990304537582315625e+00
7.202404708899377894e+00 7.170660344728583269e+00
7.387499690137745212e+00 7.313979352891519348e+00
7.567001203487261130e+00 7.536516328836328604e+00
7.748470959264647462e+00 7.705941389530779340e+00
7.939123028888942279e+00 7.851849390617934077e+00
8.118727045311361579e+00 8.045389151018117246e+00
8.308481647269205794e+00 8.231825896709286994e+00
8.502524592237854506e+00 8.416595903981631821e+00
8.685161494896211920e+00 8.618749110630309573e+00
8.876797076307887835e+00 8.788746327835697869e+00
9.063306661396328678e+00 9.011978466804880128e+00
9.246942298985018738e+00 9.150653291231135356e+00
9.444299479563234456e+00 9.374008304012471982e+00
9.632265775005038222e+00 9.548693040083522376e+00
9.825172931549676747e+00 9.725110970090701912e+00
1.001117426006767275e+01 9.899740099287294370e+00
1.020068228904729679e+01 1.013061012968912422e+01
1.030282411313059043e+01 1.034361742458069422e+01
1.056778251388352174e+01 1.048416227766077569e+01
1.074879328542924561e+01 1.069001349607391127e+01
1.093866633065359295e+01 1.086031270279025307e+01
1.112767388283500125e+01 1.105678384888036625e+01
1.132709593304058693e+01 1.125903480555734149e+01
1.152058313780140253e+01 1.143391967327929137e+01
1.171640709259094315e+01 1.160828617371764615e+01
1.190479390163102025e+01 1.179552793637036956e+01
1.209096650522852201e+01 1.199939375361896055e+01
1.228956720884389142e+01 1.218389953181438301e+01
1.248394473073544475e+01 1.237067392618870976e+01
1.267991784973847658e+01 1.260142954535326787e+01
1.286825930199058021e+01 1.277232144382232448e+01
1.307786869492000470e+01 1.293023049352455267e+01
1.326373103265972730e+01 1.314057919852534972e+01
1.345483754857911052e+01 1.334843293687997523e+01
1.365901420347723061e+01 1.347520174836020423e+01
1.384268522704294924e+01 1.372063929628992618e+01
1.404281687514563792e+01 1.389142660687738839e+01
1.422626027553537220e+01 1.409476334844022283e+01
1.440594014834738879e+01 1.428876790021638143e+01
1.461592511199464184e+01 1.446386405697096933e+01
1.479937058145170781e+01 1.467003016328703247e+01
1.499583978220623059e+01 1.482763053727838987e+01
1.519418416148253925e+01 1.502243274788284921e+01
1.538804649450646345e+01 1.523076393676147156e+01
1.557501788059981784e+01 1.547765521042890313e+01
1.576997694948076045e+01 1.562887085352166139e+01
1.596954941287023466e+01 1.581515660496000386e+01
1.615873802528692593e+01 1.599997773676381918e+01
1.636054209350457711e+01 1.621477659220382606e+01
1.654976895218373301e+01 1.638876299288588356e+01
1.674616963374117518e+01 1.652183049401506665e+01
1.695374603233119615e+01 1.674520468895337899e+01
1.712456361697934071e+01 1.697723495907018076e+01
1.732909205179134204e+01 1.712621987496575215e+01
1.752271549002760409e+01 1.738685660487175966e+01
1.771726057057315629e+01 1.751981750117321113e+01
1.790127147337848612e+01 1.768927838053339840e+01
1.810610214579244470e+01 1.786347500325129900e+01
1.829735599919083811e+01 1.793809843628470091e+01
1.850451475999491535e+01 1.829073097319832542e+01
1.868502274276068675e+01 1.851622217583591734e+01
1.889023526195171954e+01 1.872762047579890066e+01
1.908879470168110259e+01 1.880447961817645108e+01
1.927474418101790121e+01 1.904038113507932906e+01
1.946719701866282648e+01 1.925234962761533453e+01
1.968324018983717849e+01 1.939180723843583110e+01
1.986957908035392251e+01 1.968838533453135398e+01
