0.000000000000000000e+00 0.000000000000000000e+00
0.000000000000000000e+00 0.000000000000000000e+00
0.000000000000000000e+00 0.000000000000000000e+00
0.000000000000000000e+00 0.000000000000000000e+00
0.000000000000000000e+00 0.000000000000000000e+00
0.000000000000000000e+00 0.000000000000000000e+00
0.000000000000000000e+00 0.000000000000000000e+00
1.205066545465051375e-01 8.617022615656466655e+00
4.874959046856714551e+00 7.416752362358968398e+00
7.413162543855667863e+00 7.845799828753218463e+00
7.376604313724403283e+00 7.398885172381972630e+00
7.414941609622230700e+00 7.395901704338918137e+00
7.284769061976628102e+00 7.277222704308439205e+00
7.298492139594927153e+00 7.297738757820769528e+00
7.321915811445563804e+00 7.340177910676263018e+00
7.393949839149438930e+00 7.540844622479736969e+00
7.511039312292158598e+00 7.721343384767138218e+00
7.764225296978052526e+00 7.992136084361884052e+00
7.928994230055069536e+00 8.254218740058030690e+00
8.057923742203733752e+00 8.469694633135913975e+00
8.315173902126479888e+00 8.643282307428544087e+00
8.547936105092093229e+00 8.819424942429831660e+00
8.773290019752064239e+00 9.001531462205766942e+00
8.960974610675977559e+00 9.159475059066435776e+00
9.143565403646428891e+00 9.335969563975133667e+00
9.328800873048184172e+00 9.515533273399135794e+00
9.547391092418846981e+00 9.683032986488305127e+00
9.683549369724541833e+00 9.844600587878236553e+00
9.893334909200248717e+00 1.002366638723525405e+01
1.007987621632885222e+01 1.018501742974659585e+01
1.024071134395686933e+01 1.035308605500861745e+01
1.039683102829849126e+01 1.051672001864834272e+01
1.057723387703035201e+01 1.067726674023158751e+01
1.073301033975074326e+01 1.084310346719496820e+01
1.091800941871859010e+01 1.101626128346371125e+01
1.107604592019344203e+01 1.118683486283312511e+01
1.124946434154960251e+01 1.135775162861563814e+01
1.142370787866042114e+01 1.152010864228322795e+01
1.157502820040561176e+01 1.167527221705919338e+01
1.174226773989266270e+01 1.184092951337237665e+01
1.189806860202550354e+01 1.199344008515921089e+01
1.206065053240095253e+01 1.217040615555573169e+01
1.223320938812456227e+01 1.233426639814838488e+01
1.238760752733504233e+01 1.250220834362115241e+01
1.253604401719444716e+01 1.266302131889256621e+01
1.271088625574738273e+01 1.283422235953764456e+01
1.286947665776013672e+01 1.300031326999279813e+01
1.303386626186368424e+01 1.315470911994016312e+01
1.318083728945505229e+01 1.332526689003231546e+01
1.326017353007440036e+01 1.348761196783726213e+01
1.348782597897917768e+01 1.365102970744898592e+01
1.355169107373883541e+01 1.380066859433635429e+01
1.377923683067279903e+01 1.397587716891829501e+01
1.388139574592051062e+01 1.413533134160430649e+01
1.408990482380979437e+01 1.430643926973513480e+01
1.422259851473069858e+01 1.446567442203952503e+01
1.458612324418812278e+01 1.438099919426296047e+01
1.452821788778577350e+01 1.478278047133512274e+01
1.470243620438723653e+01 1.494968657334052864e+01
1.483575174554451870e+01 1.511617701199751806e+01
1.500569044316883982e+01 1.528976767466744668e+01
1.516434738093869328e+01 1.544434142250719333e+01
1.535710659816069779e+01 1.560650131005676933e+01
1.548415412572210670e+01 1.577863846846625506e+01
1.570227153635039308e+01 1.594280786984633735e+01
1.584564246550694122e+01 1.610184007961377972e+01
1.595122277792400567e+01 1.626346503398041676e+01
1.639917365284873085e+01 1.613236685095996847e+01
1.627555820253883923e+01 1.657806288186132093e+01
1.671163244812686699e+01 1.648871323829909841e+01
1.686182541482612152e+01 1.664153168912462277e+01
1.701627869041146823e+01 1.675885227394878996e+01
1.693631658080514057e+01 1.718950420499059106e+01
1.711774877873546785e+01 1.734674630501733006e+01
1.724922680690455223e+01 1.749743450828467317e+01
1.744343674004262468e+01 1.766287813329388001e+01
1.760592226394014403e+01 1.782746252024405109e+01
1.775978541981448089e+01 1.797547166681032493e+01
1.795323092346082561e+01 1.813885752341735724e+01
1.804709971200896490e+01 1.829646020425506237e+01
1.845522161656481686e+01 1.821961943536221895e+01
1.860978991709490771e+01 1.839855803618645780e+01
1.878480030146254620e+01 1.852680748236652519e+01
1.877340477367856764e+01 1.893633741433137629e+01
1.910530674087714331e+01 1.886696150761059698e+01
1.928047057061419878e+01 1.905679686432288023e+01
1.944008514677361532e+01 1.923619733190817271e+01
1.960840067553509414e+01 1.942122750710238321e+01
1.978514633395583289e+01 1.959885694707206483e+01
1.972188907077801545e+01 1.993662617290464567e+01
2.012104021920677965e+01 1.992229201693819718e+01
2.028615719377672733e+01 2.011729793460345306e+01
2.026781300691759924e+01 2.044441053392183960e+01
2.062517917080675289e+01 2.042539811642902592e+01
2.058575482383309918e+01 2.078206690578833715e+01
2.097866191624794752e+01 2.073645629023053871e+01
2.114006404497641967e+01 2.093576820110702030e+01
2.131285413826697450e+01 2.106927770034129921e+01
2.149650693183790295e+01 2.125933488179664721e+01
2.147616073667202841e+01 2.165239760370443278e+01
2.183833853279432091e+01 2.164822268472683930e+01
