0.000000000000000000e+00 0.000000000000000000e+00
0.000000000000000000e+00 0.000000000000000000e+00
0.000000000000000000e+00 0.000000000000000000e+00
5.278395628047354536e-03 0.000000000000000000e+00
2.403759278756032250e-03 0.000000000000000000e+00
1.590406479144439514e-02 -5.110321964963023249e-04
8.331308557407905799e-04 4.745761580493772502e-01
4.727605033553889391e-01 9.007006342716622482e-01
9.327278313496288886e-01 1.083557777692269353e+00
1.122174428490945397e+00 1.198904793489653953e+00
1.305803005852987253e+00 1.251162723769486007e+00
1.384171850964180495e+00 1.433077456085197099e+00
1.542522322847613259e+00 1.517501746231957327e+00
1.657911941832479918e+00 1.632665224412455984e+00
1.769291993439696453e+00 1.737400495423130131e+00
1.883220413900000834e+00 1.865727631125746910e+00
1.984929265416461641e+00 2.017090868390940095e+00
2.119505073471713352e+00 2.137724797905524721e+00
2.252277564861439707e+00 2.231478608545077957e+00
2.369463429270494359e+00 2.335255535233644597e+00
2.492096415413154187e+00 2.459201340448185391e+00
2.606499902602434471e+00 2.556989604138110828e+00
2.729725678446123016e+00 2.695623978004484833e+00
2.855956336921019911e+00 2.803731335795105029e+00
2.975562820020420052e+00 2.924705006060064338e+00
3.098441360196236616e+00 3.031649439555884840e+00
3.218706211869246214e+00 3.179309149903990050e+00
3.339278639712401908e+00 3.299842677209080755e+00
3.460318912791135570e+00 3.418816210461820049e+00
3.587250511685637910e+00 3.533586475642400249e+00
3.704515396918445003e+00 3.663773064227656473e+00
3.824495463831865560e+00 3.751537626978984630e+00
3.947190533937615431e+00 3.901166753554719424e+00
4.068696195872078647e+00 4.027518028633478409e+00
4.194259033299605477e+00 4.152298702690399246e+00
4.317000784079122688e+00 4.248617140243898582e+00
4.436168676552355805e+00 4.401249107016615980e+00
4.565985117980206454e+00 4.516323262249271053e+00
4.685792467688336238e+00 4.623406382241167734e+00
4.811456229933661177e+00 4.734226453133264734e+00
4.932291858360324355e+00 4.882681212874275367e+00
5.049677845778664853e+00 4.991790166988328004e+00
5.171719119825713307e+00 5.126423547198238673e+00
5.301155198590189244e+00 5.240342509595768306e+00
5.421062917056061359e+00 5.377099553590944936e+00
5.551544341304251340e+00 5.490302585853186201e+00
5.672071665531988494e+00 5.611090812580123988e+00
5.800038908287162620e+00 5.725661516245975413e+00
5.919494287413496814e+00 5.845540297308741806e+00
6.043381761493513693e+00 5.938732546784644128e+00
6.162873300929661902e+00 6.067172091244491305e+00
6.281287488019168030e+00 6.187419609000147425e+00
6.409544561421219200e+00 6.316148664745971253e+00
6.535557244889067974e+00 6.418826378366452978e+00
6.646732961300489961e+00 6.572553033549043633e+00
6.767456947810642554e+00 6.673034987220415992e+00
6.888800889886098844e+00 6.802214717197134775e+00
7.020640514594087556e+00 6.880449192973522088e+00
7.138221846803989301e+00 7.033265810986351063e+00
7.266792601081244918e+00 7.172281624828475977e+00
7.385437260504429169e+00 7.258537287691692264e+00
7.504709601535502372e+00 7.400400165205983427e+00
7.626809163894201937e+00 7.555908818666320137e+00
7.750618265037217292e+00 7.676149152808827480e+00
7.875901961379219607e+00 7.803565526886429460e+00
7.999588678458843916e+00 7.865499663833637634e+00
8.124408681609507354e+00 7.990588738765582733e+00
8.248609547016318544e+00 8.143105969965244384e+00
8.372729142129850644e+00 8.242835632376458221e+00
8.494869396311043985e+00 8.371126175927305013e+00
8.625789829616511639e+00 8.499547874667301883e+00
8.749496376601012315e+00 8.666904385890740414e+00
8.867110122853699039e+00 8.778323659598449069e+00
8.987169273243340584e+00 8.876747528078368532e+00
9.117409865588054885e+00 8.980908404126871858e+00
9.241496387400566448e+00 9.145220246180842949e+00
9.363239312266776082e+00 9.266381923403322673e+00
9.484467003009861230e+00 9.387616695097731778e+00
9.606540168076506347e+00 9.440153618521401668e+00
9.731215167264025467e+00 9.630987144248637222e+00
9.845555263292260051e+00 9.717535039650305961e+00
9.980106895947306711e+00 9.870241038741882633e+00
1.009844428749723377e+01 9.947477170235593746e+00
1.022796752946524101e+01 1.004639518551178945e+01
1.034123138337600523e+01 1.021748255161496033e+01
1.046688040916373375e+01 1.025487114904475305e+01
1.058791320589782003e+01 1.046431980872988277e+01
1.070229444666124330e+01 1.059762876767613982e+01
1.082930602836379563e+01 1.069300891868040182e+01
1.094337329011264792e+01 1.079261133374102499e+01
1.107780466872221048e+01 1.093254295862431036e+01
1.119467626697157669e+01 1.101482338648397707e+01
1.131886103948769318e+01 1.116468933900243066e+01
1.143877932313745660e+01 1.125794849987430446e+01
1.156080435920420513e+01 1.141910230932619186e+01
1.169013204964756270e+01 1.152292786452597007e+01
1.181737369144493854e+01 1.156198824362677158e+01
1.193373623136031725e+01 1.178841001677707290e+01
1.205689543551730480e+01 1.192253170592687361e+01
1.217571551067422497e+01 1.200075709189781037e+01
1.230260681112975085e+01 1.216425263130229517e+01
