0.000000000000000000e+00 0.000000000000000000e+00
0.000000000000000000e+00 0.000000000000000000e+00
0.000000000000000000e+00 0.000000000000000000e+00
0.000000000000000000e+00 0.000000000000000000e+00
1.883806306432891237e-02 2.801338449383506540e-02
1.139653370510299024e-01 1.660324894086324249e-02
1.655835061859735058e-01 7.079907664681733825e-02
2.921758494479459456e-01 7.806725640546325895e-01
1.095613730954191789e+00 1.574003070344045074e+00
1.600186323594087856e+00 1.864474093618338824e+00
1.945809293570695875e+00 2.046347686299305746e+00
2.096734353430486308e+00 2.139659579061444106e+00
2.248205808141731321e+00 2.248690282810141827e+00
2.373929200853454713e+00 2.355684098187703412e+00
2.493820698663858693e+00 2.602155143597521203e+00
2.631090736062616564e+00 2.786589449067806701e+00
2.835689871964672371e+00 2.931625084585660179e+00
2.984806657172642375e+00 3.078473616695585058e+00
3.149200893448714567e+00 3.206470817324285072e+00
3.272320411402561469e+00 3.338660571052123327e+00
3.449842207733918809e+00 3.401288202832313257e+00
3.533760097573273029e+00 3.618949854180267156e+00
3.677325496414397765e+00 3.757233064952717250e+00
3.814412950746276731e+00 3.894543279843194483e+00
3.950868883069533322e+00 4.025615056126158109e+00
4.153017273349205674e+00 4.098662815556702199e+00
4.287563843596259971e+00 4.208099674079750052e+00
4.356403303162323937e+00 4.426973096909529559e+00
4.490638567632608158e+00 4.564133904662247332e+00
4.701123363581322323e+00 4.641095982663608233e+00
4.833232356237645355e+00 4.768462352584466046e+00
4.981204424988638024e+00 4.889670784661504399e+00
5.118172842981214998e+00 5.045286810951965961e+00
5.256299746560964437e+00 5.157344854560776071e+00
5.397294301258682481e+00 5.313096351185571109e+00
5.537379332688917799e+00 5.469832427360564076e+00
5.589070833515171088e+00 5.664980180265521525e+00
5.818803662488513773e+00 5.766954728035933897e+00
5.954728004680745812e+00 5.880854833288022832e+00
6.101793135214322206e+00 6.017393154618553730e+00
6.244245861315173229e+00 6.198604934946523315e+00
6.386423921742023779e+00 6.332480214491837067e+00
6.535582363781554882e+00 6.466236720855006226e+00
6.671087236374630081e+00 6.618799074795666648e+00
6.815088507173332921e+00 6.747461144831309987e+00
6.963249882045858818e+00 6.867852222894870629e+00
7.109789874772467932e+00 7.021547413149440864e+00
7.267778384265589864e+00 7.222306278832622439e+00
7.418724481950189187e+00 7.344691881787600352e+00
7.565313548013048006e+00 7.448996508448417764e+00
7.716326312903696305e+00 7.621083270256090891e+00
7.865816611208143350e+00 7.763772652200396251e+00
8.012077749966246998e+00 7.877752007374262178e+00
8.164082641048722166e+00 8.038674511256072464e+00
8.306873291100025369e+00 8.173366150131190722e+00
8.453737100508709190e+00 8.373911842594857546e+00
8.463050317220673691e+00 8.563925976377424476e+00
8.735229827437033023e+00 8.625351327764093412e+00
8.881809388790131266e+00 8.765611643893791438e+00
9.036066141972620258e+00 8.899228716226391001e+00
9.180132894681007016e+00 9.055750059159176857e+00
9.327516545943778326e+00 9.237485968186030405e+00
9.478162584189679052e+00 9.387895132151307109e+00
9.618211380840516966e+00 9.503242923679977139e+00
9.773425788299087813e+00 9.663319213281022613e+00
9.931050775235183536e+00 9.844470443707017182e+00
1.008045302796120524e+01 9.968947614295556647e+00
1.023457201786776416e+01 1.010095565695171693e+01
1.037723206913736895e+01 1.024940828490822042e+01
1.053971338933430779e+01 1.043102495539273811e+01
1.069779350801762696e+01 1.057840133936676175e+01
1.085017622219784528e+01 1.071875625262148901e+01
1.099935905242858958e+01 1.089427319814196338e+01
1.114665599725400824e+01 1.103368528348144828e+01
1.130916436488945820e+01 1.116938384236089021e+01
1.145201816439814735e+01 1.132559890644283129e+01
1.159745549495876027e+01 1.152271565408624987e+01
1.176200869998303133e+01 1.157989758604380093e+01
1.190212518705110512e+01 1.172777870116348176e+01
1.205169236765032537e+01 1.192656264722661241e+01
1.220742756745016955e+01 1.201982491085460936e+01
1.235381197790440133e+01 1.222546930409891530e+01
1.250030024836932085e+01 1.233905782121574290e+01
1.265980508193444187e+01 1.250939431247740963e+01
1.280562255132595517e+01 1.263325304617323575e+01
1.295588027303767475e+01 1.283427890918235370e+01
1.309982424535067125e+01 1.291078780910528145e+01
1.325090538928620276e+01 1.313667786326900710e+01
1.340878659093988468e+01 1.327704373643130609e+01
1.355131547208597631e+01 1.341563329969036644e+01
1.371114421595123289e+01 1.359167863722715808e+01
1.386546940598052302e+01 1.372860810344757709e+01
1.401860417240155954e+01 1.389024801439504664e+01
1.417889588140936930e+01 1.399326132030342151e+01
1.433340040051114883e+01 1.409503210111407512e+01
1.448500002237224571e+01 1.433869634059765197e+01
1.463552013351982062e+01 1.449974487110417698e+01
1.477801047856946681e+01 1.452265891126296005e+01
1.493962411699626713e+01 1.470889413300509041e+01
1.508575434922869896e+01 1.487615992798342646e+01
1.524416188873524014e+01 1.506915749501460944e+01
