0.000000000000000000e+00 0.000000000000000000e+00
0.000000000000000000e+00 0.000000000000000000e+00
0.000000000000000000e+00 0.000000000000000000e+00
0.000000000000000000e+00 0.000000000000000000e+00
0.000000000000000000e+00 0.000000000000000000e+00
0.000000000000000000e+00 1.052727154181784357e-02
6.183623457828723025e-01 1.483224038329051364e+00
1.439209500721788881e+00 1.498124909139037841e+00
1.574876456318016427e+00 1.599466061099744651e+00
1.667554558531564979e+00 1.656367281734808961e+00
1.756142300367977693e+00 1.727189513802861232e+00
1.853218744004486052e+00 1.829267544039568483e+00
1.956894191253460979e+00 2.036505162748507569e+00
2.067796554966742750e+00 2.181415953313576850e+00
2.196102081184918120e+00 2.301820013033547330e+00
2.343985227994662246e+00 2.430184070232570548e+00
2.516986005695722728e+00 2.555692462665726250e+00
2.651964806846982992e+00 2.676063517742490738e+00
2.794164608818705986e+00 2.774593288593983686e+00
2.908689277511367521e+00 2.899807394441153097e+00
3.033994272779241719e+00 3.017095403337614279e+00
3.161695294251149146e+00 3.169459475340284271e+00
3.275673204093052071e+00 3.296194476333275780e+00
3.429346180250020470e+00 3.407515556414951075e+00
3.555074139294834179e+00 3.541058494000404622e+00
3.683450091443983165e+00 3.669820158797636900e+00
3.823348813797226686e+00 3.803761535010158124e+00
3.959732693435391582e+00 3.935593489951108470e+00
4.093318913755902955e+00 4.053627707572554861e+00
4.231642367993976528e+00 4.174316191645280227e+00
4.363253539623078048e+00 4.315831700308545571e+00
4.493316842777066000e+00 4.437779306126798495e+00
4.624469533618485784e+00 4.571122451517610763e+00
4.722291540610455307e+00 4.749964469106801701e+00
4.894588167536076284e+00 4.860381176180091245e+00
5.026114595642988903e+00 5.010314704994514479e+00
5.168006813330094928e+00 5.127786948405254286e+00
5.302063924890221713e+00 5.268791925741846960e+00
5.438026046842703742e+00 5.406331652863888948e+00
5.522483208944701794e+00 5.563940306012167270e+00
5.709399642961170862e+00 5.649091276788654525e+00
5.840400984885095959e+00 5.818395579451659749e+00
5.976455262690870462e+00 5.931567779279751207e+00
6.113023430246959933e+00 6.092288688252200934e+00
6.257443331334077818e+00 6.226373070093544015e+00
6.404070098116897647e+00 6.320090429508792518e+00
6.543566563613257614e+00 6.506428205263236286e+00
6.688602515898922185e+00 6.612732088742514946e+00
6.822242346856133288e+00 6.740788637015003637e+00
6.965557580139228655e+00 6.878264413221443441e+00
7.105396051056557916e+00 7.025885892412963685e+00
7.243154897962726935e+00 7.175198224642460154e+00
7.384129379213918654e+00 7.313987592253134551e+00
7.526831269909881605e+00 7.441514718485483293e+00
7.669470122058860362e+00 7.561076444778823458e+00
7.804586988087698352e+00 7.718943337853366948e+00
7.950824059541401034e+00 7.824289198815524315e+00
8.080616989433709207e+00 7.938175956081214402e+00
8.239486055768491468e+00 8.090213048212572033e+00
8.371608750313566105e+00 8.234359011104519510e+00
8.517713421023119125e+00 8.377723234254538909e+00
8.659253382068968108e+00 8.509753722582185986e+00
8.801378511692874440e+00 8.703846828728700302e+00
8.940568275539034104e+00 8.805798294982574603e+00
9.079912794980296908e+00 8.933474529443481416e+00
9.211230091061588965e+00 9.039066771758371033e+00
9.356803681877570611e+00 9.228485060605354562e+00
9.497773237861547813e+00 9.366738872408443939e+00
9.645927553817866595e+00 9.506817333859373775e+00
9.785678327688538403e+00 9.654399876254952773e+00
9.923089951717049217e+00 9.774688939319366554e+00
1.006218017393942432e+01 9.928229947860010896e+00
1.020522696072955604e+01 1.006688919348022182e+01
1.034993851781590912e+01 1.016985969903567977e+01
1.048732298954370634e+01 1.028267266974791561e+01
1.062942006713275944e+01 1.046829998330583500e+01
1.076193347216023355e+01 1.060392965491561590e+01
1.090239901682240742e+01 1.073130129784886400e+01
1.104228419942880457e+01 1.090363010998703253e+01
1.117270335571953588e+01 1.103221542839923863e+01
1.131894542341366083e+01 1.116466460845792241e+01
1.145469273325951498e+01 1.129725406585357916e+01
1.159542161554649020e+01 1.147894459147109281e+01
1.174256293816782737e+01 1.153565277951013890e+01
1.188693665316194625e+01 1.169942708926599195e+01
1.202286808096441462e+01 1.187524157371070110e+01
1.216423704646128456e+01 1.204493229319969672e+01
1.230388327413315963e+01 1.218987187941042194e+01
1.245239849970367274e+01 1.234638894125641784e+01
1.258903749245023818e+01 1.239507027958770458e+01
1.273070867718297272e+01 1.251785384526248635e+01
1.286806507593844628e+01 1.271513000926729831e+01
1.302206794642852117e+01 1.281824372297303860e+01
1.314523402563207988e+01 1.293471913052203170e+01
1.330211224473291765e+01 1.309826205084590001e+01
1.344107731711557463e+01 1.322651808996733713e+01
1.358075321558252035e+01 1.340697928741242428e+01
1.372844933299549552e+01 1.344150746631527937e+01
1.386066602568407902e+01 1.367071518210573799e+01
1.399776868941984276e+01 1.379205923889025520e+01
1.413708891058202610e+01 1.397610337735314623e+01
