0.000000000000000000e+00 0.000000000000000000e+00
0.000000000000000000e+00 0.000000000000000000e+00
0.000000000000000000e+00 0.000000000000000000e+00
0.000000000000000000e+00 0.000000000000000000e+00
0.000000000000000000e+00 0.000000000000000000e+00
0.000000000000000000e+00 0.000000000000000000e+00
3.739648701878690862e-02 0.000000000000000000e+00
1.104820261970171705e-02 0.000000000000000000e+00
1.484250823590762061e-02 1.341095439519702204e+01
1.341123954677971319e+01 1.243897864353329119e+01
1.380092669169482633e+01 1.383212783302049864e+01
1.401664588438903714e+01 1.401741999813987505e+01
1.404989051269206435e+01 1.404951686547790679e+01
1.408483142494979568e+01 1.409673889384009904e+01
1.410539153918136712e+01 1.410020735411767134e+01
1.419359910104385669e+01 1.427243238246655288e+01
1.434215571505520970e+01 1.460352681586608448e+01
1.453572413489697368e+01 1.509912236198253410e+01
1.486825027562766977e+01 1.553761075438958095e+01
1.517686098153614971e+01 1.584876065642419718e+01
1.554601670169674676e+01 1.617780752116305720e+01
1.592492619088761252e+01 1.649178322300280897e+01
1.621147032783346376e+01 1.678807512407252034e+01
1.658097880763659759e+01 1.705328856943286198e+01
1.688912280490591655e+01 1.731860421478091538e+01
1.725030764480906953e+01 1.756605621289300601e+01
1.757305592025462460e+01 1.782380456393100587e+01
1.782445972488381258e+01 1.805354165073925543e+01
1.808459451391543027e+01 1.829517992826666983e+01
1.837918717340645358e+01 1.853145433691728883e+01
1.864713671380070892e+01 1.877775425981324986e+01
1.885753909986132371e+01 1.900803822782307506e+01
1.907888748197102302e+01 1.923507069335181185e+01
1.934237470550332105e+01 1.946095154769826507e+01
1.953407085974914992e+01 1.967165964247267951e+01
1.978232878121665550e+01 1.988546495414232496e+01
1.998746621420611902e+01 2.010977935247544224e+01
2.020804739295555308e+01 2.033012377302447504e+01
2.041678710670629471e+01 2.053827539179628658e+01
2.061670478283430796e+01 2.074304067119740580e+01
2.076126044266898063e+01 2.094517100172208401e+01
2.112228585488147914e+01 2.096543285427807746e+01
2.128991409277170987e+01 2.101275774391875117e+01
2.148516808456857063e+01 2.108978374650111931e+01
2.135605545809256611e+01 2.170889081928055475e+01
2.159989984219934911e+01 2.192890618909939349e+01
2.178349382268083545e+01 2.213308125796637427e+01
2.232021405725196672e+01 2.198398794494108799e+01
2.253173117080519461e+01 2.203541858921485286e+01
2.273348736244445689e+01 2.222956181526420494e+01
2.293917253545697221e+01 2.261577323382102733e+01
2.315693591303928756e+01 2.270135971786238471e+01
2.283429774659313694e+01 2.337572778201431589e+01
2.322037343447675894e+01 2.360036656605747041e+01
2.349291380015055708e+01 2.383020984003389842e+01
2.351971224365157198e+01 2.406001833190842376e+01
2.426630980155186279e+01 2.374796541022069363e+01
2.450448261385980686e+01 2.393994547900634728e+01
2.413821399107747823e+01 2.471219829532149603e+01
2.433606347694636440e+01 2.495403323029983156e+01
2.517605529599561720e+01 2.448124394590202613e+01
2.540361803675574848e+01 2.483602846140117393e+01
2.562540261045625556e+01 2.498656695164619634e+01
2.585540370759091644e+01 2.524292010400451858e+01
2.608909754658239777e+01 2.539144392302137021e+01
2.631627497634199742e+01 2.562909426549945380e+01
2.653704756163427803e+01 2.580354103991711767e+01
2.677360995765350538e+01 2.604865694963028488e+01
2.700705104658644018e+01 2.631785241359008864e+01
2.725420103096606894e+01 2.648146461478689062e+01
2.749072493791701532e+01 2.672055688408107699e+01
2.773898103101146262e+01 2.707990455933993346e+01
2.796068199629177187e+01 2.715779684639624492e+01
2.821120068912780710e+01 2.747753886533839918e+01
2.843806732136668458e+01 2.768827460159711151e+01
2.867225618100124862e+01 2.794351247596330978e+01
2.893398434777483175e+01 2.814188536842505783e+01
2.915276134103300620e+01 2.841581467468718714e+01
2.940262076700474836e+01 2.862831805813080521e+01
2.962462489085608297e+01 2.876365210691216490e+01
2.986207374039081230e+01 2.911391589623468690e+01
3.011199278969448301e+01 2.936559796704019121e+01
2.959285109192363805e+01 3.029222825684705711e+01
3.056852753808468393e+01 2.984223682970906211e+01
3.080774710348881840e+01 2.995391512980103599e+01
3.032648915992779948e+01 3.098075917111236777e+01
3.127730696347721917e+01 3.051023542587525128e+01
3.150947522793044442e+01 3.072207862466349226e+01
3.174739777508890270e+01 3.099110485719933195e+01
3.200615741725106034e+01 3.121049262066013696e+01
3.224023666481372175e+01 3.151373163105389708e+01
3.248318477870421361e+01 3.166843788430289308e+01
3.274487483434796786e+01 3.200719456581030187e+01
3.298893008711297625e+01 3.223504666171172062e+01
3.322953706881040148e+01 3.248488884419594314e+01
3.349065651615529760e+01 3.267159664412213971e+01
3.371422602849914796e+01 3.299517983667447396e+01
3.398463620158354814e+01 3.327641105641470176e+01
3.423227077145506314e+01 3.352058806460691898e+01
3.442863337978314320e+01 3.366219885643172205e+01
3.471249156354390664e+01 3.403020815193565340e+01
