0.000000000000000000e+00 0.000000000000000000e+00
0.000000000000000000e+00 0.000000000000000000e+00
0.000000000000000000e+00 0.000000000000000000e+00
0.000000000000000000e+00 0.000000000000000000e+00
0.000000000000000000e+00 0.000000000000000000e+00
0.000000000000000000e+00 0.000000000000000000e+00
0.000000000000000000e+00 2.358338663473495700e+01
1.295193213512498609e+01 3.235737467729872918e+01
3.277682410593441631e+01 3.276960452175748628e+01
3.276066903247581052e+01 3.276041764285557889e+01
3.269822526451260813e+01 3.268799675887832734e+01
3.260805975069792595e+01 3.260701942770106143e+01
3.252657019506666103e+01 3.252470983577072161e+01
3.245719374717192096e+01 3.244230885511536400e+01
3.243832557699361274e+01 3.243816878055060471e+01
3.242272764941490237e+01 3.241153428083367771e+01
3.243273083018742398e+01 3.243258352890687490e+01
3.247036098679327409e+01 3.267754981934179881e+01
3.256611995033916429e+01 3.315100738947305814e+01
3.277791856891900579e+01 3.360194007600752286e+01
3.325473884225875310e+01 3.392534127706752400e+01
3.354917027383991268e+01 3.435672036794337458e+01
3.384933895883656874e+01 3.471842693859291984e+01
3.438967434526059463e+01 3.504291730032250030e+01
3.476641079209485952e+01 3.537552345982528834e+01
3.498988975187008776e+01 3.567382242659349600e+01
3.545675830924851368e+01 3.594109936712344222e+01
3.581314419402516336e+01 3.620001232657727996e+01
3.610988964926902867e+01 3.647953414516361192e+01
3.646893926711465639e+01 3.674466250091615649e+01
3.671937343389398478e+01 3.701336224463302926e+01
3.701509227137153601e+01 3.727453314095596681e+01
3.725065298507698941e+01 3.753385029976168141e+01
3.753860997680810385e+01 3.778848756114953744e+01
3.776578686533645168e+01 3.804130907440995202e+01
3.801176742080478022e+01 3.829230550407233125e+01
3.822430149988716153e+01 3.853735298307412194e+01
3.851008330352712505e+01 3.877063611230607876e+01
3.873546211425902186e+01 3.901610180568195574e+01
3.889417840001523530e+01 3.926205257546106253e+01
3.915544028241387053e+01 3.949494490697866667e+01
3.929236517927787276e+01 3.970874372710041200e+01
3.989105275126318872e+01 3.944408722749158613e+01
3.963174913396139232e+01 4.014491689282334619e+01
4.032339992398800632e+01 3.984724019093252423e+01
4.004165209052118968e+01 4.058634387462785043e+01
4.078105418745887789e+01 4.009619911734338160e+01
4.031387784635064975e+01 4.103626958773519817e+01
4.123450825901903016e+01 4.056081485014149024e+01
4.146794675604864011e+01 4.061942304703093498e+01
4.089066119662611243e+01 4.170219698675467157e+01
4.191226145822269444e+01 4.120266476234932185e+01
4.129661405844264976e+01 4.216849917008785553e+01
4.238624684099546158e+01 4.154466915124211823e+01
4.261570942699075459e+01 4.181707030771825373e+01
4.285802210959018765e+01 4.198257791912660508e+01
4.232037286137360610e+01 4.311039964167550664e+01
4.334189328768132299e+01 4.243617021378567244e+01
4.357167018085290522e+01 4.272838977163669938e+01
4.380816066948398202e+01 4.286634951182870878e+01
4.404521105378168500e+01 4.319013123155489353e+01
4.428016097793189942e+01 4.343028890531945052e+01
4.451986784916400097e+01 4.361529036201238085e+01
4.378333136215341170e+01 4.476167357492126797e+01
4.501807201700449212e+01 4.405871883549166057e+01
4.526202401858206059e+01 4.422133478157290654e+01
4.549807312703860873e+01 4.455867504628116649e+01
4.575411826786541525e+01 4.498816993677829856e+01
4.599423321025796696e+01 4.502140660991436505e+01
4.531049186842218290e+01 4.621820807702268752e+01
4.568806621584454319e+01 4.646006338063272523e+01
4.674120514850581287e+01 4.572823805523736951e+01
4.698308810377304212e+01 4.604292011539258311e+01
4.610258278320086589e+01 4.720295862731043002e+01
4.748850977062082279e+01 4.647956354674042956e+01
4.655122592689398431e+01 4.771746420156711110e+01
4.799715563034940402e+01 4.689802837529829560e+01
4.728847818151465532e+01 4.820824582239394118e+01
4.851014177652398018e+01 4.750593741611960041e+01
4.878198222302659559e+01 4.769854917195077348e+01
4.904559136771677430e+01 4.795981614717809549e+01
4.930480741095271924e+01 4.809146628225931863e+01
4.958097215674660418e+01 4.844555007295225124e+01
4.986908212717028022e+01 4.880179380987705429e+01
5.013147852319165310e+01 4.900179821641559386e+01
5.039915745309815520e+01 4.927744461867377623e+01
5.066751449504599947e+01 4.954183879366816967e+01
5.094598337988318093e+01 4.978170005268183473e+01
4.993662089348176636e+01 5.115385387198144684e+01
5.145594485885388281e+01 5.035924302705082312e+01
5.172834235778751832e+01 5.043663215783114850e+01
5.200594160229102414e+01 5.091421810059584629e+01
5.228412698604602582e+01 5.112582669162934224e+01
5.133067385603491317e+01 5.246198136620119357e+01
5.279556719903684581e+01 5.174506289822144822e+01
5.309444229311583996e+01 5.183535075530685532e+01
5.222798083949234638e+01 5.326411071193111013e+01
5.361057328506184660e+01 5.237806173462458759e+01
5.386340177230218274e+01 5.265775986859659241e+01
5.412044137053030823e+01 5.269368774637876385e+01
5.443998939969524997e+01 5.344884323077756250e+01
