0.000000000000000000e+00 0.000000000000000000e+00
0.000000000000000000e+00 0.000000000000000000e+00
0.000000000000000000e+00 0.000000000000000000e+00
0.000000000000000000e+00 0.000000000000000000e+00
0.000000000000000000e+00 0.000000000000000000e+00
0.000000000000000000e+00 0.000000000000000000e+00
0.000000000000000000e+00 0.000000000000000000e+00
0.000000000000000000e+00 0.000000000000000000e+00
0.000000000000000000e+00 0.000000000000000000e+00
0.000000000000000000e+00 0.000000000000000000e+00
0.000000000000000000e+00 0.000000000000000000e+00
0.000000000000000000e+00 0.000000000000000000e+00
0.000000000000000000e+00 0.000000000000000000e+00
0.000000000000000000e+00 0.000000000000000000e+00
0.000000000000000000e+00 0.000000000000000000e+00
0.000000000000000000e+00 0.000000000000000000e+00
0.000000000000000000e+00 0.000000000000000000e+00
0.000000000000000000e+00 0.000000000000000000e+00
0.000000000000000000e+00 0.000000000000000000e+00
0.000000000000000000e+00 0.000000000000000000e+00
0.000000000000000000e+00 0.000000000000000000e+00
0.000000000000000000e+00 0.000000000000000000e+00
0.000000000000000000e+00 0.000000000000000000e+00
0.000000000000000000e+00 0.000000000000000000e+00
0.000000000000000000e+00 0.000000000000000000e+00
0.000000000000000000e+00 0.000000000000000000e+00
0.000000000000000000e+00 0.000000000000000000e+00
0.000000000000000000e+00 0.000000000000000000e+00
0.000000000000000000e+00 0.000000000000000000e+00
0.000000000000000000e+00 0.000000000000000000e+00
0.000000000000000000e+00 0.000000000000000000e+00
0.000000000000000000e+00 0.000000000000000000e+00
0.000000000000000000e+00 0.000000000000000000e+00
0.000000000000000000e+00 0.000000000000000000e+00
0.000000000000000000e+00 0.000000000000000000e+00
0.000000000000000000e+00 0.000000000000000000e+00
0.000000000000000000e+00 0.000000000000000000e+00
0.000000000000000000e+00 0.000000000000000000e+00
0.000000000000000000e+00 0.000000000000000000e+00
0.000000000000000000e+00 0.000000000000000000e+00
0.000000000000000000e+00 0.000000000000000000e+00
0.000000000000000000e+00 0.000000000000000000e+00
0.000000000000000000e+00 0.000000000000000000e+00
0.000000000000000000e+00 0.000000000000000000e+00
0.000000000000000000e+00 0.000000000000000000e+00
0.000000000000000000e+00 0.000000000000000000e+00
0.000000000000000000e+00 0.000000000000000000e+00
0.000000000000000000e+00 0.000000000000000000e+00
0.000000000000000000e+00 0.000000000000000000e+00
0.000000000000000000e+00 0.000000000000000000e+00
3.075932472632794852e-03 0.000000000000000000e+00
1.915584897357702418e-02 0.000000000000000000e+00
0.000000000000000000e+00 2.414107921493641840e+00
2.671269152393981994e+00 3.565587120269066990e+00
4.337298077142074604e+00 2.988107670495920409e+00
9.001243687207985289e+00 1.203617621617712352e+01
1.454136365869291403e+01 1.589549186783258428e+01
1.625076272865242544e+01 1.704286013420527013e+01
1.792305515671425198e+01 1.841223775054519507e+01
1.897699310145578622e+01 1.937394573979854684e+01
1.978849275124688845e+01 2.004622979293706564e+01
2.027561347523526791e+01 2.056115202771459494e+01
2.078310429731436315e+01 2.096982200784447770e+01
2.117462014047395868e+01 2.133625223239708291e+01
2.151995599114467339e+01 2.166381284315488287e+01
2.195009579637957842e+01 2.184311709223171505e+01
2.225675257698530629e+01 2.214084614271862961e+01
2.256885823345532316e+01 2.246697606699531136e+01
2.277448168892060210e+01 2.286380033344092766e+01
2.317616568438995728e+01 2.306525837785383359e+01
2.349066324233482206e+01 2.339832912012602861e+01
2.380681937097497070e+01 2.370348222345075584e+01
2.410948334243273194e+01 2.401863479952035618e+01
2.443889279110840107e+01 2.432536624320501772e+01
2.474982037817718705e+01 2.464356778029526041e+01
2.506355659232947275e+01 2.496343562728887022e+01
2.538338928540200712e+01 2.528373604461868140e+01
2.570133130755624151e+01 2.557984607044373604e+01
2.600959845205021992e+01 2.589758814555044353e+01
2.634460738262205126e+01 2.624248591820471788e+01
2.667120385629252866e+01 2.652972802364082838e+01
2.699309223597184015e+01 2.684780151737918885e+01
2.732850432481112435e+01 2.717712715674211665e+01
2.764963047031971755e+01 2.750912231224624094e+01
2.796450157302171036e+01 2.782987847849634022e+01
2.827384724443539810e+01 2.815462568846149694e+01
2.861567192714075603e+01 2.851157100594538818e+01
2.893519073029991517e+01 2.880073217432903476e+01
2.925691348171135786e+01 2.909606302955780066e+01
2.957770481646659277e+01 2.944965259792815360e+01
2.990047220818117424e+01 2.976562285230984273e+01
3.021635862803580252e+01 3.010831631031964051e+01
3.053176130392610332e+01 3.043811524917881073e+01
3.086301955359087756e+01 3.074764087547084657e+01
3.119964388389807652e+01 3.105815194056622985e+01
3.151833935459110592e+01 3.138397550377250056e+01
3.184787747002321723e+01 3.173430714794931262e+01
3.217847614198083050e+01 3.203631033090915992e+01
3.251300378976667815e+01 3.239262882851493686e+01
3.287321302841161952e+01 3.270974520454325329e+01
3.322029996343401592e+01 3.302730795711235601e+01
