0.000000000000000000e+00 0.000000000000000000e+00
3.494504574827209109e-02 5.425942149581083340e-01
6.639108966060685013e-01 2.045715691421571503e+00
1.839069463364228163e+00 1.895887997993914942e+00
1.932167773359925178e+00 1.929323056836459660e+00
1.983202340616880610e+00 1.997290337420835504e+00
2.137643581021608341e+00 2.147158347529929845e+00
2.242454835734686291e+00 2.318126834417531867e+00
2.348641298598298288e+00 2.536918953524124110e+00
2.446492869414344629e+00 2.749868938296082366e+00
2.641798686913129579e+00 2.882340126481602649e+00
2.899468018846015571e+00 3.023501328430983737e+00
3.078002722798009572e+00 3.198592613184741751e+00
3.190154781203485168e+00 3.340789963756949366e+00
3.328580911302215561e+00 3.492127280278527923e+00
3.461334333469007873e+00 3.644594366092622550e+00
3.629355414501784782e+00 3.780057355425023857e+00
3.775573943483567341e+00 3.914493439587781065e+00
3.939193880882370102e+00 4.057248127085056666e+00
4.053777850231211843e+00 4.202085488931218471e+00
4.213967875215747227e+00 4.322417208753294382e+00
4.353025493393979595e+00 4.450001793952388596e+00
4.573365566595980702e+00 4.474565405686096398e+00
4.703303457017049993e+00 4.594433995718432584e+00
4.721414933118142976e+00 4.859864567019005932e+00
4.869423252876085684e+00 4.989538476332399775e+00
5.005609715951947258e+00 5.132776040568395537e+00
5.157779562597196943e+00 5.272880039733876423e+00
5.269664538234118289e+00 5.405842352257282712e+00
5.546461304247905844e+00 5.431129771666555861e+00
5.681248367025415469e+00 5.568758414216310904e+00
5.813269912036385989e+00 5.678840066527255814e+00
5.949541386638744989e+00 5.788136864647007940e+00
5.979850888353343663e+00 6.087653748025948275e+00
6.101455734032966483e+00 6.227663187807180201e+00
6.362680885230465044e+00 6.277275146950154650e+00
6.504509091696865752e+00 6.423242838949713374e+00
6.631571155631254655e+00 6.534509175784323887e+00
6.773180394590838205e+00 6.650690377914073359e+00
6.917593861792473042e+00 6.808269296613191912e+00
7.065553830724868867e+00 6.973092417828613776e+00
7.203484337731513421e+00 7.083085556562414453e+00
7.349933685380874770e+00 7.278410123030839785e+00
7.392415943744155449e+00 7.477656937663820003e+00
7.637372826959511585e+00 7.544071144747808155e+00
7.775644950746200657e+00 7.707497811487463935e+00
7.925458361554706954e+00 7.835715766288561035e+00
8.075642633807831317e+00 7.976172479471496324e+00
8.228459655905565384e+00 8.140908087376757862e+00
8.374693655239990875e+00 8.290446447272623587e+00
8.415932377309280454e+00 8.498583386667311501e+00
8.664518090753796642e+00 8.565650017624209411e+00
8.816916065583281892e+00 8.734915448214747968e+00
8.962132499027475774e+00 8.863342873416433676e+00
9.119669359069002113e+00 9.053890710720535751e+00
9.266234903234686016e+00 9.184423377615678064e+00
9.418170742013163732e+00 9.339757853516157837e+00
9.566723548694884727e+00 9.482960932531009135e+00
9.709927809451370351e+00 9.645057148928968260e+00
9.874752859396830118e+00 9.796922235096985787e+00
1.002553099172202522e+01 9.906800774319631131e+00
1.005013946038461548e+01 1.012997874157280798e+01
1.032295415022652207e+01 1.023098959669041008e+01
1.046213529428695743e+01 1.037781499281300945e+01
1.061889303655054739e+01 1.046645172371136745e+01
1.077405899877379625e+01 1.062412923721791636e+01
1.092021957971489066e+01 1.081095136233774134e+01
1.107894933152763883e+01 1.094769960130628128e+01
1.123749548331413273e+01 1.114232502703352878e+01
1.137791496854201689e+01 1.121204532488461503e+01
1.154193530941720880e+01 1.143886379000863585e+01
1.167828000471579486e+01 1.156528758600565610e+01
1.184744466592898959e+01 1.173070290080817379e+01
1.199112726847420696e+01 1.187826593988642010e+01
1.213928250523032126e+01 1.204009162215719186e+01
1.231236359472438480e+01 1.211114425044277887e+01
1.246655018262621262e+01 1.231526841445431764e+01
1.263707119447016325e+01 1.245175983742585046e+01
1.277203099333254244e+01 1.257676036228276217e+01
1.292415104666880055e+01 1.274315181931292429e+01
1.307363251451095110e+01 1.290602096294988144e+01
1.324415194124015649e+01 1.304550962336072750e+01
1.339214023344508142e+01 1.321037686584452864e+01
1.340671229102111717e+01 1.347823387333806799e+01
1.368506408816971032e+01 1.352209721881439641e+01
1.383687048561470512e+01 1.362322126741222661e+01
1.399328190427803520e+01 1.380754856578063361e+01
1.414463692907942871e+01 1.397564122134286535e+01
1.429097643024378428e+01 1.411626439924298815e+01
1.444871967865550921e+01 1.432912584027221214e+01
1.459309109586259012e+01 1.442118962122265025e+01
1.476314487531898401e+01 1.463136697166455313e+01
1.490755182744320528e+01 1.475038301292320853e+01
1.506639029177253519e+01 1.484353686676815087e+01
1.520918264999686542e+01 1.508807658489835646e+01
1.537213119737977252e+01 1.523263214271013055e+01
1.553138825201980211e+01 1.535800601147775701e+01
1.569252447308001130e+01 1.551368748893864158e+01
1.583302238429291364e+01 1.556926305146680356e+01
1.598870246442474397e+01 1.577139794598905098e+01
1.615735049882675511e+01 1.606503608583231468e+01
