0.000000000000000000e+00 0.000000000000000000e+00
0.000000000000000000e+00 0.000000000000000000e+00
0.000000000000000000e+00 0.000000000000000000e+00
0.000000000000000000e+00 0.000000000000000000e+00
0.000000000000000000e+00 0.000000000000000000e+00
0.000000000000000000e+00 0.000000000000000000e+00
0.000000000000000000e+00 0.000000000000000000e+00
0.000000000000000000e+00 0.000000000000000000e+00
0.000000000000000000e+00 0.000000000000000000e+00
0.000000000000000000e+00 0.000000000000000000e+00
2.794309682214073109e-02 0.000000000000000000e+00
2.794309682214073109e-02 0.000000000000000000e+00
8.419563782031314059e-02 0.000000000000000000e+00
5.970712547520191232e-02 0.000000000000000000e+00
2.329543118960535064e-01 3.145094146685185887e-02
3.686026184404742168e+00 6.126570610612722234e+00
6.247506380656584923e+00 6.877837145476556557e+00
6.796447378521037308e+00 6.989411665813254793e+00
7.111231077840958648e+00 7.111171690937456269e+00
7.188171810439816234e+00 7.188150797886561527e+00
7.270785403854746143e+00 7.270649787603586489e+00
7.373457742942261639e+00 7.367334905016083901e+00
7.468314040576347068e+00 7.458130701571830556e+00
7.569880092978017672e+00 7.565114918631589802e+00
7.692419592926783345e+00 7.745708693058714012e+00
7.857886967634085451e+00 8.034736663052893135e+00
8.064749166097815447e+00 8.285918730968200308e+00
8.279588318550587189e+00 8.529747720413331180e+00
8.576732514633567561e+00 8.774734161244005293e+00
8.803044717372619843e+00 8.980060739320366636e+00
9.010065135478738441e+00 9.208616773900823560e+00
9.204791987401282682e+00 9.408142183147898407e+00
9.439726731834442219e+00 9.613312672719239060e+00
9.639369706453813080e+00 9.794539907060237027e+00
9.835130322457422025e+00 9.985470590028777238e+00
1.004938742163539267e+01 1.017063262664344236e+01
1.023696225753647226e+01 1.035542814564453451e+01
1.041099392595118545e+01 1.053130887049405828e+01
1.060243532122453480e+01 1.072079143764716136e+01
1.081197206553067502e+01 1.090932029126753378e+01
1.099134836876443444e+01 1.108286673259534361e+01
1.125144841007854879e+01 1.116956825209678783e+01
1.129070595360725271e+01 1.144035219580614537e+01
1.161357799045037531e+01 1.148055608029563501e+01
1.180401296320887816e+01 1.162807167918062490e+01
1.198509193311172716e+01 1.182236938735663401e+01
1.215929268427062482e+01 1.202213705077402039e+01
1.235780823928452676e+01 1.223372335147871581e+01
1.254739937392882609e+01 1.241652468709824220e+01
1.273714130395020305e+01 1.259437886119473937e+01
1.293802122348753159e+01 1.277179000533528708e+01
1.312929372381526250e+01 1.299045451785588945e+01
1.317078188860280186e+01 1.330339871310039790e+01
1.338900114515808148e+01 1.348759763378455467e+01
1.369276201926619407e+01 1.357408948771645996e+01
1.390209859402099291e+01 1.378701422721981551e+01
1.409292337330264466e+01 1.397134926322361537e+01
1.429748238605505506e+01 1.416292782605877143e+01
1.448968561105654906e+01 1.435424511999630681e+01
1.470017162938462718e+01 1.458149065532938948e+01
1.489988296356276365e+01 1.476752371761487836e+01
1.510702233321384647e+01 1.502437836460333997e+01
1.532151806330890054e+01 1.520736346272036066e+01
1.553677035640512649e+01 1.535878318526270014e+01
1.573916896566464274e+01 1.563664898299493977e+01
1.596450749051321871e+01 1.579273038090534165e+01
1.617041617006761101e+01 1.604141450663860979e+01
1.637446730029438413e+01 1.623103308193348582e+01
1.658249901738201260e+01 1.641586475447013882e+01
1.680251099276174642e+01 1.664693125797702677e+01
1.701177858470909499e+01 1.686935335380842105e+01
1.722214685931880496e+01 1.710355396969837471e+01
1.742929293510344735e+01 1.729949999057731702e+01
1.747021925198529146e+01 1.758455602122923622e+01
1.782115750048105340e+01 1.774296575304297718e+01
1.803893898257061323e+01 1.780678251951611202e+01
1.825130944727721882e+01 1.813363309967296999e+01
1.846298237533236986e+01 1.832291235830765075e+01
1.851472156190537177e+01 1.862253532263792977e+01
1.887702554896886653e+01 1.873948555364149726e+01
1.908453103788898275e+01 1.892428473861506788e+01
1.931633538713881748e+01 1.914105694653030554e+01
1.953377805017665025e+01 1.937758900374624815e+01
1.959558164935430113e+01 1.967655806989539613e+01
1.995338486917944465e+01 1.976446351152178593e+01
2.018680583800961514e+01 1.996213658804508739e+01
2.040565820079427084e+01 2.016023102159953240e+01
2.063644759222167124e+01 2.039199211516405796e+01
2.084853595991298292e+01 2.060574932656771097e+01
2.107897666320609886e+01 2.085654925213374256e+01
2.130757314025282056e+01 2.106379408859458024e+01
2.152282278161122875e+01 2.124494270699585385e+01
2.175251958941228736e+01 2.150786330448710260e+01
2.198186271680370751e+01 2.172339696076123161e+01
2.218308620567544054e+01 2.191575629906908418e+01
2.240741460556431619e+01 2.222533383610328173e+01
2.263161942934376825e+01 2.240302226957188481e+01
2.285652298629386792e+01 2.260796366846602012e+01
2.307143917893231233e+01 2.282540744897008267e+01
2.330969069896993418e+01 2.303101720517684470e+01
2.352241850560532299e+01 2.329340309563063371e+01
