0.000000000000000000e+00 2.094145804006402045e+00
1.549273930101978225e+00 1.464402075994525543e+00
1.416358921314245123e+00 1.402990155447107590e+00
1.414860762317441401e+00 1.397854820001620313e+00
1.440580533225374937e+00 1.542700382475202359e+00
1.534273183350277625e+00 1.726441724280958656e+00
1.779659599251611990e+00 1.857280117996602087e+00
1.900183081474634772e+00 1.988740936417321858e+00
2.045730784879898678e+00 2.158874848088899956e+00
2.177782284107413702e+00 2.310064872607631159e+00
2.330834061732160567e+00 2.466650474801664217e+00
2.461700151078487497e+00 2.609175442721346716e+00
2.586225053793372641e+00 2.748788561001971331e+00
2.764467823061956597e+00 2.883068500947513879e+00
2.924028524166938592e+00 3.012789136421603953e+00
3.081412361430052371e+00 3.144713065380817074e+00
3.215771393989489191e+00 3.274340942865171300e+00
3.338171763624087962e+00 3.400709887560164013e+00
3.471913455230112522e+00 3.519968218790162862e+00
3.590266935544039306e+00 3.645277343367681055e+00
3.765538026103760316e+00 3.704067989544036266e+00
3.879645636165335532e+00 3.779814084745987124e+00
3.921144768350985466e+00 4.007350428252035357e+00
4.052178489906456349e+00 4.143490208044389611e+00
4.261498210562051803e+00 4.215233716962397459e+00
4.315413200346052136e+00 4.398064711670797600e+00
4.519305011579077380e+00 4.476537667051278646e+00
4.647015824247254123e+00 4.545701834891862525e+00
4.688757172857353162e+00 4.780429557450981193e+00
4.808448391708599168e+00 4.909684181307232720e+00
5.037117303671402979e+00 4.952998486887775442e+00
5.168133228219920383e+00 5.067300325665867966e+00
5.295510852498819254e+00 5.195802443190977726e+00
5.325931429176827159e+00 5.421866535509299645e+00
5.553709126987723010e+00 5.485449497908229333e+00
5.693995601957543506e+00 5.595123659666263016e+00
5.730040578346339508e+00 5.804753890935272942e+00
5.837600722113869267e+00 5.942552604083782164e+00
6.077332404294820023e+00 5.980142948508704315e+00
6.208221153947404147e+00 6.125277977595012580e+00
6.343352253297396715e+00 6.251055574086568534e+00
6.493504198995490029e+00 6.413730485303181794e+00
6.622061636372935212e+00 6.544250727267995948e+00
6.766518027380943323e+00 6.643623938342575030e+00
6.904953841115839985e+00 6.788032307699728207e+00
7.040157708854129837e+00 6.920978847930793876e+00
7.175689880267595022e+00 7.072250319418722952e+00
7.322251842714536885e+00 7.236736953106661652e+00
7.341397595080957572e+00 7.435079759602913896e+00
7.599712320385568098e+00 7.483892863454179256e+00
7.724227224971870420e+00 7.608009029205503815e+00
7.872094307759175180e+00 7.759793055563310560e+00
8.004933311086981362e+00 7.894698715452876492e+00
8.149373916964925968e+00 8.014939216433823788e+00
8.285509637742336508e+00 8.191466843266610454e+00
8.427035413904658157e+00 8.321409042146653334e+00
8.576435825077984632e+00 8.447891554566275829e+00
8.711956933003765613e+00 8.591289495821737177e+00
8.742242162100895442e+00 8.807915023121767106e+00
8.986555204864281166e+00 8.861036945550662125e+00
9.133627614624797886e+00 9.002859915954527281e+00
9.270687575616390674e+00 9.135627039562367102e+00
9.279940758687979852e+00 9.355540648652763025e+00
9.529185172532338655e+00 9.420326768548729746e+00
9.667378322105847133e+00 9.533522315757348764e+00
9.813598149843937080e+00 9.665578549515222662e+00
9.941415013225613606e+00 9.828351471531131978e+00
1.009432608138854270e+01 9.991068342729336749e+00
1.021164194562314798e+01 1.010644521858129430e+01
1.036554037941434636e+01 1.023357447469080839e+01
1.049947612795934404e+01 1.039486032042153774e+01
1.063887620439085424e+01 1.052954482480820708e+01
1.077655272080668958e+01 1.065223938044577601e+01
1.091876092994715997e+01 1.077304415161475504e+01
1.092640156195886014e+01 1.100349616611024217e+01
1.118040187040626776e+01 1.110948167602251857e+01
1.133130638307273585e+01 1.117588070601451911e+01
1.146545759323272939e+01 1.135860198167640789e+01
1.161327434459733254e+01 1.146488632359308468e+01
1.176100444165279058e+01 1.163851136117569673e+01
1.189837399535676354e+01 1.173032867461174611e+01
1.204042089551540151e+01 1.192642162079626011e+01
1.217882201400692566e+01 1.208375702877058799e+01
1.234052793010141258e+01 1.217007491281454357e+01
1.248574728331529116e+01 1.230917006331056207e+01
1.263647588931743471e+01 1.247717892360768843e+01
1.275898957002273271e+01 1.261277788615243445e+01
1.291501543110389960e+01 1.271086558188793347e+01
1.306620520409704866e+01 1.282713786802938394e+01
1.320981939118079396e+01 1.305524802021784936e+01
1.334658478137693116e+01 1.307549915847072874e+01
1.349405375219129333e+01 1.330973829150732257e+01
1.364184968659087360e+01 1.349361864245370590e+01
1.377979613112611368e+01 1.363265616166041028e+01
1.392716140214845844e+01 1.374346938290961440e+01
1.407302304015187033e+01 1.385539869834728499e+01
1.421421680558256639e+01 1.405014155318676927e+01
1.434685771818383238e+01 1.419473639357866368e+01
1.450255566108985406e+01 1.433714438618561182e+01
1.462977314391839734e+01 1.444719007977114700e+01
1.479866419502437935e+01 1.459344187176733065e+01
