0.000000000000000000e+00 0.000000000000000000e+00
0.000000000000000000e+00 0.000000000000000000e+00
0.000000000000000000e+00 0.000000000000000000e+00
0.000000000000000000e+00 0.000000000000000000e+00
0.000000000000000000e+00 0.000000000000000000e+00
0.000000000000000000e+00 0.000000000000000000e+00
0.000000000000000000e+00 0.000000000000000000e+00
0.000000000000000000e+00 0.000000000000000000e+00
0.000000000000000000e+00 0.000000000000000000e+00
0.000000000000000000e+00 0.000000000000000000e+00
0.000000000000000000e+00 0.000000000000000000e+00
0.000000000000000000e+00 0.000000000000000000e+00
0.000000000000000000e+00 0.000000000000000000e+00
0.000000000000000000e+00 0.000000000000000000e+00
0.000000000000000000e+00 0.000000000000000000e+00
0.000000000000000000e+00 0.000000000000000000e+00
0.000000000000000000e+00 0.000000000000000000e+00
0.000000000000000000e+00 0.000000000000000000e+00
0.000000000000000000e+00 0.000000000000000000e+00
0.000000000000000000e+00 0.000000000000000000e+00
1.950940347622198701e-01 0.000000000000000000e+00
0.000000000000000000e+00 0.000000000000000000e+00
2.906080740513550253e-02 0.000000000000000000e+00
5.909486843496104813e-03 0.000000000000000000e+00
2.866853098583229120e-01 2.158795223089746418e-01
4.985040097905382717e-01 6.223282050779047059e-02
6.933815674640018134e-01 4.092262109015970317e+00
4.441964782540228640e+00 9.023980370295680231e+00
9.040929788579735060e+00 9.917525867590224919e+00
1.008094638054586056e+01 9.888728453671845386e+00
1.040620115294672487e+01 1.043867056803598636e+01
1.053526285714544741e+01 1.061508749848076860e+01
1.071564297068629479e+01 1.071303700786100599e+01
1.088025278798476414e+01 1.104401990031774972e+01
1.107105127630451236e+01 1.128860740247680639e+01
1.123424769575756699e+01 1.154992993079186903e+01
1.144957265357454546e+01 1.178740335338503620e+01
1.174380633744628888e+01 1.202272976587724607e+01
1.200319077730419437e+01 1.224326244839497591e+01
1.224038568807715244e+01 1.245671069889866445e+01
1.246497435714743141e+01 1.266991114249500860e+01
1.273532323822900558e+01 1.287329693128345021e+01
1.294574815530935830e+01 1.307484735396923270e+01
1.315814855532352112e+01 1.326955670709855184e+01
1.336073981837197344e+01 1.345537870326059959e+01
1.363590722228731700e+01 1.354484688470762066e+01
1.383360117746994966e+01 1.370111327032548232e+01
1.404044898366613658e+01 1.391346274529363392e+01
1.414648715883341623e+01 1.425278679034484774e+01
1.444572406042977519e+01 1.436000670032061066e+01
1.459093808805029369e+01 1.464986609410230578e+01
1.485351845931107562e+01 1.481664282380783604e+01
1.507077674873939088e+01 1.503766044973895610e+01
1.529653390090549259e+01 1.524896447226577045e+01
1.550796936743800103e+01 1.547019471244488642e+01
1.569602314352689909e+01 1.572788916202062737e+01
1.594480101269971684e+01 1.592819385502041030e+01
1.615893621126832969e+01 1.614133306778423105e+01
1.632371376028592280e+01 1.638933763224791207e+01
1.661843394478967895e+01 1.658248534341121427e+01
1.684282710010575812e+01 1.675463679056532840e+01
1.708840966713412612e+01 1.693077179644555841e+01
1.732650088274585443e+01 1.721563994352115401e+01
1.755002961717938703e+01 1.748747766946436499e+01
1.778107560566868628e+01 1.770571916083663311e+01
1.801555432175230465e+01 1.790109854455154803e+01
1.826370529183292390e+01 1.812013512504850610e+01
1.849999796249588968e+01 1.840720334127352942e+01
1.875086768082172028e+01 1.862246126039893923e+01
1.897951168046425252e+01 1.885119068958037047e+01
1.922979300308356443e+01 1.912253886234604039e+01
1.946783944184638315e+01 1.932557036428584141e+01
1.971256039401909277e+01 1.961048760468576901e+01
1.995895823322179297e+01 1.980464624470645418e+01
2.020307315989441577e+01 2.001802587864461458e+01
2.042551987459206231e+01 2.031208636599475881e+01
2.068399917984134007e+01 2.056445148603543771e+01
2.092978761933824927e+01 2.079230046041895719e+01
2.117981445322651624e+01 2.102768078750408876e+01
2.145085962883285191e+01 2.126103639823774571e+01
2.168906445912537251e+01 2.150466787297593640e+01
2.193523070553072074e+01 2.172756165866529798e+01
2.217465734055213744e+01 2.196510251438226646e+01
2.243402657010211954e+01 2.223179626038500700e+01
2.268563148300220078e+01 2.243018708642616232e+01
2.291897036390861331e+01 2.270286958846270764e+01
2.317967758396542166e+01 2.299502285676048885e+01
2.342294489217039555e+01 2.320135035657061451e+01
2.366605969691186573e+01 2.344430808159668800e+01
2.391945307356362349e+01 2.370447384675965452e+01
2.416410223079123654e+01 2.400533891032203115e+01
2.441705847290397813e+01 2.416595319450453516e+01
2.467995458619784088e+01 2.439892855616744782e+01
2.492591922653869929e+01 2.469484452157441012e+01
2.517601110486122096e+01 2.496548979406431101e+01
2.543089237013203885e+01 2.525427775813349385e+01
2.569496161468540052e+01 2.540191782165207357e+01
2.594310095220966517e+01 2.569217554780236767e+01
2.619701777510379515e+01 2.593847459122314092e+01
2.646277323891959199e+01 2.620037528836835605e+01
2.671472885223385774e+01 2.655905658547501247e+01
