0.000000000000000000e+00 0.000000000000000000e+00
0.000000000000000000e+00 0.000000000000000000e+00
0.000000000000000000e+00 0.000000000000000000e+00
0.000000000000000000e+00 0.000000000000000000e+00
0.000000000000000000e+00 0.000000000000000000e+00
0.000000000000000000e+00 0.000000000000000000e+00
0.000000000000000000e+00 0.000000000000000000e+00
0.000000000000000000e+00 0.000000000000000000e+00
0.000000000000000000e+00 0.000000000000000000e+00
0.000000000000000000e+00 0.000000000000000000e+00
0.000000000000000000e+00 0.000000000000000000e+00
0.000000000000000000e+00 0.000000000000000000e+00
0.000000000000000000e+00 0.000000000000000000e+00
0.000000000000000000e+00 0.000000000000000000e+00
0.000000000000000000e+00 0.000000000000000000e+00
0.000000000000000000e+00 0.000000000000000000e+00
0.000000000000000000e+00 0.000000000000000000e+00
0.000000000000000000e+00 0.000000000000000000e+00
0.000000000000000000e+00 0.000000000000000000e+00
0.000000000000000000e+00 0.000000000000000000e+00
0.000000000000000000e+00 0.000000000000000000e+00
0.000000000000000000e+00 0.000000000000000000e+00
0.000000000000000000e+00 0.000000000000000000e+00
0.000000000000000000e+00 0.000000000000000000e+00
0.000000000000000000e+00 0.000000000000000000e+00
0.000000000000000000e+00 0.000000000000000000e+00
0.000000000000000000e+00 0.000000000000000000e+00
0.000000000000000000e+00 0.000000000000000000e+00
0.000000000000000000e+00 0.000000000000000000e+00
0.000000000000000000e+00 0.000000000000000000e+00
0.000000000000000000e+00 0.000000000000000000e+00
0.000000000000000000e+00 0.000000000000000000e+00
0.000000000000000000e+00 0.000000000000000000e+00
0.000000000000000000e+00 0.000000000000000000e+00
0.000000000000000000e+00 0.000000000000000000e+00
0.000000000000000000e+00 0.000000000000000000e+00
0.000000000000000000e+00 0.000000000000000000e+00
0.000000000000000000e+00 0.000000000000000000e+00
0.000000000000000000e+00 0.000000000000000000e+00
0.000000000000000000e+00 0.000000000000000000e+00
0.000000000000000000e+00 0.000000000000000000e+00
0.000000000000000000e+00 0.000000000000000000e+00
0.000000000000000000e+00 0.000000000000000000e+00
0.000000000000000000e+00 0.000000000000000000e+00
0.000000000000000000e+00 0.000000000000000000e+00
0.000000000000000000e+00 0.000000000000000000e+00
2.398703365915435537e-01 0.000000000000000000e+00
2.111127795315577149e-01 0.000000000000000000e+00
1.915711572205828439e+00 8.994081300944554158e-01
9.544330924794367510e-01 2.092919879496774882e-01
0.000000000000000000e+00 9.325735689572379750e-01
9.110019813135177280e-01 1.130648867599424623e+00
1.590162830633456981e+00 0.000000000000000000e+00
6.406362252203854801e+00 9.864896030621226330e+00
1.187045744659863011e+01 1.393592954217441005e+01
1.552747671668194052e+01 1.653097498249206510e+01
1.702759691441992018e+01 1.778138790026918414e+01
1.819399837611176807e+01 1.883277745228009792e+01
1.891505492016887402e+01 1.947557120703051226e+01
1.956879685961528992e+01 2.002996963902938177e+01
2.018161491998985113e+01 2.039988556329511127e+01
2.054781044198842110e+01 2.075140376770895756e+01
2.093280556127965042e+01 2.107412909913868049e+01
2.137369378982367607e+01 2.125876889409311943e+01
2.165740011009989985e+01 2.158958036422958671e+01
2.187852217437355407e+01 2.198447915199969671e+01
2.220273602411448621e+01 2.230372708030078854e+01
2.251094726933875378e+01 2.260381875196008750e+01
2.291659444617529928e+01 2.281270642140484384e+01
2.321955617865870991e+01 2.311625764730795396e+01
2.342210432837520173e+01 2.347439704056672127e+01
2.372760085195367807e+01 2.376368793017561032e+01
2.408764849061400071e+01 2.403352364075759695e+01
2.441867904846205306e+01 2.434286542974536616e+01
2.474700522827737714e+01 2.465736556378024602e+01
2.508452666886626048e+01 2.499028513586189959e+01
2.540994490506900050e+01 2.528557106429550316e+01
2.572691802414154694e+01 2.561310973131728375e+01
2.604805426931676848e+01 2.592783230684944584e+01
2.636235484370419968e+01 2.623728409185100219e+01
2.667920721059543609e+01 2.658971700454668152e+01
2.698929372408778704e+01 2.690649637400574079e+01
2.729562873593048522e+01 2.722906806202314201e+01
2.762783393138135324e+01 2.750308803581955175e+01
2.794706975208556443e+01 2.784077123647259810e+01
2.826514172791090473e+01 2.819460694064073891e+01
2.859608382150487671e+01 2.847415633137366342e+01
2.891827154381002885e+01 2.874749317781395064e+01
2.924486082194379577e+01 2.908880500462734275e+01
2.958416695868117330e+01 2.945015987767279952e+01
2.989769161380169393e+01 2.977583670782132330e+01
3.023983534014818986e+01 3.004670914259923009e+01
3.057827313268092695e+01 3.037351994182759896e+01
3.090521960658344724e+01 3.068853602082606358e+01
3.124766128462998438e+01 3.101731050596825412e+01
3.156486950496265464e+01 3.132979510252348732e+01
3.188253947747014649e+01 3.161415619596740711e+01
3.221532090165784012e+01 3.199066691885048286e+01
3.253213484909104380e+01 3.233682180691003794e+01
3.286719894490154559e+01 3.263481141043264699e+01
3.319434169845371230e+01 3.302247555456094119e+01
