0.000000000000000000e+00 0.000000000000000000e+00
0.000000000000000000e+00 0.000000000000000000e+00
0.000000000000000000e+00 0.000000000000000000e+00
0.000000000000000000e+00 0.000000000000000000e+00
0.000000000000000000e+00 0.000000000000000000e+00
0.000000000000000000e+00 0.000000000000000000e+00
0.000000000000000000e+00 0.000000000000000000e+00
0.000000000000000000e+00 0.000000000000000000e+00
0.000000000000000000e+00 0.000000000000000000e+00
0.000000000000000000e+00 0.000000000000000000e+00
0.000000000000000000e+00 0.000000000000000000e+00
0.000000000000000000e+00 0.000000000000000000e+00
0.000000000000000000e+00 0.000000000000000000e+00
0.000000000000000000e+00 0.000000000000000000e+00
0.000000000000000000e+00 0.000000000000000000e+00
0.000000000000000000e+00 0.000000000000000000e+00
0.000000000000000000e+00 0.000000000000000000e+00
0.000000000000000000e+00 0.000000000000000000e+00
0.000000000000000000e+00 0.000000000000000000e+00
0.000000000000000000e+00 0.000000000000000000e+00
0.000000000000000000e+00 0.000000000000000000e+00
0.000000000000000000e+00 0.000000000000000000e+00
0.000000000000000000e+00 0.000000000000000000e+00
0.000000000000000000e+00 0.000000000000000000e+00
0.000000000000000000e+00 0.000000000000000000e+00
0.000000000000000000e+00 0.000000000000000000e+00
0.000000000000000000e+00 0.000000000000000000e+00
0.000000000000000000e+00 0.000000000000000000e+00
0.000000000000000000e+00 0.000000000000000000e+00
0.000000000000000000e+00 0.000000000000000000e+00
0.000000000000000000e+00 0.000000000000000000e+00
0.000000000000000000e+00 0.000000000000000000e+00
0.000000000000000000e+00 0.000000000000000000e+00
0.000000000000000000e+00 0.000000000000000000e+00
0.000000000000000000e+00 0.000000000000000000e+00
0.000000000000000000e+00 0.000000000000000000e+00
0.000000000000000000e+00 0.000000000000000000e+00
0.000000000000000000e+00 0.000000000000000000e+00
0.000000000000000000e+00 0.000000000000000000e+00
0.000000000000000000e+00 0.000000000000000000e+00
0.000000000000000000e+00 0.000000000000000000e+00
0.000000000000000000e+00 0.000000000000000000e+00
0.000000000000000000e+00 0.000000000000000000e+00
0.000000000000000000e+00 0.000000000000000000e+00
0.000000000000000000e+00 0.000000000000000000e+00
0.000000000000000000e+00 0.000000000000000000e+00
0.000000000000000000e+00 0.000000000000000000e+00
0.000000000000000000e+00 0.000000000000000000e+00
0.000000000000000000e+00 0.000000000000000000e+00
0.000000000000000000e+00 0.000000000000000000e+00
0.000000000000000000e+00 0.000000000000000000e+00
0.000000000000000000e+00 0.000000000000000000e+00
0.000000000000000000e+00 0.000000000000000000e+00
0.000000000000000000e+00 0.000000000000000000e+00
0.000000000000000000e+00 0.000000000000000000e+00
0.000000000000000000e+00 0.000000000000000000e+00
0.000000000000000000e+00 0.000000000000000000e+00
0.000000000000000000e+00 0.000000000000000000e+00
0.000000000000000000e+00 0.000000000000000000e+00
0.000000000000000000e+00 0.000000000000000000e+00
0.000000000000000000e+00 0.000000000000000000e+00
0.000000000000000000e+00 0.000000000000000000e+00
0.000000000000000000e+00 0.000000000000000000e+00
0.000000000000000000e+00 0.000000000000000000e+00
2.184829518277077443e-01 0.000000000000000000e+00
5.059062074031023259e-01 7.098013484430773512e-02
2.026449678574721858e-01 0.000000000000000000e+00
6.258507582996283292e-01 0.000000000000000000e+00
1.116215662853236035e+00 5.765848654262334394e-01
1.823448057239027253e+00 1.037059070097267188e+01
9.854725158376897554e+00 1.572636776046356033e+01
1.841347753468580706e+01 1.935953894131864317e+01
2.213417548495016263e+01 2.220849300987831043e+01
2.394882102034664939e+01 2.397814669967571533e+01
2.497983856879938003e+01 2.514544062416925740e+01
2.587746527037152333e+01 2.594324925711691066e+01
2.642470040605173409e+01 2.652517980346520332e+01
2.693407518151294155e+01 2.699427099396529073e+01
2.740068943796584122e+01 2.743844531527592068e+01
2.791451741139304588e+01 2.783940907193613512e+01
2.836243634056995688e+01 2.830798273388533204e+01
2.877659001879765199e+01 2.872417027349787944e+01
2.921904787612720611e+01 2.913181151858591633e+01
2.963734534053553560e+01 2.957619031440588842e+01
3.005928500975748818e+01 2.997913042904322722e+01
3.046223315600608572e+01 3.037657096415479074e+01
3.088741693801225097e+01 3.077299168222414494e+01
3.127889766207174205e+01 3.117701696515700860e+01
3.167403686667444518e+01 3.153074897610786920e+01
3.204553391045785560e+01 3.192654860459599675e+01
3.243358985422668184e+01 3.230713978698427269e+01
3.280664437627638819e+01 3.267646581767179725e+01
3.319362785244949521e+01 3.307314176171722409e+01
3.357801120540366213e+01 3.343307820132869068e+01
3.394653510847992095e+01 3.383528115355062482e+01
3.432181540983564361e+01 3.422611700695348702e+01
3.469058901003553075e+01 3.454528893038159509e+01
3.506367992551248136e+01 3.495150868905615482e+01
3.543808150047117778e+01 3.530677809163967851e+01
3.582039635525556776e+01 3.566281582443515674e+01
3.618631663416390154e+01 3.605763106993365597e+01
