0.000000000000000000e+00 0.000000000000000000e+00
0.000000000000000000e+00 0.000000000000000000e+00
0.000000000000000000e+00 0.000000000000000000e+00
0.000000000000000000e+00 0.000000000000000000e+00
0.000000000000000000e+00 0.000000000000000000e+00
0.000000000000000000e+00 0.000000000000000000e+00
0.000000000000000000e+00 0.000000000000000000e+00
0.000000000000000000e+00 0.000000000000000000e+00
0.000000000000000000e+00 0.000000000000000000e+00
0.000000000000000000e+00 0.000000000000000000e+00
3.889545819214856870e-02 0.000000000000000000e+00
1.428460896274838243e-01 3.892752451157308752e-02
3.443425309630411824e-01 1.339241948262812343e-01
2.819466517507100978e+00 3.156181683427467632e+00
4.275274986308321701e+00 4.862664080699800273e+00
4.830367236858821300e+00 4.771369846691703387e+00
5.470740122845283437e+00 5.617659232698720473e+00
5.630171932231819554e+00 5.857741485518407565e+00
5.890003081842766441e+00 6.052977896067530672e+00
6.083319645522834662e+00 6.372567407253730387e+00
6.282169214259875289e+00 6.615875324666727231e+00
6.496643413247433330e+00 6.797710073761301430e+00
6.809430309533363257e+00 7.015289423623780607e+00
7.097942312644650364e+00 7.231244077334516795e+00
7.259991715516885158e+00 7.460211771139216630e+00
7.445067463069425351e+00 7.656779077958645097e+00
7.649425861179341091e+00 7.850912965280126166e+00
7.806819427371674003e+00 8.036645411245055826e+00
8.007031433049153435e+00 8.213201451579353218e+00
8.247352566943343177e+00 8.390222466415909963e+00
8.418013093867852348e+00 8.574943768386212639e+00
8.660831785514796266e+00 8.752486252954485124e+00
8.834848471638467871e+00 8.920421419158497400e+00
8.999858677201274304e+00 9.103468620191565108e+00
9.188130742779717863e+00 9.265927704950517096e+00
9.357641494349163480e+00 9.421199662748167114e+00
9.576304987900273957e+00 9.518090562897386420e+00
9.751170871651765992e+00 9.681152086060549777e+00
9.910300908122895436e+00 9.840956263223896272e+00
9.997165711164507584e+00 1.011554476042945439e+01
1.027775258858255469e+01 1.017924510167419783e+01
1.035683384129434437e+01 1.047401183860828411e+01
1.055596270719622431e+01 1.065646144586320432e+01
1.071493160639279374e+01 1.083813960717662361e+01
1.101310759478253587e+01 1.090962101231887260e+01
1.118836007263980115e+01 1.108096249545356038e+01
1.125066481588483569e+01 1.138333764600710296e+01
1.156383020795041183e+01 1.145717226496532959e+01
1.174385178692915055e+01 1.164333473231906169e+01
1.182145447271345873e+01 1.193723748911989624e+01
1.212115131744057095e+01 1.201415518337396371e+01
1.230948583683369968e+01 1.222634445661207003e+01
1.250192730034055799e+01 1.237525640040954400e+01
1.260707716400493439e+01 1.268043906020794154e+01
1.287567049917415929e+01 1.279929004170073270e+01
1.307207641278383825e+01 1.294392578536162119e+01
1.325887515922286042e+01 1.313372639053714153e+01
1.345421651138517660e+01 1.334579342710186367e+01
1.364584102198531390e+01 1.353381561457492488e+01
1.384355915295911466e+01 1.370869387174568210e+01
1.404846180162423863e+01 1.385675800209474318e+01
1.424513059460465492e+01 1.411858555439890139e+01
1.443215390392129649e+01 1.431491351220441466e+01
1.463441680326944017e+01 1.445444737741911112e+01
1.484919931468563803e+01 1.470346276836334809e+01
1.504377318564280408e+01 1.489689973340246887e+01
1.524830437161095986e+01 1.505075605504854686e+01
1.544857445536391793e+01 1.528351366285726520e+01
1.564427858239110414e+01 1.551158259608864398e+01
1.584758328745335376e+01 1.565753342553592908e+01
1.604902133455759738e+01 1.589775193993469848e+01
1.625000882393800339e+01 1.611555517077954036e+01
1.645269836933052332e+01 1.627186144207400176e+01
1.664476198663419027e+01 1.654460098613413521e+01
1.685524190733261563e+01 1.673025614974686093e+01
1.706015104810086669e+01 1.688063210790558344e+01
1.726775643627111378e+01 1.709077777543223675e+01
1.746682866783959298e+01 1.726745029126093911e+01
1.766529824457103359e+01 1.749437845794405888e+01
1.787616573835322242e+01 1.773293708129224200e+01
1.807789424222396946e+01 1.792520793687898717e+01
1.828297789812812724e+01 1.811286787640768381e+01
1.848374218634307908e+01 1.837013672846557100e+01
1.869251646589110649e+01 1.850617021342858592e+01
1.889784767036960034e+01 1.868955497229199025e+01
1.911697116763816240e+01 1.896913069226313908e+01
1.931351206062502968e+01 1.921814629926191742e+01
1.952927294560326388e+01 1.933879784575188765e+01
1.974523480633042283e+01 1.958447051572879616e+01
1.994966351325404830e+01 1.968756350647678133e+01
2.017199957363498086e+01 1.996818287355049648e+01
2.037490480319413422e+01 2.011795951179874464e+01
2.059073680452106814e+01 2.037731079404094103e+01
2.080155035402092523e+01 2.043611373101210660e+01
2.100492863793832399e+01 2.079207057512055812e+01
2.122337535288875543e+01 2.097271883989518315e+01
2.143362499081639783e+01 2.118852069448278641e+01
2.162777637805192654e+01 2.137322938894022784e+01
2.186517849070113684e+01 2.162035742288827223e+01
2.208018784088420716e+01 2.177640004413735397e+01
2.227390322923821486e+01 2.202375320897024480e+01
