0.000000000000000000e+00 0.000000000000000000e+00
0.000000000000000000e+00 0.000000000000000000e+00
0.000000000000000000e+00 0.000000000000000000e+00
0.000000000000000000e+00 0.000000000000000000e+00
0.000000000000000000e+00 0.000000000000000000e+00
0.000000000000000000e+00 0.000000000000000000e+00
0.000000000000000000e+00 0.000000000000000000e+00
0.000000000000000000e+00 0.000000000000000000e+00
0.000000000000000000e+00 0.000000000000000000e+00
0.000000000000000000e+00 0.000000000000000000e+00
0.000000000000000000e+00 0.000000000000000000e+00
0.000000000000000000e+00 0.000000000000000000e+00
0.000000000000000000e+00 0.000000000000000000e+00
0.000000000000000000e+00 0.000000000000000000e+00
0.000000000000000000e+00 0.000000000000000000e+00
0.000000000000000000e+00 0.000000000000000000e+00
0.000000000000000000e+00 0.000000000000000000e+00
0.000000000000000000e+00 0.000000000000000000e+00
0.000000000000000000e+00 0.000000000000000000e+00
0.000000000000000000e+00 0.000000000000000000e+00
0.000000000000000000e+00 0.000000000000000000e+00
0.000000000000000000e+00 0.000000000000000000e+00
0.000000000000000000e+00 0.000000000000000000e+00
0.000000000000000000e+00 3.179655414028716431e-01
5.404245991619082146e-01 1.171741252385532506e-01
6.795178317413939073e-01 3.797214880602050036e-01
1.072760672507967916e+00 6.281199405718779438e+00
6.671656273262314585e+00 6.800205108819562305e+00
7.784164085728420446e+00 8.350908548443660706e+00
9.018672830308785748e+00 9.512735325697642352e+00
9.550382169776346686e+00 9.912047137246885242e+00
9.930297850571383478e+00 1.036221734110779202e+01
1.040291387500788822e+01 1.063830432689743155e+01
1.064292666029768064e+01 1.087664779665162307e+01
1.085294237691387487e+01 1.115862590855044978e+01
1.109922918327374042e+01 1.144014812459276875e+01
1.136275789943822190e+01 1.171432642205197183e+01
1.158743776479612286e+01 1.198165724266895893e+01
1.190593302501031836e+01 1.222231117727912419e+01
1.215760296859653167e+01 1.245966904472278891e+01
1.247432923451313336e+01 1.268054199106776281e+01
1.273220780851530520e+01 1.289916942780969222e+01
1.291857252189977068e+01 1.311900706326274424e+01
1.316768870913271172e+01 1.333087496294990615e+01
1.339725062217986640e+01 1.353502376311195476e+01
1.362355557253460603e+01 1.373768513905300992e+01
1.382288325548157992e+01 1.393446062505951133e+01
1.411755128844099616e+01 1.400354952374612871e+01
1.432130436744098034e+01 1.409899215853591414e+01
1.433513366361432517e+01 1.452768312629175185e+01
1.472691484150294094e+01 1.457492719129752956e+01
1.493019362052535115e+01 1.475415366780762660e+01
1.512980677989113332e+01 1.498402794075854949e+01
1.535370103165727151e+01 1.521392168041896831e+01
1.556164133045467501e+01 1.544231021095880507e+01
1.564633043924721534e+01 1.578905705176897101e+01
1.599542905922780278e+01 1.585604725585635855e+01
1.606788923741624231e+01 1.622262241413094941e+01
1.644464080994549704e+01 1.628511490088169111e+01
1.667471354628203528e+01 1.647039865649908918e+01
1.690394548685069864e+01 1.671416055190730532e+01
1.712507506811097002e+01 1.693258037122410542e+01
1.735822112680203233e+01 1.719035480920502579e+01
1.737292494113707164e+01 1.756852090521896059e+01
1.780824680617469014e+01 1.766683284809352017e+01
1.805019446305634290e+01 1.788608659455244521e+01
1.826871276243920406e+01 1.807035277753995928e+01
1.850579898621305830e+01 1.837594723762180493e+01
1.874290649900281025e+01 1.854538785157952319e+01
1.897535415462206387e+01 1.878941389151415109e+01
1.902458322876596242e+01 1.916771642084471594e+01
1.942126566661122311e+01 1.922732876648833766e+01
1.964947769136433209e+01 1.946777084616265086e+01
1.989348512980914663e+01 1.974720477380965988e+01
2.013652811537692244e+01 1.994547042834117434e+01
2.039385501550591329e+01 2.019298709463713237e+01
2.063701734289051615e+01 2.042119619789464480e+01
2.087911708189455595e+01 2.068748873544317846e+01
2.113125230323597137e+01 2.093307370062159123e+01
2.138405008857753486e+01 2.113595659082141509e+01
2.163184904777144268e+01 2.141964178948776976e+01
2.187351846142965073e+01 2.164616623098460124e+01
2.213336588266167837e+01 2.193429524919624996e+01
2.237569009175244261e+01 2.217449092266583222e+01
2.262321633066986593e+01 2.242093143898418361e+01
2.288608771140933129e+01 2.266780830038896255e+01
2.314500016885427769e+01 2.294406485519420968e+01
2.338680090274944945e+01 2.315361268437511555e+01
2.365688024560325076e+01 2.335485808850179623e+01
2.390047134235967974e+01 2.357287726703740560e+01
2.416469465701094421e+01 2.392645726972243025e+01
2.440551891709031551e+01 2.417961058943985719e+01
2.466760029693968548e+01 2.439950617539718891e+01
2.493087290618082363e+01 2.466768360077346856e+01
2.519374237294725916e+01 2.495912748423932470e+01
2.544929332259308552e+01 2.510962936704867943e+01
2.569491786578858949e+01 2.542847764592271886e+01
2.593209525919948177e+01 2.560179055292439187e+01
2.620046372131484347e+01 2.584666304366291456e+01
2.644790514726458142e+01 2.611489854875216565e+01
2.669807218398996440e+01 2.642050736851258108e+01
