0.000000000000000000e+00 1.114776911789657765e+00
1.458985213893357447e+00 1.455402250680820186e+00
1.417326969672723758e+00 1.420332942057218162e+00
1.438668260202061511e+00 1.427809042034249964e+00
1.487094423182791836e+00 1.481101533306852902e+00
1.602494068797147841e+00 1.684031080240240508e+00
1.733294250317572116e+00 1.728875522388218844e+00
1.851264207202657719e+00 2.036578295857420340e+00
2.004099021929633739e+00 2.166940449092501719e+00
2.178435369382679454e+00 2.334491315021400393e+00
2.325098613069922937e+00 2.464733183650164694e+00
2.505507720506559011e+00 2.609584031720975528e+00
2.643960482411707780e+00 2.736584920818965205e+00
2.768906970645769405e+00 2.857562924099760426e+00
2.896437781367702691e+00 2.978253013069830590e+00
3.029235032796903315e+00 3.098300844974450907e+00
3.173175735259267327e+00 3.226389884131551256e+00
3.336427448952568486e+00 3.302686843732861810e+00
3.399796234398089645e+00 3.479440170117739761e+00
3.529531123755224264e+00 3.614520275671937899e+00
3.644179019456257773e+00 3.741942289435435942e+00
3.776948497324028153e+00 3.862573895850599293e+00
3.985263873170309168e+00 3.892389743970402272e+00
4.108081554201472585e+00 4.024617155041460670e+00
4.151235359652248214e+00 4.227910577498581013e+00
4.363364408351327661e+00 4.280769965371556296e+00
4.382434631706194850e+00 4.488773754451577780e+00
4.620637471443528099e+00 4.501217180742537849e+00
4.747497398417844572e+00 4.663422965471097470e+00
4.882150258238103113e+00 4.783286697682680888e+00
4.919638377397507867e+00 5.012360811362460034e+00
5.141774867328201992e+00 5.034861448332196510e+00
5.274960530401075154e+00 5.192396074691083996e+00
5.409356930553828491e+00 5.273528379355036044e+00
5.542633654074943905e+00 5.434931366397520058e+00
5.679738241939519483e+00 5.586003731406935735e+00
5.810756202206925458e+00 5.712046591232532222e+00
5.948601560889934525e+00 5.831225945674392008e+00
6.075506345916516615e+00 5.994725835792875657e+00
6.204402208011494224e+00 6.092668306010620149e+00
6.346411475617194320e+00 6.265707526268488259e+00
6.487523568923301731e+00 6.378111082515261820e+00
6.618959004176074856e+00 6.530093180145528642e+00
6.760010538430628380e+00 6.645081544988109101e+00
6.898869237935307375e+00 6.780454492855086279e+00
7.037737259111032984e+00 6.941005745520498316e+00
7.182214126225874296e+00 7.069818310525483263e+00
7.314600420441913720e+00 7.203155701343443518e+00
7.461459871866138016e+00 7.338241176637149366e+00
7.598300835894094440e+00 7.494699220008560481e+00
7.733995065929366142e+00 7.620390119594775413e+00
7.870933781853356237e+00 7.760513168635916337e+00
8.012388014076902820e+00 7.894096547875876446e+00
8.146153058290007465e+00 8.033337408565589755e+00
8.291577057995468181e+00 8.167031909150086477e+00
8.426634567775037610e+00 8.291071021948830833e+00
8.440376638773717133e+00 8.528414205250379965e+00
8.694704077315938306e+00 8.576996053680103316e+00
8.838339665151641711e+00 8.719186531110683092e+00
8.974647385859018556e+00 8.879024030899405062e+00
9.124998386366469205e+00 8.997939640854930587e+00
9.267162781562365836e+00 9.121180959908713248e+00
9.407475460354771002e+00 9.283014792055011455e+00
9.559776164365814566e+00 9.392366568919308989e+00
9.692647666490051606e+00 9.550945980674530489e+00
9.830611571611246546e+00 9.675452664122349944e+00
9.980831593802305335e+00 9.872057099281260406e+00
1.012165943791231726e+01 9.937474361437770298e+00
1.025358934435017666e+01 1.008446420236060526e+01
1.040368409327673760e+01 1.025743455683416627e+01
1.053760380515718786e+01 1.035725460556909105e+01
1.067160909609524211e+01 1.052316877267525896e+01
1.080407279544197507e+01 1.062320397736828070e+01
1.094981120222640669e+01 1.082280990289598499e+01
1.108883012036839943e+01 1.086426508932342827e+01
1.122959085720299299e+01 1.110186435488663115e+01
1.136746960338804691e+01 1.125838792911719821e+01
1.152332697527894112e+01 1.133190454736244313e+01
1.164844456066823319e+01 1.139024294791003200e+01
1.178766942811701668e+01 1.159248296564332392e+01
1.194513060621061484e+01 1.176793161620879324e+01
1.206761632098668713e+01 1.192020666552624242e+01
1.222177060147377681e+01 1.202048367561414643e+01
1.236777200533574295e+01 1.222888910283184849e+01
1.250934917160313731e+01 1.231968482920095553e+01
1.248133206896975445e+01 1.256240635582073750e+01
1.276924290545446716e+01 1.267537505261987718e+01
1.290744923344172435e+01 1.282705169882281915e+01
1.303718954404757469e+01 1.285488263561369493e+01
1.317854224765766347e+01 1.309626986411226213e+01
1.333445185126827148e+01 1.319613424252707823e+01
1.347190806345512826e+01 1.332125323094451375e+01
1.359707555220424879e+01 1.349845229127626212e+01
1.374383643076057737e+01 1.355362707426141711e+01
1.389601533728268912e+01 1.375300464083980145e+01
1.403029879056332518e+01 1.390329076947482356e+01
1.417050276038110113e+01 1.404453204117574217e+01
1.433262100089374336e+01 1.414728127303026461e+01
1.444510410791371413e+01 1.426832753290802636e+01
1.457150777866305980e+01 1.436892837576935023e+01
1.475990178757387561e+01 1.459622479634387204e+01
