0.000000000000000000e+00 0.000000000000000000e+00
0.000000000000000000e+00 0.000000000000000000e+00
0.000000000000000000e+00 0.000000000000000000e+00
0.000000000000000000e+00 0.000000000000000000e+00
0.000000000000000000e+00 0.000000000000000000e+00
0.000000000000000000e+00 0.000000000000000000e+00
0.000000000000000000e+00 0.000000000000000000e+00
0.000000000000000000e+00 0.000000000000000000e+00
0.000000000000000000e+00 0.000000000000000000e+00
0.000000000000000000e+00 0.000000000000000000e+00
0.000000000000000000e+00 0.000000000000000000e+00
0.000000000000000000e+00 0.000000000000000000e+00
0.000000000000000000e+00 0.000000000000000000e+00
0.000000000000000000e+00 0.000000000000000000e+00
0.000000000000000000e+00 0.000000000000000000e+00
0.000000000000000000e+00 0.000000000000000000e+00
0.000000000000000000e+00 0.000000000000000000e+00
0.000000000000000000e+00 0.000000000000000000e+00
0.000000000000000000e+00 0.000000000000000000e+00
0.000000000000000000e+00 0.000000000000000000e+00
0.000000000000000000e+00 0.000000000000000000e+00
0.000000000000000000e+00 0.000000000000000000e+00
0.000000000000000000e+00 0.000000000000000000e+00
0.000000000000000000e+00 0.000000000000000000e+00
0.000000000000000000e+00 0.000000000000000000e+00
0.000000000000000000e+00 0.000000000000000000e+00
0.000000000000000000e+00 0.000000000000000000e+00
0.000000000000000000e+00 0.000000000000000000e+00
0.000000000000000000e+00 0.000000000000000000e+00
0.000000000000000000e+00 0.000000000000000000e+00
5.126402733456282279e-01 0.000000000000000000e+00
2.591177197004286836e-01 2.053545474027087536e+00
3.532348144432066128e+00 6.673505692902161002e+00
6.377122995499331815e+00 8.472310313652510416e+00
8.270290542681401291e+00 9.575778793634967201e+00
9.991920059921790553e+00 9.864695422696472704e+00
1.071033711932903110e+01 1.093747029274607918e+01
1.128663267833810302e+01 1.157313210655706470e+01
1.198384164767645466e+01 1.234549995084342733e+01
1.253036600344847962e+01 1.278914586805933595e+01
1.299990227132897402e+01 1.311410321665001710e+01
1.329577660104024694e+01 1.342131896933589807e+01
1.359893647086457769e+01 1.372463483826872910e+01
1.385024936729205969e+01 1.401672557417825438e+01
1.412080219908397005e+01 1.427917263511958623e+01
1.437044163536840280e+01 1.450887241001373340e+01
1.468432214173413541e+01 1.462635697314508754e+01
1.486326474452344470e+01 1.500623564904239160e+01
1.514589034056224826e+01 1.527879528872354697e+01
1.545517824330353029e+01 1.552096703005012657e+01
1.570075976614993252e+01 1.576490728085044069e+01
1.595643982433862007e+01 1.602086309827159738e+01
1.615338003565181779e+01 1.626278626201291644e+01
1.647840771945763905e+01 1.639201126219978732e+01
1.661375866936953116e+01 1.671354082362302762e+01
1.686159197244018415e+01 1.693810078604576930e+01
1.715749662408608955e+01 1.707656285948815622e+01
1.738824560266952091e+01 1.730871157363607793e+01
1.763057606141301292e+01 1.752633121186621423e+01
1.786629921751888617e+01 1.778267996143464913e+01
1.801946199464234510e+01 1.810623702289866088e+01
1.834277563136402378e+01 1.825520037859130795e+01
1.851197394850963462e+01 1.856904251332321465e+01
1.875325346981981411e+01 1.879320082723134888e+01
1.905517501499971544e+01 1.897094864215844012e+01
1.929127959860447916e+01 1.921684102114467407e+01
1.955769978526094377e+01 1.948328080540856533e+01
1.971532757679326053e+01 1.977659412298516273e+01
2.005360270271861367e+01 1.997722088528194107e+01
2.030101104537705226e+01 2.020481539347850486e+01
2.057146819205993182e+01 2.043944506782889903e+01
2.081930953513818139e+01 2.066632885181499546e+01
2.107099031644111875e+01 2.091107976070282248e+01
2.133902684720970555e+01 2.116723965439294020e+01
2.159187268753410294e+01 2.145644690376906283e+01
2.185616070920704956e+01 2.168980023877201546e+01
2.211668662331700475e+01 2.193822860878675485e+01
2.239174260469217970e+01 2.221611528898537102e+01
2.265372545604806476e+01 2.251355216590667752e+01
2.292138733267982431e+01 2.277318999214465123e+01
2.317988577991223309e+01 2.302152156026472340e+01
2.344590450043177299e+01 2.326774374194511097e+01
2.370836557417696611e+01 2.351998260742076141e+01
2.398126438742657385e+01 2.376213481841697472e+01
2.425779664740261055e+01 2.406077386419943664e+01
2.454443586631668950e+01 2.434529066659900565e+01
2.479903106049489736e+01 2.457088041674323264e+01
2.507367837743208838e+01 2.482609602806540394e+01
2.535180401258445571e+01 2.511324749100176490e+01
2.561631232681013870e+01 2.537943710394334573e+01
2.586621891277735230e+01 2.561834719188248854e+01
2.615693602660095607e+01 2.589256278863752669e+01
2.643652450204911730e+01 2.615220287708032387e+01
2.671760247329548221e+01 2.640776545944844500e+01
2.698261154174467080e+01 2.680709337066237552e+01
2.726063913993474941e+01 2.696011472446140189e+01
2.753755066798123252e+01 2.726306704687510063e+01
2.781468784242606773e+01 2.752808676457635073e+01
2.808865689884393291e+01 2.775791347385630203e+01
2.833978741432716930e+01 2.804050152463328160e+01
2.862909780954246486e+01 2.834901323237012960e+01
