0.000000000000000000e+00 0.000000000000000000e+00
0.000000000000000000e+00 0.000000000000000000e+00
0.000000000000000000e+00 0.000000000000000000e+00
0.000000000000000000e+00 0.000000000000000000e+00
0.000000000000000000e+00 0.000000000000000000e+00
0.000000000000000000e+00 0.000000000000000000e+00
0.000000000000000000e+00 0.000000000000000000e+00
0.000000000000000000e+00 0.000000000000000000e+00
0.000000000000000000e+00 0.000000000000000000e+00
0.000000000000000000e+00 0.000000000000000000e+00
0.000000000000000000e+00 0.000000000000000000e+00
0.000000000000000000e+00 0.000000000000000000e+00
0.000000000000000000e+00 0.000000000000000000e+00
0.000000000000000000e+00 0.000000000000000000e+00
0.000000000000000000e+00 0.000000000000000000e+00
0.000000000000000000e+00 0.000000000000000000e+00
0.000000000000000000e+00 2.996395748002715284e-02
0.000000000000000000e+00 1.407916865093354342e-01
5.224419208219478056e-02 9.264637742582541025e-01
4.496528067636275106e-01 1.401321509525043085e-01
1.661930326726183349e+00 2.278378601688050509e+00
2.858600493973471934e+00 5.091364431086337738e+00
5.173627051021940204e+00 6.478317158045687307e+00
6.346855281985616770e+00 7.089569501841582522e+00
7.349437253484217614e+00 7.970498282247111987e+00
7.906695504298445698e+00 8.463852623849588142e+00
8.538896707851412415e+00 8.705637532718588645e+00
8.701747976153567876e+00 8.990146266278344456e+00
8.928198300505803431e+00 9.180258029454689606e+00
9.262368764301365687e+00 9.432851434618436670e+00
9.452182531653273045e+00 9.695118740034663674e+00
9.665318228970152248e+00 9.910411404716363393e+00
9.935499168341079823e+00 1.013534411287666437e+01
1.015871442061430052e+01 1.038402608566663687e+01
1.039090314340458043e+01 1.060662615275513510e+01
1.059412150875301428e+01 1.082298850181992833e+01
1.085743853342665943e+01 1.104505382051098294e+01
1.100676890910190053e+01 1.125811378320671174e+01
1.126305492352748416e+01 1.145700686667079360e+01
1.151047863745602662e+01 1.165729701739042667e+01
1.173957965308297169e+01 1.185936034479728285e+01
1.195211917568503956e+01 1.205300896296485824e+01
1.216179086052566127e+01 1.224416073776590252e+01
1.235238529860456325e+01 1.242983765067105750e+01
1.260740905523930877e+01 1.253087899468175870e+01
1.265301928174498158e+01 1.282480537192783920e+01
1.290635024595509073e+01 1.302866654692616066e+01
1.311772455790489822e+01 1.322077961002479007e+01
1.341286836543012306e+01 1.331352469502341407e+01
1.360245872744113171e+01 1.343127220656105614e+01
1.366353710601346449e+01 1.380577482924731214e+01
1.400260759650664077e+01 1.388420288261135482e+01
1.420671384315559216e+01 1.409624423298356000e+01
1.442734025991190805e+01 1.431160016796651391e+01
1.463005968462120876e+01 1.448162818626501114e+01
1.468551212039753651e+01 1.482992474186954013e+01
1.503829436967183852e+01 1.493167550159394530e+01
1.525895371975806825e+01 1.512370850535284283e+01
1.546376992478756840e+01 1.534587007383715118e+01
1.568648021602905374e+01 1.553711425980207217e+01
1.590290694499775093e+01 1.572754671427176376e+01
1.598315066852802069e+01 1.609080227534752439e+01
1.632845183182430304e+01 1.616834658420314952e+01
1.654129349637846147e+01 1.638490088316887494e+01
1.676125092531432514e+01 1.666371584454911670e+01
1.697642390943140356e+01 1.681062661938077341e+01
1.720261037384466363e+01 1.705642934000540833e+01
1.742981375999025317e+01 1.731190315615751629e+01
1.766242003403777616e+01 1.751429553480782886e+01
1.787872899915267055e+01 1.768913237660619586e+01
1.811398006855761267e+01 1.790766057375761022e+01
1.833189340388198119e+01 1.820287621121467225e+01
1.855167132609439307e+01 1.843251543737331843e+01
1.878219852318433780e+01 1.857009429715588666e+01
1.900462576701873729e+01 1.885899555959395357e+01
1.924065805441209420e+01 1.907680545689208529e+01
1.946007131422132375e+01 1.932925745915516913e+01
1.969807603869859491e+01 1.951122638043515778e+01
1.992947539584729810e+01 1.969936954538205498e+01
2.015340909738417352e+01 1.997208406019824878e+01
2.037646266233518588e+01 2.016777772027043625e+01
2.059655940783454398e+01 2.043456279108670870e+01
2.083574748424955914e+01 2.067085153653789575e+01
2.106934144379499685e+01 2.081239510082708222e+01
2.129481474637877980e+01 2.111356162674392678e+01
2.153139536997525738e+01 2.125473341078735245e+01
2.174405071355404928e+01 2.154600100526342743e+01
2.197794666854005285e+01 2.180640803683158069e+01
2.220484627858419913e+01 2.198532165541388395e+01
2.242807909950205669e+01 2.223049710830108694e+01
2.266924889522853803e+01 2.242812281982550715e+01
2.289858603099779089e+01 2.268526679235111843e+01
2.313619713348569817e+01 2.290540512478764867e+01
2.335668274389520604e+01 2.310357375003344771e+01
2.360279983235741597e+01 2.331506090903842221e+01
2.383960440758767163e+01 2.355545405426149941e+01
2.408410694749613157e+01 2.377685987709791604e+01
2.433502374721976125e+01 2.406980266222536713e+01
2.456676476091452699e+01 2.433561585793325222e+01
2.478856303378865178e+01 2.451338182515815944e+01
2.504189787730825500e+01 2.479265841824408056e+01
