0.000000000000000000e+00 0.000000000000000000e+00
0.000000000000000000e+00 0.000000000000000000e+00
9.270611525545492670e-02 3.122887976921587816e-01
1.052095762897901493e-01 1.841770331717597742e+00
2.122761166351261775e+00 2.336568283556966108e+00
2.336041976173421020e+00 2.337160828102216037e+00
2.367909708973204630e+00 2.418726073737002213e+00
2.510757823374765607e+00 2.546791116288392054e+00
2.623486417193576337e+00 2.672174595729249535e+00
2.736284391557350926e+00 2.872434142945297531e+00
2.937052779532297819e+00 3.145856058391429677e+00
3.082544628879743787e+00 3.315554140210673406e+00
3.271086022824540862e+00 3.496953120930499370e+00
3.484724176570882737e+00 3.646162024988950812e+00
3.668530212323138695e+00 3.786058223797079680e+00
3.830802856235777210e+00 3.946723993291598731e+00
3.983650431675682224e+00 4.099276484052812641e+00
4.156430375702098168e+00 4.258067961005821189e+00
4.284416908029278659e+00 4.399283437442910838e+00
4.439493748523447358e+00 4.539527170498415032e+00
4.571507863704058927e+00 4.672802451981971750e+00
4.707029868937243400e+00 4.816390993080026384e+00
4.840117837603327366e+00 4.953035853224641905e+00
4.986840017940490810e+00 5.090837450135831332e+00
5.213908680340408885e+00 5.107285419879726618e+00
5.232659558302980685e+00 5.355343701493009867e+00
5.478023792807539039e+00 5.351059105802872473e+00
5.616808561296798175e+00 5.457894368910090499e+00
5.749839896315831922e+00 5.587574907019986270e+00
5.750612391808810564e+00 5.898163385802910774e+00
6.031898529976542633e+00 5.916456307735889375e+00
6.021834337365017831e+00 6.176481932650229822e+00
6.314391592046327162e+00 6.190808508293962120e+00
6.452111224376070098e+00 6.285743650808347738e+00
6.599594562395189712e+00 6.475401813647591709e+00
6.640209197696821164e+00 6.746592417542346176e+00
6.773654104203380655e+00 6.883656066389733930e+00
7.031473793199673139e+00 6.912935538597176688e+00
7.066375306750208196e+00 7.172661686087572264e+00
7.186795180366329028e+00 7.316395467811991793e+00
7.463535844517881657e+00 7.339659387162184245e+00
7.620212031884666004e+00 7.485270018014371196e+00
7.761340432863899075e+00 7.629394459379993165e+00
7.921356373227184555e+00 7.747488882108804376e+00
8.065954822926068246e+00 7.928946473854765919e+00
8.221128049334962995e+00 8.059372150765186760e+00
8.370352882707976505e+00 8.235464969618041309e+00
8.525843377576775239e+00 8.412560654153114825e+00
8.682333785316718178e+00 8.602069015089167436e+00
8.837502995317151999e+00 8.708517505542033632e+00
8.833745836443606336e+00 8.960710306784777757e+00
9.139556135071236653e+00 8.980775297149628855e+00
9.280983003586648294e+00 9.126703193468326702e+00
9.448387734344652955e+00 9.329820590143425463e+00
9.600100647851451896e+00 9.430508435773749198e+00
9.767894788395539152e+00 9.601725103894896307e+00
9.918041289265717708e+00 9.777683134384266950e+00
1.007349499736109877e+01 9.954998978108672958e+00
1.022280642752354396e+01 1.008609040775538368e+01
1.038599099822563687e+01 1.022222734875562900e+01
1.055141162704971869e+01 1.040198590995314731e+01
1.071840822800185400e+01 1.056077906589413651e+01
1.087408845148659076e+01 1.072601079098927990e+01
1.104206160253180968e+01 1.089208156028689878e+01
1.119170918669956016e+01 1.098522188949227107e+01
1.135056751724786395e+01 1.118003337376380379e+01
1.151464521818413722e+01 1.135995837527489805e+01
1.167810990565237539e+01 1.145551758223403205e+01
1.184388876984132466e+01 1.161036118491468550e+01
1.200063489833273422e+01 1.179336556495437449e+01
1.216973711863142782e+01 1.192450725513003640e+01
1.232572654541025514e+01 1.210713017518177992e+01
1.247936289324331227e+01 1.224008197425024314e+01
1.239024975930585448e+01 1.256998348348482253e+01
1.277965951245536580e+01 1.254788468919788968e+01
1.293319949323783113e+01 1.270133164576104967e+01
1.309155525748693627e+01 1.286483917680775768e+01
1.324655709501799272e+01 1.306960481762848403e+01
1.340396669837923227e+01 1.319730007187902920e+01
1.355795281696909527e+01 1.335778835689541921e+01
1.374027027059516826e+01 1.352111264775664168e+01
1.387437460962945579e+01 1.369880854699548856e+01
1.405386292931778769e+01 1.375743351119398383e+01
1.421893108688894003e+01 1.403032814190992639e+01
1.437452704828035799e+01 1.418363485555767767e+01
1.452981347341848384e+01 1.430952513320565878e+01
1.469874525845131963e+01 1.445863418158881863e+01
1.486847509628046815e+01 1.458670703085966558e+01
1.503265405962557288e+01 1.469579420415829674e+01
1.518380298601645073e+01 1.489708809076007334e+01
1.535251469927567314e+01 1.511779822385915928e+01
1.551319097629015786e+01 1.524069751484082680e+01
1.565929340466267661e+01 1.542120866705413462e+01
1.581803613601344871e+01 1.560659200574871264e+01
1.598464977128792697e+01 1.572020978291729065e+01
1.614302766480117057e+01 1.588582854144078915e+01
1.630800072154529090e+01 1.600550801062417605e+01
1.646763261693356384e+01 1.616146392848639479e+01
1.662758447341086310e+01 1.634658003380425129e+01
1.678964211664828454e+01 1.647903359355051833e+01
1.695980732268568758e+01 1.673496797291989679e+01
