6.426632753086422012e-01 1.301283881754107030e+00
1.146368471068892836e+00 1.143782514194312316e+00
1.144709716076362405e+00 1.138563622311717705e+00
1.171780444410466027e+00 1.169258593232554100e+00
1.237747725304472857e+00 1.286914546767454315e+00
1.418332027431379760e+00 1.561399148608922260e+00
1.510571660744777889e+00 1.764822255337489265e+00
1.739207588079451972e+00 1.885365796742067168e+00
1.912283059483213421e+00 2.048841031372287791e+00
2.066112564363627335e+00 2.195311620451269263e+00
2.190641522998324930e+00 2.323266242315383590e+00
2.363306345066531478e+00 2.449177006324170236e+00
2.495975106395814436e+00 2.570476561032047691e+00
2.627421066188627918e+00 2.684482064709762472e+00
2.771970125869968271e+00 2.803872657526407242e+00
2.898466056558424153e+00 2.923334290469115526e+00
3.014580246992204060e+00 3.044364371235425359e+00
3.136642957798030373e+00 3.156262467091893509e+00
3.263285728830696897e+00 3.278024038737682222e+00
3.396705671178598340e+00 3.367483594072636865e+00
3.495609099533697695e+00 3.525572254724251842e+00
3.637541433902228061e+00 3.600740075402456775e+00
3.733651486923840412e+00 3.763129672714566443e+00
3.885437849976391078e+00 3.844336525013955175e+00
4.011910806435821542e+00 3.973090458799378499e+00
4.147527402249730599e+00 4.067880800633275840e+00
4.273262619818722463e+00 4.200834848175927227e+00
4.403685634492852330e+00 4.320366000229565628e+00
4.532521802031603819e+00 4.420082229530294171e+00
4.662391857862214550e+00 4.528100332088379254e+00
4.793030681148861660e+00 4.597441138067595467e+00
4.912161868297307166e+00 4.811129433174865966e+00
5.046114863111876403e+00 4.912728848265919268e+00
5.173933744038802907e+00 5.045046012385961731e+00
5.307119827997557771e+00 5.204240960497168444e+00
5.439294936989989893e+00 5.338433507255294863e+00
5.562057996825140904e+00 5.458532141424068840e+00
5.702193979819724312e+00 5.564394590387607309e+00
5.821294134010802424e+00 5.662114840711946151e+00
5.838709174330177554e+00 5.931548947723889853e+00
6.092989097321377834e+00 5.967671600415088484e+00
6.220385197895486940e+00 6.004612348260355503e+00
6.350829184136557615e+00 6.232801839957717860e+00
6.472213117389882697e+00 6.313294778738844037e+00
6.607309373321442969e+00 6.392913106936098266e+00
6.737691186327454673e+00 6.565960274135945518e+00
6.748264794312397008e+00 6.845405434442466408e+00
7.003518924624699160e+00 6.826670240842310555e+00
7.128272981243180872e+00 6.978102992759620982e+00
7.272026316037798921e+00 7.106465882089382902e+00
7.399635979844091160e+00 7.263236892518033727e+00
7.541611841563652163e+00 7.379274292996973017e+00
7.466233129393084589e+00 7.626226168879984613e+00
7.794961183707661334e+00 7.624310440854649151e+00
7.922193273646439771e+00 7.739536174878400843e+00
8.043494982254655312e+00 7.882922481797026037e+00
8.186673375243151085e+00 8.060200820432340763e+00
8.323501225390799618e+00 8.156978897029734554e+00
8.462848554727106176e+00 8.358183163462316045e+00
8.602535302321442146e+00 8.435150989828915868e+00
8.580137991191275404e+00 8.683513028963620428e+00
8.858619242847192154e+00 8.680751236352824307e+00
8.993865253623750888e+00 8.826183643736698059e+00
9.106706692627842159e+00 8.928435981276134470e+00
9.260354083874977604e+00 9.069236404999713841e+00
9.396646858740844266e+00 9.191028881773281256e+00
9.511868143561381217e+00 9.338537761704255757e+00
9.672356117944689302e+00 9.513005116811594775e+00
9.794285938423881177e+00 9.620427560666065858e+00
9.926931087879697913e+00 9.743611901815601328e+00
1.007299608819577053e+01 9.900599230089643044e+00
1.020217050804124703e+01 1.005933379045245246e+01
1.034832806289639606e+01 1.018312363340425541e+01
1.049424981109121546e+01 1.032068805928359723e+01
1.060951101244146777e+01 1.042743071878080308e+01
1.076260081363827403e+01 1.058314482565200443e+01
1.090203282974110444e+01 1.070247923822254776e+01
1.104632107748103387e+01 1.087155696262537141e+01
1.117954272869476107e+01 1.096089134189722003e+01
1.131630009389402858e+01 1.113066228230829680e+01
1.145475004491523308e+01 1.125160136830551671e+01
1.157990201827496257e+01 1.140435294448336201e+01
1.172816887333096503e+01 1.147095099915271277e+01
1.184831143031011003e+01 1.166431243861073419e+01
1.199853195764344882e+01 1.174819460217288025e+01
1.192608322866213477e+01 1.207158145170024177e+01
1.227106038836540058e+01 1.209782912774819330e+01
1.239700364018980849e+01 1.221329253861773445e+01
1.254185651292198500e+01 1.232231614514071438e+01
1.267040360202120119e+01 1.245320476600005755e+01
1.281890176632288636e+01 1.257872446222767593e+01
1.294106335920563566e+01 1.276201996807469463e+01
1.309666064393320539e+01 1.289612590141336668e+01
1.324279539440416542e+01 1.302821292485778137e+01
1.336527822663799192e+01 1.315040244701663674e+01
1.350189375322625907e+01 1.331141199250781071e+01
1.364786374010592596e+01 1.343621826971983779e+01
1.377665040491238457e+01 1.354063901060695763e+01
1.390730305313183734e+01 1.369404700093195792e+01
1.403226254970094367e+01 1.384352794127596020e+01
1.419060475692810996e+01 1.398486587201456288e+01
