0.000000000000000000e+00 0.000000000000000000e+00
0.000000000000000000e+00 0.000000000000000000e+00
0.000000000000000000e+00 0.000000000000000000e+00
2.148161346681625589e-02 0.000000000000000000e+00
9.288312944948394489e-02 9.466236622584321618e-06
2.308351829636643870e+00 3.045353695493112411e+00
3.305968747814736819e+00 3.288370745510954762e+00
3.356023782768965180e+00 3.352861245730219597e+00
3.400185506125313672e+00 3.401726350208538641e+00
3.457771875426574049e+00 3.474204676537560488e+00
3.531162323557115013e+00 3.548490835403426136e+00
3.647692628277240612e+00 3.709045384487416275e+00
3.745125648285018816e+00 3.851572304299346605e+00
3.848079542066698444e+00 4.143329743296964018e+00
4.081252526233918765e+00 4.356012514550994474e+00
4.289385868385438449e+00 4.571770196711619327e+00
4.531822059502899513e+00 4.768192575819230505e+00
4.721170609820684483e+00 4.916830178324425482e+00
4.895329280721170129e+00 5.072119208602311247e+00
5.065757693466636624e+00 5.211033998763379138e+00
5.234769467756485994e+00 5.374374119532838279e+00
5.415429145052223170e+00 5.523494214123283008e+00
5.615441700093138699e+00 5.675951530045165505e+00
5.758099300660960651e+00 5.821685746869314393e+00
5.902719742839317441e+00 5.967642767551351923e+00
6.066884472710270870e+00 6.099005989479507228e+00
6.228826495606091029e+00 6.194600801279588786e+00
6.358734711523026384e+00 6.331809993564745831e+00
6.502894087794575562e+00 6.478526118499479125e+00
6.648531214819769275e+00 6.604262486004538246e+00
6.792661039786920263e+00 6.743673186473139403e+00
6.947355538443972023e+00 6.896829293496430147e+00
7.085399666793228413e+00 7.065557249867176814e+00
7.210206174004654578e+00 7.249704645154916527e+00
7.405651187704347826e+00 7.342588457386124645e+00
7.562984925727452179e+00 7.503105187631590844e+00
7.717596898251191995e+00 7.661749299985539885e+00
7.875266241118510813e+00 7.776885242437038492e+00
7.965877021774748989e+00 8.032448297748862487e+00
8.192376075251610601e+00 8.133405455047011401e+00
8.301639373444185566e+00 8.354291460825935545e+00
8.525709221220393985e+00 8.472444665690446186e+00
8.682155067972830764e+00 8.616373519554171523e+00
8.778249909341864665e+00 8.833805297822790337e+00
8.940614547069932527e+00 9.006081146476949684e+00
9.171072344100528184e+00 9.118029788900591015e+00
9.337538670726551970e+00 9.250908668797638512e+00
9.511653868468123108e+00 9.422542435403709504e+00
9.677414358376106307e+00 9.591386131062275666e+00
9.848922438634842180e+00 9.761833825332974612e+00
1.002355676093627501e+01 9.891197952813307381e+00
1.010900854981415797e+01 1.017466111348915803e+01
1.035534786945301988e+01 1.023136864769435661e+01
1.053253103286686887e+01 1.044338816344090048e+01
1.070227604413739897e+01 1.056063786818588923e+01
1.085804436468206191e+01 1.074609686331659475e+01
1.103910943304644121e+01 1.092189350431230999e+01
1.120537756107390592e+01 1.111617446586364366e+01
1.138808410171047925e+01 1.127249328513090987e+01
1.154856795449373408e+01 1.145536331287893539e+01
1.172618419217126728e+01 1.160645498779858187e+01
1.189559389734478323e+01 1.177890771221600019e+01
1.206751472465586694e+01 1.192176302892583095e+01
1.223814415332222261e+01 1.209813693927995537e+01
1.224529371717033932e+01 1.237569087845474591e+01
1.256356319604144289e+01 1.239151981950219472e+01
1.274086513096118090e+01 1.255230889305078534e+01
1.291026354342786320e+01 1.274257396461144864e+01
1.307866764003432536e+01 1.294041908444253153e+01
1.325299482076553836e+01 1.310690599395913125e+01
1.343229042467751633e+01 1.326417566239724621e+01
1.360754591489263099e+01 1.342355608192198879e+01
1.377963997101885241e+01 1.358911208418055239e+01
1.395754864273843587e+01 1.372834640601509548e+01
1.412889007288352161e+01 1.394263869167743763e+01
1.430125893402327719e+01 1.410497472805855246e+01
1.447949519834010879e+01 1.429650274580506064e+01
1.465642964346431754e+01 1.450115457644800365e+01
1.484345420979300378e+01 1.471722324504132118e+01
1.476385504972570750e+01 1.495322163221833378e+01
1.519692405851734129e+01 1.494294585064208469e+01
1.536399522438883736e+01 1.513139449337520048e+01
1.554675810344442333e+01 1.532390879504113812e+01
1.571996632912892444e+01 1.546767018025549767e+01
1.588142691262727624e+01 1.573261166350882867e+01
1.605905776168025412e+01 1.582531451557655622e+01
1.624565586479607759e+01 1.597976552419380880e+01
1.640443567057846153e+01 1.618190720228353285e+01
1.659461065625919929e+01 1.631446704299244033e+01
1.676437304334459455e+01 1.653140150375240225e+01
1.693609129856620754e+01 1.677031624315071312e+01
1.711113139852039922e+01 1.683912007945145817e+01
1.728356171557718923e+01 1.709812935530088041e+01
1.747584209166508273e+01 1.725895650193386999e+01
1.765140946293472624e+01 1.748051797192606927e+01
1.783028068986211778e+01 1.759304149506785819e+01
1.800570409685562723e+01 1.777291479330144597e+01
1.818512783035195568e+01 1.797683447494121367e+01
1.836384859934151947e+01 1.819427515656130012e+01
1.855114638806546878e+01 1.831619587439149655e+01
1.874163134115856622e+01 1.858438496339302404e+01
