0.000000000000000000e+00 0.000000000000000000e+00
0.000000000000000000e+00 0.000000000000000000e+00
0.000000000000000000e+00 0.000000000000000000e+00
0.000000000000000000e+00 0.000000000000000000e+00
0.000000000000000000e+00 0.000000000000000000e+00
0.000000000000000000e+00 0.000000000000000000e+00
0.000000000000000000e+00 -1.153454586714273023e-03
1.446662919492157535e-02 0.000000000000000000e+00
7.377294095588095291e-02 1.126009589871027235e-02
1.784634951140010584e+00 4.488442978104882464e+00
3.749849123508172344e+00 4.497772849342728918e+00
4.007767500105106961e+00 4.492437869148026230e+00
4.606572613523242765e+00 4.695642401724750670e+00
4.677489034419617830e+00 4.853030279952073478e+00
4.841024597115464623e+00 5.021160591833757181e+00
5.038307861714665492e+00 5.320814237021977533e+00
5.249407429651207657e+00 5.503063440872772105e+00
5.536336117652515654e+00 5.756122895921639504e+00
5.724596453194626733e+00 5.983743660950355370e+00
5.971943538568146970e+00 6.220761003066411554e+00
6.124402237366416202e+00 6.403948065037666559e+00
6.316558477938065685e+00 6.591064873081478481e+00
6.533999006509027652e+00 6.776611771872840251e+00
6.709168548973019064e+00 6.953437151426570928e+00
6.965430465466955212e+00 7.127128153108126085e+00
7.155694347643478004e+00 7.299645293080605057e+00
7.381534242272414836e+00 7.468748454577707641e+00
7.535662404654500435e+00 7.632996537756059574e+00
7.701113581228676175e+00 7.799526589562499446e+00
7.877287057788964653e+00 7.971112875739414960e+00
8.006174863494480931e+00 8.120848734188170326e+00
8.182454626464712888e+00 8.292693768164840051e+00
8.345580017611483825e+00 8.458378174849615405e+00
8.541023610453677861e+00 8.620752982875243831e+00
8.689227793931419086e+00 8.781280990078624171e+00
8.835272813587723206e+00 8.938321371363688428e+00
8.994864172248789203e+00 9.101593784046894342e+00
9.159253589056170597e+00 9.254769125268563101e+00
9.399387824357441801e+00 9.310439730465262187e+00
9.555642246388982741e+00 9.446858917238214914e+00
9.612728845881795436e+00 9.729193396232338031e+00
9.768946318092691428e+00 9.881371909594491854e+00
1.003568331246752088e+01 9.928890756520138083e+00
1.018506425793010983e+01 1.007728085088304404e+01
1.023209170739183627e+01 1.034948801515597872e+01
1.049542310865623307e+01 1.039522921991664717e+01
1.066103036888535627e+01 1.052635766608992895e+01
1.083201510072165874e+01 1.066434219072319323e+01
1.098944619410709223e+01 1.083255162237485436e+01
1.099974214410527118e+01 1.116285590700342389e+01
1.132928787183085717e+01 1.122899333447672987e+01
1.150391537557947075e+01 1.133988225802844418e+01
1.168352130511493492e+01 1.149947903905992952e+01
1.168693132312276184e+01 1.184859464963984621e+01
1.201690195680838436e+01 1.187809130310006012e+01
1.218178321506638362e+01 1.201215659032524741e+01
1.235380803654949844e+01 1.216842816678386718e+01
1.251943393796848447e+01 1.239464635858859154e+01
1.269251362243890391e+01 1.254905202177796220e+01
1.269642646860580726e+01 1.285089386084525032e+01
1.291787172999786470e+01 1.300383356543651026e+01
1.320510403834855140e+01 1.303450411982952417e+01
1.321598248010142207e+01 1.334163042966904200e+01
1.353638127936461899e+01 1.336717928538944733e+01
1.355801028868277669e+01 1.367571495448716057e+01
1.374354798513822828e+01 1.383781461507801858e+01
1.402593828374801532e+01 1.388868752756409464e+01
1.421719107150251205e+01 1.405794190115005549e+01
1.428593858146989781e+01 1.436346520748404210e+01
1.456670422152845035e+01 1.444941656950820175e+01
1.474771486430051048e+01 1.461624205604940663e+01
1.493704764531196005e+01 1.475986369132465903e+01
1.511427170562004818e+01 1.499880303585228170e+01
1.530104308391007706e+01 1.511729136220088954e+01
1.549534266672753624e+01 1.530029065477540229e+01
1.567905728488094041e+01 1.553338082453491786e+01
1.586837485426323546e+01 1.570099603347668271e+01
1.606705558196334849e+01 1.584769358932849848e+01
1.624745805073001748e+01 1.608529967922281401e+01
1.643746973144352808e+01 1.628969043030722830e+01
1.662415666999467234e+01 1.633698961008281358e+01
1.681796145414713095e+01 1.663424166772713519e+01
1.699947629528953641e+01 1.670841984767171340e+01
1.719046039415784577e+01 1.699784112454011975e+01
1.738153564963360509e+01 1.720266572325434140e+01
1.757692634033763213e+01 1.730759349064629760e+01
1.776144171539681338e+01 1.755126172758943781e+01
1.794602272235853491e+01 1.773650946922831650e+01
1.813094271865491081e+01 1.785922240042912534e+01
1.833200631011718684e+01 1.809738814681882602e+01
1.851548974697594119e+01 1.827322271210255877e+01
1.870987461505417215e+01 1.838842891983396299e+01
1.891333194756532521e+01 1.867456073010737683e+01
1.908182331452654523e+01 1.886001684366675235e+01
1.927518919650175988e+01 1.898266892081048596e+01
1.945418391610663988e+01 1.919445858701034169e+01
1.964840658277733709e+01 1.937882089667983365e+01
1.982225325689033824e+01 1.964423450618249589e+01
2.000996291741001087e+01 1.976292268246768913e+01
2.018446326973465332e+01 1.996277206635476276e+01
2.038774151577181470e+01 2.015502621821968887e+01
