0.000000000000000000e+00 0.000000000000000000e+00
0.000000000000000000e+00 0.000000000000000000e+00
0.000000000000000000e+00 0.000000000000000000e+00
0.000000000000000000e+00 0.000000000000000000e+00
0.000000000000000000e+00 0.000000000000000000e+00
0.000000000000000000e+00 0.000000000000000000e+00
0.000000000000000000e+00 0.000000000000000000e+00
0.000000000000000000e+00 2.877009866498084101e+00
1.039233621623630421e+00 9.558352333969557524e-01
5.294843794352810384e-01 4.590625788110715533e+00
7.066157007772924992e+00 6.713197886500944733e+00
6.800321844634121149e+00 6.994741562386569633e+00
6.868909400711872948e+00 6.836959802800960162e+00
6.840807546771643821e+00 6.882115198819933610e+00
6.837972926054803224e+00 7.040862076269159608e+00
7.027079404858586287e+00 7.142216584344071251e+00
7.216584219752838258e+00 7.282850485083631753e+00
7.356991906877513365e+00 7.529020721850229414e+00
7.515511827899701736e+00 7.682724601749198357e+00
7.663167745560505395e+00 7.916017216291129088e+00
7.841823826261959063e+00 8.135256948348674300e+00
8.098658065888683311e+00 8.344162959907938770e+00
8.288328742407411909e+00 8.513751326993316937e+00
8.475524153786038184e+00 8.708825427578823053e+00
8.726277775092553313e+00 8.889308810968044483e+00
8.941336509918814457e+00 9.069421541081807092e+00
9.125756082682158876e+00 9.239498943281240884e+00
9.286234831800836531e+00 9.409178419622310940e+00
9.496450047358711899e+00 9.582719269564996978e+00
9.666180794746896510e+00 9.753894013132764940e+00
9.822215457603983069e+00 9.922633842231721957e+00
9.997871352272163392e+00 1.008271767486789550e+01
1.013800577577761608e+01 1.025062309379707948e+01
1.031029678831590779e+01 1.041064216995859049e+01
1.050608900225510212e+01 1.057522137830643771e+01
1.065995011585111740e+01 1.073455753005963231e+01
1.082601640694413447e+01 1.089608947003239336e+01
1.097970789923406976e+01 1.105631062166148304e+01
1.112378332327025809e+01 1.122973907453149955e+01
1.128491620077384994e+01 1.140033973428850622e+01
1.145569043442082524e+01 1.156844865050612370e+01
1.160320084234921545e+01 1.173751826323936065e+01
1.178684002396003727e+01 1.190657865573774998e+01
1.195965145698039578e+01 1.205856335187172945e+01
1.209872163196627071e+01 1.221863913107688937e+01
1.225462330154736712e+01 1.238285397635442919e+01
1.239204894167820470e+01 1.254253853995001933e+01
1.256476360296162831e+01 1.271150302306393165e+01
1.273964055459061306e+01 1.286720780777246986e+01
1.285990356011546076e+01 1.303599386607365140e+01
1.303985907543339273e+01 1.319518405430538621e+01
1.322060195255124171e+01 1.336148625882415786e+01
1.329133200541583193e+01 1.351680564464443179e+01
1.352257876203712783e+01 1.367392775181553688e+01
1.379636062204363611e+01 1.367354896361141492e+01
1.372952520360118456e+01 1.398332264902493982e+01
1.410450008756146190e+01 1.395908102156582231e+01
1.413139420861176809e+01 1.429564652384958556e+01
1.425378364790153185e+01 1.444963587674097738e+01
1.444813192866370954e+01 1.459336573589336616e+01
1.473935166176001843e+01 1.462027005209765029e+01
1.488365265329059994e+01 1.474670046634899379e+01
1.503449978241590834e+01 1.485157272100754078e+01
1.506140379966850595e+01 1.522322226495161246e+01
1.520036840238267928e+01 1.537834240141969566e+01
1.552607747327259169e+01 1.537168619488811849e+01
1.552762604964717141e+01 1.570106148051598716e+01
1.569683575574854295e+01 1.586610887103198486e+01
1.601823170962681786e+01 1.587990775080142392e+01
1.617975136322424135e+01 1.602257809114910003e+01
1.617649735631272279e+01 1.635463486791647725e+01
1.650093015524730333e+01 1.634747820397224416e+01
1.653341498939491672e+01 1.667834583825888117e+01
1.671188230562843557e+01 1.683577765420535144e+01
1.686476077607395752e+01 1.702006289134964234e+01
1.700372262975679760e+01 1.717842072972787193e+01
1.720598755798208046e+01 1.734709489836903984e+01
1.750446144696767448e+01 1.729954730776528393e+01
1.767512073320148147e+01 1.750416181080737488e+01
1.785058073037016868e+01 1.770012128716070166e+01
1.801040090957051021e+01 1.785490437548965303e+01
1.817192323897605633e+01 1.803215264503771209e+01
1.834232852361292032e+01 1.819527614619131128e+01
1.850333653816264246e+01 1.836344247725655876e+01
1.867559496221368676e+01 1.857077348428118668e+01
1.883275392538247317e+01 1.868689360411109135e+01
1.890111963035112908e+01 1.900343057648429124e+01
1.917206679427409100e+01 1.904035648389761803e+01
1.936013291984512819e+01 1.920177519838742342e+01
1.953007732315902345e+01 1.940678788753321982e+01
1.969583132759896316e+01 1.957167359299045728e+01
1.988023765594973469e+01 1.969052462597113617e+01
2.004904031295108879e+01 1.991034271002799017e+01
2.001958953186849755e+01 2.019943221481912943e+01
2.026060141569776007e+01 2.035517954794444151e+01
2.040736808332755459e+01 2.052019593063611325e+01
2.057968200425581173e+01 2.067796984942473770e+01
2.073981280055970799e+01 2.085064022141697393e+01
2.104846559209061851e+01 2.091016860132389255e+01
2.121015437302133577e+01 2.111578763538220826e+01
2.139646900505626093e+01 2.126633143706048656e+01
