0.000000000000000000e+00 0.000000000000000000e+00
0.000000000000000000e+00 0.000000000000000000e+00
0.000000000000000000e+00 0.000000000000000000e+00
0.000000000000000000e+00 0.000000000000000000e+00
0.000000000000000000e+00 0.000000000000000000e+00
0.000000000000000000e+00 8.762091572370164783e-03
2.194989636115683707e-01 6.776587248905320271e-01
1.147678225244183947e+00 1.846283941908988480e+00
1.971995170216421789e+00 2.005301164372950584e+00
2.187345414244787012e+00 2.226825418505812504e+00
2.386369855403818629e+00 2.357216515378152799e+00
2.537973834124785277e+00 2.670797215761446353e+00
2.728779966278205293e+00 2.886432354475149342e+00
2.934041914234025050e+00 3.055103049080676314e+00
3.112462820556322729e+00 3.224638366176299620e+00
3.350994254442499098e+00 3.404488327622379629e+00
3.532648726437447984e+00 3.567601472917748318e+00
3.720268780136763098e+00 3.749432000955458921e+00
3.925453351935896507e+00 3.904317472007462708e+00
4.103384494147478634e+00 4.076320617964587001e+00
4.274888165059483214e+00 4.264764119522093111e+00
4.456757204549719020e+00 4.444930876396463226e+00
4.648064291275526116e+00 4.620183365710039070e+00
4.825428064931385208e+00 4.804876681052139276e+00
5.010668290840547101e+00 4.979090579133852223e+00
5.198996692192439539e+00 5.157723290293972696e+00
5.384029607046880272e+00 5.351392934071973251e+00
5.576282712134061903e+00 5.519246087957374591e+00
5.765496889907012701e+00 5.736496991684584934e+00
5.956430367709491414e+00 5.932341245882898129e+00
6.137405120953923543e+00 6.084518609180466164e+00
6.326476875949079925e+00 6.255287802233445049e+00
6.514292941281239813e+00 6.422993188269261466e+00
6.717495250554034847e+00 6.649962381155379632e+00
6.914140285903594751e+00 6.861906845308458180e+00
7.108292886763881491e+00 7.029138471641861230e+00
7.307798171451935332e+00 7.208170307172265368e+00
7.499795271308401290e+00 7.427102312934660944e+00
7.694361128319951781e+00 7.606156153307477297e+00
7.889648623451290810e+00 7.760452305042255361e+00
8.087132530696468535e+00 7.986803703367145957e+00
8.280643327054146852e+00 8.148032132537791128e+00
8.483984684507039020e+00 8.368613529080485947e+00
8.679806720936689146e+00 8.521515990481336900e+00
8.863817729569145598e+00 8.715364225314022661e+00
9.058954160200558547e+00 8.941797253233719545e+00
9.265941839303190264e+00 9.064746391672365178e+00
9.446625558668969802e+00 9.336949995502941135e+00
9.649428898848897873e+00 9.493635893865912223e+00
9.842181220758064342e+00 9.696163378643865016e+00
1.003970310146336686e+01 9.914316338988072630e+00
1.021754891924645747e+01 1.006064942559399356e+01
1.040929367412128848e+01 1.024164980291663873e+01
1.059463139706011248e+01 1.048035507895486518e+01
1.078519401472012262e+01 1.064173115490810773e+01
1.096324780228474438e+01 1.087447389243061835e+01
1.117049264797115526e+01 1.101506961890091141e+01
1.136232392298799176e+01 1.122053145718553147e+01
1.154669991072429269e+01 1.143308336691109339e+01
1.174508449714901737e+01 1.158886341227898953e+01
1.193308160745086433e+01 1.179083572125652957e+01
1.212569944483480455e+01 1.196289534254381159e+01
1.233122082903926753e+01 1.220044713495389033e+01
1.252010702295905986e+01 1.237501116391734435e+01
1.271645730184129519e+01 1.254803510388700438e+01
1.291366288913689786e+01 1.273558717098673654e+01
1.311500322491138704e+01 1.291140107284971705e+01
1.329629208291048315e+01 1.315090438267950645e+01
1.351176385501618959e+01 1.334248752018278417e+01
1.370156903331933052e+01 1.349919737921445950e+01
1.389149307473469896e+01 1.372960740921988609e+01
1.408069036512223349e+01 1.391429081363635945e+01
1.429128678566765664e+01 1.405132622714445390e+01
1.448402599065466845e+01 1.432670844820715850e+01
1.466986165575844758e+01 1.445854080848105916e+01
1.486964868831373643e+01 1.467951579354548741e+01
1.505584817095649619e+01 1.492852979881783071e+01
1.525275836215690006e+01 1.501013604902296628e+01
1.545155792231686931e+01 1.517640967400970453e+01
1.565365335368510102e+01 1.539766928535091672e+01
1.583565359699055364e+01 1.563248078465263902e+01
1.603751309762139243e+01 1.582752825631833815e+01
1.622874327521363469e+01 1.599945084340964563e+01
1.642565509652293088e+01 1.613665066272911019e+01
1.663317412582365407e+01 1.648020752964222524e+01
1.682139768456461937e+01 1.654718983363870777e+01
1.701871587899217886e+01 1.677330761117683622e+01
1.722575900894776879e+01 1.694408324655727682e+01
1.742213417498831518e+01 1.721598166986485623e+01
1.762457450246553492e+01 1.737326302772484254e+01
1.781661690268536447e+01 1.751592817688390724e+01
1.801884278324765631e+01 1.777892745853370826e+01
1.823099283397051451e+01 1.797165449279157201e+01
1.841076495543534008e+01 1.810517796293959947e+01
1.861928624144610112e+01 1.830778941245776537e+01
1.880684735442141786e+01 1.853440382155607935e+01
1.901227127259575767e+01 1.872305572543737640e+01
1.919646714118696096e+01 1.885692285906458210e+01
1.939771786495651185e+01 1.907228756808993708e+01
1.959613379500272146e+01 1.912961636463581883e+01
1.980064358310649553e+01 1.944333950997889460e+01
