0.000000000000000000e+00 0.000000000000000000e+00
5.540556370364508459e-03 0.000000000000000000e+00
4.938103903936124500e-02 5.660214250454343246e-03
1.875751266190809063e-01 3.580460368227909862e-02
2.976615656100234930e-01 1.248442427387269488e-01
3.961408588936563557e-01 3.082772009810830216e-01
4.815215736154341841e-01 4.296843812067718260e-01
5.675289809158973187e-01 5.473363336923430245e-01
6.573947087850386950e-01 6.380575731843001197e-01
7.463787748215306994e-01 7.121601648632795989e-01
8.283022977020050304e-01 7.964505850363935435e-01
9.139966185032255552e-01 8.781706745000076308e-01
9.987112882536539615e-01 9.573547221148260844e-01
1.084381396438558909e+00 1.055103016671415705e+00
1.166767409181051152e+00 1.116433887575578598e+00
1.248484033621791278e+00 1.205860717851397590e+00
1.331226467427261806e+00 1.300884417689588179e+00
1.413316583472451482e+00 1.383800492648144642e+00
1.498430179363002823e+00 1.453080947338466267e+00
1.579434439391040446e+00 1.542500080428857112e+00
1.663191902669656441e+00 1.620418860441346975e+00
1.749022956313157184e+00 1.702548458583032609e+00
1.834277225267757716e+00 1.794015865592426318e+00
1.918865752730250174e+00 1.869760141466666248e+00
2.000288741879153509e+00 1.948980895646279077e+00
2.083209509212006427e+00 2.024743779683480849e+00
2.168457531513606984e+00 2.115113809745571505e+00
2.250384762341083977e+00 2.195383232847111454e+00
2.331414215039048887e+00 2.281276214145637748e+00
2.413799712575408041e+00 2.355545737451879340e+00
2.498748513775851166e+00 2.445436180367183354e+00
2.578736341658722342e+00 2.555391381347293933e+00
2.662258328190482359e+00 2.611142170417728892e+00
2.751426928190139787e+00 2.698716590347641109e+00
2.829040098107050483e+00 2.778955229279946426e+00
2.913998684321969623e+00 2.864995808955656198e+00
2.996020569417555457e+00 2.943191280608556948e+00
3.077226898975156111e+00 3.029160724974439667e+00
3.160427932877297508e+00 3.109482640191068459e+00
3.247535409434515685e+00 3.172536946565080562e+00
3.325276682839195530e+00 3.262629211839293220e+00
3.408644992335921220e+00 3.339531768171268400e+00
3.490953460990479318e+00 3.441722560884587168e+00
3.578414635651032238e+00 3.503646222200762494e+00
3.663159031405119226e+00 3.582970628286683112e+00
3.749528576764815657e+00 3.674333854783522479e+00
3.829590184004275422e+00 3.765881903391816277e+00
3.913225503380777681e+00 3.833347628399829343e+00
3.998564837246312731e+00 3.919765004724155677e+00
4.077254887178458631e+00 4.010473577403557144e+00
4.161317062310565973e+00 4.092975879506738579e+00
4.239533509887309926e+00 4.190989404689058340e+00
4.322528279843499632e+00 4.262635271021507855e+00
4.404468855474285682e+00 4.321292914105907990e+00
4.492725368344032688e+00 4.401750935597800840e+00
4.576159638964814924e+00 4.537448389816541194e+00
4.658364316843478292e+00 4.556796159222079368e+00
4.744226834686640082e+00 4.640684638701248588e+00
4.828487171261606647e+00 4.739945380879904135e+00
4.912441835733878825e+00 4.829760033924269003e+00
4.999351227884685223e+00 4.902957405808956892e+00
5.083470764381791795e+00 5.014471217248934742e+00
5.166972940652255097e+00 5.082184368806121455e+00
5.245362328795367013e+00 5.162298928301386702e+00
5.327778089891480384e+00 5.218937953823757248e+00
5.412954495721266746e+00 5.303267110327094969e+00
5.497618664401534794e+00 5.379485694211057378e+00
5.577426601360388148e+00 5.495653685802649235e+00
5.666999798042326120e+00 5.566443633555001824e+00
5.744047486250221546e+00 5.643921749494395179e+00
5.826097267970104632e+00 5.726134090528216092e+00
5.910662672673097973e+00 5.819199713770673021e+00
5.990651663228796053e+00 5.898396277613972671e+00
6.076518191630643884e+00 6.019267951762720337e+00
6.158817958870156595e+00 6.079935815485096207e+00
6.242002580340882290e+00 6.112934905974534594e+00
6.321989996332074924e+00 6.236073563095053451e+00
6.410023368564489843e+00 6.323103764140998173e+00
6.494764872429991343e+00 6.384416483420485733e+00
6.577576220391564199e+00 6.457290707773878147e+00
6.659080274112776365e+00 6.565408107592030973e+00
6.743552602158440656e+00 6.638371768630053182e+00
6.824128483963247227e+00 6.708963417201837309e+00
6.902983260595332737e+00 6.797713811108956783e+00
6.993285022738163548e+00 6.885906053308842978e+00
7.075686480019325764e+00 6.969830120346322211e+00
7.158148404792013864e+00 7.054685620805965840e+00
7.244804787386241784e+00 7.120815344510691425e+00
7.322858652624026909e+00 7.218052450524904629e+00
7.413471607217315906e+00 7.263283643732074246e+00
7.496073124503853435e+00 7.347628698053879859e+00
7.581625005422466756e+00 7.467171150459816609e+00
7.660346383505910239e+00 7.539032327193503136e+00
7.747875532501932838e+00 7.636324456958032414e+00
7.827265499725481135e+00 7.706589081072023006e+00
7.907297863568987673e+00 7.796512760210968729e+00
7.990030239302407189e+00 7.848398867312128324e+00
8.076797760168435758e+00 7.956928441405418440e+00
8.151789186641874352e+00 8.010108103662433976e+00
8.235392459935283682e+00 8.128863068290449689e+00
8.322324384588783985e+00 8.216502657122187969e+00
