0.000000000000000000e+00 0.000000000000000000e+00
0.000000000000000000e+00 0.000000000000000000e+00
0.000000000000000000e+00 0.000000000000000000e+00
0.000000000000000000e+00 0.000000000000000000e+00
0.000000000000000000e+00 0.000000000000000000e+00
2.704556416741739702e-02 -2.704556416741739702e-02
4.194514018110487297e-02 -4.169125851656583018e-03
2.743438943145768416e+00 1.513746502193350096e+01
1.663155587029666904e+01 3.017097175431594280e+01
2.574283731909875428e+01 3.129536981940913520e+01
3.164909165775166855e+01 3.163459497096018325e+01
3.155817763475505444e+01 3.155752532878603489e+01
3.155267337576781728e+01 3.153808875042056314e+01
3.156228696083374530e+01 3.156613757750506011e+01
3.156603907002259746e+01 3.158158344319031485e+01
3.162203983371860616e+01 3.160765212397716084e+01
3.171110658522121994e+01 3.185234875919131881e+01
3.183792745477537878e+01 3.232655302465413172e+01
3.197144436514782839e+01 3.273047170805285333e+01
3.227565702058428343e+01 3.323436364769175100e+01
3.266607598251105316e+01 3.363602107472792113e+01
3.317315167870253134e+01 3.405333017592744937e+01
3.356174835145809965e+01 3.441787554455245868e+01
3.385073797271211760e+01 3.476067874943168334e+01
3.433618795598690099e+01 3.508452152973801930e+01
3.462008933665308774e+01 3.540016780679845709e+01
3.503068275714446855e+01 3.568182457614823733e+01
3.542226054637862376e+01 3.598385706555424690e+01
3.579339037512734478e+01 3.626479074404380754e+01
3.609459160715186243e+01 3.653411383835011605e+01
3.636968009363571497e+01 3.678728150264544183e+01
3.665108307091013273e+01 3.705280711679665728e+01
3.689421421881151275e+01 3.730964369872723552e+01
3.717970412227337818e+01 3.755539883087401165e+01
3.745950135757448862e+01 3.781653058938233158e+01
3.769560437990929103e+01 3.805687675152861260e+01
3.797089777622200302e+01 3.829819349731359779e+01
3.818134286356948337e+01 3.852282549460804262e+01
3.843198102645673941e+01 3.873911777008748203e+01
3.890330405235052780e+01 3.858391886321951603e+01
3.867492904988288416e+01 3.917013381031529917e+01
3.933619573206960496e+01 3.894077008680881136e+01
3.908085375494750480e+01 3.960717421803383331e+01
3.934314458809123494e+01 3.983570444491338236e+01
3.954310450349935735e+01 4.005057961320076032e+01
4.025649532821050514e+01 3.976672476524613131e+01
4.045206743855128906e+01 3.991420090230137419e+01
4.066679039494477621e+01 3.997747075554944018e+01
4.088800715485887594e+01 4.032649586333658220e+01
4.045163002711777978e+01 4.114116909424198099e+01
4.079877479312303734e+01 4.137822985776245588e+01
4.112111565388791945e+01 4.161545752084779082e+01
4.114673410667818132e+01 4.184661833427659872e+01
4.152838793209599544e+01 4.207896777219023932e+01
4.179847428940785647e+01 4.232769003137355668e+01
4.194439663062590284e+01 4.254927261290605145e+01
4.227733477854307154e+01 4.281626861883655977e+01
4.239613924431224490e+01 4.305981316621094379e+01
4.265085850648087984e+01 4.330466069420916142e+01
4.354263678902404422e+01 4.281979622419174802e+01
4.314433646532487643e+01 4.378485667200487796e+01
4.333448249445311262e+01 4.403847907155800101e+01
4.427614657251750430e+01 4.342247477860036753e+01
4.365976798209230481e+01 4.453468971755992811e+01
4.478375376956417853e+01 4.397103703141476672e+01
4.504504851049699710e+01 4.430459254581487727e+01
4.446303110886609744e+01 4.528945375244179417e+01
4.555132595306154286e+01 4.475288801688598284e+01
4.579096163518445906e+01 4.484704944802685844e+01
4.605291130182010306e+01 4.516697347927964756e+01
4.632471610864456579e+01 4.540072167824434501e+01
4.561183636954254439e+01 4.654565372173190951e+01
4.684713446722118846e+01 4.611804324129593624e+01
4.709966853409870424e+01 4.602293004341849070e+01
4.737898278623526949e+01 4.643320604343403346e+01
4.665123521889309188e+01 4.758556728298763261e+01
4.788256095903379617e+01 4.702436055053613728e+01
4.813754314385300148e+01 4.716454567085870764e+01
4.839273544855154796e+01 4.741485488719531816e+01
4.866827188884642652e+01 4.762836765709210596e+01
4.893548273219678180e+01 4.797182366393528241e+01
4.828133495425092292e+01 4.913244431347046515e+01
4.852009139675347882e+01 4.939545119481537228e+01
4.968062770640398895e+01 4.864921960647206589e+01
4.994444378361436065e+01 4.893626248257100997e+01
5.019324519219939162e+01 4.914156979816048221e+01
4.948148066936994383e+01 5.038168020637186828e+01
5.071803599710129618e+01 4.978437240447573942e+01
5.098545167612170559e+01 4.994445241759587617e+01
5.123620195474150307e+01 5.028446804561070138e+01
5.152322174405822608e+01 5.062746004950392376e+01
5.074524242433288634e+01 5.172198034063557515e+01
5.204307851257677697e+01 5.097706054410470955e+01
5.232846573950481428e+01 5.146875281479442066e+01
5.260336171574780195e+01 5.156931646843420936e+01
5.179625581656749489e+01 5.279143188517724639e+01
5.314429172370729759e+01 5.211153681085045974e+01
5.339046156335776061e+01 5.246700329297521392e+01
5.369625260266825251e+01 5.265555312502753793e+01
5.391310870719695458e+01 5.276216250785553541e+01
5.423256138299591811e+01 5.341500401073663795e+01
