0.000000000000000000e+00 0.000000000000000000e+00
0.000000000000000000e+00 0.000000000000000000e+00
0.000000000000000000e+00 0.000000000000000000e+00
0.000000000000000000e+00 0.000000000000000000e+00
0.000000000000000000e+00 0.000000000000000000e+00
0.000000000000000000e+00 2.728806015514255168e-01
4.296301103973318991e-01 -4.955350550059494513e-02
1.601712235057004996e+00 2.183776907892908348e+00
2.439273559232566058e+00 3.120277628527453828e+00
3.091368355961347181e+00 3.062432396461063799e+00
3.177932554826025768e+00 3.179183992057521557e+00
3.254064172749148387e+00 3.262429147195860413e+00
3.345118182029483300e+00 3.334496328566807666e+00
3.450411611109036158e+00 3.534636796061109809e+00
3.590922576665944277e+00 3.696628766864053173e+00
3.738473563541550249e+00 3.927544333121863129e+00
3.926023623118828798e+00 4.091973742091268740e+00
4.127590382004179048e+00 4.269652451018754569e+00
4.300580777869029703e+00 4.447603204282576606e+00
4.485453896797492845e+00 4.645157721900410763e+00
4.616323779641932745e+00 4.832460937544923674e+00
4.785110375493863977e+00 5.006026886892994909e+00
4.933411367496712607e+00 5.179058151607581095e+00
5.089697806203242081e+00 5.339987962379921349e+00
5.298995862166782089e+00 5.487596325969171573e+00
5.496297620180325971e+00 5.640978303677926853e+00
5.678707779335836925e+00 5.795910601185310540e+00
5.854863219437531185e+00 5.946430311181163830e+00
6.030427244688067567e+00 6.090056767439815388e+00
6.192918247525449615e+00 6.233748993087383283e+00
6.343622564464806324e+00 6.385947892654165514e+00
6.521025286519257058e+00 6.489698715728920320e+00
6.668910430739036777e+00 6.637394745679445762e+00
6.821293761474203521e+00 6.773283412953190918e+00
6.963236667371242916e+00 6.906745917298152015e+00
7.117831105166330552e+00 7.012400097172176494e+00
7.277524848603488472e+00 7.155249545539072109e+00
7.428832071783530999e+00 7.308393102014440146e+00
7.476503227230907100e+00 7.595053842465925520e+00
7.744767630081944354e+00 7.652132792595647715e+00
7.771967350450776912e+00 7.904088917071913301e+00
8.063865240768368636e+00 7.933373073623625871e+00
8.221108902524152384e+00 8.097321981178410510e+00
8.388271683319734606e+00 8.267578759285070689e+00
8.530775764924648286e+00 8.444161115972139697e+00
8.696949932695321905e+00 8.537362949079346564e+00
8.853572718688395682e+00 8.713158115216199207e+00
9.015794736669811016e+00 8.911390533374621725e+00
9.181319780081951265e+00 9.047615425223186847e+00
9.343153046716174970e+00 9.230504405589352146e+00
9.507777286249030624e+00 9.408728739985198430e+00
9.535184449976789267e+00 9.666179721179608109e+00
9.844888133993569213e+00 9.741658817063528986e+00
1.001981402688098299e+01 9.868888744415320602e+00
1.019732339878943783e+01 1.003634055886976562e+01
1.036695825865168707e+01 1.019981071412317064e+01
1.038235840848580693e+01 1.050706761781907872e+01
1.068682042108249064e+01 1.051923014071594409e+01
1.085171055358324743e+01 1.072060615312434706e+01
1.101566131510794300e+01 1.089621725200500535e+01
1.118986609513452635e+01 1.103951592526387948e+01
1.134915843132359825e+01 1.122267123520644994e+01
1.152481785483800003e+01 1.139290364681925283e+01
1.169257787425131667e+01 1.150896619082925554e+01
1.186272651791373001e+01 1.173227315535048199e+01
1.204304853823902910e+01 1.189593532883673888e+01
1.222468796533672908e+01 1.209926679267738336e+01
1.238920025482484277e+01 1.226207452327175673e+01
1.257488712603096026e+01 1.247618580325557858e+01
1.274589347984079879e+01 1.260625526546682096e+01
1.292152974072011951e+01 1.274527824459143055e+01
1.308560800746724695e+01 1.290805358043961526e+01
1.326483892613664572e+01 1.310895590394111387e+01
1.343771635491380323e+01 1.327429818361308200e+01
1.360860904484083989e+01 1.346062026170289272e+01
1.378372606807019451e+01 1.361424468810249344e+01
1.395870879574413692e+01 1.381357199091464771e+01
1.413447023777892397e+01 1.395221582205206623e+01
1.431584917408157942e+01 1.412872602918844755e+01
1.447891654861402166e+01 1.431384994251380505e+01
1.465390065709765288e+01 1.449777251972665582e+01
1.482771130154554662e+01 1.468980432036337191e+01
1.498834372589234221e+01 1.485176349309125854e+01
1.516835314421281211e+01 1.502203883055200428e+01
1.533983610759374194e+01 1.518421712478005503e+01
1.553552353943882025e+01 1.530772658604333891e+01
1.569576534466507134e+01 1.553799179786592255e+01
1.587189706852928062e+01 1.568903207437045388e+01
1.602908566653367117e+01 1.586654045841730820e+01
1.620395755301638374e+01 1.596792611139299645e+01
1.638161108257791554e+01 1.619255960783168646e+01
1.656324969250833945e+01 1.635276078478967321e+01
1.674158353212762051e+01 1.658216795441807534e+01
1.691677787308375613e+01 1.670542399675314016e+01
1.709235279061874380e+01 1.693122654999050170e+01
1.726987624210941163e+01 1.705130088617016071e+01
1.745202914061404442e+01 1.723155270444233267e+01
1.761474190788887029e+01 1.739049843748536972e+01
1.779701553823723970e+01 1.760145404087414889e+01
1.796637489723317671e+01 1.776573289165213509e+01
1.816129680507532029e+01 1.795393658799731185e+01
