0.000000000000000000e+00 0.000000000000000000e+00
0.000000000000000000e+00 0.000000000000000000e+00
0.000000000000000000e+00 0.000000000000000000e+00
2.897427032879983100e-02 0.000000000000000000e+00
1.459169419944919381e-02 0.000000000000000000e+00
6.892240176307745658e-02 3.116112266356004246e-01
3.937438195134131402e-01 1.875488698975951440e-01
6.417969717618783321e-01 8.198520443539079050e-01
8.701824128496922217e-01 9.596521949976671850e-01
1.036623047182237745e+00 1.070843524894068644e+00
1.181993453179182474e+00 1.172923839463408724e+00
1.292548531065813355e+00 1.276320627982879374e+00
1.401999794061374427e+00 1.382374616158088543e+00
1.514027464130629497e+00 1.489138556920906797e+00
1.626091242071987297e+00 1.584490505365143242e+00
1.738892892263517842e+00 1.701365341510063356e+00
1.855592221857255142e+00 1.835228468527673407e+00
1.974420938164133110e+00 1.938152960739860875e+00
2.086201975571476908e+00 2.050900897378990173e+00
2.198749129981155015e+00 2.167452727079273167e+00
2.318177785647692613e+00 2.283213239354315860e+00
2.428780043705181857e+00 2.395010217420897813e+00
2.542718998897541827e+00 2.507226055496668771e+00
2.660330876644389164e+00 2.629876203945531010e+00
2.775022401019518803e+00 2.747514993368013858e+00
2.890222640730382597e+00 2.836574361063956218e+00
3.003953155435171052e+00 2.945920115594859112e+00
3.127292553145523346e+00 3.063189151803059840e+00
3.238773159108318200e+00 3.182167009172494954e+00
3.350337953544195280e+00 3.259603434277409839e+00
3.465095717575794598e+00 3.415659453808243207e+00
3.579462785027408334e+00 3.523481665824534925e+00
3.693152798440945350e+00 3.634605270699328372e+00
3.807790169977206318e+00 3.760403466506976766e+00
3.920470582888170519e+00 3.869600895109174044e+00
4.028608837048608393e+00 3.966397322520275104e+00
4.143843542876392227e+00 4.089997631222361818e+00
4.260474438923422369e+00 4.198912281332917829e+00
4.372883678038777866e+00 4.308019336601509153e+00
4.491334827156802767e+00 4.443790001136965984e+00
4.605338458212301589e+00 4.538958549915619756e+00
4.714771572702244562e+00 4.666691869137130411e+00
4.832507757800489578e+00 4.769326513392510236e+00
4.948785188814734504e+00 4.866923952098149542e+00
5.067010171466114876e+00 4.987356572371883345e+00
5.184717694687146050e+00 5.106123451644512201e+00
5.300441994422627090e+00 5.221513393493505184e+00
5.414504850193286423e+00 5.372527399833860073e+00
5.535813526448715827e+00 5.446601400301720020e+00
5.646977068176727066e+00 5.570645620697231237e+00
5.757740508522002365e+00 5.667974460848851592e+00
5.872085943200890945e+00 5.787163268083490131e+00
5.994362227776616869e+00 5.904490988342792512e+00
6.103682065585791072e+00 6.028360455675411345e+00
6.219021537409991751e+00 6.124163062821793346e+00
6.329616278498795268e+00 6.243003207476617078e+00
6.449528869587236812e+00 6.333823809882055400e+00
6.558821083691359632e+00 6.475054755576912235e+00
6.676167000202765323e+00 6.588600225866400706e+00
6.793868255016962010e+00 6.679671565859136351e+00
6.904152840043174422e+00 6.796361891096159624e+00
7.017756066799605286e+00 6.935326786385676456e+00
7.136437097846290101e+00 7.052069561012295651e+00
7.248874755710073892e+00 7.168002362479166223e+00
7.363716755574032824e+00 7.274725613227044363e+00
7.482968646044294125e+00 7.399926544218325297e+00
7.595013277978075905e+00 7.484821000641058042e+00
7.710283986330645156e+00 7.607892600294089647e+00
7.831859704987505388e+00 7.698171744497477320e+00
7.941758598948814196e+00 7.852409018101506710e+00
8.060303516426753134e+00 7.965688134658619468e+00
8.171100609239134727e+00 8.049219025601020761e+00
8.284314625747759564e+00 8.183989523605122329e+00
8.396007250477786954e+00 8.275021337528412957e+00
8.518880242634885747e+00 8.446365171180694631e+00
8.632140818951532069e+00 8.513809634307463625e+00
8.742105995147356978e+00 8.686111554370624432e+00
8.857721842481582897e+00 8.740776986646851654e+00
8.970965553312939988e+00 8.836067917537530292e+00
9.079514194066314658e+00 9.008767472443590663e+00
9.201025968384893616e+00 9.110124372233563861e+00
9.322231647169006763e+00 9.210548284375802197e+00
9.433874127253856656e+00 9.274881523417894513e+00
9.556409560075545429e+00 9.464851674528642178e+00
9.672756557861116988e+00 9.553233845620814790e+00
9.789947151536875225e+00 9.666865643372215544e+00
9.903204227686366323e+00 9.768383253897571450e+00
1.002105315025963961e+01 9.849465807916081062e+00
1.014150056371002862e+01 1.000225949688004867e+01
1.025698925950410256e+01 1.011851937630094156e+01
1.037872880776427920e+01 1.021614493651343381e+01
1.049485555260055136e+01 1.032887495609000261e+01
1.059481726917090683e+01 1.046005440310355006e+01
1.071595354339581441e+01 1.060514045720766596e+01
1.083478978908558688e+01 1.062200794946287452e+01
1.094529936886042343e+01 1.082827308161231095e+01
1.106622381122257437e+01 1.088304007125831774e+01
1.117220766406533272e+01 1.100620242666528448e+01
1.128495301426315223e+01 1.111656355350580760e+01
1.141631150592367305e+01 1.123665865777123329e+01
1.152332248169022932e+01 1.139536616312700268e+01
