0.000000000000000000e+00 0.000000000000000000e+00
6.449927569426939893e-03 0.000000000000000000e+00
2.600043124132629668e-02 -7.930049726152559736e-03
5.370455167027234772e-02 7.498609299525473698e-03
1.379587059327131437e-01 1.065606764512595133e-03
2.539414606064286928e-01 4.391948601099674582e-02
3.120066025084566874e-01 5.249011601754843825e-01
5.817402987712672058e-01 6.324966267222366101e-01
7.432106193443475117e-01 7.143209871724174320e-01
8.472126117911791265e-01 8.273863745854046492e-01
9.486294959648029490e-01 9.271911698510516553e-01
1.050429088315714576e+00 1.030881901216984087e+00
1.146633424786974720e+00 1.120389209193716651e+00
1.244745831206749642e+00 1.202815929895618696e+00
1.342765371678193764e+00 1.327198510903574213e+00
1.441644712124100947e+00 1.407255314040440242e+00
1.535143822147105208e+00 1.511353904334145959e+00
1.634493646866115313e+00 1.610279328230653562e+00
1.733507393679879049e+00 1.687777314412670648e+00
1.830944339193137926e+00 1.798566844195106595e+00
1.930728212523090459e+00 1.899750731933138148e+00
2.028998225416635659e+00 1.998050486710361673e+00
2.124987232988949426e+00 2.085141384424821887e+00
2.227046491887284319e+00 2.180757349073658258e+00
2.321735444628381551e+00 2.267848291893260981e+00
2.418509781539594616e+00 2.365427058335192179e+00
2.516583549155735788e+00 2.451986613696150119e+00
2.611077181710602435e+00 2.548381463302712646e+00
2.700200697253059889e+00 2.656152108663804245e+00
2.798069181056551891e+00 2.749682119089446264e+00
2.897463349099303809e+00 2.860339075585841329e+00
2.996437822161587050e+00 2.941193342879765638e+00
3.096377232627694376e+00 3.044460612302192892e+00
3.195703541189490515e+00 3.136618775910124057e+00
3.286860834299843770e+00 3.203656838547884966e+00
3.383270309603624959e+00 3.307915473099139803e+00
3.482219608363727570e+00 3.423001460300837628e+00
3.578348096552412816e+00 3.507961826314179188e+00
3.672555024868924267e+00 3.616964374047933362e+00
3.775763099362225095e+00 3.696448850847612544e+00
3.872789187268009581e+00 3.787507475076137720e+00
3.972205524246444686e+00 3.881607329697575715e+00
4.065427117268258783e+00 3.965654215937624016e+00
4.159585852334917178e+00 4.093022320275060189e+00
4.261982715811316602e+00 4.152696724262221473e+00
4.356488736442906351e+00 4.263478349782476862e+00
4.448536967832714240e+00 4.350212997690499073e+00
4.546937665957583086e+00 4.454476413174409011e+00
4.640245782815773268e+00 4.580167230379793786e+00
4.740547387130881418e+00 4.642638555957022461e+00
4.833702659175676430e+00 4.754436224761853680e+00
4.928729676503094126e+00 4.853823502174517301e+00
5.023900993007154092e+00 4.948117212053779745e+00
5.116421958401775605e+00 5.040500070406307209e+00
5.218050712187152662e+00 5.152105755011953114e+00
5.316130008334232215e+00 5.240515120974765573e+00
5.413381846220861604e+00 5.307199329198115656e+00
5.507458725788554332e+00 5.438528443121805722e+00
5.607447493999975663e+00 5.513873020177716633e+00
5.705358752364747765e+00 5.605199970133120324e+00
5.803757970395140298e+00 5.687561589533893347e+00
5.893399327078928884e+00 5.829807333427593719e+00
5.987873230483419462e+00 5.873647110682278516e+00
6.089843497341512091e+00 5.994037838779758154e+00
6.183817786179084841e+00 6.095723823358060400e+00
6.279410007767586954e+00 6.173514404664487643e+00
6.378295445187315060e+00 6.302689265372747762e+00
6.477338812899414044e+00 6.361708774876418282e+00
6.570378006613071697e+00 6.459685612083124084e+00
6.664926265298559471e+00 6.603347688916269220e+00
6.770022233761884500e+00 6.676695259537628324e+00
6.862126208913906567e+00 6.791439620393301624e+00
6.961327291303939013e+00 6.872367272499315227e+00
7.056401713705310108e+00 6.967804990595370285e+00
7.156159706770717222e+00 7.045845844128794333e+00
7.256646632037666578e+00 7.151336587296404090e+00
7.345370356361069497e+00 7.236092927149430309e+00
7.441805451719183395e+00 7.359634419296233965e+00
7.536991616775622127e+00 7.424207537433380466e+00
7.641929043363929530e+00 7.521073253810607540e+00
7.734664716216960834e+00 7.627921510074392231e+00
7.834013368178768033e+00 7.694520919876915777e+00
7.931482288915468359e+00 7.832380287769504790e+00
8.029740034757042011e+00 7.862670515771077895e+00
8.126267636877965828e+00 7.980823449383431800e+00
8.220325450314840410e+00 8.072740532556702320e+00
8.319177613791719494e+00 8.206863364584803477e+00
8.418169408188862946e+00 8.294471429550902997e+00
8.510156070289237817e+00 8.393228835894513296e+00
8.606540809788759461e+00 8.475873598673411280e+00
8.701015845303002649e+00 8.584153921652005081e+00
8.795849920068082639e+00 8.702367762186732136e+00
8.892641891481323668e+00 8.747277378823852700e+00
8.984763660716915012e+00 8.880503721705943931e+00
9.080889158757065260e+00 8.983276464866138511e+00
9.179050906649498742e+00 9.070801333418863521e+00
9.276656340430838199e+00 9.152417969892956862e+00
9.368855112431054621e+00 9.229734424259181225e+00
9.461132822207455106e+00 9.341937094355937887e+00
9.571496969900083585e+00 9.442418274759168284e+00
9.660688029330515292e+00 9.548003316945385066e+00
