0.000000000000000000e+00 0.000000000000000000e+00
2.052270234012709303e-04 -6.109031370519983194e-04
1.935351689516187071e-03 0.000000000000000000e+00
1.840565973564370003e-02 -1.428720243935209131e-03
1.255929233126377997e-01 1.582729268629965921e-02
2.141229625830973760e-01 6.283737126008848151e-02
2.919031795885991820e-01 5.711525105459522855e-01
5.462742821443363761e-01 7.037133948841265418e-01
8.061849406978450761e-01 7.844836928733076586e-01
9.107980972421417798e-01 8.859439903161940855e-01
1.016248763027709945e+00 1.004279386342097791e+00
1.120198730054486003e+00 1.100810532276259579e+00
1.225603475825604249e+00 1.188049559323251625e+00
1.325232864362570817e+00 1.303663350741003368e+00
1.431186546290925010e+00 1.410099901690980984e+00
1.532891030662690834e+00 1.493053404867726863e+00
1.636759888274730512e+00 1.587441623882331898e+00
1.735458013818580447e+00 1.685772133838202125e+00
1.838329511793916460e+00 1.805733856651616343e+00
1.942415912926318322e+00 1.903175483533204870e+00
2.042323071029909176e+00 2.001581043058596521e+00
2.147669662219318987e+00 2.096676597136965636e+00
2.246611205074228401e+00 2.204535711467784598e+00
2.351903782412433142e+00 2.311997781438907662e+00
2.451967441215407106e+00 2.415376205398619636e+00
2.552405604498764635e+00 2.522145993247640661e+00
2.654794986973214588e+00 2.617073485743506733e+00
2.757000229456832319e+00 2.729951620902069109e+00
2.858318180956330501e+00 2.819157359180712419e+00
2.959973532535923102e+00 2.925458020565221418e+00
3.062316098734146230e+00 3.023974880746739036e+00
3.166861955232851855e+00 3.112339307905910069e+00
3.263049850403890950e+00 3.201070917837546936e+00
3.368383086726378650e+00 3.318398523053313731e+00
3.470412314970753531e+00 3.420577280865629621e+00
3.578052830793643224e+00 3.508764964718781076e+00
3.682491980083175243e+00 3.598915914576396702e+00
3.785690068960429588e+00 3.726284780634314231e+00
3.888370806080950537e+00 3.809040282458124427e+00
3.988846359559022225e+00 3.924591334505542761e+00
4.089040581771557825e+00 4.029886377706963785e+00
4.190135488446782297e+00 4.113728952959673002e+00
4.289960383452004145e+00 4.220075631165211227e+00
4.394655476386152060e+00 4.306110862830708541e+00
4.494665081755908176e+00 4.436043382289433623e+00
4.594067562808802130e+00 4.518359707408061254e+00
4.695267184685750550e+00 4.640275944375080286e+00
4.796999348031630639e+00 4.703315883470520653e+00
4.897363951793786363e+00 4.805031028866827647e+00
5.005930806306955638e+00 4.921924528017887823e+00
5.103662243417590005e+00 5.000885595906948922e+00
5.206578425514391206e+00 5.142263879729095599e+00
5.309356184148994906e+00 5.200903214568426414e+00
5.413272631261529355e+00 5.324394771126955028e+00
5.512586424569102306e+00 5.419875975940624535e+00
5.614762247442111054e+00 5.540906323288885105e+00
5.718635829833471185e+00 5.621028827718416387e+00
5.825621562373128448e+00 5.749124404566543056e+00
5.928391275838835739e+00 5.816948962930503342e+00
6.031696745848359242e+00 5.920319292139789802e+00
6.131221793289537203e+00 6.025886393677097885e+00
6.231061945623079801e+00 6.133055106690215474e+00
6.335685021752796686e+00 6.255025023436106224e+00
6.437670526338176380e+00 6.312445621331800538e+00
6.539882102280285103e+00 6.409041057830251908e+00
6.638658729903819555e+00 6.531367918561061359e+00
6.748309844559612358e+00 6.603347214222627493e+00
6.848609122110311809e+00 6.767402935248841622e+00
6.951301582480641450e+00 6.800636205990295835e+00
7.057126119779082885e+00 6.940717419361573270e+00
7.161093200929951941e+00 7.026267435773971393e+00
7.257980304052588316e+00 7.113920311671730445e+00
7.365123778963372558e+00 7.246397571013638128e+00
7.470108371377981449e+00 7.351391049021589019e+00
7.564558246664976338e+00 7.454074548391495192e+00
7.669601582208895429e+00 7.529877131729272755e+00
7.766956397671598289e+00 7.686683170705422619e+00
7.864297731631943122e+00 7.749705753604628988e+00
7.969710796476258352e+00 7.834730492924756540e+00
8.068366444064388077e+00 7.931872918731619038e+00
8.167774837503868568e+00 8.050486668578983540e+00
8.278046774799076246e+00 8.166520607318323854e+00
8.371996862825410446e+00 8.199736690331645761e+00
8.476702675212163030e+00 8.368000260139019986e+00
8.573670531108355419e+00 8.416784199374014008e+00
8.674361157542540113e+00 8.535835926439579779e+00
8.776949616039324553e+00 8.670978968681898991e+00
8.876371247186220614e+00 8.778029141752950792e+00
8.975855818758708082e+00 8.845405563439577179e+00
9.076313458008323565e+00 8.910199377218164685e+00
9.173157795812505455e+00 9.073156745188503791e+00
9.283642665433058383e+00 9.185228771395875569e+00
9.381525427716402632e+00 9.253070042842201914e+00
9.476429777024261369e+00 9.407301145635537765e+00
9.582597128240966100e+00 9.431679563197908678e+00
9.686437693798971793e+00 9.555734095104829962e+00
9.794002774795888655e+00 9.669778348607890095e+00
9.892544470739009554e+00 9.730456148870919364e+00
1.000635601732016511e+01 9.844245360284093138e+00
1.010991780126624207e+01 9.974599586281911456e+00
1.021010299509798891e+01 1.005548910925785755e+01
