0.000000000000000000e+00 0.000000000000000000e+00
0.000000000000000000e+00 0.000000000000000000e+00
0.000000000000000000e+00 0.000000000000000000e+00
0.000000000000000000e+00 0.000000000000000000e+00
0.000000000000000000e+00 0.000000000000000000e+00
0.000000000000000000e+00 0.000000000000000000e+00
0.000000000000000000e+00 0.000000000000000000e+00
1.164419151085434656e+01 3.075208827733631978e+01
2.851943343417273269e+01 3.182068833039154754e+01
3.198410548344727289e+01 3.198360149152892618e+01
3.201553971369379781e+01 3.201539879417119749e+01
3.193370050112440595e+01 3.193315720729184193e+01
3.190431441233792853e+01 3.190404363773605922e+01
3.189534613398128471e+01 3.189516200878215813e+01
3.188709243685099537e+01 3.188697221156127171e+01
3.189273071815850358e+01 3.189261302676353793e+01
3.191887119570192510e+01 3.192822577636721348e+01
3.201891134431784991e+01 3.241072427417360302e+01
3.213174665887434145e+01 3.293726578316439202e+01
3.237053163811005163e+01 3.330470912979865261e+01
3.284122108687542863e+01 3.371013911776161365e+01
3.327914318396275206e+01 3.409576868989543641e+01
3.380892717280652704e+01 3.443642073083032074e+01
3.421777364110653252e+01 3.479496325712840132e+01
3.456831365726906569e+01 3.510064580406900347e+01
3.477895304837744561e+01 3.540009377858784489e+01
3.517003683682250426e+01 3.567623488324497316e+01
3.549759796425918523e+01 3.596675133333099694e+01
3.583794008775488038e+01 3.623616149536222508e+01
3.616910213631065574e+01 3.649863821057643776e+01
3.643504866842977918e+01 3.676209757348647855e+01
3.671220744435757410e+01 3.702037150480713024e+01
3.700249709988163005e+01 3.728751224698528688e+01
3.730674873986278328e+01 3.753456693089002982e+01
3.751495418449574970e+01 3.780802524895781147e+01
3.772495462318735093e+01 3.803906363356832543e+01
3.800843137149819739e+01 3.829516246180813965e+01
3.830720428379162001e+01 3.854009126712347921e+01
3.844699250080178388e+01 3.878565235581167769e+01
3.878848120648952147e+01 3.900982835764509105e+01
3.885941010223240966e+01 3.923357267570405327e+01
3.941154398861589669e+01 3.910318820550883601e+01
3.961647220399821379e+01 3.914660537888374847e+01
3.982304208086903685e+01 3.924241377544776554e+01
3.940518906190811776e+01 4.010856993797934678e+01
3.978867647912576189e+01 4.033934959948942378e+01
4.000762201734104195e+01 4.056946753882738932e+01
4.078533046049365396e+01 4.027781152001117704e+01
4.101409398978429266e+01 4.017355046265442553e+01
4.123770964222426727e+01 4.054511153416232361e+01
4.145826624092842394e+01 4.081243757072218870e+01
4.168600857726165287e+01 4.100828719105212627e+01
4.119841209417410255e+01 4.194715288150089094e+01
4.214877513787265428e+01 4.151003249004887863e+01
4.168444070894718578e+01 4.240900159775492284e+01
4.202727868151711021e+01 4.263705081621201032e+01
4.215396688280213766e+01 4.288459815847803469e+01
4.311323906962187635e+01 4.243166021408808319e+01
4.335118440472241019e+01 4.243472234414649336e+01
4.359833345316539521e+01 4.268093431587286801e+01
4.383861897749112302e+01 4.291321907959557080e+01
4.409163084830176160e+01 4.321659712250003338e+01
4.432827820835543520e+01 4.347847612512250493e+01
4.458980822819039247e+01 4.367545648295250516e+01
4.405542456267806983e+01 4.482779533214235101e+01
4.507495415422182106e+01 4.429285137248487558e+01
4.531102825737241346e+01 4.443471682496228681e+01
4.558066508446576393e+01 4.469760354601721275e+01
4.474342264728522878e+01 4.582620946951404051e+01
4.609312819812523543e+01 4.518684066223452334e+01
4.634108547363781838e+01 4.539023715016098492e+01
4.660079149102030982e+01 4.561927251307527342e+01
4.594796541068454587e+01 4.683461524223255878e+01
4.709163399116589943e+01 4.607446070543272043e+01
4.736104953157571629e+01 4.631902272351930350e+01
4.654280984903663665e+01 4.759018888509872625e+01
4.787363706509030692e+01 4.677141148529384651e+01
4.811554840940848976e+01 4.711695847808627491e+01
4.838809376155452213e+01 4.727337978365854809e+01
4.863950933765814710e+01 4.756590928724452283e+01
4.891701208936611778e+01 4.785474012137066779e+01
4.917726486992891921e+01 4.814451558279579757e+01
4.828789508883332360e+01 4.938398214843975609e+01
4.967058837490449719e+01 4.875379580602736951e+01
4.992867697513477765e+01 4.881961149098879815e+01
5.021605575319152592e+01 4.914309924341227998e+01
5.046194180504099336e+01 4.942494742860883861e+01
5.073189139983531959e+01 4.961622554610701030e+01
5.099843051979541997e+01 5.014020776850242811e+01
5.127431512502450772e+01 5.036161333525867434e+01
5.151453413235584833e+01 5.041311426630815618e+01
5.081813898759950376e+01 5.172698389595993973e+01
5.203598350554290874e+01 5.095213356476832445e+01
5.230294725046814364e+01 5.123692306169916577e+01
5.253518688246219881e+01 5.145430161242038736e+01
5.281722527522806132e+01 5.175476172971158917e+01
5.214373676718216188e+01 5.299403620933691883e+01
5.331386590123845082e+01 5.226668913214117396e+01
5.250794610897698789e+01 5.347291335066203288e+01
5.379244806848151939e+01 5.265428863385182012e+01
5.409085461777755199e+01 5.338254094015687201e+01
