0.000000000000000000e+00 0.000000000000000000e+00
0.000000000000000000e+00 0.000000000000000000e+00
0.000000000000000000e+00 0.000000000000000000e+00
2.593488178746097047e-03 0.000000000000000000e+00
1.647484958231069246e-02 0.000000000000000000e+00
2.580312186855485829e-02 0.000000000000000000e+00
1.512383980568551833e-01 0.000000000000000000e+00
4.014783194457729465e-01 8.993639527426852132e-01
9.501807208323154175e-01 1.104565378655414598e+00
1.143510950789264013e+00 1.218136764372372172e+00
1.300654274728289650e+00 1.331273213160418134e+00
1.416519214704907048e+00 1.438409309318023244e+00
1.548660399718796210e+00 1.513844426722105396e+00
1.659323135277229744e+00 1.623119690773038526e+00
1.775122420696886527e+00 1.749517166197329221e+00
1.895072387455049023e+00 1.880466866030896300e+00
2.014138054797990129e+00 1.985180909199970811e+00
2.143585940486127495e+00 2.104428435797815133e+00
2.256124776009258426e+00 2.227198104316543414e+00
2.376743232464467059e+00 2.342730466623101027e+00
2.495743218991613332e+00 2.462280979807506043e+00
2.614112714739082133e+00 2.577105728411066110e+00
2.730304106255649899e+00 2.704322103713421299e+00
2.849827955157489434e+00 2.810814581752830055e+00
2.970116814318138232e+00 2.939895995622567870e+00
3.095979871328579325e+00 3.049973079093375006e+00
3.206655667714031654e+00 3.167687698062162660e+00
3.329531739731138362e+00 3.284477372395322448e+00
3.451258511676431162e+00 3.414616846251157689e+00
3.570843685534440315e+00 3.526607991976471901e+00
3.698481589848672701e+00 3.647481932046247710e+00
3.823817231149808205e+00 3.770404853177308446e+00
3.949137490261336314e+00 3.881446421470848840e+00
4.065261212890232123e+00 4.007365326519058968e+00
4.190469064139645816e+00 4.136624184078999455e+00
4.314462462592348224e+00 4.237068039295039945e+00
4.437937978237397552e+00 4.349274455958677343e+00
4.566498817716996506e+00 4.506486967473751548e+00
4.687928058105581997e+00 4.621200999485552074e+00
4.804367344697577202e+00 4.737098644141248371e+00
4.931733919609760264e+00 4.867091926725756856e+00
5.056608404114019351e+00 4.982028137503485610e+00
5.180518885160120490e+00 5.096491659462658141e+00
5.300501879701879915e+00 5.224204387821270501e+00
5.424372136400314126e+00 5.341907439760003484e+00
5.545789260817026722e+00 5.451906379543488335e+00
5.657085011865048862e+00 5.589866146382787448e+00
5.781985446797474282e+00 5.708200914352490329e+00
5.905748746427333273e+00 5.789522371439172588e+00
6.029759642660527774e+00 5.948884349165989072e+00
6.155642558468831460e+00 6.087199465451951674e+00
6.274829400782549804e+00 6.207872781874857360e+00
6.401200223709246018e+00 6.317237934681305234e+00
6.517352443685909158e+00 6.443228517012935974e+00
6.641300045232354066e+00 6.526873805728585332e+00
6.771034597004265798e+00 6.672415612484096314e+00
6.898023298474293519e+00 6.812773734905122502e+00
7.014584198127049142e+00 6.904649462633152268e+00
7.134159175368382400e+00 7.047853173608380928e+00
7.251000445247941073e+00 7.166884233555237849e+00
7.377989093226652528e+00 7.280146196055130581e+00
7.503476860209372212e+00 7.344030503634478180e+00
7.623524655012089646e+00 7.544648149602083187e+00
7.747167955806308015e+00 7.691526133701638734e+00
7.873271560072259589e+00 7.811903164810966693e+00
7.993144216123011070e+00 7.864021060833044530e+00
8.117827355936142908e+00 8.036542521213894119e+00
8.246994894830370626e+00 8.141721204535068424e+00
8.361691828633823320e+00 8.262603534267483951e+00
8.486465305070318266e+00 8.390400928176989126e+00
8.614810162646593383e+00 8.547553005618828692e+00
8.742837880452498212e+00 8.626738194044619945e+00
8.851589519757769864e+00 8.750296064950617847e+00
8.989050157199335089e+00 8.885102037737580005e+00
9.099228979428040986e+00 9.016707735717302441e+00
9.232389308941627348e+00 9.099919916963751021e+00
9.355632449173967302e+00 9.207796884693079775e+00
9.471263512791058048e+00 9.376111007386002782e+00
9.594381894290156865e+00 9.492958587490544886e+00
9.714583197120411739e+00 9.618579982083391045e+00
9.842565063525260172e+00 9.716603358571092031e+00
9.970926543272357279e+00 9.847742782997713107e+00
1.008670190874511441e+01 9.952327425701611219e+00
1.020891758830920537e+01 1.008241688169894346e+01
1.034069357371508779e+01 1.022720261045512657e+01
1.044862182081433666e+01 1.032756520663060762e+01
1.057855674593467477e+01 1.046758722172326728e+01
1.071161950257541662e+01 1.053508434238397307e+01
1.083019502479987040e+01 1.067292821044436479e+01
1.095328184177206055e+01 1.081561554548069459e+01
1.106935787894750689e+01 1.089274532405795348e+01
1.119245596128789266e+01 1.102431308550280953e+01
1.131549512017016212e+01 1.116468798284726560e+01
1.144381688655834317e+01 1.125647948499329587e+01
1.156213661500579271e+01 1.142565854515003920e+01
1.168584890986969960e+01 1.150844433993975890e+01
1.181826639107189258e+01 1.164622289154201162e+01
1.194157353690831336e+01 1.178593259647624691e+01
1.205677180875833621e+01 1.189741518865647940e+01
1.218981595873524881e+01 1.202543032613767515e+01
1.230922119047915508e+01 1.214800958376439510e+01
