0.000000000000000000e+00 0.000000000000000000e+00
0.000000000000000000e+00 0.000000000000000000e+00
0.000000000000000000e+00 0.000000000000000000e+00
0.000000000000000000e+00 0.000000000000000000e+00
1.380408478266455371e-03 7.133040894823422171e-03
0.000000000000000000e+00 3.399969589214879018e-01
3.057422246783066955e-01 2.328980934066979813e-01
1.623260954243144205e+00 1.781086832600183856e+00
2.010500670687583646e+00 2.046094908693002701e+00
2.221744647872839984e+00 2.298098303793642661e+00
2.424198491807624478e+00 2.485500725493194007e+00
2.569259527640189500e+00 2.653453124885959635e+00
2.773133361931249041e+00 2.831321621047669268e+00
2.996339739111240075e+00 2.953821384882809209e+00
3.159966640008409655e+00 3.119119712749728102e+00
3.300371238880249081e+00 3.363416754389666696e+00
3.535823413330560161e+00 3.500799361269675725e+00
3.644409629089503611e+00 3.708725646668948439e+00
3.888941703321662224e+00 3.846587775841128209e+00
4.069791617804240147e+00 4.013698543661679885e+00
4.250362410020304793e+00 4.183192825959569205e+00
4.389857098950356473e+00 4.441219765600241232e+00
4.622276481886627764e+00 4.558493468863539455e+00
4.808462906837132955e+00 4.742550205033984057e+00
4.992498841294171541e+00 4.936590886916270904e+00
5.175829059463041837e+00 5.116494670762055996e+00
5.357290838142680478e+00 5.306678875030305775e+00
5.541348726663007263e+00 5.478051724723253635e+00
5.730944718169250329e+00 5.653081440626867682e+00
5.924245467334660731e+00 5.846118982976935996e+00
6.116346573196227432e+00 6.044895762301497832e+00
6.314765280319394769e+00 6.200231027894152369e+00
6.504350212747795901e+00 6.415601766992431010e+00
6.698232391278959419e+00 6.561678326911419390e+00
6.882507296712636169e+00 6.806640739372684656e+00
7.071495248116940857e+00 6.980229481382963286e+00
7.258861564515643572e+00 7.152587274302255160e+00
7.452254250457187368e+00 7.358479085460552405e+00
7.643491707197448193e+00 7.543001991563253128e+00
7.835341423862837829e+00 7.725816191293972679e+00
8.031526010184252939e+00 7.911850482087859682e+00
8.226052059272527472e+00 8.058664788478404617e+00
8.418982072795577309e+00 8.309945288094370497e+00
8.619425592152458293e+00 8.484609031065113882e+00
8.803565182781611043e+00 8.687398964719372785e+00
8.994859139726605335e+00 8.834998421301248683e+00
9.199091021070188390e+00 9.043940547598301904e+00
9.392975653434284311e+00 9.234249656344672985e+00
9.585618931260787789e+00 9.421993106245423633e+00
9.782303209870303107e+00 9.626032589479915913e+00
9.970119671250953886e+00 9.799991770228395183e+00
1.017000039993623695e+01 9.998181649265822202e+00
1.036609232701134431e+01 1.021624470101011539e+01
1.056201395093142281e+01 1.044208666096087335e+01
1.075276889360199917e+01 1.059353092487010173e+01
1.094508133233419400e+01 1.082808570750993837e+01
1.113793757802665318e+01 1.100146773916650211e+01
1.132264654553408079e+01 1.118450754601089692e+01
1.152748326352357111e+01 1.137842708260040148e+01
1.171517003580544092e+01 1.153840674625423546e+01
1.191174331591910729e+01 1.178393581871194584e+01
1.210233373954162595e+01 1.196939022792639662e+01
1.229589369275296384e+01 1.214270822799975846e+01
1.248198732884224071e+01 1.234084090816083901e+01
1.267961257132413344e+01 1.256029817104686863e+01
1.286868377103967198e+01 1.272387830171956402e+01
1.307020921425503346e+01 1.291550177479423489e+01
1.325649967810454299e+01 1.307712814271642721e+01
1.345009781577951813e+01 1.328998095680391600e+01
1.364137707180469050e+01 1.348938265865829855e+01
1.382876405267055731e+01 1.367060922151651070e+01
1.403134541817361303e+01 1.385440688746357196e+01
1.422150132497083241e+01 1.399644761889675770e+01
1.441751396951175934e+01 1.423790984834535855e+01
1.460495394909029265e+01 1.444965374966916372e+01
1.480672351861346492e+01 1.463273712871791865e+01
1.499339651816980457e+01 1.485215579678212094e+01
1.519630726395033982e+01 1.506425162349305502e+01
1.539184954530815119e+01 1.521716062508878231e+01
1.557861707601820100e+01 1.540962409152602142e+01
1.577464649955096121e+01 1.560884447794071939e+01
1.597609113817941484e+01 1.578585748280270273e+01
1.617140752425926919e+01 1.592572922554234438e+01
1.637158716153784610e+01 1.617028454885143773e+01
1.656600405344030591e+01 1.631538901652739071e+01
1.676783945774620221e+01 1.655073384401796943e+01
1.696547965345648379e+01 1.676037977658938516e+01
1.716605299165539833e+01 1.693510911910021477e+01
1.737608225290075836e+01 1.712282543361441256e+01
1.757149794154359412e+01 1.733846556436327546e+01
1.777805918607879931e+01 1.754291193546808358e+01
1.797687245004457068e+01 1.767082542992485727e+01
1.816937596311884917e+01 1.794037879535500934e+01
1.838760054908855679e+01 1.813511235126543042e+01
1.857052122970461383e+01 1.829489219210373108e+01
1.877935688833434469e+01 1.852971408243985252e+01
1.898000826025939958e+01 1.867443287982381150e+01
1.916837195142215577e+01 1.881482992768478013e+01
1.937908806690641583e+01 1.908047871387685390e+01
1.956303646323832979e+01 1.922733246187289424e+01
1.976775142500678228e+01 1.947141086707719637e+01
