0.000000000000000000e+00 0.000000000000000000e+00
0.000000000000000000e+00 0.000000000000000000e+00
0.000000000000000000e+00 0.000000000000000000e+00
0.000000000000000000e+00 0.000000000000000000e+00
1.201704919169050822e-03 0.000000000000000000e+00
3.874119270586152963e-02 0.000000000000000000e+00
3.933512683694293660e-02 1.198375666971926545e+00
1.359351201498154138e+00 1.723944650116246535e+00
1.793585146341497571e+00 1.918705036696090493e+00
2.079859908894500453e+00 2.078241737034819181e+00
2.259838591642804317e+00 2.273789134207218510e+00
2.443750514627056614e+00 2.463551470748239769e+00
2.637020440554597389e+00 2.598729581110612585e+00
2.813070558887176276e+00 2.776568415987306082e+00
3.002076073445985482e+00 2.953409658262930559e+00
3.195113201355362698e+00 3.119019186050467685e+00
3.317887452328534437e+00 3.371765551795000260e+00
3.564689596431601881e+00 3.512992015170381510e+00
3.693520973018980413e+00 3.743542020267307979e+00
3.874775526864355335e+00 3.926916809708107525e+00
4.113489697540584800e+00 4.073925714583405799e+00
4.304319144783411488e+00 4.253259319622188173e+00
4.491819199629867754e+00 4.431124261484129967e+00
4.680170516173528306e+00 4.624176568675861354e+00
4.879850311016642905e+00 4.805078743205999814e+00
5.066211817835887032e+00 5.019751175331760962e+00
5.258062458817595264e+00 5.181526965158988141e+00
5.439193359388016624e+00 5.333720489970037448e+00
5.631121330242695677e+00 5.590855118936445045e+00
5.817662193579149488e+00 5.771343832874079816e+00
6.015346954012106728e+00 5.935562722465939522e+00
6.213639973587760323e+00 6.164274579388113295e+00
6.398432220338446719e+00 6.347443058779462355e+00
6.605393907173527701e+00 6.531163427143324540e+00
6.793503776747583878e+00 6.749338255992803681e+00
6.993008934603648363e+00 6.948825441893632160e+00
7.190064192727003700e+00 7.107133748029623277e+00
7.392672224439209572e+00 7.295500007377349050e+00
7.583469832389194920e+00 7.519750084368738818e+00
7.775368115368594069e+00 7.687125263923930696e+00
7.972970565006624710e+00 7.847799109379397287e+00
8.169607910484758762e+00 8.082946742218588554e+00
8.372047047551106402e+00 8.246653066359550976e+00
8.572006081640365593e+00 8.452899543653453307e+00
8.758094299921788561e+00 8.634329330068380770e+00
8.959114951413567951e+00 8.816702064144429585e+00
9.149909694128602666e+00 8.989521334701922939e+00
9.354812778918836003e+00 9.222244188470225978e+00
9.551446076422489995e+00 9.410273236400632513e+00
9.751242399581542486e+00 9.616429565390419043e+00
9.946755320260560751e+00 9.770453000122399700e+00
1.014355645513389170e+01 9.941571046170617265e+00
1.033270069016582404e+01 1.020967452987594548e+01
1.052250463884202425e+01 1.039099998604924124e+01
1.071848615474949362e+01 1.060997098164649088e+01
1.090938549728083373e+01 1.073036933356034694e+01
1.109678104323116266e+01 1.094689563161202095e+01
1.128676085641831861e+01 1.117593037022770908e+01
1.149509227787964960e+01 1.129746407642866401e+01
1.169484811788578327e+01 1.146914838776077694e+01
1.189606176043873198e+01 1.175054831254139920e+01
1.208258859801734175e+01 1.187900887500939895e+01
1.228102351244907808e+01 1.205755725222595309e+01
1.246947381568284285e+01 1.223271607744198519e+01
1.267187681051900583e+01 1.253536033940753747e+01
1.286411566634884807e+01 1.264678450687965139e+01
1.306622913829576227e+01 1.286935897452186950e+01
1.326000589492599424e+01 1.307430074118576435e+01
1.345970922366328359e+01 1.324000881321738987e+01
1.365677871263965493e+01 1.344785519994178102e+01
1.385370072747588743e+01 1.360734999390436428e+01
1.404805508198181307e+01 1.385224040173616267e+01
1.424703559133634023e+01 1.406955651132691010e+01
1.445488724503305633e+01 1.422913565704390138e+01
1.465125625055973835e+01 1.446748172861279080e+01
1.483875102140376256e+01 1.465294162134871669e+01
1.506033251935699546e+01 1.476607329228000332e+01
1.524565488842653416e+01 1.497500465506721667e+01
1.543376615046984490e+01 1.519908333801100397e+01
1.564019729584516050e+01 1.538322124029576443e+01
1.583393105571168213e+01 1.555157899665512744e+01
1.602798315441687294e+01 1.579376069552851014e+01
1.623486531640522657e+01 1.597730277343200456e+01
1.641671903221765660e+01 1.619558305100475337e+01
1.661663779656328188e+01 1.641806371643538043e+01
1.680487638806159367e+01 1.653994733831050823e+01
1.700697474931385855e+01 1.675401677781350784e+01
1.720580657462425123e+01 1.694726529789901903e+01
1.740872940899039634e+01 1.712723283736070101e+01
1.763204278490689347e+01 1.732758456385831636e+01
1.781841595332225836e+01 1.748782524665702454e+01
1.799090853295623660e+01 1.773324012215012146e+01
1.819746420247402696e+01 1.793457800132247826e+01
1.839511750174994376e+01 1.811032366507379621e+01
1.859187733111164320e+01 1.836067853982383014e+01
1.877570665235198888e+01 1.851040984455518057e+01
1.899196043728352379e+01 1.863284575068567861e+01
1.917880756287203425e+01 1.887865800472042110e+01
1.937023033578978115e+01 1.901687198765180042e+01
1.956415154203761020e+01 1.923144425692149184e+01
1.977525272472671602e+01 1.949594763278546949e+01
