0.000000000000000000e+00 0.000000000000000000e+00
1.496047372632727432e-04 0.000000000000000000e+00
4.423379246165381334e-03 -2.845685628199229756e-03
3.757408875511731444e-02 -2.625987067007072833e-03
9.484488005196324567e-02 1.077945966764871921e-02
9.157735667847945182e-02 7.512293169399155701e-01
8.662296326451009998e-01 1.025313769093945115e+00
1.171125945190419015e+00 1.233414547200385680e+00
1.452035822980785706e+00 1.407530307474432529e+00
1.655752587672594922e+00 1.627417765815513784e+00
1.864980630091654490e+00 1.815019798049786637e+00
2.076550069238346730e+00 1.968765898352464516e+00
2.282872208480199561e+00 2.203409950986341848e+00
2.485435878545933619e+00 2.364049602557253493e+00
2.692566165670251976e+00 2.587453961196355845e+00
2.887859476869615971e+00 2.820614601296494328e+00
3.084473614751187753e+00 2.978820398621403687e+00
3.289257643973789502e+00 3.209644508605871138e+00
3.499517173176200480e+00 3.387257732430734691e+00
3.688867342031104890e+00 3.602680041762453822e+00
3.888828335522835467e+00 3.792510250519991466e+00
4.093354315930157306e+00 3.963164675309907459e+00
4.296606742069332796e+00 4.139231833210347489e+00
4.491297282796685941e+00 4.359522192706702270e+00
4.699273518323201948e+00 4.566859983823908564e+00
4.897746041485181223e+00 4.773102450836361754e+00
5.093216086141931775e+00 4.985121123306306856e+00
5.282817227178211006e+00 5.155472876753929512e+00
5.483106802815195913e+00 5.342825770760208925e+00
5.676665996679133741e+00 5.554039886047700492e+00
5.873842004160423791e+00 5.711738975313850553e+00
6.068043858575551397e+00 5.923456208595116124e+00
6.273675852212230453e+00 6.087989570485305535e+00
6.471164683957788988e+00 6.296538832008148567e+00
6.667259877048404171e+00 6.471547944951386633e+00
6.873316351426458581e+00 6.702719497145109173e+00
7.065804328810820323e+00 6.908451282584324282e+00
7.268128814465021570e+00 7.157565727940938594e+00
7.462197628695786733e+00 7.281602505199584741e+00
7.658392758380361265e+00 7.440573232277076343e+00
7.843965158970686247e+00 7.677438929420647540e+00
8.054364761703801889e+00 7.882949939682239560e+00
8.253044173665335492e+00 8.017545421784360471e+00
8.447971693872567300e+00 8.267364049503973078e+00
8.646107482891299156e+00 8.430033432342838751e+00
8.845015939080919765e+00 8.634382993884679891e+00
9.051481874688782625e+00 8.812934848214155181e+00
9.241953480769312890e+00 8.994230156269612309e+00
9.435046976807257124e+00 9.190622094851153889e+00
9.638108849121030275e+00 9.462637254515462004e+00
9.831105827440488554e+00 9.563811190744054613e+00
1.003425422081946650e+01 9.733731924471291208e+00
1.023694426886246411e+01 9.992298579303696471e+00
1.043522471387024275e+01 1.016314518792080968e+01
1.063214223926275359e+01 1.036076038678691447e+01
1.082584072785779128e+01 1.053078466639948729e+01
1.100797742074485619e+01 1.073090182844506479e+01
1.120709413189489823e+01 1.095855014378723169e+01
1.140945739733165887e+01 1.112678402028015157e+01
1.160288230659406139e+01 1.129465820219777505e+01
1.179398043896244630e+01 1.153429659013463748e+01
1.199079962485428474e+01 1.171684577835585905e+01
1.217782331075503421e+01 1.194101634919721633e+01
1.238661121230919449e+01 1.215213646710258644e+01
1.257563154848985931e+01 1.231102542224819807e+01
1.276489942945896772e+01 1.251130302834135399e+01
1.296102439983250854e+01 1.272893289081754098e+01
1.314395142159698437e+01 1.282405025099648910e+01
1.333668716181108671e+01 1.311668550283696177e+01
1.354039822422373618e+01 1.330438119325912361e+01
1.373546617157072802e+01 1.352750982899368282e+01
1.391586798545534975e+01 1.373229203847406410e+01
1.411698525671903148e+01 1.392539956625108388e+01
1.432379418221209910e+01 1.409332429754443616e+01
1.452154361308580199e+01 1.429031685459399093e+01
1.470848518875351552e+01 1.450353172432838456e+01
1.490403170847979197e+01 1.467230843691697117e+01
1.509914405247469738e+01 1.484076515512495575e+01
1.529741487444741210e+01 1.506545818198906161e+01
1.550225254490599447e+01 1.527247353018174891e+01
1.569367502573030748e+01 1.549039557865005889e+01
1.588574244617744036e+01 1.570748709810066934e+01
1.607516833905228637e+01 1.580822381736031623e+01
1.627522173049406717e+01 1.608023120842986842e+01
1.648553957604173092e+01 1.622036604975092189e+01
1.667461813516207059e+01 1.645103003737057890e+01
1.688529161054091787e+01 1.662614823980791812e+01
1.708818157935096238e+01 1.685557400843485709e+01
1.727537461566202026e+01 1.695135932942928747e+01
1.749051672709317984e+01 1.723699192505327815e+01
1.769728682626187677e+01 1.740661559446699869e+01
1.789089036626533868e+01 1.756975520969011129e+01
1.808465436265828075e+01 1.779039221707299845e+01
1.828700866446168760e+01 1.803628071461422522e+01
1.849741664905050698e+01 1.826683619405980608e+01
1.868146391439264420e+01 1.839491119241792205e+01
1.890407150897746646e+01 1.863874117102705696e+01
1.909058153014215975e+01 1.876243070161011417e+01
1.930375078030310476e+01 1.892740590228299524e+01
1.950394914103905819e+01 1.908591276105627799e+01
1.969538227871705516e+01 1.938837888873241511e+01
