0.000000000000000000e+00 0.000000000000000000e+00
0.000000000000000000e+00 0.000000000000000000e+00
0.000000000000000000e+00 0.000000000000000000e+00
0.000000000000000000e+00 0.000000000000000000e+00
0.000000000000000000e+00 0.000000000000000000e+00
0.000000000000000000e+00 0.000000000000000000e+00
0.000000000000000000e+00 0.000000000000000000e+00
1.637201276697083929e-01 0.000000000000000000e+00
1.832240324763362571e-01 2.059774532953830006e-01
1.529389804301619638e-01 6.363786638198263290e+00
4.471328582416121300e+00 7.762474137458331924e+00
7.682291981010549442e+00 7.753917631418941525e+00
7.680133158024600171e+00 7.656031108249161221e+00
7.598252517221481206e+00 7.614751617478964896e+00
7.681259723937467143e+00 7.815174456735444863e+00
7.861977689602654529e+00 7.997713141273310455e+00
7.921660148985592897e+00 8.265679220472101463e+00
8.154856348425383317e+00 8.455435809346896647e+00
8.387213390953911940e+00 8.720860830363042382e+00
8.777068798188764731e+00 8.933583846477468171e+00
8.892286092916227958e+00 9.122181974805783966e+00
9.061105247902514037e+00 9.294268899609432921e+00
9.243890588969728483e+00 9.462028721663909181e+00
9.443946615506328968e+00 9.638675279554187014e+00
9.613882299517880980e+00 9.804065614074014334e+00
9.786526430384277830e+00 9.975620328410267135e+00
1.000454404381593143e+01 1.014091269619338931e+01
1.018287687543652886e+01 1.029719650073583104e+01
1.034032076741428519e+01 1.047743214271334722e+01
1.052457489933200385e+01 1.063689808391567126e+01
1.065013823974465446e+01 1.080359125537763454e+01
1.084571350102396714e+01 1.097226875927285228e+01
1.101519113827472118e+01 1.114879965263782857e+01
1.117124472212717734e+01 1.131158092184317354e+01
1.134680118914578273e+01 1.147496231170264380e+01
1.151628399610148357e+01 1.163907455655309775e+01
1.168724048412063610e+01 1.180653258124598715e+01
1.186993718810102827e+01 1.196939733463802291e+01
1.201068323574335928e+01 1.213367492898954403e+01
1.218158870995680587e+01 1.229128550470848502e+01
1.235654701538787847e+01 1.244818337891354076e+01
1.250662273383249001e+01 1.261674237550414368e+01
1.267102126838262421e+01 1.277867650379452691e+01
1.283482893725716423e+01 1.293593341379249750e+01
1.299788869020635929e+01 1.310806776103785687e+01
1.315931581788724181e+01 1.327223710328854622e+01
1.331758640911134783e+01 1.344325790702535350e+01
1.345012871262010989e+01 1.359758085035280217e+01
1.363879985490198266e+01 1.376206878794820376e+01
1.379927365759418301e+01 1.392121496164397065e+01
1.392833623510626140e+01 1.408405378362401450e+01
1.412487027304463005e+01 1.423952837935708793e+01
1.429795798948060259e+01 1.440051331256956146e+01
1.448836538148192155e+01 1.457796609075895233e+01
1.461389954582344863e+01 1.472855256944997571e+01
1.475866403493169976e+01 1.489181391386314246e+01
1.494321690521840651e+01 1.505136161163312636e+01
1.508381959142949391e+01 1.521115682590394513e+01
1.522588264095646693e+01 1.538025772580654227e+01
1.540444319058216927e+01 1.553677628043303294e+01
1.554299925433894458e+01 1.571434323575162928e+01
1.573365585815373002e+01 1.586822288372404088e+01
1.588486644954033622e+01 1.604362493464551065e+01
1.606568574992606102e+01 1.620128477778609266e+01
1.616791270864531427e+01 1.636716118838410949e+01
1.639977408235422374e+01 1.652996098324293328e+01
1.649574422799059548e+01 1.669973239158520428e+01
1.670238842114019917e+01 1.685874582870426863e+01
1.691579742096397254e+01 1.703983892280221824e+01
1.699932491525348510e+01 1.718485501220598621e+01
1.730960181572439183e+01 1.718109618470880662e+01
1.734629264955759353e+01 1.749735249981242546e+01
1.750681066281816811e+01 1.765466192347822627e+01
1.777537426847064239e+01 1.762931930616781173e+01
1.778608045969282259e+01 1.796652839725334161e+01
1.810366625694230436e+01 1.796727331431078412e+01
1.825349836816367599e+01 1.809341465373303848e+01
1.826685971491753691e+01 1.843749230436056763e+01
1.839803572983942814e+01 1.859032144041889367e+01
1.873656601663290999e+01 1.853216553420090307e+01
1.874819308571919407e+01 1.890627267664616795e+01
1.906394370014189832e+01 1.889080912277123048e+01
1.921042519049793285e+01 1.907003145460587845e+01
1.922706966961192876e+01 1.939074584420339065e+01
1.953946267022107008e+01 1.935972751478403708e+01
1.956765341422120486e+01 1.970836550432319711e+01
1.972647293171565508e+01 1.987522135434426218e+01
2.003018919899839290e+01 1.988598957487093699e+01
2.020542122614475744e+01 1.999869567959222394e+01
2.037759351699999755e+01 2.020258959231413343e+01
2.035385821389672145e+01 2.054122231065435145e+01
2.051710131773061008e+01 2.071240224112899497e+01
2.087591888121377437e+01 2.065971698671890877e+01
2.086162774216478155e+01 2.103948043449781835e+01
2.099346526586186457e+01 2.120349141093585388e+01
2.137875309106127730e+01 2.114446776782139281e+01
2.138342696265906184e+01 2.153345690501914333e+01
2.157608096829612876e+01 2.170625113697618858e+01
2.188456045707766151e+01 2.162968961001024226e+01
2.203554574446843972e+01 2.183507629727485266e+01
2.221800611525073066e+01 2.205211707740826199e+01
