0.000000000000000000e+00 0.000000000000000000e+00
0.000000000000000000e+00 0.000000000000000000e+00
0.000000000000000000e+00 0.000000000000000000e+00
0.000000000000000000e+00 0.000000000000000000e+00
0.000000000000000000e+00 0.000000000000000000e+00
0.000000000000000000e+00 0.000000000000000000e+00
0.000000000000000000e+00 3.978417573959577846e-02
1.618414958765165945e+00 2.287983936763530401e+00
2.405358860580965263e+00 2.413152420366424078e+00
2.575618492185935970e+00 2.560659980952283199e+00
2.703266706418779197e+00 2.672746788630047554e+00
2.833401299418314423e+00 2.964084110033880393e+00
3.016840138198364052e+00 3.097453526594874607e+00
3.187771555164632620e+00 3.339217144496410938e+00
3.421438298763843644e+00 3.520335849192133715e+00
3.607699927756251146e+00 3.715817310035246290e+00
3.808717196951712847e+00 3.904980905040062122e+00
3.964156488501388687e+00 4.070338264086090341e+00
4.161203508423057862e+00 4.236086693694621985e+00
4.325052961027720855e+00 4.399739104856394967e+00
4.535200944004834867e+00 4.572954700451308696e+00
4.732439786420956196e+00 4.710512156053190402e+00
4.911856669987036739e+00 4.836272831240871817e+00
5.092167599555796897e+00 5.043837853411976546e+00
5.269425532842124227e+00 5.195559965014362902e+00
5.448682208809107586e+00 5.356610714484353331e+00
5.627565094992256434e+00 5.529569354742837284e+00
5.808516986603659227e+00 5.712501213032584957e+00
5.981254058480400815e+00 5.882336393681172559e+00
6.160501615554168531e+00 6.084578172261808859e+00
6.338053755290474989e+00 6.253330705423991276e+00
6.523142739132288703e+00 6.454907249095918509e+00
6.615538679914361175e+00 6.678700522879699619e+00
6.878924797574046401e+00 6.782666894482706432e+00
7.062954531345601694e+00 6.985086365724397339e+00
7.242830756476299037e+00 7.139278348085416503e+00
7.433063463117672853e+00 7.312598712526121147e+00
7.617168638858073493e+00 7.518503177809209959e+00
7.803497585034005368e+00 7.717974848892101392e+00
8.007105977204542313e+00 7.891351852045441539e+00
8.201413426533193274e+00 8.074364421018005444e+00
8.388613893363046969e+00 8.238267587342932075e+00
8.578361986441736420e+00 8.450013106977841915e+00
8.774131096321966083e+00 8.593693871498505388e+00
8.959434160076993336e+00 8.807599798234225119e+00
9.159731277079243839e+00 9.003989472627470292e+00
9.344490235367262088e+00 9.171594740056633555e+00
9.536666718746404925e+00 9.373192316700722060e+00
9.722037821993676943e+00 9.578095792962477262e+00
9.905040421471369427e+00 9.776283931810905159e+00
1.010567158655518583e+01 9.974111935181706912e+00
1.030002024894559121e+01 1.013645007470922188e+01
1.047925647992516751e+01 1.033963593714516982e+01
1.067989729726186177e+01 1.050109924867878242e+01
1.069867657484648404e+01 1.078365952582318243e+01
1.102097770777595720e+01 1.087812587840584122e+01
1.119146511818780532e+01 1.110358766013893117e+01
1.138982151959561939e+01 1.128544001567895450e+01
1.158141921572408073e+01 1.148792592524207734e+01
1.177680562121110519e+01 1.168913186336789067e+01
1.197412458573652749e+01 1.185395339453554087e+01
1.217262816223731647e+01 1.203018782011808874e+01
1.236110986070707618e+01 1.223569532387524461e+01
1.255283346602557693e+01 1.246060864843414961e+01
1.275111476319583304e+01 1.264412217413729955e+01
1.293638149653495617e+01 1.285841911956502059e+01
1.314743088478923383e+01 1.305317923127595314e+01
1.333724677281675319e+01 1.322051323856011429e+01
1.355892950322197166e+01 1.340802550204640831e+01
1.374308985802387539e+01 1.362742174919394955e+01
1.392715821958312006e+01 1.373177569182563040e+01
1.412723404819368689e+01 1.400795505457664447e+01
1.431609144634936293e+01 1.417736058847029135e+01
1.451734056254855965e+01 1.437332379548201189e+01
1.471743328051693567e+01 1.442692237707404423e+01
1.490969773054440140e+01 1.474882364376978572e+01
1.510705970338771742e+01 1.495317892620612987e+01
1.531083740698695905e+01 1.510821682386438347e+01
1.550009312261165384e+01 1.528910150801892343e+01
1.569248835848021884e+01 1.552117675346690362e+01
1.587520827871219531e+01 1.564563399768956486e+01
1.607672280269823872e+01 1.581849261510876481e+01
1.625601046380216985e+01 1.609789726057348958e+01
1.627028326711941730e+01 1.633791601163529350e+01
1.663013377252707059e+01 1.641435453215787277e+01
1.679640671305001476e+01 1.664879981932968533e+01
1.699360998675619783e+01 1.675283707480411977e+01
1.720877133408015069e+01 1.685762960736631655e+01
1.739400553082900203e+01 1.707107261503568552e+01
1.758333953573989206e+01 1.740460789751783466e+01
1.778894957396000365e+01 1.750072762324238340e+01
1.798132069538451816e+01 1.771333596795124876e+01
1.818542181006192493e+01 1.797959488023325747e+01
1.837932762800158670e+01 1.811596874909713861e+01
1.859451579454065495e+01 1.836538338265305370e+01
1.877695603877097597e+01 1.856240095324407591e+01
1.896834660416641682e+01 1.861850935828451625e+01
1.918014529271167135e+01 1.890131891493331651e+01
1.938376161134479148e+01 1.905249309576539218e+01
1.958747711831491500e+01 1.918620960282848742e+01
1.978513419110509020e+01 1.948469492904510147e+01
