0.000000000000000000e+00 0.000000000000000000e+00
0.000000000000000000e+00 0.000000000000000000e+00
0.000000000000000000e+00 0.000000000000000000e+00
0.000000000000000000e+00 0.000000000000000000e+00
0.000000000000000000e+00 0.000000000000000000e+00
0.000000000000000000e+00 0.000000000000000000e+00
1.237644408112911348e-01 8.183832776030336431e-02
4.328906085574995011e-01 7.424211079045346384e-01
1.415793772851531518e+00 3.063200076362579960e+00
4.382816807362965861e+00 4.390660459055860443e+00
4.324677687314107288e+00 4.482908927829017287e+00
4.573051937819005097e+00 4.566560975060101057e+00
4.644234140852410597e+00 4.675831030362420648e+00
4.720151065251052103e+00 4.751745030458511820e+00
4.875117596923530527e+00 4.915912507433096934e+00
5.037886385825737889e+00 5.180300914227060183e+00
5.227404097856114262e+00 5.482970882921394562e+00
5.405482511502262888e+00 5.718977732597754660e+00
5.665271510172949831e+00 5.983991950209289534e+00
5.850477665226774704e+00 6.191894589155001682e+00
6.113990057532735278e+00 6.393166429153438912e+00
6.296493305443564559e+00 6.577778011404777914e+00
6.577498147960049835e+00 6.765223126870529846e+00
6.748871944787668831e+00 6.938847899417796228e+00
6.923255274912396118e+00 7.100962530205976009e+00
7.135845125231604413e+00 7.285295611053445697e+00
7.324805515470489858e+00 7.456031621709164448e+00
7.490978088483894126e+00 7.629580964591395897e+00
7.662747042064633085e+00 7.805260265172872636e+00
7.832340822601643104e+00 7.984103516919229371e+00
8.018239284324673477e+00 8.143552741291591346e+00
8.145958533828370207e+00 8.315493800019627457e+00
8.339897403012157540e+00 8.468744176220056374e+00
8.520560847681837302e+00 8.639158849376835647e+00
8.665281233057696042e+00 8.798730561004759920e+00
8.826898044852242720e+00 8.952607487772331396e+00
8.971487298063278715e+00 9.110593473382529339e+00
9.245096169939474251e+00 9.111389244463879322e+00
9.264125258658221895e+00 9.428696134078215607e+00
9.416169904520822698e+00 9.592138027042041770e+00
9.589345221846071965e+00 9.758905611800781088e+00
9.756262498296640828e+00 9.925336467556569175e+00
9.910106546419671147e+00 1.009147519949575944e+01
1.009469672882558555e+01 1.025192105928307384e+01
1.040684941972942568e+01 1.025352350415469616e+01
1.040868041452213610e+01 1.058084707354930565e+01
1.073722207105744353e+01 1.059060748075331482e+01
1.073248478249667848e+01 1.090617720953457237e+01
1.106956549256605982e+01 1.087795599256245005e+01
1.101296402317463397e+01 1.123691877343255463e+01
1.139943677293915414e+01 1.119676929182659642e+01
1.156623336698076443e+01 1.137801465518673183e+01
1.173455581200225240e+01 1.151734610033861728e+01
1.174324641996186358e+01 1.190859464083005470e+01
1.208092782391770115e+01 1.188453507583447255e+01
1.225276826329757895e+01 1.206822973540341160e+01
1.241486463301795240e+01 1.223371146236148732e+01
1.236925453867384306e+01 1.257352862480512101e+01
1.273922040216926455e+01 1.258126852364841852e+01
1.291637008048077817e+01 1.272585670868434882e+01
1.309539306848515139e+01 1.288395321339445410e+01
1.326505533252245250e+01 1.307137857265072256e+01
1.343341227562509843e+01 1.325565001024097178e+01
1.361741873779054757e+01 1.344128097055332027e+01
1.378195427202954804e+01 1.350660401542156386e+01
1.396574119044295337e+01 1.375146316291226078e+01
1.415309901919489199e+01 1.394606894691098731e+01
1.413470626048781220e+01 1.430035277808322647e+01
1.449580807684676209e+01 1.431092342806317319e+01
1.467171269650767762e+01 1.450807709926629840e+01
1.485277215367062276e+01 1.464825063523699633e+01
1.503342599237183208e+01 1.485097500151327843e+01
1.498936870919970055e+01 1.517598723889892121e+01
1.537430526226823346e+01 1.515818813938541076e+01
1.555930382172228299e+01 1.537086857095662040e+01
1.574056978647703353e+01 1.547672804424210824e+01
1.591577284586960239e+01 1.573081804657068794e+01
1.610068031066417049e+01 1.588002353750296081e+01
1.628725936430889476e+01 1.602696204172464434e+01
1.647090399500413227e+01 1.624074194919107583e+01
1.664193959774999598e+01 1.646088531431344393e+01
1.683308401394240050e+01 1.660104691558371925e+01
1.676163064218520660e+01 1.696036150539937637e+01
1.717673175171423239e+01 1.696332296995820599e+01
1.736502490040269819e+01 1.716693879218854235e+01
1.754591514131243102e+01 1.736396725005286967e+01
1.751651302697230506e+01 1.766116150298704568e+01
1.789671929892225677e+01 1.771458407779731559e+01
1.808438776204128828e+01 1.791704773818665331e+01
1.827250113517770558e+01 1.809749065692669134e+01
1.845495008201228515e+01 1.829428485413038885e+01
1.864284561053431943e+01 1.841262889194104346e+01
1.883357173301745391e+01 1.863276915561881353e+01
1.881574609197025438e+01 1.893714932587653621e+01
1.920556770571262462e+01 1.896591025774876726e+01
1.937887413497548650e+01 1.922467178062301230e+01
1.955750337011888718e+01 1.936473738414863277e+01
1.976243600822218482e+01 1.955601986447965146e+01
1.994071205494508092e+01 1.972120758360733817e+01
2.013321396403409835e+01 1.994256184764753215e+01
2.032809981255282139e+01 2.008675882335669272e+01
