0.000000000000000000e+00 0.000000000000000000e+00
0.000000000000000000e+00 0.000000000000000000e+00
0.000000000000000000e+00 0.000000000000000000e+00
0.000000000000000000e+00 0.000000000000000000e+00
0.000000000000000000e+00 0.000000000000000000e+00
2.076243685475259032e-02 0.000000000000000000e+00
7.557500937522966533e-02 5.817385081018657811e-01
5.717368858434493939e-01 9.033472011244488842e-01
8.534623252484913047e-01 1.054805644817664589e+00
1.122285025654926605e+00 1.188343327679442618e+00
1.286361785296997073e+00 1.266236695058368777e+00
1.380386919509724919e+00 1.430004353320194710e+00
1.517505734573462828e+00 1.556954444366138723e+00
1.663572007049679335e+00 1.648572739487771166e+00
1.780969650850490860e+00 1.766549041524695385e+00
1.874476255066654051e+00 1.902577461370242862e+00
2.015666431595378505e+00 1.996029604209351938e+00
2.131533924632391219e+00 2.109362916101472862e+00
2.221154416533871245e+00 2.252110835542905143e+00
2.366476096083198755e+00 2.341848247005240413e+00
2.456095747779249994e+00 2.489392193040284695e+00
2.609124259838086601e+00 2.583128055742339946e+00
2.727277060934022224e+00 2.684797328155586804e+00
2.851189043729807970e+00 2.818891936160706990e+00
2.975501056049130177e+00 2.936563116052407274e+00
3.099955644237372798e+00 3.063239670746798371e+00
3.217761469980699562e+00 3.186068537065722683e+00
3.339973998648988029e+00 3.302759670056331753e+00
3.465062226587031446e+00 3.426405401240804061e+00
3.578183704779085872e+00 3.529861642577058589e+00
3.700211362832984463e+00 3.645965204121199843e+00
3.818221822585532443e+00 3.783504741616144695e+00
3.937488790124275440e+00 3.888214445717764978e+00
4.058979266849564560e+00 4.022306904058160271e+00
4.179613682780431994e+00 4.143198830779137865e+00
4.305322883736492301e+00 4.248634309696398326e+00
4.433484730792191186e+00 4.380297768849491291e+00
4.551477505038575622e+00 4.494137071135503092e+00
4.673611057399170932e+00 4.628291611103818148e+00
4.793676904457345067e+00 4.747950438289735509e+00
4.914458428406483392e+00 4.861836659009507677e+00
5.047174925754246644e+00 4.950466607583592804e+00
5.170857317510170859e+00 5.093219450617317179e+00
5.300148133057338562e+00 5.221992327498037767e+00
5.423020713156328831e+00 5.361094818554366093e+00
5.545903619469449097e+00 5.472562172219484822e+00
5.670664595589318679e+00 5.594042039417381318e+00
5.789533026136690630e+00 5.716451780990643883e+00
5.911697259091506673e+00 5.821392597948026548e+00
6.031906485054224554e+00 5.928699831434684597e+00
6.150755895680343421e+00 6.065271510690876333e+00
6.279639361172603351e+00 6.206765798321478123e+00
6.406157408717178647e+00 6.297807515121695232e+00
6.525364780341897486e+00 6.441064340696119217e+00
6.651102228261366989e+00 6.558141513246155796e+00
6.771756792017046500e+00 6.726746127839922984e+00
6.887363556377303908e+00 6.801694196248938340e+00
7.015898932790293863e+00 6.956273668057524340e+00
7.136042833625906745e+00 7.078230338097634800e+00
7.258199366919866335e+00 7.165785834326106496e+00
7.378344862437032248e+00 7.275894329903122681e+00
7.503893445399326900e+00 7.424599476399452058e+00
7.628120012598804678e+00 7.517012263606418720e+00
7.750921554928463131e+00 7.633620897567019448e+00
7.870076492750119890e+00 7.752222121663720600e+00
7.990245267497752657e+00 7.929628832228333479e+00
8.100553074371257267e+00 8.023756118004408577e+00
8.235639034606652586e+00 8.142547639901474454e+00
8.350342220525035941e+00 8.276020313851482513e+00
8.472248710245386505e+00 8.363733706173098525e+00
8.601655538789019673e+00 8.508191208675649264e+00
8.730960755970528453e+00 8.659321258510464858e+00
8.855033057274857455e+00 8.748835898451366333e+00
8.984976338409508045e+00 8.873152881458825192e+00
9.107646257824230318e+00 8.975581902872578510e+00
9.228573811179455078e+00 9.135203452406633673e+00
9.355943499160657595e+00 9.219228993125497595e+00
9.484213609566067404e+00 9.364279617911622111e+00
9.609517944755015861e+00 9.499581915503076956e+00
9.730786402567423110e+00 9.598412193891874722e+00
9.852288515229290056e+00 9.704443269090331725e+00
9.971840310806909358e+00 9.826670571101358220e+00
1.010257640203429652e+01 9.951453108556574279e+00
1.022525990490546199e+01 1.010826035506351595e+01
1.035205128674624397e+01 1.018315168672737059e+01
1.046940818584972455e+01 1.028095753000631873e+01
1.059681944345663140e+01 1.043504547417724559e+01
1.071493173653200159e+01 1.053330011874122185e+01
1.084411510153732117e+01 1.075025101994907928e+01
1.096584963793082501e+01 1.084189405220779889e+01
1.108778961289124609e+01 1.097082537831426663e+01
1.121466308588779981e+01 1.107523315744310288e+01
1.132206942786264037e+01 1.119636121410845853e+01
1.146154048333017350e+01 1.135244804209873415e+01
1.157249150568183360e+01 1.145623143231794749e+01
1.170324953003442303e+01 1.151560845382568488e+01
1.181436830652346437e+01 1.166386352277678284e+01
1.193934961851122800e+01 1.179696700835202705e+01
1.205254827269368079e+01 1.191173870876296625e+01
1.218141987817774030e+01 1.191412994845445184e+01
1.230634589974012982e+01 1.216527862758032086e+01
