0.000000000000000000e+00 0.000000000000000000e+00
2.765626142187749183e-03 0.000000000000000000e+00
2.278163998679217858e-02 0.000000000000000000e+00
2.395054674793381175e-02 0.000000000000000000e+00
5.032520623182910186e-02 2.126003907332568027e-03
1.940904739850016492e-01 2.587504159373589172e-02
7.015177850857795550e-02 6.050126312846570986e-01
7.117831812034168815e-01 6.584227987647631730e-01
8.209844571657061163e-01 8.652280429234792125e-01
9.736148576633575358e-01 9.503970797419066807e-01
1.083008488012696668e+00 1.060045672755077106e+00
1.192742636438520298e+00 1.164046280786621645e+00
1.302392625774666302e+00 1.274150428112459821e+00
1.366795509006332399e+00 1.400284849057574554e+00
1.509912784400991415e+00 1.479658081132508185e+00
1.622187549005378759e+00 1.585311930944175440e+00
1.725995040137619618e+00 1.704348831933190311e+00
1.834047609079541008e+00 1.809128171174416932e+00
1.946927834712201211e+00 1.903818503779228566e+00
2.052009942412066135e+00 2.025499205269267300e+00
2.161587335570908319e+00 2.135273520761693966e+00
2.268781120968150322e+00 2.235522603345291515e+00
2.381335179987254413e+00 2.336506318568626117e+00
2.485962286571812285e+00 2.437681634638450223e+00
2.596121456583632803e+00 2.549715168804652876e+00
2.704518866231490737e+00 2.638419070219975904e+00
2.812952216854073928e+00 2.757414913064029971e+00
2.915689063023883865e+00 2.872582227466056626e+00
3.025745156115906997e+00 2.985558976882248583e+00
3.130285186891514027e+00 3.079957064904247144e+00
3.243533999013346936e+00 3.200459071997283633e+00
3.344322813836932085e+00 3.292427415722539941e+00
3.460639222323162567e+00 3.412251464019590674e+00
3.567212054797601173e+00 3.492005796009791219e+00
3.677217057794653243e+00 3.620339268473701910e+00
3.786693699722232243e+00 3.733930486021332040e+00
3.896691895159308583e+00 3.839860363698832657e+00
4.002138118908022513e+00 3.937266927396751548e+00
4.111637288040801863e+00 4.048421298203844110e+00
4.218473686374484721e+00 4.157779473479797261e+00
4.328063844335610533e+00 4.279327940511214123e+00
4.436822554824138898e+00 4.350002652354997501e+00
4.547869968022471454e+00 4.477560464829307918e+00
4.651706591073011765e+00 4.592574467497419377e+00
4.761938049109851079e+00 4.682836308653751445e+00
4.869022318307486330e+00 4.777941978751513830e+00
4.972033318856317052e+00 4.909636866084997386e+00
5.091222644968057764e+00 5.013691262041255037e+00
5.194947884988057041e+00 5.121612168166499224e+00
5.304873859195480712e+00 5.224812597862401375e+00
5.407178365395335362e+00 5.354507757758737441e+00
5.516154878793704697e+00 5.406003795115394084e+00
5.633883687279413799e+00 5.553005346486900251e+00
5.740449578928225272e+00 5.661016615736127910e+00
5.844446412144804981e+00 5.746518451770785241e+00
5.957650394861432552e+00 5.865520802514078369e+00
6.068215055467238273e+00 5.961951979883894026e+00
6.173381721286858692e+00 6.048867032671282118e+00
6.279528305468881300e+00 6.184592861016919407e+00
6.388370630930618965e+00 6.282052306952959242e+00
6.495152118822357323e+00 6.437232244837112205e+00
6.601118065628974740e+00 6.527708030554291163e+00
6.718255899675986242e+00 6.606350844135528533e+00
6.820663303393205368e+00 6.725148313107284892e+00
6.931120860315196808e+00 6.843908980757472449e+00
7.043641685929179275e+00 6.970070679772295996e+00
7.152336538713309544e+00 6.988935680915754567e+00
7.264029573608395296e+00 7.142597136621618326e+00
7.374128741956660349e+00 7.268284484098884946e+00
7.478332150560728309e+00 7.383290556750694122e+00
7.598970341160334208e+00 7.509225672232433091e+00
7.697759293225718835e+00 7.607115420575617293e+00
7.798340932241313972e+00 7.691365255393127320e+00
7.905798421880213311e+00 7.777933268313974580e+00
8.012654191490215183e+00 7.884071923327042875e+00
8.118981080703090214e+00 7.995812955931962840e+00
8.220280651541239436e+00 8.105763168057164236e+00
8.323343769077498067e+00 8.259164967083899356e+00
8.442697676318362099e+00 8.330579509033967156e+00
8.545878405406496015e+00 8.409429777978902010e+00
8.651096788582533392e+00 8.529251850122129497e+00
8.755694036803284064e+00 8.649242287218861236e+00
8.862318808069735709e+00 8.738068495560920468e+00
8.978824166946196783e+00 8.888931698463462538e+00
9.079127892987409965e+00 8.968611868127432274e+00
9.189890521131660606e+00 9.101931288274949239e+00
9.296301128956194759e+00 9.191810317799152585e+00
9.412675904329072196e+00 9.305534956201624297e+00
9.518990950460482381e+00 9.412384721776479779e+00
9.620112321547807710e+00 9.510169659032502665e+00
9.736832542047153538e+00 9.631988066404080229e+00
9.847461267123680528e+00 9.743675419982087860e+00
9.958720596590607599e+00 9.833888820484609994e+00
1.006972906757557062e+01 9.949639505059819200e+00
1.017492498601409778e+01 1.002158271615796181e+01
1.028524966156510700e+01 1.014769675444532737e+01
1.039112522004071337e+01 1.028253351666279514e+01
1.049351039464460378e+01 1.037207385529291415e+01
1.061274418753735205e+01 1.047099569746459125e+01
1.071685750315347008e+01 1.054292003778492948e+01
1.082563476542949132e+01 1.072497256578907532e+01
