0.000000000000000000e+00 0.000000000000000000e+00
0.000000000000000000e+00 0.000000000000000000e+00
0.000000000000000000e+00 0.000000000000000000e+00
0.000000000000000000e+00 0.000000000000000000e+00
0.000000000000000000e+00 0.000000000000000000e+00
0.000000000000000000e+00 0.000000000000000000e+00
0.000000000000000000e+00 0.000000000000000000e+00
0.000000000000000000e+00 0.000000000000000000e+00
0.000000000000000000e+00 0.000000000000000000e+00
0.000000000000000000e+00 0.000000000000000000e+00
0.000000000000000000e+00 0.000000000000000000e+00
4.344312214096768265e-01 3.261606865084152762e+00
2.442692787570108770e+00 3.865094648552491297e+00
4.650141118036689392e+00 5.359987322185507885e+00
5.413382427196943958e+00 5.551891205551782171e+00
5.597451831636965025e+00 5.612180041720788104e+00
5.710260297802046026e+00 5.708910415120042714e+00
5.807695825784529475e+00 5.852171537718045435e+00
5.940883511203838729e+00 5.906835188425666239e+00
6.133667273174838286e+00 6.286186383939129207e+00
6.281834566292761046e+00 6.586394796855078226e+00
6.672548541105126851e+00 6.785719693715142498e+00
6.857951686463381158e+00 6.997937739242057198e+00
7.080398643257963087e+00 7.230393972466719887e+00
7.282445387801692149e+00 7.449602328792103378e+00
7.443165038070611139e+00 7.658444927661348878e+00
7.619431485651451119e+00 7.869157174009136391e+00
7.788437068127326945e+00 8.062779071087344818e+00
7.988306186815386845e+00 8.256858504365171214e+00
8.208552292793768856e+00 8.450958007989967768e+00
8.413966264228779579e+00 8.639154439228134308e+00
8.596450193330086975e+00 8.817308436645634018e+00
8.764078429307636142e+00 9.001540078671956380e+00
9.001617723073872313e+00 9.181408080019849649e+00
9.172542300358584200e+00 9.349038489237914362e+00
9.402335468339877877e+00 9.530186051722278506e+00
9.567082560031130001e+00 9.713155015914486157e+00
9.741994333515288318e+00 9.871869404262055170e+00
1.002977437833869168e+01 9.900682713428547999e+00
1.002958190666047145e+01 1.019974102260936988e+01
1.036008107103190667e+01 1.019875531234530186e+01
1.037916097885058697e+01 1.054634950967864526e+01
1.071591075618553468e+01 1.052853172397552584e+01
1.088602034665094287e+01 1.072413799187733652e+01
1.088210745457295126e+01 1.107163329602816937e+01
1.124803842040003587e+01 1.106610022408035121e+01
1.143362941882771011e+01 1.124905424756753369e+01
1.160348864172641292e+01 1.143282537043005220e+01
1.178859260881180582e+01 1.159531427305088513e+01
1.197965194639442998e+01 1.175372492115460155e+01
1.193883224531764675e+01 1.214941528967217721e+01
1.218007950753434443e+01 1.233403566234584581e+01
1.252197713188930983e+01 1.235626754444115960e+01
1.270910121110277125e+01 1.255382711242478777e+01
1.271462839084497531e+01 1.287572847486036487e+01
1.307085214081046409e+01 1.292432349326064589e+01
1.325491861292743145e+01 1.308799956520257624e+01
1.345302711283739505e+01 1.331085377116886725e+01
1.349109666848248068e+01 1.363022758416686386e+01
1.383863241247484765e+01 1.368546464862071943e+01
1.402366992671193024e+01 1.388547315625341305e+01
1.422683180364319711e+01 1.404023622886834488e+01
1.442182812309436279e+01 1.428195576337615158e+01
1.444081963378918410e+01 1.458115215534895626e+01
1.479514429589434599e+01 1.467238764393452577e+01
1.499743211823872002e+01 1.487531359998099134e+01
1.519559670218725600e+01 1.500062409634603888e+01
1.540325259968032512e+01 1.527094407943459764e+01
1.559940328510599272e+01 1.545574921626509379e+01
1.580101609553644337e+01 1.568572233838753505e+01
1.601580285823893490e+01 1.586079524603470148e+01
1.621164880937557840e+01 1.608073624115774791e+01
1.641992416515424580e+01 1.624109802261065383e+01
1.662672270665282070e+01 1.646131028660826701e+01
1.683599132216933114e+01 1.666272627756681146e+01
1.703529364394657719e+01 1.685109815560713287e+01
1.723011982983351942e+01 1.707916004800147292e+01
1.744356231580257699e+01 1.722245886467131726e+01
1.764602510724380124e+01 1.748591200081415309e+01
1.784909075616689478e+01 1.766594625678346375e+01
1.807610462741578772e+01 1.792024606270721776e+01
1.826677210481164337e+01 1.808405789559757082e+01
1.847721322243436859e+01 1.830162691966157951e+01
1.869767643427204717e+01 1.848570148686613379e+01
1.890866482598702092e+01 1.873940296439618791e+01
1.910675774727973675e+01 1.891262093797829280e+01
1.933173031816634335e+01 1.909738432096886029e+01
1.953281933984805363e+01 1.931984958741900371e+01
1.975504074156897971e+01 1.952391198463806177e+01
1.995702587789010352e+01 1.976410248430165595e+01
2.017375053938906859e+01 1.991043843389930856e+01
2.037242853961463851e+01 2.016843255301621696e+01
2.058648010748052570e+01 2.037890398962802863e+01
2.080782977571519154e+01 2.052739637080633628e+01
2.099913097485585922e+01 2.078968341211414739e+01
2.122452363079958815e+01 2.095265363837009787e+01
2.143654085760630679e+01 2.114481376905473908e+01
2.162243933596279533e+01 2.144506422405075341e+01
2.184776769590064305e+01 2.156809228781424537e+01
2.206354121887043007e+01 2.177892407640663563e+01
2.226095528167179083e+01 2.207031698247000051e+01
