0.000000000000000000e+00 0.000000000000000000e+00
0.000000000000000000e+00 0.000000000000000000e+00
0.000000000000000000e+00 0.000000000000000000e+00
0.000000000000000000e+00 0.000000000000000000e+00
1.758206685893390353e-02 2.596005629529291259e+00
1.885421824830897819e+00 3.341517873668026439e+00
3.326649045341070199e+00 3.345775433958997791e+00
3.370988335261766888e+00 3.369156507852872018e+00
3.393539309978493179e+00 3.392120293019184274e+00
3.430329677880959771e+00 3.429892189652089307e+00
3.483180020971487156e+00 3.490477612929731688e+00
3.577494458779310271e+00 3.668176972215885900e+00
3.744615262495489372e+00 3.866143342051740817e+00
3.909949756571975854e+00 3.989045235413559265e+00
4.068328237584556639e+00 4.034287081799244667e+00
4.132960896799501072e+00 4.482475072166296037e+00
4.402004521566253992e+00 4.709466748734375763e+00
4.649578268261427283e+00 4.902351907154248956e+00
4.863132551352653543e+00 5.078627961768113153e+00
5.081112872269501146e+00 5.251235882108374220e+00
5.233655325565205629e+00 5.422171934651583314e+00
5.439271746958557863e+00 5.579353998612631926e+00
5.583544141352505541e+00 5.739544931039608500e+00
5.730720379329732772e+00 5.896302763061885166e+00
5.919974061322911041e+00 6.052881599882034003e+00
6.094138697090437873e+00 6.213560829504663374e+00
6.249948961912891399e+00 6.371514019151319985e+00
6.401243620488601849e+00 6.528056654071393794e+00
6.551273850393284803e+00 6.675623105601363960e+00
6.714066794016093631e+00 6.824472135437705589e+00
6.879180949287133195e+00 6.974405347484656126e+00
7.109059578556518488e+00 7.008923356345260203e+00
7.258884582118978024e+00 7.106232585511849109e+00
7.410390599976688364e+00 7.223089847000541575e+00
7.380224986505933948e+00 7.567362360107540376e+00
7.710323796272795960e+00 7.533247362149117166e+00
7.871738968562839389e+00 7.664162781005472880e+00
7.835365956919875252e+00 8.020949043608757378e+00
8.170434203202812995e+00 8.008986801739577999e+00
8.165251962250762219e+00 8.331799328883469968e+00
8.480131988521447894e+00 8.304195291664784762e+00
8.635439675268177240e+00 8.453906646076472242e+00
8.802819645906563295e+00 8.613656916818021259e+00
8.958850059733826754e+00 8.831059048724853255e+00
8.993736740045612521e+00 9.121407884328146309e+00
9.293220128711006112e+00 9.144618291451642733e+00
9.444245896449517730e+00 9.299025050408458171e+00
9.433151778719388147e+00 9.600694647784814961e+00
9.764459747151224889e+00 9.609273752889519571e+00
9.928858547630955655e+00 9.782184564276349192e+00
1.009894741473877211e+01 9.935320513665056197e+00
1.026522693800018082e+01 1.008526047336529885e+01
1.042188275636661920e+01 1.027810128063968875e+01
1.060120232990244915e+01 1.043154276247704360e+01
1.076438457532609938e+01 1.062084576579879247e+01
1.092881864564687788e+01 1.077515747716272543e+01
1.109420990565721432e+01 1.096221452723490408e+01
1.126396674472390735e+01 1.112151700522727005e+01
1.142877022291962064e+01 1.128262750518117485e+01
1.159497937589707028e+01 1.142953412717493045e+01
1.176949865471920731e+01 1.159591302093319953e+01
1.192595211342851691e+01 1.177389042831202026e+01
1.209601397779307952e+01 1.190217744870079208e+01
1.225890329620486519e+01 1.207002910648239435e+01
1.243282497555317789e+01 1.225276456237639700e+01
1.260472579345652022e+01 1.242905686153402556e+01
1.278579896320610132e+01 1.265119513350030722e+01
1.293945156878331559e+01 1.282988068349060207e+01
1.312322238366952121e+01 1.291778824074389043e+01
1.327992085157839952e+01 1.319041105003888958e+01
1.346194483272933518e+01 1.328239022097744382e+01
1.363362371435011866e+01 1.346623432839688483e+01
1.381031891764788710e+01 1.362021846725599872e+01
1.399840247503246715e+01 1.381235839776365459e+01
1.416764891128312520e+01 1.397069197048512024e+01
1.417088928617250154e+01 1.428651852922475918e+01
1.449836174868803340e+01 1.433774376885177837e+01
1.451367609411725823e+01 1.460922420758403995e+01
1.482937582383159203e+01 1.460637146519264107e+01
1.500320497566029410e+01 1.481827109787722563e+01
1.517107778047622624e+01 1.496736745017199333e+01
1.534658890155093758e+01 1.512604763427150090e+01
1.552454895688456027e+01 1.532597678653699624e+01
1.569853083136964322e+01 1.549807870765000395e+01
1.588246596241608266e+01 1.575137536512464997e+01
1.606008319295371223e+01 1.581938920175075225e+01
1.624365009319884123e+01 1.601374804566823684e+01
1.643081963970115567e+01 1.622239101663828009e+01
1.659165574082420846e+01 1.641071135611984744e+01
1.676569603412423604e+01 1.656997110658404537e+01
1.696518482402749939e+01 1.675549549733685240e+01
1.713576486662104159e+01 1.695567146365592137e+01
1.731204964734201468e+01 1.704174790781744164e+01
1.751374226582265337e+01 1.726923951418633152e+01
1.767875776651429476e+01 1.750992358197795795e+01
1.786423124424943154e+01 1.768946280111876490e+01
1.803104160261957745e+01 1.784217451396609633e+01
1.821938157462847485e+01 1.801864032329860166e+01
1.840935064364643736e+01 1.815961656058562212e+01
1.858343155003276692e+01 1.824016520436428834e+01
1.875967669716864350e+01 1.856856232016435371e+01
