0.000000000000000000e+00 4.419350512852840418e-01
9.183884051808115512e-01 1.200444237715590612e+00
1.286955741826461663e+00 1.290869351947456334e+00
1.307072661992080720e+00 1.304632488479246621e+00
1.418501376526666080e+00 1.458672835317565530e+00
1.571395543066242961e+00 1.606376067040863109e+00
1.663410277035660911e+00 1.775315400675716582e+00
1.776120195120613587e+00 2.033763228244631183e+00
1.951635512634803726e+00 2.201085085601687474e+00
2.157239192042458509e+00 2.347458555838025429e+00
2.342403185831868573e+00 2.484778229585302256e+00
2.490785675632960938e+00 2.608653299030201822e+00
2.608403035302636841e+00 2.741816473912352503e+00
2.734616169374941119e+00 2.859155827569356045e+00
2.867694163557886089e+00 2.983653458132452307e+00
2.995978646007807278e+00 3.104092703069594616e+00
3.149243247973485094e+00 3.223526239909876079e+00
3.337092735241243169e+00 3.256743497415992561e+00
3.373719075371663489e+00 3.454719856461601513e+00
3.579309657438168646e+00 3.480231055200478263e+00
3.695913204887152581e+00 3.606823884411926251e+00
3.827102235849018985e+00 3.732132973761471906e+00
3.875361678860687054e+00 3.955425020489064192e+00
4.077190370779048223e+00 3.994742126221245027e+00
4.207740964591567767e+00 4.126898403847778063e+00
4.252352811771723751e+00 4.337518096113789134e+00
4.462116623274509308e+00 4.394070480999888950e+00
4.591272462880941596e+00 4.523061302961190577e+00
4.716650593943369607e+00 4.637906690750830840e+00
4.849646889665571337e+00 4.750666092733430546e+00
4.911771627366713133e+00 4.975482015737688002e+00
5.111356794809085891e+00 5.034498668787157349e+00
5.239572462585359247e+00 5.180741657903716657e+00
5.261428665824838369e+00 5.362878617415820948e+00
5.500196169880876340e+00 5.463917569684703324e+00
5.633343595469903597e+00 5.553135962641126078e+00
5.770794366003380915e+00 5.731228686952104745e+00
5.899439457731258329e+00 5.846270181318785397e+00
6.034851706437949659e+00 5.964111122205298265e+00
6.105433683436850778e+00 6.157079002153364122e+00
6.308513675011719890e+00 6.219273748781402489e+00
6.436168575147696025e+00 6.374015324220822620e+00
6.580028484872468830e+00 6.518412196037350448e+00
6.730984861319446289e+00 6.640113116860324460e+00
6.853339498867351942e+00 6.767213538752150370e+00
6.985626324091271044e+00 6.883021150511683395e+00
7.132032405410609677e+00 7.074463884944473868e+00
7.266557701764085664e+00 7.182842086537140069e+00
7.413373526769321487e+00 7.350237453778993846e+00
7.455224320144721695e+00 7.524674385936405585e+00
7.681295657272444899e+00 7.568672363708561335e+00
7.815658688529067533e+00 7.725215596057454448e+00
7.960312698556260003e+00 7.903432009797760394e+00
8.106127142093436433e+00 8.040329976466248141e+00
8.244088838064907776e+00 8.120067545717743585e+00
8.391388157875242726e+00 8.300998853284912826e+00
8.532920610260880778e+00 8.403682904678305476e+00
8.678342857658218890e+00 8.578937305577500894e+00
8.834056020257442299e+00 8.696498929439421488e+00
8.974248273322375624e+00 8.832337542715102074e+00
8.970371405755116712e+00 9.077737725854914785e+00
9.251385558002231946e+00 9.079288158782297558e+00
9.396969981520214787e+00 9.234242365165016508e+00
9.540681603655547960e+00 9.396267254099672783e+00
9.683034274272509734e+00 9.514975400671975336e+00
9.816977116743451859e+00 9.664999539350150215e+00
9.980011586812322477e+00 9.826062318651125338e+00
1.010465681035948649e+01 9.867440931711104923e+00
1.024816555271908491e+01 1.005603559225689025e+01
1.040320220784577288e+01 1.017185371828973217e+01
1.055015330528035200e+01 1.032897251646201475e+01
1.068645331469724624e+01 1.050950154814881543e+01
1.083355580055648382e+01 1.061354701883679397e+01
1.078463272994100386e+01 1.091074912377221473e+01
1.090839479723070404e+01 1.103814565400721825e+01
1.123357570102402292e+01 1.111153267826958313e+01
1.136571930542407749e+01 1.115300503017345513e+01
1.148769574588159692e+01 1.130680096515128419e+01
1.162434234075247907e+01 1.146064808054964068e+01
1.176830539424125455e+01 1.157386911247698436e+01
1.190738852773335310e+01 1.174501364562612693e+01
1.205203529474636603e+01 1.186345650118837014e+01
1.219167868457004822e+01 1.198303498638767906e+01
1.234098996133373305e+01 1.218052522420297912e+01
1.246968910270837938e+01 1.225587791151105854e+01
1.261675840014987138e+01 1.246033963377538356e+01
1.274307935477941811e+01 1.258663391257789499e+01
1.289872160551671065e+01 1.276790927154094568e+01
1.304069550721004767e+01 1.279538621393860964e+01
1.318454036229692328e+01 1.297486359972350733e+01
1.332881966598322698e+01 1.312346971112295080e+01
1.345440234040832017e+01 1.323659313467572396e+01
1.360854089173017378e+01 1.338760794129837528e+01
1.374803575173287484e+01 1.353028507664294011e+01
1.365083656280761737e+01 1.381033651460941591e+01
1.403088024449624882e+01 1.383898371111594194e+01
1.417234472058497730e+01 1.399774280258095160e+01
1.431235242844234712e+01 1.412458015051026372e+01
1.446300521394113048e+01 1.423375491111623781e+01
1.460734652377876230e+01 1.446627468673224470e+01
1.475396834963043347e+01 1.458766229962474625e+01
