0.000000000000000000e+00 0.000000000000000000e+00
8.868728572010438349e-02 -3.140996372467830949e-04
1.010763093272832036e-01 5.827708122111520117e-01
1.768148930083315307e+00 1.924015620375586932e+00
1.915352779615587808e+00 1.932990918449221995e+00
1.995464301878086433e+00 2.054258765252720220e+00
2.087130203400643147e+00 2.201134808278437216e+00
2.257469220560014200e+00 2.341383111837208375e+00
2.407719541508231309e+00 2.510478892548799745e+00
2.563691318067648162e+00 2.650381612051199820e+00
2.725713301184039317e+00 2.710058290058557251e+00
2.818519910617612201e+00 3.027143952982766617e+00
2.984741739809399608e+00 3.199887443814446009e+00
3.130547050877228621e+00 3.376438955113805651e+00
3.293364512450807080e+00 3.530705953708224598e+00
3.472645718658423863e+00 3.674207235614222800e+00
3.611045673494071018e+00 3.817213587317054291e+00
3.777513707960145517e+00 3.955228490744927772e+00
3.958166163046057839e+00 4.090500876703123900e+00
4.124900531281561200e+00 4.227549820271280900e+00
4.277244499629423657e+00 4.360126966312777519e+00
4.407650178926408202e+00 4.485879968116408989e+00
4.608844199916693363e+00 4.554291738475197526e+00
4.737716122044488998e+00 4.663814722702582571e+00
4.757279575574444586e+00 4.867310761611558512e+00
4.986470347586289265e+00 4.867485289996169584e+00
5.120490767312986691e+00 4.926122024839908242e+00
5.129127257462806178e+00 5.266772108330107116e+00
5.259286873927903727e+00 5.398646583236937246e+00
5.531297344577672526e+00 5.420547180697327327e+00
5.541086069437111128e+00 5.673524226154263772e+00
5.714945939887187798e+00 5.816929882209398883e+00
5.854487961112682548e+00 5.950860074299986202e+00
6.094080720462413225e+00 5.987718884290639032e+00
6.236055491506077963e+00 6.089483176521354402e+00
6.375195701306119567e+00 6.244985295896728239e+00
6.381808456944521701e+00 6.504400189888106532e+00
6.650235253660035539e+00 6.528863184819420518e+00
6.781809265658858443e+00 6.649310032792460134e+00
6.926424754188718502e+00 6.818707170717026145e+00
7.068502626522866983e+00 6.924478947868927037e+00
7.219840010072371861e+00 7.048855226292227272e+00
7.367266797452696636e+00 7.241202620983451688e+00
7.355830408766114381e+00 7.506204510998762736e+00
7.519671473230991943e+00 7.652984002304395794e+00
7.815257634742787118e+00 7.655752363384236148e+00
7.956003996737642581e+00 7.788184012525241506e+00
8.107529588041076707e+00 7.958563272528953902e+00
8.255910964945158526e+00 8.127453222488165707e+00
8.409597346317378097e+00 8.279525354876033916e+00
8.399734066240419850e+00 8.543959070172716608e+00
8.707868192918889250e+00 8.538920059771836435e+00
8.852396623002839249e+00 8.695180609045985776e+00
9.007820748850562609e+00 8.831039516137163758e+00
9.147396192727564213e+00 8.996032306552791624e+00
9.307460982186523069e+00 9.111701576830586902e+00
9.459616278204483919e+00 9.317055420157501544e+00
9.615231840741957470e+00 9.444113060400665560e+00
9.752479212734932901e+00 9.602118800767277307e+00
9.908037220882036422e+00 9.755668971335614614e+00
1.005923051802346002e+01 9.876234983475725926e+00
1.021283012659520395e+01 1.006889879068463856e+01
1.036615795839539267e+01 1.021700485521989066e+01
1.051587138606572580e+01 1.034352684277450862e+01
1.066735586779074474e+01 1.043237998907842190e+01
1.081187605452109501e+01 1.068017406457924778e+01
1.096155817948608302e+01 1.079980369890894920e+01
1.092078977894200875e+01 1.107179358282829895e+01
1.106142015314829052e+01 1.120061159575415033e+01
1.139520144938817481e+01 1.119890765991481096e+01
1.153298735540684916e+01 1.139645807267877053e+01
1.167523788626641768e+01 1.155595845812254119e+01
1.183328110454877269e+01 1.168883114408687263e+01
1.197067470848154436e+01 1.185379288615157556e+01
1.212418655352087704e+01 1.200727733580518120e+01
1.227475957787097904e+01 1.215029518437790657e+01
1.242962386988310897e+01 1.223616267670800895e+01
1.256748690714229078e+01 1.242064506511644417e+01
1.272337899093126623e+01 1.259326036176842223e+01
1.288176726602628719e+01 1.268539250247547834e+01
1.302255435730344857e+01 1.295655114878559466e+01
1.318488442973734998e+01 1.303965575103604380e+01
1.332743300978250112e+01 1.318824151496648334e+01
1.349219417196420601e+01 1.330881610993508879e+01
1.363745189183050854e+01 1.347297260212802605e+01
1.380626350606529762e+01 1.363082534441763904e+01
1.396555675591957169e+01 1.378786195148230398e+01
1.410675109726006404e+01 1.394522547560563552e+01
1.410601569874341799e+01 1.418903370967340827e+01
1.441380533046232237e+01 1.427424143979303572e+01
1.455472563581889744e+01 1.440158670628768078e+01
1.469046955932123311e+01 1.458976527064349504e+01
1.485340821073046413e+01 1.470426966356988174e+01
1.501792509039745660e+01 1.484966530118307304e+01
1.517098387687782335e+01 1.502190958491077666e+01
1.532554816473857073e+01 1.521569500225190552e+01
1.547415853589061108e+01 1.536100991751224143e+01
1.563351441368746642e+01 1.550858197123601734e+01
1.578140402665759545e+01 1.570171971343372519e+01
1.576378464148769254e+01 1.585749152782474525e+01
1.609608506920330129e+01 1.589534280243096909e+01
