0.000000000000000000e+00 0.000000000000000000e+00
0.000000000000000000e+00 0.000000000000000000e+00
0.000000000000000000e+00 0.000000000000000000e+00
0.000000000000000000e+00 0.000000000000000000e+00
1.633254698174747277e-01 2.618976679436897825e+00
1.999063981751616925e+00 3.129049358768490663e+00
3.181352385960698914e+00 3.177154277976787622e+00
3.217044877970175243e+00 3.217761978764720698e+00
3.260644425357756671e+00 3.256456326285699809e+00
3.316062546459851212e+00 3.309662272560596641e+00
3.414938415643961278e+00 3.504114782219965640e+00
3.504168705243005721e+00 3.728613944041405670e+00
3.734310011365630011e+00 3.893469389532107083e+00
3.980765738043732238e+00 4.052435322442617505e+00
4.095155295703099441e+00 4.305518184535271686e+00
4.260744307419504828e+00 4.542812553470984227e+00
4.424246953831928231e+00 4.713413876671951996e+00
4.602432474320078626e+00 4.899762492789643709e+00
4.770169711717758609e+00 5.054873556272815094e+00
4.986450265069541032e+00 5.212686056179396843e+00
5.250225239472937844e+00 5.364971425470977273e+00
5.411612610567813952e+00 5.515641577824232478e+00
5.581582044143527988e+00 5.666140406459484247e+00
5.733197842090754115e+00 5.818375761734948526e+00
5.879807438156578137e+00 5.969044650691616383e+00
6.022143062976351047e+00 6.102987148416643137e+00
6.235536092716447598e+00 6.169203060505686231e+00
6.361657487480832707e+00 6.269337403460607305e+00
6.507075163438924115e+00 6.405961623220234991e+00
6.646737226838206780e+00 6.566963264928297406e+00
6.793505562029742428e+00 6.725962961341868329e+00
6.937049481545519924e+00 6.888385215178403520e+00
7.089966648154424789e+00 6.985036324547891695e+00
7.246118699483206527e+00 7.151777274926249817e+00
7.396855990912158951e+00 7.311449311640723536e+00
7.474974562113377630e+00 7.562771174385050088e+00
7.710587812432093457e+00 7.631944409111603989e+00
7.866947264600318235e+00 7.809561740732708479e+00
8.027259079698701782e+00 7.948266262374326097e+00
8.123001381858891534e+00 8.202500852302899048e+00
8.248829115382257271e+00 8.374495910722702163e+00
8.524884722248300406e+00 8.387313749721045042e+00
8.687774853336971859e+00 8.597090419194032052e+00
8.856935178770203976e+00 8.728331454270332301e+00
9.019471297677670307e+00 8.915319015993350860e+00
9.189352056546978176e+00 9.074395504404382251e+00
9.348545967666561651e+00 9.234980532919534468e+00
9.430470715441726881e+00 9.511557313886399356e+00
9.677693617231133416e+00 9.536770792483530101e+00
9.836246127651151028e+00 9.747986149922555299e+00
9.995635629456785409e+00 9.894944239691662702e+00
1.015475940067033811e+01 1.007088052128576905e+01
1.032188452996683203e+01 1.025370169315893776e+01
1.049211455534012671e+01 1.040596691902078064e+01
1.066173372453812007e+01 1.055639474037988101e+01
1.083139795940241257e+01 1.074783133495954779e+01
1.101043615680318410e+01 1.087541766745709282e+01
1.117404416635880793e+01 1.106638395549737375e+01
1.135294664571506651e+01 1.123322187846705411e+01
1.152096134611933920e+01 1.141238110754727586e+01
1.168546679980402558e+01 1.156980501032612629e+01
1.186622789548178147e+01 1.173912895460302330e+01
1.203476952955418433e+01 1.192347259917115032e+01
1.221720931257687504e+01 1.206136949127857605e+01
1.239010147456068189e+01 1.225782885220115936e+01
1.257142502867751332e+01 1.243380425157299207e+01
1.275044303104022525e+01 1.260954259222853402e+01
1.292822413874912968e+01 1.278760269504087788e+01
1.310886774641001118e+01 1.291294805262740830e+01
1.329094343093889741e+01 1.307216189595543376e+01
1.344250060440660199e+01 1.333522881229658452e+01
1.362956991498806048e+01 1.344156566906814909e+01
1.380677468182468459e+01 1.363674651202092569e+01
1.397079466381620350e+01 1.379080322704787065e+01
1.415294029703891354e+01 1.399274651189106855e+01
1.431469451614897892e+01 1.416889954284891573e+01
1.448771742913418770e+01 1.438193213016460348e+01
1.467002616428587558e+01 1.454428610260468702e+01
1.485644888193671243e+01 1.469714047645665289e+01
1.502491149779259239e+01 1.492628256907703843e+01
1.519406943536508869e+01 1.503422011368495781e+01
1.536963707327551454e+01 1.521706370832430011e+01
1.555263784550108674e+01 1.539319757828726054e+01
1.572598472053491392e+01 1.559987533167115359e+01
1.589837822279521795e+01 1.569761497327721678e+01
1.607898206119636697e+01 1.586795302975834865e+01
1.624389014053536329e+01 1.600599219294059594e+01
1.643801715086022597e+01 1.629547044276551659e+01
1.661592659325414445e+01 1.640112230106346303e+01
1.678820390935522511e+01 1.656014211354974464e+01
1.696931512475195802e+01 1.679505504002524319e+01
1.714432775159651001e+01 1.691774908731215987e+01
1.732607327387342977e+01 1.708502466223009364e+01
1.750467737171962312e+01 1.733558456741943843e+01
1.770073022816050567e+01 1.739308085009042770e+01
1.788624411119397095e+01 1.758410675131629120e+01
1.807063627344765067e+01 1.779290821478389617e+01
1.823784801130157973e+01 1.789268466582534600e+01
1.842799649151784891e+01 1.817051216822337523e+01
1.859542146214752023e+01 1.828298757512548889e+01
1.878306100375625931e+01 1.861124794369715829e+01
