0.000000000000000000e+00 0.000000000000000000e+00
1.201110761819825345e+00 1.429350259600840278e+00
1.398296061199969964e+00 1.394482712839212102e+00
1.424689995874431903e+00 1.422556356562554525e+00
1.459149790613242459e+00 1.456278979943697482e+00
1.575436766513488962e+00 1.624891326778711731e+00
1.695734984540395285e+00 1.877669743809721403e+00
1.885493266969888060e+00 2.024901015453836717e+00
2.049435757075299680e+00 2.173269429499494088e+00
2.198974799904243493e+00 2.337750775272418480e+00
2.316873587874474172e+00 2.481300901842331985e+00
2.471102679318442075e+00 2.625491652157455835e+00
2.608533079889945316e+00 2.762321066523332203e+00
2.755752911298327668e+00 2.893647425815588647e+00
2.904624676079244239e+00 3.025511723600287528e+00
3.033178733520387471e+00 3.153979991444974651e+00
3.191438086528919360e+00 3.277058520205159642e+00
3.320734277086117903e+00 3.400165852654746690e+00
3.462802682187280379e+00 3.515248221114086746e+00
3.632955393475551631e+00 3.580827619601759881e+00
3.667511696231010809e+00 3.766008960255344817e+00
3.881346479355867185e+00 3.775185706186963142e+00
3.876613227581366949e+00 4.013420385890715814e+00
4.136251437955789534e+00 4.017012492482216146e+00
4.264218993355836318e+00 4.146853928627944441e+00
4.282491594749699537e+00 4.397506736992897736e+00
4.416069868582986224e+00 4.520422887948880586e+00
4.541472386545339468e+00 4.649066726480808320e+00
4.688646742821299007e+00 4.780230733025600642e+00
4.909273266196402474e+00 4.824568510751610972e+00
5.041743164233939645e+00 4.952514990637155279e+00
5.171744354355846340e+00 5.072706418018857910e+00
5.309279984783509043e+00 5.200828330777464537e+00
5.446027432609802155e+00 5.330327461391852317e+00
5.580704883573223363e+00 5.445257890374525900e+00
5.717113901088351824e+00 5.582528616655424436e+00
5.722087306231314230e+00 5.849939151696052164e+00
5.993002732951570266e+00 5.843380010273721226e+00
6.119855951405593686e+00 5.983299251484959669e+00
6.251078819542799536e+00 6.138562452214864962e+00
6.379621005285058821e+00 6.227932024871226879e+00
6.511604770580643020e+00 6.400622018366376231e+00
6.641515156900843486e+00 6.540086890768864514e+00
6.780966522499278781e+00 6.679898776015323669e+00
6.915866940720744260e+00 6.782494711258257425e+00
6.946162550943776992e+00 7.037484048123469726e+00
7.185126774723487486e+00 7.064488843925389894e+00
7.321610215319074300e+00 7.213790807955145823e+00
7.451070286313215441e+00 7.313514296479966426e+00
7.601457343624754337e+00 7.423065962174151267e+00
7.730912507847482296e+00 7.608384847629761083e+00
7.868635477552786917e+00 7.770124189295529504e+00
7.997716709949227010e+00 7.868151134202721053e+00
8.140678198550999056e+00 7.998513933107611606e+00
8.279083648996289568e+00 8.097059255207394557e+00
8.413979582679390390e+00 8.282762672169132756e+00
8.550974006272035410e+00 8.436763930275629875e+00
8.693677975638815170e+00 8.564318230683028332e+00
8.840265286484713769e+00 8.728919564897589467e+00
8.982250585451311053e+00 8.834810518670314750e+00
9.120777618501749728e+00 8.991363547261521205e+00
9.259081850926556001e+00 9.143762661666023916e+00
9.407778208656546681e+00 9.245590760666546615e+00
9.545442687355571110e+00 9.378876893706188156e+00
9.703638850250360548e+00 9.509431394040996466e+00
9.828812686050319769e+00 9.645952979914982350e+00
9.980527133982127097e+00 9.843444527647671194e+00
1.011925829698630963e+01 9.943448135352291217e+00
1.010269343968421296e+01 1.021305947906111555e+01
1.024422200762997726e+01 1.034301623589001018e+01
1.051802610065907473e+01 1.038029953311220410e+01
1.066510979120829106e+01 1.047479613498414608e+01
1.062421266927725938e+01 1.074359914215431111e+01
1.077236027475251845e+01 1.087176511983382099e+01
1.106370788115842352e+01 1.087328396204460468e+01
1.120162512743444339e+01 1.106098165734519512e+01
1.134127328604726159e+01 1.117923043724521648e+01
1.147072635978953059e+01 1.129688654792203373e+01
1.161986628903787100e+01 1.148386940612245866e+01
1.176318589257581237e+01 1.158061962313954041e+01
1.190995438001976225e+01 1.175241689704191117e+01
1.203660832017839866e+01 1.187470613741369974e+01
1.219160622985713793e+01 1.205507633781819443e+01
1.232087729773553342e+01 1.222362920393951491e+01
1.247304733086960482e+01 1.229956838003599273e+01
1.261483754703841065e+01 1.244121205590442614e+01
1.275896673186817232e+01 1.254421440826742717e+01
1.288994560641967624e+01 1.274711134903633258e+01
1.303824317052250414e+01 1.290869748742273337e+01
1.319149935133468965e+01 1.298709573289742103e+01
1.331564511248190819e+01 1.311497156028091560e+01
1.349084574104356449e+01 1.333216697750347635e+01
1.360799550934254931e+01 1.345186639833439202e+01
1.376285168461732056e+01 1.351619849920894723e+01
1.390184831521741771e+01 1.372465910124224386e+01
1.406129518964696246e+01 1.384236063169596243e+01
1.420495967635321399e+01 1.398720776973863167e+01
1.433040954863357364e+01 1.411820430484776168e+01
1.450282505110571840e+01 1.422295134770093128e+01
1.438555299233708595e+01 1.453928805418598458e+01
1.477579321540566148e+01 1.458846333675433193e+01
