0.000000000000000000e+00 0.000000000000000000e+00
0.000000000000000000e+00 0.000000000000000000e+00
0.000000000000000000e+00 0.000000000000000000e+00
0.000000000000000000e+00 0.000000000000000000e+00
0.000000000000000000e+00 0.000000000000000000e+00
0.000000000000000000e+00 0.000000000000000000e+00
0.000000000000000000e+00 0.000000000000000000e+00
0.000000000000000000e+00 0.000000000000000000e+00
0.000000000000000000e+00 0.000000000000000000e+00
0.000000000000000000e+00 0.000000000000000000e+00
0.000000000000000000e+00 0.000000000000000000e+00
0.000000000000000000e+00 0.000000000000000000e+00
0.000000000000000000e+00 0.000000000000000000e+00
0.000000000000000000e+00 0.000000000000000000e+00
0.000000000000000000e+00 0.000000000000000000e+00
0.000000000000000000e+00 0.000000000000000000e+00
0.000000000000000000e+00 0.000000000000000000e+00
0.000000000000000000e+00 0.000000000000000000e+00
0.000000000000000000e+00 0.000000000000000000e+00
0.000000000000000000e+00 0.000000000000000000e+00
0.000000000000000000e+00 0.000000000000000000e+00
0.000000000000000000e+00 0.000000000000000000e+00
0.000000000000000000e+00 0.000000000000000000e+00
0.000000000000000000e+00 0.000000000000000000e+00
0.000000000000000000e+00 0.000000000000000000e+00
0.000000000000000000e+00 0.000000000000000000e+00
0.000000000000000000e+00 0.000000000000000000e+00
0.000000000000000000e+00 0.000000000000000000e+00
0.000000000000000000e+00 0.000000000000000000e+00
0.000000000000000000e+00 0.000000000000000000e+00
0.000000000000000000e+00 0.000000000000000000e+00
0.000000000000000000e+00 0.000000000000000000e+00
0.000000000000000000e+00 0.000000000000000000e+00
0.000000000000000000e+00 0.000000000000000000e+00
0.000000000000000000e+00 0.000000000000000000e+00
0.000000000000000000e+00 0.000000000000000000e+00
0.000000000000000000e+00 0.000000000000000000e+00
0.000000000000000000e+00 0.000000000000000000e+00
0.000000000000000000e+00 0.000000000000000000e+00
0.000000000000000000e+00 0.000000000000000000e+00
0.000000000000000000e+00 0.000000000000000000e+00
0.000000000000000000e+00 0.000000000000000000e+00
0.000000000000000000e+00 0.000000000000000000e+00
0.000000000000000000e+00 0.000000000000000000e+00
0.000000000000000000e+00 0.000000000000000000e+00
0.000000000000000000e+00 0.000000000000000000e+00
0.000000000000000000e+00 0.000000000000000000e+00
0.000000000000000000e+00 0.000000000000000000e+00
0.000000000000000000e+00 0.000000000000000000e+00
0.000000000000000000e+00 0.000000000000000000e+00
0.000000000000000000e+00 0.000000000000000000e+00
0.000000000000000000e+00 0.000000000000000000e+00
0.000000000000000000e+00 0.000000000000000000e+00
0.000000000000000000e+00 0.000000000000000000e+00
0.000000000000000000e+00 0.000000000000000000e+00
0.000000000000000000e+00 0.000000000000000000e+00
0.000000000000000000e+00 0.000000000000000000e+00
0.000000000000000000e+00 0.000000000000000000e+00
0.000000000000000000e+00 0.000000000000000000e+00
0.000000000000000000e+00 0.000000000000000000e+00
0.000000000000000000e+00 0.000000000000000000e+00
0.000000000000000000e+00 0.000000000000000000e+00
0.000000000000000000e+00 0.000000000000000000e+00
3.541478798045928911e-01 0.000000000000000000e+00
8.532370697757660771e-01 0.000000000000000000e+00
1.791927489497112391e-01 0.000000000000000000e+00
7.531939015049352038e-03 0.000000000000000000e+00
6.593653044370411109e-01 2.009363125356662394e+00
1.527038440247046935e+00 6.084736727898897302e-01
2.627371212336035100e+00 1.405941041885214737e+00
8.893683320969346440e+00 1.225754486892807193e+01
1.558036632478030192e+01 1.763102643670060843e+01
1.977050769539884101e+01 2.061072387144812978e+01
2.198718020525866734e+01 2.299395668756131172e+01
2.399275581359348664e+01 2.468327577095178071e+01
2.517440592177968384e+01 2.561585530032198932e+01
2.609076688946616329e+01 2.635740085499883278e+01
2.677561582351238556e+01 2.692124877543180617e+01
2.730207291173951134e+01 2.742143918215474585e+01
2.788302924432447227e+01 2.775186036653997945e+01
2.833637094450488547e+01 2.820189833143080804e+01
2.878325662118496098e+01 2.862338918066089377e+01
2.920571912843024620e+01 2.906872877969786728e+01
2.963443482182166022e+01 2.947867896578647517e+01
3.003110385246334957e+01 2.990430470545715025e+01
3.042860435507760286e+01 3.031347267388432343e+01
3.083923200736172632e+01 3.072188193780783294e+01
3.124016138110906482e+01 3.110587379054884849e+01
3.163911853662401086e+01 3.148816352937284435e+01
3.204502801068711904e+01 3.188539461748722204e+01
3.241879269379807482e+01 3.229323565443028343e+01
3.279302414837574275e+01 3.263778871910012214e+01
3.315548113500824456e+01 3.304791636743816952e+01
3.354241275299649772e+01 3.339178669119147003e+01
3.392700335489679730e+01 3.375902770521241081e+01
3.430272429404319467e+01 3.414109418523201356e+01
3.467948193587164951e+01 3.447450769720682473e+01
3.506411542631082057e+01 3.488541425703048304e+01
3.545678207335055987e+01 3.523980067975724495e+01
3.583734994308665733e+01 3.563384161206274570e+01
3.621385678513826889e+01 3.599859488089308002e+01
