0.000000000000000000e+00 0.000000000000000000e+00
0.000000000000000000e+00 0.000000000000000000e+00
1.056283425319318514e+00 1.909483361958365544e+00
1.979179521460830760e+00 1.985249042882435422e+00
1.978775391503181602e+00 1.977485838628869175e+00
2.031947628514906956e+00 2.053222646035211429e+00
2.108811488627969855e+00 2.120099788765452686e+00
2.250109123607253014e+00 2.333802599621885410e+00
2.385359056295837554e+00 2.488253551706852473e+00
2.543990283766092375e+00 2.715051404448541650e+00
2.675102522300669250e+00 2.909512932665151208e+00
2.817990287612310851e+00 3.075391021214134657e+00
2.980377771835227119e+00 3.220329240534042903e+00
3.202037401291509600e+00 3.365098223012226164e+00
3.383400454670367097e+00 3.506831298947021835e+00
3.550879899775040371e+00 3.632864837471379005e+00
3.709661209417836059e+00 3.773805690436767168e+00
3.836108997571450185e+00 3.907410997279028297e+00
3.975128410673740564e+00 4.031745844801308820e+00
4.103757138228478318e+00 4.160669061429863369e+00
4.271806052731275116e+00 4.243318826749414185e+00
4.360619654607127416e+00 4.428560030162134176e+00
4.498516223711022555e+00 4.572560800078961485e+00
4.642896484974206039e+00 4.713510646567110385e+00
4.790641790069081196e+00 4.842757914207609815e+00
4.973940960794165811e+00 4.929762278586768964e+00
5.042848596920316950e+00 5.113254694878708762e+00
5.245180613520051160e+00 5.192332415759925546e+00
5.381483622601767713e+00 5.318828487675371086e+00
5.513954821185047983e+00 5.430476344068306815e+00
5.661030208053778878e+00 5.552384966323538507e+00
5.707219053438635115e+00 5.810965478841697340e+00
5.943210501511552835e+00 5.856666525547675306e+00
6.092840801591676403e+00 5.984276519955535889e+00
6.233877375740401128e+00 6.108120982372982510e+00
6.378997693030249216e+00 6.237605746264918594e+00
6.515177873537700393e+00 6.439985680371327348e+00
6.664952611887569489e+00 6.548410084276817145e+00
6.800335341168285197e+00 6.679392808369480683e+00
6.950052387409998644e+00 6.835327996223002245e+00
6.961151094987867438e+00 7.077087460128677954e+00
7.230974794635039338e+00 7.107382449682296155e+00
7.380340745659755619e+00 7.236516191359009476e+00
7.524130351600899935e+00 7.398511745017424701e+00
7.670021330104099810e+00 7.531777913798419100e+00
7.812428397800975866e+00 7.689504726531081857e+00
7.810459061985087992e+00 7.950694664140663726e+00
8.102588442351777331e+00 7.964703589921147575e+00
8.246560664686890973e+00 8.114947601323830639e+00
8.405370277523532607e+00 8.272147576146553050e+00
8.545674332849582555e+00 8.422239123775284497e+00
8.704297576961955940e+00 8.483777506082365250e+00
8.844963610845754332e+00 8.700532703526256739e+00
8.997165377307084100e+00 8.843626434806898473e+00
9.152070727249897786e+00 9.018074342277394351e+00
9.299958908295669957e+00 9.109990188552695045e+00
9.433776554782271617e+00 9.323849810855513454e+00
9.608256691764820445e+00 9.409668952273763765e+00
9.755689761333002252e+00 9.568203587058942361e+00
9.903955593387022915e+00 9.709878732350873065e+00
1.006624215579495285e+01 9.859177614386508637e+00
1.021582032573018139e+01 1.000604147361805474e+01
1.038005229176362043e+01 1.018781987773290254e+01
1.052015266935918270e+01 1.033482310841337082e+01
1.067368534674266378e+01 1.049048716092022104e+01
1.082531586648333999e+01 1.057020176677055190e+01
1.097924230245980581e+01 1.079647511652131264e+01
1.094961326839050919e+01 1.108852253168571522e+01
1.126387098927806640e+01 1.110615148649474371e+01
1.142355383144106895e+01 1.126785956777403541e+01
1.156179899697982094e+01 1.143025461712742263e+01
1.173929855560943736e+01 1.154238642335891107e+01
1.188333520850883573e+01 1.171983942342121132e+01
1.205234668134371034e+01 1.192568787637570971e+01
1.220309202595596609e+01 1.197940864800443350e+01
1.235865606797762162e+01 1.217696953627577727e+01
1.251972012207900242e+01 1.233845856421136844e+01
1.268460664147688455e+01 1.245227174611902576e+01
1.282485826945873164e+01 1.258280407040209425e+01
1.298341937652561207e+01 1.273262601435487440e+01
1.312814802102314538e+01 1.287515241673327004e+01
1.329634996197306762e+01 1.306494595276595483e+01
1.344166002896918322e+01 1.323130667156822149e+01
1.359994998062900251e+01 1.337699891180861655e+01
1.375997087249233708e+01 1.354336723763753625e+01
1.391330228303246130e+01 1.371829692441382420e+01
1.407333725334647845e+01 1.378664075947004974e+01
1.422242248792258223e+01 1.396121904361312538e+01
1.439057759281745241e+01 1.413912263141122772e+01
1.454856533513083150e+01 1.428920740626957553e+01
1.470349767550904119e+01 1.443390271138393821e+01
1.485653819174383372e+01 1.465427061930219566e+01
1.500308160491885978e+01 1.470681750584670588e+01
1.488912578557492949e+01 1.509388342458515453e+01
1.532040180836206389e+01 1.497728071432383068e+01
1.545548518184137876e+01 1.520084269593216497e+01
1.561521936230074914e+01 1.532389609191650948e+01
1.575930619225312057e+01 1.545765915143678271e+01
1.591513336399344780e+01 1.562849459582045952e+01
1.606882556130550554e+01 1.567590743805889986e+01
1.622925049608260650e+01 1.599640449769458073e+01
