0.000000000000000000e+00 0.000000000000000000e+00
0.000000000000000000e+00 0.000000000000000000e+00
0.000000000000000000e+00 0.000000000000000000e+00
0.000000000000000000e+00 0.000000000000000000e+00
0.000000000000000000e+00 0.000000000000000000e+00
0.000000000000000000e+00 0.000000000000000000e+00
0.000000000000000000e+00 2.610640125511260567e+00
1.397281295451527683e+00 4.121626595914559488e+00
4.121400746277303462e+00 3.965617474719512980e+00
4.119302276960536524e+00 4.118518087358448376e+00
4.144696063041640954e+00 4.142097097899620550e+00
4.197992449409367666e+00 4.198225917202534241e+00
4.262217194546644272e+00 4.262785264501065541e+00
4.336755454076606675e+00 4.384037009126316775e+00
4.474173891779226864e+00 4.578145162757057740e+00
4.652868625051159057e+00 4.791398689791607879e+00
4.852223262694932870e+00 5.030688093545000683e+00
5.008578235284210756e+00 5.227799486916048011e+00
5.195759662864102957e+00 5.389777888586684718e+00
5.363734706153366005e+00 5.592391971221672975e+00
5.549882317986550184e+00 5.790864493000339230e+00
5.771199014415385520e+00 5.964677848908709556e+00
5.950700901114489128e+00 6.158830661568400977e+00
6.122607494587540167e+00 6.323034928212471151e+00
6.285203729112405213e+00 6.495090727941950526e+00
6.447021750513134641e+00 6.659825104340530544e+00
6.635020347527475160e+00 6.825321896493409035e+00
6.764918966768258990e+00 6.991785328662454724e+00
6.914684242942453096e+00 7.145221660309138301e+00
7.151352351721130596e+00 7.305269708457236000e+00
7.319134587791133129e+00 7.464769389380785825e+00
7.467453224297662118e+00 7.622244066152424224e+00
7.652469568152219459e+00 7.777181575320021523e+00
7.783812773714681832e+00 7.939956647804698342e+00
8.082727665187016797e+00 7.965717776379384496e+00
8.077503269824658716e+00 8.239204994410151528e+00
8.399426848105987276e+00 8.210937716053349433e+00
8.551835573776934041e+00 8.338729930865815376e+00
8.710238635876709878e+00 8.491161793198656937e+00
8.870244180164075232e+00 8.703362940692340288e+00
8.852544150505302412e+00 9.039199696522596028e+00
9.194165114992461696e+00 9.008053346169713649e+00
9.358334587922751524e+00 9.154956725491677716e+00
9.327920678101190077e+00 9.525082557626033619e+00
9.693648604487089315e+00 9.543726716933299770e+00
9.862558475963353999e+00 9.680258843366136290e+00
1.002486754719700812e+01 9.837042581708761446e+00
1.004963248086702343e+01 1.017578630192553746e+01
1.035734860988521966e+01 1.019034984797035825e+01
1.052102970711048613e+01 1.032449279329820868e+01
1.053166598098782814e+01 1.068412716022799458e+01
1.085954553711359516e+01 1.070149002665303151e+01
1.102917696528635183e+01 1.084066353548463901e+01
1.120315449216222525e+01 1.105475436147750123e+01
1.137394778171551835e+01 1.118472788991002709e+01
1.155607351595400267e+01 1.136692131286725882e+01
1.173492548543836733e+01 1.152795704905804541e+01
1.189901448660051386e+01 1.173960485453088864e+01
1.207883612084213354e+01 1.190811351483631064e+01
1.225670783605971259e+01 1.208495314661353426e+01
1.243631844587429036e+01 1.226411334598502201e+01
1.260175469066560794e+01 1.247345408135676159e+01
1.278693139196515105e+01 1.260490529767854007e+01
1.280620235770463999e+01 1.292867898226387702e+01
1.314795913149797357e+01 1.292258130834382968e+01
1.331970669190634204e+01 1.315538199608797321e+01
1.328757347641343145e+01 1.345954974170702734e+01
1.366214392020598467e+01 1.348738618960282487e+01
1.383633272258867741e+01 1.368811224582494823e+01
1.401836346603015393e+01 1.388095042525368328e+01
1.420498383311307400e+01 1.405161776873544710e+01
1.439317033956865544e+01 1.424886752717556959e+01
1.457246923416138173e+01 1.444130159947773961e+01
1.475145290908328022e+01 1.460560277227529546e+01
1.493631591510138890e+01 1.475524496617586401e+01
1.511530174185776687e+01 1.495532934082620002e+01
1.530131886628399585e+01 1.509167035840870952e+01
1.546894165153621614e+01 1.531239670816250786e+01
1.567593912372884901e+01 1.552488031402312885e+01
1.567771155745326617e+01 1.577782120482575579e+01
1.599608228917683483e+01 1.587259718919860774e+01
1.618991975427650942e+01 1.604744780749247468e+01
1.637153538152246668e+01 1.626470965780030653e+01
1.654868235612830674e+01 1.637980396522234727e+01
1.673654440217030981e+01 1.661187185047863935e+01
1.692471634278532733e+01 1.678986932056755421e+01
1.711931465048196799e+01 1.697544443701924877e+01
1.729772790025478457e+01 1.713033738923038385e+01
1.750087556658510124e+01 1.735691228007035036e+01
1.767378194062867891e+01 1.751034948006639169e+01
1.785838595314647748e+01 1.763149797705671062e+01
1.807003811139340854e+01 1.785612207078266422e+01
1.825873144377703028e+01 1.811303642131208136e+01
1.844821804913075169e+01 1.824234306567364428e+01
1.863240797397041959e+01 1.843132708840658296e+01
1.883260509470654043e+01 1.856230087399955053e+01
1.902595093106677382e+01 1.876491158621943001e+01
1.920428527366305360e+01 1.894628921232465402e+01
1.940199317147168045e+01 1.923067456000385889e+01
1.958831172594458536e+01 1.928356933798881911e+01
1.977158343122529871e+01 1.965602529179585289e+01
