0.000000000000000000e+00 0.000000000000000000e+00
0.000000000000000000e+00 0.000000000000000000e+00
0.000000000000000000e+00 0.000000000000000000e+00
0.000000000000000000e+00 0.000000000000000000e+00
1.115067887165196725e-01 6.441529332853406231e-01
6.383570755816028175e-01 1.763174964156481117e+00
8.455669497569447968e-01 2.766786083354167758e+00
3.011520559120514307e+00 3.078456344849554327e+00
3.094994575816016891e+00 3.121904635749862322e+00
3.214132473526732259e+00 3.287263540828679886e+00
3.414449002831322577e+00 3.496175499007141418e+00
3.559457844841867225e+00 3.627464745655107237e+00
3.708993442961278308e+00 3.748567222051813363e+00
3.886500742775496509e+00 4.086517703564338078e+00
4.103730899112997932e+00 4.368410657191780899e+00
4.326146844261285374e+00 4.546796863120261989e+00
4.547635175915135441e+00 4.738699884175346710e+00
4.716046170406386295e+00 4.919149235270641185e+00
4.916329199762264679e+00 5.080250907572207986e+00
5.056876499474871167e+00 5.237772482818920494e+00
5.236137113931719433e+00 5.408150818855458120e+00
5.412407761399557593e+00 5.563192753110680400e+00
5.584427391449311884e+00 5.728920198117143592e+00
5.774742116282117976e+00 5.875027998899362558e+00
5.932749179856292798e+00 6.023905612682921351e+00
6.096306843551449361e+00 6.170272983056032778e+00
6.246415576000344139e+00 6.314112001350408399e+00
6.441728135924039478e+00 6.370501349821740433e+00
6.539692875873543088e+00 6.609893280103191771e+00
6.682094289666447473e+00 6.772757837662410907e+00
6.853515857384262056e+00 6.916938372228326415e+00
7.011506375137747327e+00 7.064195268512061254e+00
7.212445239320285140e+00 7.169855138705709230e+00
7.364723130080217395e+00 7.271080921783879880e+00
7.514018769539800857e+00 7.408206086453732020e+00
7.653357244873872034e+00 7.542518237410468451e+00
7.698577996135436585e+00 7.817693252956740224e+00
7.975395483630636662e+00 7.866206100169823578e+00
8.124880874378673568e+00 7.996470286976208541e+00
8.202469022748450911e+00 8.283865572964700164e+00
8.440012931694161225e+00 8.371026884720643935e+00
8.600918438808134781e+00 8.468151278995316389e+00
8.750615540589310015e+00 8.668357165676356502e+00
8.932291186498252600e+00 8.830666244036462942e+00
9.091081128298926117e+00 8.964170869922517326e+00
9.262625673070976617e+00 9.177988884777908751e+00
9.420906317663721552e+00 9.320947611334380767e+00
9.585266391064893199e+00 9.473498543321083432e+00
9.658342676550567774e+00 9.733461655753611552e+00
9.907748520924496205e+00 9.792373000437772035e+00
1.007914729167517365e+01 9.986842937301871004e+00
1.022917222425400041e+01 1.014385576317891768e+01
1.040725642521049821e+01 1.027659911365731027e+01
1.056625974316376393e+01 1.049754320484770709e+01
1.073836971845721422e+01 1.064741221991380193e+01
1.090761020677419602e+01 1.078970201447022070e+01
1.095635137419939120e+01 1.104231322623424028e+01
1.123663998667407071e+01 1.111869330180361715e+01
1.139638424132519745e+01 1.128358933615682247e+01
1.157605193726616477e+01 1.148024806455690516e+01
1.175093863358123869e+01 1.162087156201699756e+01
1.191812125185606419e+01 1.177947425308065021e+01
1.208925491885510795e+01 1.188272985647564894e+01
1.226363240823734557e+01 1.212293720613631542e+01
1.243073242653888855e+01 1.233802342559405751e+01
1.260716576460520777e+01 1.247440601228582402e+01
1.277649988840514084e+01 1.266746460332037572e+01
1.295045207124235276e+01 1.281238497015526079e+01
1.313408019097566815e+01 1.297629628254174605e+01
1.329756473725558230e+01 1.318460291850541921e+01
1.348670478102909698e+01 1.335005670622107843e+01
1.364954502438516926e+01 1.340932489838746733e+01
1.382760663065208284e+01 1.363021987904333265e+01
1.399247131692430202e+01 1.384799101927216824e+01
1.416794746894354695e+01 1.404726730921726130e+01
1.434126133080621912e+01 1.420965313592459545e+01
1.452593839565221501e+01 1.431076453452141273e+01
1.469500744017410909e+01 1.455380893319736124e+01
1.486675160611037150e+01 1.474216680235720212e+01
1.504723338485412754e+01 1.485580986939691428e+01
1.521350827083870350e+01 1.504160161876593627e+01
1.538232415989449287e+01 1.524049281931535305e+01
1.557402915186274939e+01 1.537288974788459406e+01
1.575288034734483134e+01 1.555714797660827919e+01
1.590954830577335599e+01 1.582710756800443974e+01
1.610466092619162382e+01 1.586256330236673762e+01
1.627313453285386657e+01 1.608865356292336557e+01
1.644705336370025606e+01 1.629574416259353598e+01
1.663017529155068175e+01 1.653574668100473843e+01
1.680645469149619231e+01 1.657977849976400009e+01
1.698200403283120963e+01 1.676868463115178542e+01
1.716285933457514190e+01 1.705527532871545660e+01
1.733182885022094766e+01 1.713128040288137655e+01
1.752030184666970669e+01 1.723200054162873229e+01
1.769719202935801761e+01 1.744518995857373156e+01
1.787972192301100804e+01 1.766418501979288536e+01
1.805834156884194641e+01 1.788012982034481269e+01
1.823839379041279329e+01 1.809579815193572117e+01
1.842069192467436878e+01 1.819190734202602755e+01
1.859769857553693839e+01 1.830695016485295312e+01
1.878226626761736284e+01 1.860561597816390744e+01
