0.000000000000000000e+00 0.000000000000000000e+00
0.000000000000000000e+00 0.000000000000000000e+00
0.000000000000000000e+00 0.000000000000000000e+00
0.000000000000000000e+00 0.000000000000000000e+00
0.000000000000000000e+00 0.000000000000000000e+00
0.000000000000000000e+00 0.000000000000000000e+00
0.000000000000000000e+00 0.000000000000000000e+00
0.000000000000000000e+00 0.000000000000000000e+00
0.000000000000000000e+00 0.000000000000000000e+00
0.000000000000000000e+00 0.000000000000000000e+00
0.000000000000000000e+00 0.000000000000000000e+00
0.000000000000000000e+00 0.000000000000000000e+00
0.000000000000000000e+00 0.000000000000000000e+00
3.493390744186560259e-01 1.777934303527615167e-01
3.565527475641050992e-01 6.698587065961648934e-02
3.361181604054542804e-01 3.271649726215438564e-02
4.277706288736998763e-01 1.089391793022294191e-01
2.216429322946861458e+00 3.972961630223743157e+00
5.316338858454940031e+00 6.214570673774953313e+00
5.896449899253174642e+00 6.535040523054137296e+00
6.652695059815605383e+00 6.545206071371317158e+00
6.803454353384542408e+00 6.961271287059814128e+00
7.135982013326391815e+00 7.349470519681492675e+00
7.259266555725997883e+00 7.601908963508722472e+00
7.593705404624810029e+00 7.852826703145370679e+00
7.800676725535777400e+00 8.069286422377714985e+00
8.071722347029362865e+00 8.247090050592159827e+00
8.284789035628024934e+00 8.485386415018648876e+00
8.474314502479824540e+00 8.695999687914587994e+00
8.645068691303098518e+00 8.931257981259378198e+00
8.851473669179153347e+00 9.153747108009001821e+00
9.077504021218382846e+00 9.360203805065328453e+00
9.268763394114222010e+00 9.573979229989086903e+00
9.489740967898052659e+00 9.766150719326573082e+00
9.693697525757537292e+00 9.962645887180716642e+00
9.868456136300995496e+00 1.014254726756015046e+01
1.009974611912188891e+01 1.032725473884882028e+01
1.031207739480590391e+01 1.051231135119345694e+01
1.056698367753127954e+01 1.070339413321572586e+01
1.076032465752085088e+01 1.087677659913061845e+01
1.094421970118618681e+01 1.105212241889581470e+01
1.122026266522712490e+01 1.114367387738007764e+01
1.127432419727299973e+01 1.141232495339137998e+01
1.158154787914378758e+01 1.145539066850099807e+01
1.161927984438925243e+01 1.177606305109831908e+01
1.197118706370834751e+01 1.181885504060177183e+01
1.216197479670402259e+01 1.200184446573421582e+01
1.217779792216483159e+01 1.234793863620592269e+01
1.253181889530775805e+01 1.238460352647719631e+01
1.272129194391115981e+01 1.251801859098508096e+01
1.290841306671868161e+01 1.277065281339926273e+01
1.310537008826698013e+01 1.292933258732346147e+01
1.330265669590326283e+01 1.314871685338104967e+01
1.335393079894788215e+01 1.350188310906746736e+01
1.356206666770595604e+01 1.369569747129097337e+01
1.389530367296708846e+01 1.376306240093970423e+01
1.409426246319033993e+01 1.397651874376394865e+01
1.429893891965272346e+01 1.416878719317848301e+01
1.450509354862400713e+01 1.431372831423007064e+01
1.470302573996161577e+01 1.455103397330128701e+01
1.490075756736597867e+01 1.479235732050649510e+01
1.509755498974946164e+01 1.496862618210343854e+01
1.530777818789028544e+01 1.519347712397284411e+01
1.549998766128087091e+01 1.539422485641551575e+01
1.570293092191444018e+01 1.559107393674186248e+01
1.590493716813040770e+01 1.576251599389738445e+01
1.611989982905984675e+01 1.599630794795252520e+01
1.632855465244385584e+01 1.620311402100775666e+01
1.655802346137140901e+01 1.641079792614644006e+01
1.676979280151474327e+01 1.663566464696280889e+01
1.698298816149528179e+01 1.685008629406193492e+01
1.720650160134420759e+01 1.703365186452913704e+01
1.741847637319207465e+01 1.728387326731863638e+01
1.762436916392837460e+01 1.746638599339256359e+01
1.784993677269425660e+01 1.767558700025727347e+01
1.806770823312411522e+01 1.788625840823570101e+01
1.828975177440247180e+01 1.809153332988756446e+01
1.851208607851606303e+01 1.830562193784522407e+01
1.873002360496981922e+01 1.856074412164992182e+01
1.894966125601170148e+01 1.871193427149693989e+01
1.916432867541075780e+01 1.896074704488848184e+01
1.938203741743341624e+01 1.914896078248082034e+01
1.959529760625466110e+01 1.942344049377554427e+01
1.980179358343311691e+01 1.959553132421232391e+01
2.003525333822432231e+01 1.982990858426589398e+01
2.005815343982917653e+01 2.016913571861524446e+01
2.021806220381401431e+01 2.035391116538579936e+01
2.062177814847578361e+01 2.045403672929528582e+01
2.057127145362725429e+01 2.074235871434078149e+01
2.102606943678798501e+01 2.083551089725282068e+01
2.122457397578651594e+01 2.105326864677523702e+01
2.145105223012988205e+01 2.129238784705436061e+01
2.167194437238483573e+01 2.145839730861868233e+01
2.189007642860523006e+01 2.170666316418426334e+01
2.211069769136825869e+01 2.187491129289757907e+01
2.234389094451955060e+01 2.217030414437499175e+01
2.257521948734515860e+01 2.240300366936686771e+01
2.280370893517439868e+01 2.260537006506111624e+01
2.303681402618823526e+01 2.284527550079561564e+01
2.325235280547758165e+01 2.299849916226255431e+01
2.349268216920884456e+01 2.331675455041558109e+01
