0.000000000000000000e+00 0.000000000000000000e+00
0.000000000000000000e+00 0.000000000000000000e+00
0.000000000000000000e+00 0.000000000000000000e+00
0.000000000000000000e+00 0.000000000000000000e+00
0.000000000000000000e+00 0.000000000000000000e+00
7.159556283088033823e-02 -2.070288668088258663e-02
3.913865784247650553e-02 9.884840964715934097e-01
1.906870093065645144e-01 4.557552165000011146e-01
4.803813823807383948e-02 2.817980972799011496e+00
7.713156276312560511e-01 3.583609651349467295e+00
3.684997273414849506e+00 3.674314655273849706e+00
3.768604297316720864e+00 3.768121421173397323e+00
3.857492469814740588e+00 3.957792199205228734e+00
4.077089663383305584e+00 4.093773214826328832e+00
4.215347298066116188e+00 4.300665961978634932e+00
4.401538700879902954e+00 4.505539451011668639e+00
4.588681770420826034e+00 4.733211083396003716e+00
4.783069357997201010e+00 4.913121991678387701e+00
4.998096835956042483e+00 5.089907786861830097e+00
5.135640258583420881e+00 5.250229652108050260e+00
5.339197988706903431e+00 5.414183132456646064e+00
5.532952250085648949e+00 5.475428989192733908e+00
5.638448660150157110e+00 5.771842509297024471e+00
5.820278509863385352e+00 5.976007133751225275e+00
6.014323983323042633e+00 6.167219532723788866e+00
6.164952615686578596e+00 6.342755568742346917e+00
6.383607822097590478e+00 6.522365040677129855e+00
6.570107409727128811e+00 6.680324676425553498e+00
6.728620815144144451e+00 6.839413749343608906e+00
6.992780913419327504e+00 6.902039404443957693e+00
7.054699845875990860e+00 7.160432626305594184e+00
7.232525551637611017e+00 7.332306326016658105e+00
7.483334415305205489e+00 7.409153226793054436e+00
7.585905376351935736e+00 7.654795334483774916e+00
7.736347101806085647e+00 7.824767243954433127e+00
7.991890998571281379e+00 7.916695514968451697e+00
8.099042723068629712e+00 8.157392762343173231e+00
8.233267454776026284e+00 8.328147919590724868e+00
8.497415456036952364e+00 8.423544106649540453e+00
8.670681221398792715e+00 8.575494825916170072e+00
8.837133705972339826e+00 8.716045466870134817e+00
8.896833066281194746e+00 9.020996519605775532e+00
9.191798715546843468e+00 9.117876292108007874e+00
9.365397881705764149e+00 9.281381322905808418e+00
9.554586778506751088e+00 9.449098859483568091e+00
9.734252623653729231e+00 9.636975484702087869e+00
9.904417569560303392e+00 9.805646549322350580e+00
1.008192728453689213e+01 9.951739255522870309e+00
1.025997065060322377e+01 1.017962626791736547e+01
1.043879670522931136e+01 1.032578641863293534e+01
1.062099614135870240e+01 1.048183520956811776e+01
1.079809511328377347e+01 1.066831944231002005e+01
1.099194756271719342e+01 1.087094912619534703e+01
1.116721253345261466e+01 1.099107665674627476e+01
1.135648846022861491e+01 1.123156579772453512e+01
1.140364125938962836e+01 1.151500903788314645e+01
1.172181371793594451e+01 1.157099952649796570e+01
1.190374008461007449e+01 1.179515573906670767e+01
1.207960030859672074e+01 1.194745841612617454e+01
1.226532259750807263e+01 1.214977609354147425e+01
1.230840199101832866e+01 1.241399575777890441e+01
1.261776132337371159e+01 1.250176529615158749e+01
1.279967464965997692e+01 1.269899755180840550e+01
1.299044683491696262e+01 1.288029218830154932e+01
1.318516834080268652e+01 1.305661382723398312e+01
1.337049179971837987e+01 1.324794229985456084e+01
1.356258086945539709e+01 1.343311245054956693e+01
1.374207312977719830e+01 1.362576991925750036e+01
1.394041511216004103e+01 1.382953595350127429e+01
1.412444758229861108e+01 1.393045545417095710e+01
1.431741613355478648e+01 1.415744422854897522e+01
1.450564624498436750e+01 1.438187079304207217e+01
1.470634829249849318e+01 1.452770586822117949e+01
1.488640142466816485e+01 1.467573689179202923e+01
1.508791793123829805e+01 1.490572096190727258e+01
1.526944084980707750e+01 1.505485870421956029e+01
1.545625166301652875e+01 1.526399421772340226e+01
1.564931398457727418e+01 1.544986648892718684e+01
1.583175284562440766e+01 1.562508440081513150e+01
1.602286558932189209e+01 1.581869260686679546e+01
1.620713030856474290e+01 1.597249285570939747e+01
1.640363128665492809e+01 1.619750866452653426e+01
1.658418508947668002e+01 1.638752940221040788e+01
1.677564772793585846e+01 1.654925763931024818e+01
1.696939647614156499e+01 1.673336794112133674e+01
1.716228320073218683e+01 1.690072736210420601e+01
1.735031028515080109e+01 1.712911461877036956e+01
1.755002489605257310e+01 1.729037262583628021e+01
1.774422231296636809e+01 1.756495528222776770e+01
1.792849530390132884e+01 1.770432595956298982e+01
1.814154902861716323e+01 1.785810325638982476e+01
1.832604844658607135e+01 1.806080021082079767e+01
1.852368045621549797e+01 1.830479318791520171e+01
1.871694986026273710e+01 1.847274957494684244e+01
1.890875223839027441e+01 1.862027542805415692e+01
1.909679832846770964e+01 1.885669569356652886e+01
1.930242406210966521e+01 1.909978088381081207e+01
1.950092176296101698e+01 1.929323545919058702e+01
1.968399408836361530e+01 1.945809454686863660e+01
1.986468324075579517e+01 1.951445480178960068e+01
2.006360461924275640e+01 1.978565333416198158e+01
