0.000000000000000000e+00 0.000000000000000000e+00
0.000000000000000000e+00 0.000000000000000000e+00
1.919025234099534067e-04 0.000000000000000000e+00
0.000000000000000000e+00 0.000000000000000000e+00
1.237716664896470510e-02 -5.199953602542045639e-02
1.201229994902075215e-01 1.297844865742243947e-01
1.583670628147574588e-01 0.000000000000000000e+00
1.862573533017764182e+00 2.050523141645614000e+00
2.099260523234243614e+00 2.217664439391216380e+00
2.340596874203872524e+00 2.376135830608419042e+00
2.470166820259999341e+00 2.542346577563685539e+00
2.656191018684667782e+00 2.687411637383607665e+00
2.840132446657046117e+00 2.831942867445085721e+00
3.006666347749157975e+00 3.057872638561263567e+00
3.190861187215788597e+00 3.233578280477640732e+00
3.403448597942943188e+00 3.361128019105522835e+00
3.533088325089251747e+00 3.608555892365645335e+00
3.715266268986660236e+00 3.785719542319543773e+00
3.960747493807097452e+00 3.893654946350678880e+00
4.079696567240229221e+00 4.141353490964095663e+00
4.319122644411183209e+00 4.261476378302475609e+00
4.509155132015395750e+00 4.415121546279185516e+00
4.689808785306743388e+00 4.595385561219278436e+00
4.858810653535880597e+00 4.801755795032541130e+00
5.049510039329602407e+00 4.988513511089638364e+00
5.227390159072617948e+00 5.161253268025297380e+00
5.420598569561564162e+00 5.348660589947655808e+00
5.605640187990067247e+00 5.534148772687054851e+00
5.793885579237115557e+00 5.660649483157264683e+00
5.972114830437958766e+00 5.897284521867533158e+00
6.165601655081504262e+00 6.077334450102458874e+00
6.352816051816108534e+00 6.281997510836569987e+00
6.546967351020479775e+00 6.444133547212508972e+00
6.733970641753830755e+00 6.605907734932094044e+00
6.915425463565649800e+00 6.829433793319311441e+00
7.103322689259295331e+00 7.002939032964015986e+00
7.300843796244914863e+00 7.200052370505713561e+00
7.487897356699629192e+00 7.398194261421650708e+00
7.689029710546766871e+00 7.559400566404721467e+00
7.877700445726044443e+00 7.748189059296549885e+00
8.064687726705093596e+00 7.975755503661751789e+00
8.259640239932075190e+00 8.138403257622341513e+00
8.453298845487298152e+00 8.309385418398910872e+00
8.643344818616396807e+00 8.505672436792023561e+00
8.835524350926112547e+00 8.742697443481223019e+00
9.024878837473242044e+00 8.882696786241885079e+00
9.212310830172103948e+00 9.122549086762665738e+00
9.404590004841233863e+00 9.315166042950286496e+00
9.597343104454898466e+00 9.437251956604988834e+00
9.801678221031512095e+00 9.682907256593573209e+00
9.999792699054905754e+00 9.878276193565856289e+00
1.019383592233882752e+01 1.006027217132796814e+01
1.038758019243917019e+01 1.024016629035037518e+01
1.058168396366536257e+01 1.040864337194924616e+01
1.077101640063330201e+01 1.060069554793902569e+01
1.097347359905202779e+01 1.078884405822003423e+01
1.116328348279645866e+01 1.102143822567835585e+01
1.137281842262614440e+01 1.113432503233908655e+01
1.156494070441457112e+01 1.139838291017998806e+01
1.176916755247433599e+01 1.151040142136003475e+01
1.195106270516404479e+01 1.175246686026736853e+01
1.216651712582988054e+01 1.195378387555701494e+01
1.236648432633740136e+01 1.214412299583316823e+01
1.257347174101818688e+01 1.230504662999901555e+01
1.276199514622369158e+01 1.253255650561554546e+01
1.295824040406628797e+01 1.265753737674069512e+01
1.315392311909837275e+01 1.286166659839432036e+01
1.335548699167732778e+01 1.311353115167575112e+01
1.353799354160088697e+01 1.328173768876600924e+01
1.372958621170838178e+01 1.348466261958651202e+01
1.392019819796652946e+01 1.367956679803279307e+01
1.412378151629861023e+01 1.386679805778517860e+01
1.430264863560645239e+01 1.409803134134013369e+01
1.451797394860149737e+01 1.419376970530923110e+01
1.470265776032555927e+01 1.450036932898874831e+01
1.490717883780181197e+01 1.459992563246105313e+01
1.509465072251814988e+01 1.486020892139164928e+01
1.529578706762750073e+01 1.506779284783688411e+01
1.548638720556138360e+01 1.509867251016062717e+01
1.566904994796259487e+01 1.548964140981835591e+01
1.587350363568538469e+01 1.562113831068770509e+01
1.606566991526874943e+01 1.579976821181228530e+01
1.625090822458917472e+01 1.601487771642019098e+01
1.645189693693943767e+01 1.614503611835207408e+01
1.664953456562790635e+01 1.641530337191263911e+01
1.683630124259768479e+01 1.660056778060571858e+01
1.703798211702907750e+01 1.668615662922743326e+01
1.722400488768926508e+01 1.695874434884428439e+01
1.743263654401377138e+01 1.709119445679892024e+01
1.762936928358859134e+01 1.730031638426831719e+01
1.781912387007144005e+01 1.752871985815626132e+01
1.802977707298372323e+01 1.766599846841514676e+01
1.822252613870640658e+01 1.788976900377010537e+01
1.841070562919773224e+01 1.809181569255556354e+01
1.860469897754171598e+01 1.831332275907523410e+01
1.880406937254226918e+01 1.847258254597434757e+01
1.900856104712395833e+01 1.864516714967015432e+01
1.919014862278828559e+01 1.896842306658520627e+01
1.936790048546297527e+01 1.900211014369104490e+01
1.957342213295434874e+01 1.915791518450717845e+01
1.977377614427982522e+01 1.954463998641091038e+01
