0.000000000000000000e+00 0.000000000000000000e+00
1.202592693841052478e-03 0.000000000000000000e+00
5.108163020210477155e-03 0.000000000000000000e+00
2.991394823828998767e-02 -1.507257016017153617e-02
4.636612631554457020e-02 8.766864131157684620e-03
1.201502330111636069e-01 -6.227922033628679099e-05
6.594109830537713268e-01 1.234435020726567300e+00
1.353500710290818532e+00 1.487717836152896878e+00
1.672326755730403125e+00 1.711629420643801636e+00
1.889488024852487014e+00 1.852489320210115586e+00
2.077691429897089659e+00 2.040256161006030577e+00
2.265435701649292088e+00 2.232145693787886742e+00
2.461646413331345151e+00 2.411610932273019703e+00
2.659322915495329287e+00 2.613470916761653218e+00
2.849400436413799920e+00 2.813959090875245206e+00
3.043652945567258072e+00 2.999951127645131166e+00
3.234507794221193500e+00 3.184711289966791536e+00
3.419493244727279446e+00 3.375005269590719781e+00
3.610405416001817969e+00 3.566133914658109028e+00
3.800541191597033741e+00 3.771647972103162161e+00
3.994190201784060257e+00 3.957846703967350166e+00
4.185484213507682405e+00 4.150812136993049961e+00
4.369351957294196787e+00 4.346304972544977829e+00
4.569245529751483126e+00 4.533403388290933478e+00
4.777519276962417294e+00 4.704486348358936532e+00
4.972195568011011702e+00 4.879042131166965390e+00
5.158329747748625849e+00 5.072570785387187975e+00
5.356459470072575613e+00 5.247538597593638166e+00
5.557011614283734247e+00 5.476563065444530309e+00
5.754058329515881809e+00 5.651706469177051773e+00
5.948340943616596377e+00 5.868130333602312732e+00
6.137257567363373134e+00 6.061519315251592488e+00
6.341562589374451164e+00 6.261066402189947588e+00
6.537645199224447090e+00 6.412121527392136144e+00
6.745092731194048064e+00 6.612535905073365861e+00
6.927477268101752017e+00 6.794741142327054284e+00
7.133513466144934867e+00 7.022160025801276184e+00
7.334745399962726786e+00 7.204770032005577640e+00
7.531699061964459041e+00 7.407314895684636191e+00
7.735278859077245883e+00 7.550331597122152516e+00
7.930242822048077400e+00 7.797271058045025072e+00
8.126636698208198339e+00 7.974723330535784527e+00
8.323546524215327480e+00 8.191446719144462207e+00
8.521649135254582674e+00 8.369161309000453741e+00
8.714613526884559036e+00 8.564355074528197775e+00
8.918509838879687734e+00 8.738217882971300199e+00
9.093045433766528518e+00 8.947449745846610014e+00
9.299743146930683935e+00 9.179339991444646074e+00
9.504478492557085545e+00 9.309538459453289505e+00
9.693013808966988165e+00 9.529932741696269360e+00
9.877273927841459411e+00 9.686047915888854831e+00
1.007462324196304060e+01 9.887143256954333381e+00
1.026429475213046594e+01 1.013035795190900146e+01
1.045416628636069412e+01 1.030694575097706256e+01
1.064642943084681903e+01 1.043463454668482981e+01
1.084301979941628780e+01 1.064318505105988422e+01
1.104318411637880892e+01 1.087723393568705355e+01
1.123805267817227360e+01 1.105889608909950361e+01
1.142822067448955359e+01 1.123502731860295434e+01
1.162726796661314310e+01 1.139593319840991370e+01
1.181476778723577326e+01 1.159671681529339970e+01
1.202417973329095524e+01 1.182294389779983312e+01
1.221713953610085746e+01 1.198833017227680742e+01
1.242169419031173128e+01 1.221931097471664529e+01
1.262987201279748817e+01 1.241768839145942316e+01
1.283405372224498997e+01 1.252830646202031240e+01
1.302503801370455605e+01 1.276670643823924145e+01
1.322854454402557778e+01 1.293486296813949821e+01
1.343101495097744724e+01 1.321540149367920591e+01
1.363594967051385254e+01 1.334348543010338339e+01
1.382215257600407909e+01 1.358969597588530931e+01
1.403044003013496877e+01 1.379345853655717313e+01
1.422831537880274588e+01 1.394103224941533270e+01
1.443393540212577975e+01 1.416392778533668029e+01
1.463229497280834934e+01 1.426134538747751890e+01
1.483099264743640688e+01 1.453416943082680746e+01
1.503101979636995189e+01 1.476945359590234652e+01
1.520822379924547896e+01 1.485520061056073438e+01
1.539392767115704963e+01 1.508521867469032252e+01
1.561157877946697425e+01 1.528395620106266328e+01
1.580055856217646237e+01 1.551485773772606080e+01
1.600267618011440973e+01 1.566670053855162870e+01
1.619805007918371587e+01 1.592156675793062526e+01
1.640330629208693480e+01 1.608639608571275659e+01
1.658254789248767835e+01 1.625279235653049170e+01
1.679901736995945427e+01 1.649153721550707274e+01
1.697953336587767481e+01 1.665615936614346637e+01
1.718162448752650562e+01 1.684663804724228342e+01
1.738508235217855713e+01 1.695916347697371052e+01
1.758739389605599968e+01 1.724992227046187665e+01
1.780356855736079424e+01 1.740393989634042171e+01
1.798542958578124029e+01 1.761995545586184875e+01
1.819305754130543562e+01 1.783268430168126528e+01
1.840717558058615566e+01 1.806195430775614241e+01
1.859141484661006416e+01 1.817955997264549595e+01
1.879722132607366802e+01 1.843794091185922213e+01
1.895745835847955618e+01 1.860138831284373140e+01
1.917709579288720434e+01 1.879710928540938042e+01
1.936581780861876823e+01 1.892918912450836899e+01
1.955336208705476153e+01 1.919968601102524630e+01
1.975499113022823749e+01 1.940145556143420791e+01
