0.000000000000000000e+00 0.000000000000000000e+00
0.000000000000000000e+00 0.000000000000000000e+00
0.000000000000000000e+00 0.000000000000000000e+00
0.000000000000000000e+00 0.000000000000000000e+00
5.600683118415134693e-02 0.000000000000000000e+00
1.614548374371400641e-01 7.388969521377708807e-03
1.095149152423161715e-01 0.000000000000000000e+00
1.826657656471204261e+00 2.196942013613869982e+00
2.434774057614698783e+00 2.468895316094639636e+00
2.575155808082788766e+00 2.597891894017035241e+00
2.706805131404608655e+00 2.722276426290050289e+00
2.854093124998207553e+00 2.862896077702202557e+00
3.000838037704220973e+00 3.028426492182584973e+00
3.165705473140754123e+00 3.154431551014887702e+00
3.328801260570208420e+00 3.407492364790961847e+00
3.467801835979740677e+00 3.629594923032410048e+00
3.705126271112861414e+00 3.818254196661026612e+00
3.883948839680756215e+00 3.993197137726523405e+00
4.094669068339758411e+00 4.175075864058241493e+00
4.287509602431380351e+00 4.341672059830738561e+00
4.517675633738386765e+00 4.452002335480960582e+00
4.683381298112252900e+00 4.644053742540371843e+00
4.855005744541030843e+00 4.799990810795363494e+00
5.029520773154070312e+00 4.982969753208245756e+00
5.210472679892762748e+00 5.165430199248329579e+00
5.388778967909957807e+00 5.340090188019483541e+00
5.565335496244492752e+00 5.509426493785982260e+00
5.747165365823077465e+00 5.671695387284277245e+00
5.931188596079729258e+00 5.868087261672577881e+00
6.110430485137015033e+00 6.058655237945829164e+00
6.288390960555466869e+00 6.245652526876811272e+00
6.460182909316865896e+00 6.404926974482513913e+00
6.639068836038464205e+00 6.608083513460185188e+00
6.839290230833163342e+00 6.783836548502534036e+00
7.031574771159184500e+00 6.942154943672419698e+00
7.217398258924154320e+00 7.123064208733456582e+00
7.394703539681340310e+00 7.324826874052466685e+00
7.583026517373336439e+00 7.535622392171332784e+00
7.778427215410379070e+00 7.733938121017333245e+00
7.967847234578799842e+00 7.891029517653357139e+00
8.167258707195255596e+00 8.083059622048013537e+00
8.361855014973549771e+00 8.254209060418283173e+00
8.555482640722468446e+00 8.470468091038137359e+00
8.754731288103466014e+00 8.609957874055519156e+00
8.935354538266544466e+00 8.818783069375687234e+00
9.134016244835192921e+00 8.958402095466247772e+00
9.316707886702484842e+00 9.213590246223159141e+00
9.508921852856847323e+00 9.400402812553974030e+00
9.701499994702443175e+00 9.578264707782741638e+00
9.908647622523975684e+00 9.752605242332158753e+00
1.009470435851615200e+01 9.942292329411975160e+00
1.028695930920551582e+01 1.015018595510457899e+01
1.047563966063758834e+01 1.027098022967201807e+01
1.068163920212131046e+01 1.051648807497947224e+01
1.087033589086370355e+01 1.069063453716967338e+01
1.107049260533921853e+01 1.088186978998192878e+01
1.126532205147974786e+01 1.107178007846497714e+01
1.145705429833217792e+01 1.124891598581873353e+01
1.164790346212740779e+01 1.143599013569733636e+01
1.184132709401992933e+01 1.166337688825392860e+01
1.204113055567458268e+01 1.174380501287560286e+01
1.224036869718460707e+01 1.196919693235557780e+01
1.243472446278789079e+01 1.220525388254930732e+01
1.263500582218879131e+01 1.240264691080961157e+01
1.282204875088721607e+01 1.258809738300092640e+01
1.300186802939871100e+01 1.274407399892261417e+01
1.319980954223883884e+01 1.297620471292628785e+01
1.340068114454784975e+01 1.312947950709233957e+01
1.358560217067583942e+01 1.327459302300560928e+01
1.378139029347849842e+01 1.352196403757310605e+01
1.398581462606756531e+01 1.372254491172487256e+01
1.416918767275894631e+01 1.393977189950222240e+01
1.435910001100981326e+01 1.417202655587009552e+01
1.455705275219860617e+01 1.436935996553404316e+01
1.476626767669068663e+01 1.454048358601431623e+01
1.494885204312193316e+01 1.470199925927296114e+01
1.515116405041673531e+01 1.487158562603493728e+01
1.533856355637031044e+01 1.505365211970965689e+01
1.554005726072940696e+01 1.530565484844712820e+01
1.572962341406054954e+01 1.552643017394511915e+01
1.592798020877251197e+01 1.562307976676695098e+01
1.609508143343229136e+01 1.584802931228484013e+01
1.629972376731913286e+01 1.609684107119703000e+01
1.648807598014242615e+01 1.631384267166459523e+01
1.667646447148321442e+01 1.640191616392904095e+01
1.686548843393148545e+01 1.669144516007857959e+01
1.706481744190533689e+01 1.675992820016293550e+01
1.724601778933669394e+01 1.702403691213544334e+01
1.745021349943109357e+01 1.718319162071079020e+01
1.764381070398190943e+01 1.739862435656743500e+01
1.782850542825566365e+01 1.751502856956485132e+01
1.801865418301082755e+01 1.769675674308557234e+01
1.822398940261878764e+01 1.803323087377110667e+01
1.841817301534126727e+01 1.809713281249944572e+01
1.861726406796309163e+01 1.838876090683036679e+01
1.881998551029160538e+01 1.857006519516781751e+01
1.902055216562762396e+01 1.874323230121138906e+01
1.920200899732687105e+01 1.890338973533343392e+01
1.938903961333709702e+01 1.908785154452746369e+01
1.960715135588215574e+01 1.931544023986826630e+01
1.979872492200818002e+01 1.955820895268328030e+01
