0.000000000000000000e+00 0.000000000000000000e+00
2.944338155642222267e-05 0.000000000000000000e+00
8.174426400463539544e-04 0.000000000000000000e+00
7.826004148718083975e-03 -9.445419119264017102e-04
3.624965311591249462e-02 -4.901536600197119176e-03
2.201299083566786614e-03 9.286412023040789832e-01
7.298315791340719283e-01 1.205380792946332269e+00
1.400239114626475434e+00 1.362380647882689866e+00
1.601983639046425045e+00 1.575374954477472000e+00
1.772411244083234694e+00 1.812301364170243012e+00
1.999102112908462736e+00 1.972808114772261368e+00
2.191121592510660410e+00 2.173606817339229114e+00
2.385875529880553625e+00 2.356968997066585025e+00
2.580354743842858678e+00 2.544189005248527646e+00
2.771053711808062925e+00 2.733739252926867813e+00
2.977015398078382891e+00 2.933400424587615518e+00
3.177537905929003426e+00 3.144330701096874847e+00
3.380314095749648917e+00 3.309138357117410667e+00
3.584145668162240561e+00 3.512744295631439417e+00
3.783475276142238108e+00 3.693904509985955098e+00
3.967759918448975132e+00 3.880807670377439678e+00
4.171973678684584463e+00 4.104162302194706236e+00
4.359186282849334404e+00 4.317250751843568324e+00
4.559126975467049370e+00 4.502922502877089173e+00
4.757176954547418291e+00 4.694808360152305404e+00
4.949674234360190717e+00 4.856615758442383246e+00
5.141331389876091507e+00 5.105497619496349060e+00
5.333709934860440427e+00 5.269875030799682669e+00
5.533527549244818822e+00 5.474743111605619106e+00
5.730836630124184872e+00 5.628504211195292761e+00
5.929208370973076292e+00 5.851981799171809051e+00
6.125605671472774461e+00 6.061601210982605181e+00
6.323540171207715055e+00 6.207385658450076171e+00
6.530750993329011322e+00 6.416546300789921276e+00
6.734459576188256413e+00 6.590215017178732815e+00
6.927687537367179793e+00 6.778259299900715185e+00
7.127242659506894285e+00 6.971411533529077609e+00
7.320781830284928127e+00 7.168686881813585821e+00
7.515712295047481284e+00 7.390108182546089033e+00
7.715719863656142152e+00 7.500001860824999866e+00
7.914045464082108516e+00 7.750830263165307876e+00
8.114812534150818379e+00 7.917628232151384893e+00
8.293523042133784884e+00 8.153125296811175815e+00
8.496792038000384295e+00 8.292996278401890464e+00
8.697302985867638725e+00 8.538675094262138998e+00
8.898449590461698477e+00 8.705774642663724805e+00
9.101658241945546735e+00 8.954374848145135957e+00
9.287835318390417427e+00 9.090537989232196026e+00
9.476844725803637459e+00 9.228047758591488403e+00
9.678502613436810620e+00 9.478685171595506276e+00
9.877769116560592977e+00 9.685757026732801478e+00
1.007471341529789832e+01 9.875636597714082754e+00
1.026714025697663324e+01 1.002273371214385200e+01
1.046993504995142210e+01 1.022924403944882599e+01
1.066068228175757504e+01 1.047939571227479938e+01
1.085631022528576217e+01 1.063699806346483534e+01
1.103166232336508834e+01 1.084684247812942992e+01
1.123053428845643431e+01 1.104708117165097292e+01
1.142823270793769908e+01 1.121314049595269857e+01
1.162154792337079101e+01 1.143258627326232180e+01
1.181347167515874119e+01 1.161016715854227677e+01
1.200897066629518939e+01 1.181389382034543090e+01
1.220763606873199336e+01 1.197670323156141947e+01
1.241008502242675426e+01 1.216620841638889061e+01
1.261427774557758141e+01 1.235825445308306314e+01
1.280629392317748128e+01 1.263948723977256705e+01
1.301387812353399198e+01 1.275433346000079204e+01
1.321283025585226767e+01 1.292646654122883909e+01
1.341476241467592878e+01 1.321347716948099560e+01
1.360795852508095116e+01 1.336718242922118804e+01
1.380715045458583567e+01 1.356490604648066345e+01
1.401367114701366567e+01 1.373187868525973521e+01
1.420824044775607220e+01 1.393540768352410097e+01
1.440593822926564727e+01 1.402809572444729191e+01
1.460319109790355796e+01 1.429738269924598093e+01
1.482593075020164974e+01 1.453710557024654548e+01
1.499868443421106257e+01 1.461682009074111299e+01
1.520158015951220065e+01 1.489593234357467288e+01
1.538469185294728625e+01 1.509158967815016084e+01
1.559054913923303864e+01 1.530478557077003465e+01
1.579355432108010326e+01 1.540330112281344199e+01
1.599854185235770387e+01 1.565006975569392544e+01
1.617784177259663991e+01 1.584498413650010207e+01
1.636878693738793444e+01 1.606214212584972856e+01
1.657857193143547292e+01 1.625772835644139391e+01
1.675663532966589386e+01 1.645813678011301207e+01
1.695928309196233386e+01 1.654221369486486637e+01
1.714306575699411894e+01 1.681559773010999592e+01
1.734034499015634623e+01 1.695963661753526353e+01
1.753838590723213642e+01 1.717830445635421910e+01
1.773060076021588927e+01 1.739146887139370179e+01
1.793019079167821772e+01 1.766302513709527133e+01
1.813064037467045964e+01 1.776017962245600756e+01
1.831423020558403536e+01 1.808914687677335209e+01
1.851832449208816556e+01 1.802560334650139140e+01
1.871582920237986514e+01 1.837414346261518006e+01
1.890272452189858043e+01 1.857611445482390877e+01
1.910396359727344873e+01 1.877153232861588350e+01
1.927695906852775920e+01 1.893504137609697935e+01
1.946531062681019009e+01 1.908611476219063263e+01
1.967819222798898693e+01 1.942210533234021597e+01
