0.000000000000000000e+00 0.000000000000000000e+00
0.000000000000000000e+00 0.000000000000000000e+00
0.000000000000000000e+00 0.000000000000000000e+00
0.000000000000000000e+00 0.000000000000000000e+00
2.104955572308421508e-02 1.558703419108352195e+00
2.985563623716561144e-02 0.000000000000000000e+00
1.256031452663674552e-01 1.239265126196754219e+00
9.125104590701134111e-01 1.847790418042342564e+00
2.018527635707994428e+00 2.033119160524790914e+00
2.230488799892355711e+00 2.282347905164127777e+00
2.450544770589221155e+00 2.527322121905223540e+00
2.635867568748884615e+00 2.699369414238958154e+00
2.831061145690541014e+00 2.855447005483141787e+00
3.000432659697765736e+00 3.032587445548351912e+00
3.199078092268047957e+00 3.181882244426198270e+00
3.353799790771236466e+00 3.383646680125976580e+00
3.524830508721287448e+00 3.571156381592987206e+00
3.719771628183345502e+00 3.757872419234044248e+00
3.935201686791353737e+00 3.898879848590925512e+00
4.108234605135193895e+00 4.070535380669808134e+00
4.284151280176915044e+00 4.231642806992370609e+00
4.468481018548492223e+00 4.418098645863869578e+00
4.643824925958936589e+00 4.597726036404040428e+00
4.776536858119866835e+00 4.823114853931160795e+00
5.012012892281824783e+00 4.981123384556020106e+00
5.196066361482380103e+00 5.128882591484384967e+00
5.393770898468901898e+00 5.329115820850083729e+00
5.592995196151201220e+00 5.506257889866856381e+00
5.779364728533341378e+00 5.701134832409806563e+00
5.976139528443264126e+00 5.877032964584911312e+00
6.166579624168163853e+00 6.072990729223774586e+00
6.354208465236554026e+00 6.268311245832140166e+00
6.550101893765353012e+00 6.462987670716197286e+00
6.730416733982931277e+00 6.601814914508124410e+00
6.921266678588888333e+00 6.814460003029360280e+00
7.121808624023813650e+00 6.987625545169702690e+00
7.291760681226210572e+00 7.204514221630909709e+00
7.489414542740453484e+00 7.377606467082341801e+00
7.679556299083310833e+00 7.597999119137234914e+00
7.877354815752119599e+00 7.730331989930586012e+00
8.056996702601201932e+00 7.894692393983493872e+00
8.253251336799474203e+00 8.152542244812860162e+00
8.446746105633739177e+00 8.290005942941903072e+00
8.635504726130704967e+00 8.476258618680896362e+00
8.831760559583401005e+00 8.734188074621723530e+00
9.037990898461252698e+00 8.874841699876043322e+00
9.228331483030714821e+00 9.095472518163703057e+00
9.420537490315322060e+00 9.306549812347064687e+00
9.620668200636071532e+00 9.470020680202031471e+00
9.796232999829570076e+00 9.650105093172905768e+00
9.990142981201813654e+00 9.820833697820683383e+00
1.018345680867091474e+01 1.000146904110696333e+01
1.038427662514524563e+01 1.024213597639846540e+01
1.057104855241222019e+01 1.042085693290062132e+01
1.076423703326295289e+01 1.053199630651025309e+01
1.097042135779003225e+01 1.077912103170871383e+01
1.116739456201279879e+01 1.102749063144618802e+01
1.136038798084075552e+01 1.116477060448258385e+01
1.155653956911428004e+01 1.133129168382357399e+01
1.177102511061918655e+01 1.155261146552837559e+01
1.195654429412268094e+01 1.167352977403823111e+01
1.215187692440362710e+01 1.197001127554579725e+01
1.234787095729563866e+01 1.210182326980055656e+01
1.254841737020581327e+01 1.226875576646104626e+01
1.248563646488778822e+01 1.264747979369528252e+01
1.290387373788456671e+01 1.265472079399043714e+01
1.309254205572908525e+01 1.279914249861822206e+01
1.328768610015081819e+01 1.296884180255363006e+01
1.347896428410520286e+01 1.323772150639516809e+01
1.365951681538925655e+01 1.344515505876652561e+01
1.385555662160914991e+01 1.358984656290791548e+01
1.404311536763141355e+01 1.378836630753133541e+01
1.424842857611730196e+01 1.401023933907607777e+01
1.443266517323781706e+01 1.421454701951720523e+01
1.462827967370169979e+01 1.440853583243597669e+01
1.482742497691724104e+01 1.456364720459701623e+01
1.500805329238944985e+01 1.478272223315966016e+01
1.520399793235255537e+01 1.498351579466985051e+01
1.540278466119404577e+01 1.518649555724266875e+01
1.560509127987875111e+01 1.538128754646938035e+01
1.580632104237428059e+01 1.554848716206259063e+01
1.599100620207081214e+01 1.574355990491921808e+01
1.620088831447841926e+01 1.592301206012843906e+01
1.639600790541761199e+01 1.611518406206344167e+01
1.657855457109312169e+01 1.631513245574215176e+01
1.678198092781694584e+01 1.649246357383286465e+01
1.697303361526806853e+01 1.669764021802632925e+01
1.718545034293811469e+01 1.688199822165886843e+01
1.738047232111543039e+01 1.713342351687106202e+01
1.757902563778824856e+01 1.730174729238882847e+01
1.776971266769325908e+01 1.749573192370083419e+01
1.797655257258312034e+01 1.771191763354105575e+01
1.817415482142851957e+01 1.791510711513565113e+01
1.837416821936414379e+01 1.809106185913972809e+01
1.855761163029025340e+01 1.830478958940714307e+01
1.875554664151444229e+01 1.845974475271365733e+01
1.895103877566535999e+01 1.865524962415689103e+01
1.915194358962486376e+01 1.884908725677133390e+01
1.933758637185787066e+01 1.903237438507232682e+01
1.951890083028875367e+01 1.917743141473482993e+01
1.974162199568480602e+01 1.951437598823027741e+01
