0.000000000000000000e+00 0.000000000000000000e+00
1.168238084037213648e-03 0.000000000000000000e+00
2.068440615595288495e-02 -1.993498504028312981e-02
9.833970711369995066e-02 -1.211663927258760549e-02
2.107275162242583932e-01 1.054153601812967203e-02
4.229034815825723492e-01 1.127437825772972108e-01
8.626177313050804596e-01 9.027782256579468534e-01
1.130065348231247269e+00 1.185630591918135579e+00
1.373170501190267068e+00 1.411854149083807464e+00
1.620168262291258765e+00 1.576738528230663183e+00
1.832423256342498696e+00 1.796042319333736481e+00
2.037073117170409731e+00 2.002029644861269109e+00
2.248398911736220196e+00 2.198954225483133129e+00
2.447679253041349146e+00 2.396939489652293087e+00
2.647190296897990791e+00 2.569169962074314029e+00
2.860422764735926382e+00 2.782162141237226383e+00
3.071622763590758698e+00 3.003132517641912358e+00
3.273853611322047108e+00 3.169107836309257742e+00
3.479733168389628872e+00 3.396738901502501129e+00
3.683087480426059379e+00 3.573938851972751074e+00
3.882125778194803534e+00 3.778632675649462591e+00
4.085473059321990341e+00 4.007700978965633709e+00
4.280147512678996513e+00 4.202285149532518638e+00
4.477043476765554253e+00 4.357027361411864419e+00
4.675136464557752447e+00 4.533915709756267454e+00
4.879414789762744675e+00 4.757420113161781039e+00
5.073426951903007520e+00 4.937224566652011148e+00
5.265038880601356830e+00 5.148373940418624173e+00
5.465788209058405123e+00 5.314062647471168965e+00
5.659544245690849351e+00 5.534474107243880781e+00
5.851034988288451366e+00 5.727839260901319562e+00
6.062163608453644770e+00 5.933747733127629154e+00
6.261233198718248794e+00 6.112182604564305066e+00
6.446929066452455004e+00 6.301352743943920309e+00
6.656187961582738843e+00 6.501377298383924419e+00
6.855074370010946438e+00 6.689358224598589864e+00
7.057630758855423458e+00 6.902364974932558184e+00
7.249727033337880933e+00 7.071133226053033738e+00
7.445112327272253694e+00 7.282144214566023344e+00
7.637504603932107727e+00 7.477129676741914643e+00
7.823753916054923430e+00 7.671640310229712156e+00
8.024412032280338281e+00 7.864305050975908706e+00
8.219659079891666664e+00 8.075427378501149889e+00
8.433689442951967763e+00 8.280728430950942354e+00
8.616156189265826271e+00 8.460042835181004861e+00
8.832401891785998771e+00 8.638218823168697824e+00
9.014763329382100565e+00 8.883848292339278530e+00
9.220413374727929323e+00 9.038914526507001668e+00
9.411398064582780165e+00 9.270208547711758840e+00
9.610917239719416472e+00 9.396036799351769275e+00
9.810602918961686569e+00 9.635997088211386341e+00
9.999216710156598964e+00 9.852929451040038700e+00
1.020227672715712686e+01 1.003990991687678225e+01
1.040126182093643159e+01 1.019155695595378752e+01
1.060067867734830571e+01 1.041447302113264861e+01
1.079471823806401254e+01 1.061823960264269573e+01
1.099658406546137712e+01 1.075565175469045620e+01
1.120239585524351966e+01 1.096207333850375676e+01
1.139789428140562677e+01 1.118755929733570653e+01
1.161596123283568183e+01 1.130658168791242701e+01
1.180442001101148541e+01 1.146467564730681410e+01
1.199219388708080025e+01 1.180871832143760969e+01
1.219274542912305392e+01 1.192588238702223258e+01
1.238757451070568649e+01 1.216342990809047286e+01
1.258784339391520390e+01 1.233669475895771583e+01
1.278213681531299883e+01 1.254509682859958097e+01
1.299065401749838244e+01 1.279984032124298743e+01
1.317545771175626612e+01 1.291445534342864931e+01
1.336898581132608577e+01 1.310174778519350269e+01
1.356603954189387373e+01 1.330010924503522141e+01
1.375894199589921207e+01 1.356140842320843376e+01
1.394717480645036289e+01 1.371442025414004462e+01
1.414111820237575756e+01 1.386868741529128179e+01
1.434593008293251515e+01 1.401040440886035654e+01
1.452416976220396805e+01 1.425295005345567390e+01
1.472422634963468369e+01 1.444576114045288229e+01
1.492568819296112892e+01 1.463193661000815382e+01
1.512244904484181873e+01 1.482171002887079148e+01
1.530830966029527218e+01 1.502993099416906553e+01
1.550981256590771196e+01 1.520222926248389861e+01
1.570793048636182299e+01 1.543790747539819463e+01
1.591060344072686483e+01 1.562833134351317277e+01
1.611134096066173882e+01 1.583509325350979680e+01
1.630285418232523398e+01 1.609945095044696473e+01
1.650676973712512563e+01 1.619765087076997290e+01
1.670894077236861719e+01 1.638490173428616359e+01
1.689905826321775706e+01 1.664360424837651209e+01
1.710506826404634495e+01 1.682385984786052902e+01
1.729427211867733405e+01 1.699127607206314394e+01
1.751035296510124439e+01 1.719435446351393537e+01
1.768884766999658353e+01 1.741983041331334192e+01
1.790058946731690881e+01 1.760297175677564852e+01
1.809317220572745910e+01 1.783295382508820737e+01
1.828329484376415337e+01 1.790718930116240770e+01
1.848762709519061431e+01 1.816559530322579974e+01
1.866803564123967263e+01 1.835881462806520048e+01
1.887445674675725016e+01 1.854999610379885411e+01
1.908042035363414612e+01 1.866641562907609142e+01
1.926922469052249909e+01 1.895444167870115493e+01
1.946654226342624838e+01 1.914330130815288200e+01
1.966744934052509919e+01 1.940060450245151102e+01
