0.000000000000000000e+00 0.000000000000000000e+00
0.000000000000000000e+00 0.000000000000000000e+00
0.000000000000000000e+00 0.000000000000000000e+00
0.000000000000000000e+00 0.000000000000000000e+00
2.252714153704327149e-02 0.000000000000000000e+00
0.000000000000000000e+00 0.000000000000000000e+00
3.986194247848578315e-02 0.000000000000000000e+00
2.109741044516807218e+00 2.655021384094077064e+00
2.475395825883744294e+00 2.614679702114635074e+00
2.822727320086989344e+00 2.825283553193883357e+00
2.922880336749591468e+00 2.927076995562304607e+00
3.069756346944958469e+00 3.125380411728997831e+00
3.234242913117178819e+00 3.325756987471205406e+00
3.415857029254438793e+00 3.573436664627793302e+00
3.608894906163273131e+00 3.791602268523104780e+00
3.805604988048858051e+00 3.993502126392685536e+00
4.018351528013424989e+00 4.149694927871176553e+00
4.191586890593815617e+00 4.322925091736359526e+00
4.389031782935073345e+00 4.485047707672507045e+00
4.574526586265554862e+00 4.642606355801425444e+00
4.796071850465115638e+00 4.751707720010389657e+00
4.909225826537172210e+00 4.968344572122704861e+00
5.126024470037614300e+00 5.083108556769503572e+00
5.243407045142713940e+00 5.311850877099087320e+00
5.480474385141653748e+00 5.425700400036575388e+00
5.640548794003964694e+00 5.584870732268143456e+00
5.761589423436211277e+00 5.815047141179465306e+00
5.984475550875850480e+00 5.909634336889542539e+00
6.161485358936650059e+00 6.100941627313768656e+00
6.346001127104345940e+00 6.270659687440307550e+00
6.522309077881803141e+00 6.405879231271631724e+00
6.709292268681259053e+00 6.621356511078126950e+00
6.883703500185937685e+00 6.812457151210174366e+00
6.979660564512117915e+00 7.060930298347788181e+00
7.246593819941043790e+00 7.158389007951234895e+00
7.424722690381614143e+00 7.342583425496547633e+00
7.603567826029766330e+00 7.517789060750193819e+00
7.791203766333965497e+00 7.691240190128211474e+00
7.975724753326541183e+00 7.865674535474552975e+00
8.160931860866316612e+00 8.020487214051998492e+00
8.341364985087375672e+00 8.227771272096484623e+00
8.526333139798397909e+00 8.415116196715212382e+00
8.716312372095748273e+00 8.592487968259611364e+00
8.896287989451488798e+00 8.786101162802538056e+00
9.084054660823326799e+00 8.976593120769429390e+00
9.263703776767860276e+00 9.167137402586963191e+00
9.449256893229426524e+00 9.349422161851917323e+00
9.648832822632485318e+00 9.521015228719516443e+00
9.846504880238109436e+00 9.706560122231014276e+00
1.003479500117462209e+01 9.902688579868499374e+00
1.022817164941250923e+01 1.011281124433500622e+01
1.042381177335137110e+01 1.028909501516933034e+01
1.061011012301646161e+01 1.044964588040510023e+01
1.080118798691686877e+01 1.064366382388563181e+01
1.100092672472584354e+01 1.085654980525158919e+01
1.118070023226174037e+01 1.097965162458969957e+01
1.137695137913974541e+01 1.123716554259496547e+01
1.155709872667620886e+01 1.140379888956008614e+01
1.175129034998016309e+01 1.160030033204770916e+01
1.193284263047790716e+01 1.177981941046112091e+01
1.212325211469775610e+01 1.196287946351165132e+01
1.231026961926079721e+01 1.217691126791365086e+01
1.249797671701704616e+01 1.236250426854186202e+01
1.267039143510497468e+01 1.255854900473948277e+01
1.285362273805080946e+01 1.272498718113581440e+01
1.305927233514951880e+01 1.290199970503049443e+01
1.324293761368491218e+01 1.312272638574347638e+01
1.344509541027953503e+01 1.331326876582095942e+01
1.363915771515336672e+01 1.350939953936560300e+01
1.382024438986501558e+01 1.370127761227952945e+01
1.401322208674775460e+01 1.380207561667935146e+01
1.420245010150939358e+01 1.407794715956206133e+01
1.439819226566119958e+01 1.427961312487315837e+01
1.458978490659160876e+01 1.448800762389915775e+01
1.478499618394873671e+01 1.465730919276421673e+01
1.498417247943521780e+01 1.477874682168648235e+01
1.496578731620203584e+01 1.508460818767235168e+01
1.534819658720004121e+01 1.513643012637936103e+01
1.551922951084235791e+01 1.536442204664773215e+01
1.571275447898690913e+01 1.553575656503956459e+01
1.590796304353410484e+01 1.568174758918154055e+01
1.611169198091851129e+01 1.594046262516180157e+01
1.629712486345698252e+01 1.609419508523334486e+01
1.649438149795955511e+01 1.629352261607242625e+01
1.668324960518436484e+01 1.639343361048691960e+01
1.689226503310155536e+01 1.674901787935000286e+01
1.707549074295731728e+01 1.695099556334922752e+01
1.726966138105186843e+01 1.707768939956449827e+01
1.747232110240949154e+01 1.719223692562986372e+01
1.766469789629926268e+01 1.746236482514601462e+01
1.785850529189189473e+01 1.765415161654654241e+01
1.805152282668651509e+01 1.778019161579497265e+01
1.825528309991265630e+01 1.800703886401564802e+01
1.844771389743472412e+01 1.818707424626287406e+01
1.864631703560358744e+01 1.849337186434154390e+01
1.884275960514942483e+01 1.864683369227354248e+01
1.902802503811235013e+01 1.875275477738756180e+01
1.922384284605560367e+01 1.895538715373977112e+01
1.943386947546997234e+01 1.925791788025642504e+01
1.963530289329435874e+01 1.920528973853842203e+01
1.983045272100215328e+01 1.964173005034260555e+01
