0.000000000000000000e+00 0.000000000000000000e+00
0.000000000000000000e+00 0.000000000000000000e+00
0.000000000000000000e+00 0.000000000000000000e+00
0.000000000000000000e+00 0.000000000000000000e+00
0.000000000000000000e+00 0.000000000000000000e+00
0.000000000000000000e+00 0.000000000000000000e+00
0.000000000000000000e+00 0.000000000000000000e+00
5.765605329880038599e-02 4.904716877533703973e-02
1.217818429096627408e+00 9.885500922986125705e-01
2.994995000493645865e+00 4.251124890954442570e+00
3.299826317674625642e+00 5.427046313010229994e+00
5.738038387394176709e+00 5.742968600759889242e+00
5.794823958800511932e+00 5.796093979398935225e+00
5.828505778634234247e+00 5.828407879448901596e+00
5.878982079999683030e+00 5.922056604840861382e+00
5.922714250271681635e+00 6.201478474510925487e+00
6.134228338609675646e+00 6.346742306153217328e+00
6.372004750514043359e+00 6.571938426916100973e+00
6.577472756288447187e+00 6.805508175377688040e+00
6.759891557634391646e+00 7.022870245525946409e+00
6.914996570481427796e+00 7.237451499225653784e+00
7.124351736782227107e+00 7.454743418251389642e+00
7.331828424218732820e+00 7.633571760429515685e+00
7.573771735951881467e+00 7.810414783070346090e+00
7.759362973282669884e+00 7.986723300631783040e+00
8.017957382298179780e+00 8.166245816904170951e+00
8.165940612820707045e+00 8.333713969648929520e+00
8.363230996994818867e+00 8.501679929208391329e+00
8.511783020166145519e+00 8.683041704527271420e+00
8.700891474859250962e+00 8.863102979064603204e+00
8.877834334807488403e+00 9.033171523058184604e+00
9.074835135604608638e+00 9.200708789461479853e+00
9.221161368392172264e+00 9.372533249983836967e+00
9.391791841348068104e+00 9.531932496783298348e+00
9.559358498103897261e+00 9.696078850169829622e+00
9.746868472664532490e+00 9.859293148624722392e+00
9.907567661486984534e+00 1.002365164126623931e+01
1.007964897779092972e+01 1.018542747404884352e+01
1.021375529422615536e+01 1.033902304746838396e+01
1.041064957766962706e+01 1.050868131186956944e+01
1.057785948816800392e+01 1.068129246428055446e+01
1.071945817658139966e+01 1.084027651904506939e+01
1.086926609895816753e+01 1.102417849605140354e+01
1.101283697250541671e+01 1.117962504178368555e+01
1.118861771861805465e+01 1.133132075611774248e+01
1.133528212485761166e+01 1.148602201743407392e+01
1.161082477277689762e+01 1.145604693911090699e+01
1.159983656416238063e+01 1.179004581980171729e+01
1.180112598570912574e+01 1.194778395280454220e+01
1.194707135298315137e+01 1.209651043531512116e+01
1.222978207535158823e+01 1.208654679458869374e+01
1.225223658097825030e+01 1.240067123724133147e+01
1.255210977517211113e+01 1.245959043499474461e+01
1.270468114086063238e+01 1.253938649304879860e+01
1.266036283999506651e+01 1.288854966320026207e+01
1.288262966534439435e+01 1.304736177144573261e+01
1.307018036293115770e+01 1.322404370954379793e+01
1.337451690996294040e+01 1.312928154614280452e+01
1.353344908883402020e+01 1.332009482409578816e+01
1.370315624225258588e+01 1.356348812833420325e+01
1.387034440991317474e+01 1.368387221668185916e+01
1.403974483815925112e+01 1.380969679361188795e+01
1.419566513476540415e+01 1.397891628983897050e+01
1.413584522753012074e+01 1.437000657694017214e+01
1.453313750560160500e+01 1.436154360209980396e+01
1.471051357230190959e+01 1.447349071558517331e+01
1.462595321462672082e+01 1.486773712776474632e+01
1.504792841255334146e+01 1.479366450555703061e+01
1.519847346708108127e+01 1.502561263550112791e+01
1.536842348302643479e+01 1.517553403219998920e+01
1.554562482080720365e+01 1.538034232368202936e+01
1.571493922025322654e+01 1.552126617791918051e+01
1.567914663571163558e+01 1.586150739181916691e+01
1.603688919471700558e+01 1.587124151124701754e+01
1.620717838944612055e+01 1.599114461975976909e+01
1.638367512013345006e+01 1.624231200540603126e+01
1.635240549181760628e+01 1.652169140067821829e+01
1.670967729537934332e+01 1.654651800435510367e+01
1.689220205886260473e+01 1.671443282820517950e+01
1.708352530045074502e+01 1.691159629266718767e+01
1.725306275163874403e+01 1.704552519817056577e+01
1.742638151645223132e+01 1.722933302240243947e+01
1.761146642281964247e+01 1.745470325800322797e+01
1.762154402941709463e+01 1.775153975098094605e+01
1.796259075838593233e+01 1.781083387360730086e+01
1.813336170107844225e+01 1.797755568987098940e+01
1.831669787360127799e+01 1.807109609159080676e+01
1.850655502614569414e+01 1.827718552907001381e+01
1.845682147751920965e+01 1.863666429595321361e+01
1.885942166482854532e+01 1.856986690820855301e+01
1.902525559467497374e+01 1.878222316778144574e+01
1.921522398387544683e+01 1.898837525589483022e+01
1.939352809918291598e+01 1.923504724868304550e+01
1.956897160421256743e+01 1.934717560738797815e+01
1.975636744899859565e+01 1.952522869685909868e+01
1.993422919124455106e+01 1.969598868824786919e+01
2.011888303671719669e+01 1.990919728522220922e+01
2.030287951061967533e+01 2.000806088776713665e+01
2.050367264304167847e+01 2.025904902430439236e+01
2.043542611070945725e+01 2.062921313345738028e+01
2.085913490829761940e+01 2.072200253736578546e+01
