0.000000000000000000e+00 0.000000000000000000e+00
0.000000000000000000e+00 0.000000000000000000e+00
0.000000000000000000e+00 0.000000000000000000e+00
0.000000000000000000e+00 0.000000000000000000e+00
0.000000000000000000e+00 0.000000000000000000e+00
0.000000000000000000e+00 0.000000000000000000e+00
3.376229212841733857e-02 0.000000000000000000e+00
2.255704738896946449e-01 3.854031782659915473e-02
2.945372379066476309e+00 4.656241568553167731e+00
5.192916005492296705e+00 5.192281175192025700e+00
5.285034179901432871e+00 5.276303575078530983e+00
5.262006728325234306e+00 5.228700285496705291e+00
5.289960179074456370e+00 5.347244777814421646e+00
5.309059603643550673e+00 5.398066880282175184e+00
5.405055865977077545e+00 5.530372071035907666e+00
5.536278729002082954e+00 5.685894193685163245e+00
5.723761323796147771e+00 5.887613124901758255e+00
5.894580261380955477e+00 6.152059255353614198e+00
6.072169723339930769e+00 6.407850166017770910e+00
6.318718358778284916e+00 6.646766096681105296e+00
6.526868562794270190e+00 6.834734149199714892e+00
6.788662919820676045e+00 7.045698878437111290e+00
6.982977436468269516e+00 7.212168694057312202e+00
7.206899462337231554e+00 7.406445613920297433e+00
7.376305430617145831e+00 7.574885529612604529e+00
7.580472028747372804e+00 7.739025392405619819e+00
7.784209535123967960e+00 7.902141597284908947e+00
7.988339237737072551e+00 8.066482214601981227e+00
8.149880605358934105e+00 8.227819173569411504e+00
8.301972986223889350e+00 8.396738735571329215e+00
8.469179245522914457e+00 8.570401457671085410e+00
8.621675853460491368e+00 8.731973314357354354e+00
8.757816895496837617e+00 8.892700717637376684e+00
8.951695895188107599e+00 9.060624874918909555e+00
9.099652241461976487e+00 9.224728508293093654e+00
9.233732855098480741e+00 9.397817087976994443e+00
9.401871438868724340e+00 9.566425292117502366e+00
9.535462300737499675e+00 9.727519736512318715e+00
9.677214625316343799e+00 9.898117427638597476e+00
9.825948738035755525e+00 1.006206463655470884e+01
1.002312386458689808e+01 1.022227021367875643e+01
1.015260029936597164e+01 1.039616354803938059e+01
1.032236244861062424e+01 1.056097646297480708e+01
1.049736165274807398e+01 1.070383660078849353e+01
1.063082327475000355e+01 1.086755175837906506e+01
1.099757189819210446e+01 1.080018445977083985e+01
1.093320206203548040e+01 1.117126813395647744e+01
1.112599980083692586e+01 1.133052659892096514e+01
1.148580448765115669e+01 1.127217889783565319e+01
1.163810523197780178e+01 1.144124851546621713e+01
1.156829715643838874e+01 1.180225111782084468e+01
1.195112773510053827e+01 1.177647654703785207e+01
1.210990608252130052e+01 1.189120766503613069e+01
1.206844936087733977e+01 1.226799020814604546e+01
1.241549305915229517e+01 1.224496439156863126e+01
1.236926052468403014e+01 1.257501144891743827e+01
1.274147189879393061e+01 1.254846321826701150e+01
1.271828641816250105e+01 1.291491016238067324e+01
1.307149420382314453e+01 1.293899898596785469e+01
1.302979490023828468e+01 1.322445907841587065e+01
1.324875205180358861e+01 1.340869886538347622e+01
1.357977415908755958e+01 1.334406328962506194e+01
1.375427048902373883e+01 1.354528420886631856e+01
1.392995378744991974e+01 1.368330680898007579e+01
1.409937246725811910e+01 1.385478278326791468e+01
1.426975082641156689e+01 1.409811647918641420e+01
1.423377963190731244e+01 1.442920729201079588e+01
1.444509850285637675e+01 1.458389290087566259e+01
1.477895700314294380e+01 1.458396187787472265e+01
1.495377112064667458e+01 1.471955567444873303e+01
1.491305664249001950e+01 1.510176969830590110e+01
1.529389969056353316e+01 1.510680862155029303e+01
1.546765171658366000e+01 1.528230766095162707e+01
1.565292789573425480e+01 1.543714658795778405e+01
1.583968865530806092e+01 1.566198916516285422e+01
1.601920080155147375e+01 1.580546963321718934e+01
1.618811926757247122e+01 1.598194350836345734e+01
1.638748059403094715e+01 1.619240998547019572e+01
1.655817962450977632e+01 1.635385473642562815e+01
1.675297749752476051e+01 1.656445384136890198e+01
1.693226859742757995e+01 1.671953472365796145e+01
1.710583477073614489e+01 1.690247744959374643e+01
1.708387734033252769e+01 1.724772632242842363e+01
1.747666953963502579e+01 1.723912662462625534e+01
1.764185549159223498e+01 1.742144795864996354e+01
1.783565038600372787e+01 1.752989849241102149e+01
1.801938889661415288e+01 1.782826198252798733e+01
1.820948919838902924e+01 1.799485268445222275e+01
1.839957406266291073e+01 1.816990710611750615e+01
1.857506624394006423e+01 1.834561967079286404e+01
1.875463828507420061e+01 1.854671574544966006e+01
1.893194178936729344e+01 1.861973537040969973e+01
1.914243346790360079e+01 1.895874243525699754e+01
1.930641279692880374e+01 1.908051118351716724e+01
1.948327658090834902e+01 1.928314831778777361e+01
1.966826502838013724e+01 1.942782630418113854e+01
1.986070291978491653e+01 1.965332637884332456e+01
2.004334608410614393e+01 1.981222641013889429e+01
2.022725934224854427e+01 2.000852596356194368e+01
2.042393742625663577e+01 2.020872270207852850e+01
2.061367514478656560e+01 2.039222749704978455e+01
