0.000000000000000000e+00 0.000000000000000000e+00
0.000000000000000000e+00 0.000000000000000000e+00
0.000000000000000000e+00 0.000000000000000000e+00
0.000000000000000000e+00 0.000000000000000000e+00
0.000000000000000000e+00 0.000000000000000000e+00
4.177952359324721421e-02 0.000000000000000000e+00
6.230079431173821819e-02 8.728176934020319688e-01
2.996475812656099191e-01 1.676207832654967422e+00
1.818719965271477390e+00 2.382633057820216838e+00
2.466425447674660099e+00 2.517757486944580236e+00
2.631262280412445254e+00 2.652134554830833046e+00
2.800239513170360794e+00 2.879599981616291160e+00
2.967987415788096772e+00 3.039971231840203014e+00
3.188609880383824091e+00 3.146351774321856976e+00
3.322996929932236831e+00 3.459542423697564040e+00
3.561341382390123655e+00 3.658340569046587110e+00
3.743799248415973224e+00 3.833966667539240536e+00
3.912941896830695931e+00 4.014982347211335956e+00
4.088657104202717107e+00 4.200233407467418800e+00
4.273958866233485310e+00 4.364096801482692634e+00
4.460050296793068192e+00 4.529954308850177469e+00
4.707465542045073725e+00 4.642921642091137890e+00
4.815283212981201544e+00 4.887104705022322193e+00
5.051429593481009839e+00 4.988044672586044115e+00
5.229639202027398959e+00 5.125646642278822718e+00
5.403496906388300047e+00 5.274684772765019680e+00
5.584482473953986670e+00 5.480396608085602139e+00
5.771722023746564290e+00 5.661055461079479656e+00
5.949672527279934897e+00 5.859445033851049978e+00
6.137050813913046632e+00 6.021685724676665963e+00
6.318851576290317240e+00 6.204051568890593060e+00
6.497649210821466959e+00 6.376545977925547781e+00
6.682527065805040856e+00 6.537554864595318982e+00
6.867757397819350018e+00 6.707306471805417836e+00
7.057055569959981511e+00 6.917938461409288031e+00
7.237879439848359908e+00 7.096725227292396632e+00
7.420279709660246859e+00 7.291512533597212631e+00
7.604666521759277487e+00 7.484978661916604992e+00
7.785514355311132562e+00 7.675961023273042194e+00
7.987874323966580370e+00 7.867513504798649748e+00
8.164157768312714225e+00 8.050710917020422741e+00
8.353025034899440371e+00 8.238514049674112272e+00
8.545847905634454733e+00 8.396450401141724029e+00
8.735015082122767893e+00 8.593441609567422645e+00
8.919275167738369703e+00 8.830692344241272806e+00
9.123459297398083478e+00 8.953926105235181510e+00
9.313366940153619211e+00 9.193944940541705080e+00
9.503194172454568545e+00 9.356244415236448120e+00
9.694089838904298873e+00 9.572208743227488270e+00
9.891834789801874805e+00 9.784817965955127761e+00
1.008945655609261394e+01 9.996259226312949053e+00
1.027125227821814057e+01 1.015616344326412523e+01
1.046055200412031283e+01 1.034491102972239673e+01
1.065861948387162883e+01 1.055839770778449704e+01
1.085415253179550277e+01 1.072254560370254950e+01
1.103079223162782441e+01 1.093841625232096604e+01
1.121356594844557364e+01 1.112100512499747751e+01
1.140956405729383860e+01 1.122792877535039224e+01
1.160574172609895527e+01 1.148473708679992278e+01
1.180025883934950492e+01 1.169033865978334852e+01
1.199143364692356073e+01 1.186949928640349583e+01
1.219049460682292718e+01 1.208688231363615451e+01
1.236941553365920754e+01 1.224506004707137841e+01
1.257796490340912499e+01 1.248550081337062956e+01
1.276506121587791931e+01 1.255601786584306190e+01
1.296572381259473161e+01 1.286480724415900667e+01
1.317496477644089481e+01 1.302715951595888200e+01
1.335541929306343434e+01 1.327625625781411323e+01
1.356613215561732311e+01 1.345915486175804965e+01
1.375992362003510650e+01 1.358699535704773709e+01
1.395485693373264979e+01 1.378489367495487983e+01
1.416171150590607120e+01 1.398922954906153926e+01
1.434654912604024624e+01 1.410750373031094895e+01
1.454607685564492492e+01 1.435944191642754220e+01
1.474448738025211192e+01 1.454495048994787787e+01
1.491884506300678126e+01 1.478652577615936714e+01
1.513261630649663658e+01 1.488263572548235736e+01
1.532348163739001201e+01 1.511455213898895344e+01
1.551730832820377870e+01 1.530261963855017271e+01
1.571129936387903925e+01 1.550032449541526525e+01
1.590313356701830827e+01 1.571938087621246538e+01
1.609790575986214023e+01 1.577286694319082727e+01
1.629268842954226315e+01 1.609208438081786241e+01
1.648266564000010703e+01 1.628032932817151845e+01
1.667581616989704330e+01 1.649071520032443061e+01
1.687110806829157994e+01 1.665842497219232499e+01
1.707419051235294916e+01 1.688941460693947150e+01
1.725927144528597168e+01 1.693825937568614037e+01
1.744697818525946431e+01 1.725443624426658573e+01
1.765485307621620947e+01 1.740067339287232784e+01
1.784799717047416934e+01 1.760350612387967217e+01
1.804521067502391318e+01 1.783694702351628081e+01
1.823716840416974350e+01 1.800236009406243554e+01
1.843384263343631702e+01 1.812622888985019998e+01
1.863643406145900627e+01 1.826567804707358533e+01
1.883810854658092282e+01 1.850376672106998654e+01
1.902570178120338440e+01 1.871806228461323940e+01
1.922953170032013404e+01 1.893395598014512515e+01
1.943007705916782868e+01 1.915318602957463767e+01
1.963333725097942661e+01 1.924317911775985124e+01
1.981766947640955578e+01 1.960392613474888535e+01
