0.000000000000000000e+00 0.000000000000000000e+00
0.000000000000000000e+00 0.000000000000000000e+00
0.000000000000000000e+00 0.000000000000000000e+00
0.000000000000000000e+00 0.000000000000000000e+00
0.000000000000000000e+00 0.000000000000000000e+00
0.000000000000000000e+00 6.347313836970977508e-02
4.499372364233916732e-02 0.000000000000000000e+00
1.346669047867365965e-01 1.933573261025236967e+00
7.346449390289870873e-01 1.890124855574775165e+00
4.637718139441283860e+00 6.104344012510765083e+00
5.714965245314202136e+00 7.346081514866293460e+00
7.349620610022624234e+00 7.309358712359697918e+00
7.234914874584985611e+00 7.228145652332090165e+00
7.243226022302961198e+00 7.247723327547326733e+00
7.238166327886180085e+00 7.322444687082926507e+00
7.343412669477161536e+00 7.439221626372781060e+00
7.558691599959092677e+00 7.752425917990152904e+00
7.663756599108107359e+00 7.961611560580715619e+00
7.869240867985610066e+00 8.197092217733292330e+00
8.114868368748327399e+00 8.410720583808927842e+00
8.316002471089969816e+00 8.639714028693141756e+00
8.596141231930250370e+00 8.845407273867632370e+00
8.805757535257367152e+00 9.041273808798495182e+00
8.983203468310358986e+00 9.223963621094286580e+00
9.191520947897997118e+00 9.391787826065861822e+00
9.321618130541343916e+00 9.564130220142388339e+00
9.499977888699337569e+00 9.728000430156964029e+00
9.711721654500591328e+00 9.891068069225623205e+00
9.896643428239793039e+00 1.005207689966599460e+01
1.006173507145187962e+01 1.021188284579006478e+01
1.024650925441008020e+01 1.038003148290499489e+01
1.042984820351945352e+01 1.054651416128331043e+01
1.057973608970340251e+01 1.071395723276765111e+01
1.075148108352749610e+01 1.087565984104341688e+01
1.092144616606463536e+01 1.103742180166779718e+01
1.108338054556749874e+01 1.120049122715512091e+01
1.124470511102823167e+01 1.136684381430201896e+01
1.140822576567546598e+01 1.152559660513486506e+01
1.157110505343846008e+01 1.168589799328291079e+01
1.174636684067583126e+01 1.184769512724471241e+01
1.191904017974449381e+01 1.202260296382323723e+01
1.205447542143973116e+01 1.218515295266494114e+01
1.225240991081374808e+01 1.235141415185665004e+01
1.236942676286054876e+01 1.251527198315928224e+01
1.256483531414520272e+01 1.268888951915061725e+01
1.271895546870544358e+01 1.284516787538215254e+01
1.286678800183577920e+01 1.300663163652681220e+01
1.304777893939122180e+01 1.316782301903764285e+01
1.319907938055305507e+01 1.333354658156867423e+01
1.331854043745927463e+01 1.349146311315588420e+01
1.350190984430567021e+01 1.366181739435801568e+01
1.365896597137198221e+01 1.382950283003405190e+01
1.380749659093151926e+01 1.398285219912025390e+01
1.397944954180375099e+01 1.415713693604006274e+01
1.414850081791337999e+01 1.430442232951196324e+01
1.432744295697245462e+01 1.448470128718228089e+01
1.445948002240075247e+01 1.464570427642836137e+01
1.463082205697819482e+01 1.480734037557775196e+01
1.476268539452555473e+01 1.498041122326688956e+01
1.493384714637076982e+01 1.514599096572895576e+01
1.508130901157932868e+01 1.530767423500932622e+01
1.530399120295532356e+01 1.545913469317695998e+01
1.560012984581287832e+01 1.545407721990232197e+01
1.560506642333966454e+01 1.577243349896068025e+01
1.575460389536839223e+01 1.593430717961086707e+01
1.589207602847036682e+01 1.609858751748440753e+01
1.607739521199894384e+01 1.624813247846776676e+01
1.639523340066977397e+01 1.614132114815230068e+01
1.631207701674435739e+01 1.657555297749038203e+01
1.651233449202984715e+01 1.673063749612230211e+01
1.687690431574022654e+01 1.670086976429878334e+01
1.703415084174286420e+01 1.678907937403877781e+01
1.718216188076105055e+01 1.698011778443959585e+01
1.735314085186103483e+01 1.714502272261728777e+01
1.732052157036096318e+01 1.753085101993060846e+01
1.749485231551243558e+01 1.769774778443991892e+01
1.784741404706566925e+01 1.759097665867156124e+01
1.775984424349921653e+01 1.801567082983762802e+01
1.817100128198948283e+01 1.788921223453785814e+01
1.833418988286221563e+01 1.810851188102589404e+01
1.849014356838039319e+01 1.828599812723478735e+01
1.844671610407541706e+01 1.865682184772813201e+01
1.853634241227788237e+01 1.881073592153579810e+01
1.897733453680793403e+01 1.878342608958043058e+01
1.914364571748795640e+01 1.890124443170578061e+01
1.929991729476262563e+01 1.914217721894972968e+01
1.945958855460479953e+01 1.926004653853685156e+01
1.963038864465654854e+01 1.934716388650683427e+01
1.979787704627973000e+01 1.965333531773888964e+01
1.973276603602407064e+01 1.994999522759745858e+01
2.012695891402961834e+01 1.992085833369074166e+01
2.008120216628016408e+01 2.026936991451908199e+01
2.045306075922600542e+01 2.027367896408041403e+01
2.062797071745744404e+01 2.048909529938521956e+01
2.079642333903310814e+01 2.062793229580550403e+01
2.097167422992820107e+01 2.078343128701332532e+01
2.097948078200501598e+01 2.110881852148519400e+01
2.131074875819497194e+01 2.111279409467113410e+01
2.147475919244522657e+01 2.129160856071208840e+01
2.164764931754455901e+01 2.144038677786352665e+01
2.182780233569404871e+01 2.166964799841929334e+01
