0.000000000000000000e+00 0.000000000000000000e+00
3.380958944623918842e-05 0.000000000000000000e+00
1.652240300388343889e-03 0.000000000000000000e+00
1.828168490627167173e-02 0.000000000000000000e+00
1.118955464858557569e-01 4.163847034387463397e-01
5.467257196761592386e-01 2.557065321579186645e-01
9.674804031075416866e-01 1.086713043026220404e+00
1.218129851200721703e+00 1.310778544918559829e+00
1.512274625424972374e+00 1.473330583274911287e+00
1.716471872772862950e+00 1.664352904390464349e+00
1.925430984184448135e+00 1.864302150662261903e+00
2.128195264151192312e+00 2.080482649885407653e+00
2.330586154705916346e+00 2.269001259293919492e+00
2.534491859369779831e+00 2.466222131030645137e+00
2.741134414068750136e+00 2.670390208729703563e+00
2.942123171948595850e+00 2.860802580059166988e+00
3.133671098544269285e+00 3.056601703902939615e+00
3.332810516693538894e+00 3.252863131438213262e+00
3.521707146837642632e+00 3.440861124569262852e+00
3.713776015934060482e+00 3.651256808523741348e+00
3.917029308126550369e+00 3.846138275568695253e+00
4.121310086953405616e+00 4.032993534274712744e+00
4.314519072139875178e+00 4.234089507571738409e+00
4.517871407462011213e+00 4.430993149377476570e+00
4.721856806532123585e+00 4.593596130839632252e+00
4.909069309080956067e+00 4.808987708640790615e+00
5.108666478664504851e+00 4.996609139013241219e+00
5.298161783196511543e+00 5.182714039313144561e+00
5.494804542812774528e+00 5.347804633838390664e+00
5.687440620519343071e+00 5.585782563204381823e+00
5.898259983535806050e+00 5.759526192114022614e+00
6.090850118588670981e+00 5.984863965326629121e+00
6.276640753232514136e+00 6.172378693828751040e+00
6.468229830906982336e+00 6.367193581740283825e+00
6.665118301408982759e+00 6.506586057357846897e+00
6.858296853393119008e+00 6.765510788319758717e+00
7.052518058771589438e+00 6.950278839252313823e+00
7.242702103707719274e+00 7.146940904462947053e+00
7.437292931755301595e+00 7.348000154946833895e+00
7.636134496534140226e+00 7.524377997737384582e+00
7.841193580684148401e+00 7.722493670787311082e+00
8.043413828030530510e+00 7.949394268637732353e+00
8.246012551163877546e+00 8.151409288450246038e+00
8.445034764638343461e+00 8.273693542413273150e+00
8.635662295745296646e+00 8.540589543055306265e+00
8.840220790580620047e+00 8.708320997974198008e+00
9.029933216443843946e+00 8.907050417359178240e+00
9.231710254712648833e+00 9.075616716509749438e+00
9.434248624379753423e+00 9.269907752543863566e+00
9.643950600903043124e+00 9.480901083841994037e+00
9.833060380758212204e+00 9.711035761059026328e+00
1.004087856362556330e+01 9.920216631257869011e+00
1.023436738186638983e+01 1.005036975490172502e+01
1.043417901043314444e+01 1.022722498989289797e+01
1.062046404514119935e+01 1.044452140025355646e+01
1.082429133017497058e+01 1.062876454323067854e+01
1.102438805029048474e+01 1.080650791546306166e+01
1.122230957315180611e+01 1.099248965202978923e+01
1.140728321725061711e+01 1.120033731256480714e+01
1.160997186284577332e+01 1.140521547734952534e+01
1.179242892029218304e+01 1.162027160850705165e+01
1.199895578467936375e+01 1.178861481555485291e+01
1.219117334584587375e+01 1.204013857686708810e+01
1.240586047981001272e+01 1.221026023542934524e+01
1.259929207198949364e+01 1.226337110890489157e+01
1.279828731011582654e+01 1.252769829127058010e+01
1.299811845666314802e+01 1.280951230004262875e+01
1.318886066247494426e+01 1.300699932936700165e+01
1.338081209250897174e+01 1.304001761812097904e+01
1.358486328694741196e+01 1.334443392989865096e+01
1.377944179951495762e+01 1.356098044500132360e+01
1.397110342004592631e+01 1.372398584578961334e+01
1.417392844536109742e+01 1.394855040197424856e+01
1.437460648832253085e+01 1.410810281846495151e+01
1.455167414127434000e+01 1.429209210886570247e+01
1.475884572234729397e+01 1.438903183321945889e+01
1.495610453368989923e+01 1.470027452967268111e+01
1.515918596030217635e+01 1.482578297050086391e+01
1.535109607897268624e+01 1.504095522928675344e+01
1.555107370870099004e+01 1.522498192311515730e+01
1.575559275657907499e+01 1.541609107611397356e+01
1.593994454689938323e+01 1.563567736386331042e+01
1.615491757200510747e+01 1.585346253958191909e+01
1.634973439774835313e+01 1.597288449618596751e+01
1.654566384844284244e+01 1.617869666683808560e+01
1.674267966135816721e+01 1.644828755650640417e+01
1.693296367848417106e+01 1.671367206026957675e+01
1.713087751204601616e+01 1.681997910652267336e+01
1.732978049446376545e+01 1.699917075701794289e+01
1.751731552167898442e+01 1.724206362956348926e+01
1.771299777101105377e+01 1.745031126417957168e+01
1.790109444700618369e+01 1.758293367689230635e+01
1.810174425215927485e+01 1.783343765431756012e+01
1.828723390325940912e+01 1.797350157169295670e+01
1.848785045657460557e+01 1.818988663976654152e+01
1.867852163593390458e+01 1.841753825813620793e+01
1.889522603536045864e+01 1.854137868457209137e+01
1.908202224219639476e+01 1.883010087386040254e+01
1.926757627404205309e+01 1.892224595651889985e+01
1.947809955511608493e+01 1.908915577646068940e+01
1.967382200370044032e+01 1.940429289224998044e+01
