0.000000000000000000e+00 0.000000000000000000e+00
0.000000000000000000e+00 0.000000000000000000e+00
0.000000000000000000e+00 0.000000000000000000e+00
0.000000000000000000e+00 0.000000000000000000e+00
0.000000000000000000e+00 0.000000000000000000e+00
0.000000000000000000e+00 0.000000000000000000e+00
0.000000000000000000e+00 0.000000000000000000e+00
0.000000000000000000e+00 0.000000000000000000e+00
0.000000000000000000e+00 8.864330844147741417e-02
0.000000000000000000e+00 1.536115415102541570e+00
9.648467294180175458e+00 9.241503230416004300e+00
8.717716078129296164e+00 9.025294331181807905e+00
8.937810820818588908e+00 8.929228246435636507e+00
8.838561936460832769e+00 8.860505807559842850e+00
8.799198605399739748e+00 8.800087160883627746e+00
8.845792006322522383e+00 9.107055267365989693e+00
8.975278597723571394e+00 9.197051494148642092e+00
9.030012035079625576e+00 9.386186446095168279e+00
9.333401157712595264e+00 9.587281749282864141e+00
9.474702139902454689e+00 9.772882370096784399e+00
9.700973707907655452e+00 9.978997557561251952e+00
9.894581885741287053e+00 1.016296925793613859e+01
1.012213045453746574e+01 1.034052982529417264e+01
1.031138965791085305e+01 1.051992151914520512e+01
1.046033067743560174e+01 1.069978473989015555e+01
1.063446544242967029e+01 1.087167030095802289e+01
1.079017742922767908e+01 1.103474470687138798e+01
1.097764458305260149e+01 1.119911561946082479e+01
1.112486957635485574e+01 1.137671941367402972e+01
1.130824358128314167e+01 1.153673664746750838e+01
1.152684124862045856e+01 1.171297007870459339e+01
1.164621130325314802e+01 1.187301480620354788e+01
1.185401632022328222e+01 1.203819148356206981e+01
1.201769270510571097e+01 1.221232459404190429e+01
1.219329651996341468e+01 1.237174288291661917e+01
1.237115978554189155e+01 1.252810466832614011e+01
1.253884050326147914e+01 1.269143652856782900e+01
1.271280696544930322e+01 1.285615614159928022e+01
1.286605306016512884e+01 1.302714824247155612e+01
1.305813367013880466e+01 1.320088268165872414e+01
1.319034755720034546e+01 1.337286437904651137e+01
1.336522039369337911e+01 1.353602956380604816e+01
1.349863971967309340e+01 1.369353089684834224e+01
1.366416214350583047e+01 1.384666635060384188e+01
1.385639751584244905e+01 1.401509326951182999e+01
1.398441088007831823e+01 1.417645055656066155e+01
1.418487567050469167e+01 1.434282168272130242e+01
1.430045080391116130e+01 1.451253948112146297e+01
1.449698484137345567e+01 1.466847100332186571e+01
1.466639659862712897e+01 1.483081472521005928e+01
1.484795089918667976e+01 1.499163961035616666e+01
1.500341105596103830e+01 1.515708118902671764e+01
1.519888880263803799e+01 1.531805981606100531e+01
1.532327881344509635e+01 1.547812004607931335e+01
1.549727760090190110e+01 1.565025595832589644e+01
1.564555301376232777e+01 1.581996608794479187e+01
1.578486432488801228e+01 1.598394606915620919e+01
1.598146918291302043e+01 1.613966076979879816e+01
1.609793061661218871e+01 1.629991904700460381e+01
1.626511464086493675e+01 1.645476779947376400e+01
1.644536964338495366e+01 1.661115024757673453e+01
1.660625591304067328e+01 1.676993570577356962e+01
1.676898397751996939e+01 1.693589345879335184e+01
1.693589528168626046e+01 1.708334840359204776e+01
1.708355031389102763e+01 1.725579426272750538e+01
1.727291790895577250e+01 1.739827085894960845e+01
1.740606593456976015e+01 1.757576907588954640e+01
1.755044241279252404e+01 1.773238178517496877e+01
1.772548675731232848e+01 1.790426744990696761e+01
1.801537533693049298e+01 1.789656197641885171e+01
1.806627089445147760e+01 1.820920393992440722e+01
1.832167149647705884e+01 1.819708406343127294e+01
1.835478783713412199e+01 1.852530410162644614e+01
1.849652999470607639e+01 1.868320239822943307e+01
1.861873444702889913e+01 1.885178930811828479e+01
1.884380303113575650e+01 1.902130036019875448e+01
1.899605295864275689e+01 1.917096893453967965e+01
1.913525352848534311e+01 1.933824189162671914e+01
1.927111877962867226e+01 1.950631227441733273e+01
1.945987306600945388e+01 1.966336352148416111e+01
1.968867287950321554e+01 1.982821435196346371e+01
1.982682573719008801e+01 1.998728526165200847e+01
1.993738847248604174e+01 2.015220277926283643e+01
2.015589960001591052e+01 2.029251817584039230e+01
2.027848543906865331e+01 2.046427302904825041e+01
2.042388349311210405e+01 2.063528692893057581e+01
2.062553119776832133e+01 2.079243173828725588e+01
2.080626204230194176e+01 2.095090131803287647e+01
2.108239029824771293e+01 2.096393307736412126e+01
2.123539104543015554e+01 2.110439485481856181e+01
2.116505912721637728e+01 2.141778837206496888e+01
2.143620167761271844e+01 2.156832662053718508e+01
2.158466955136802312e+01 2.173688373119158967e+01
2.176116497768768809e+01 2.189811695610775644e+01
2.204523722819531883e+01 2.190345886865031844e+01
2.208978003947491331e+01 2.223826251208019755e+01
2.238954069680214687e+01 2.218805237662532193e+01
2.237536082221652833e+01 2.255520278777128240e+01
2.268597046095890590e+01 2.254016573762413955e+01
2.287122625596632375e+01 2.264557338675231790e+01
2.295271502942913600e+01 2.303412850830629210e+01
