0.000000000000000000e+00 0.000000000000000000e+00
0.000000000000000000e+00 0.000000000000000000e+00
0.000000000000000000e+00 0.000000000000000000e+00
0.000000000000000000e+00 0.000000000000000000e+00
0.000000000000000000e+00 0.000000000000000000e+00
0.000000000000000000e+00 0.000000000000000000e+00
0.000000000000000000e+00 0.000000000000000000e+00
0.000000000000000000e+00 0.000000000000000000e+00
0.000000000000000000e+00 0.000000000000000000e+00
0.000000000000000000e+00 4.591835794217449696e+00
6.630325969405951980e+00 8.564579735926432846e+00
5.100078260044406342e+00 8.414489421957515702e+00
8.371032926986929468e+00 8.359158654475210781e+00
8.376274571898674637e+00 8.362194815599369946e+00
8.296538405111030912e+00 8.334619893606312502e+00
8.393735248409255334e+00 8.485843503898202300e+00
8.440880443182537718e+00 8.693289787916929967e+00
8.722147723336822978e+00 8.869299432882765899e+00
8.886242658140348638e+00 9.121696086128574521e+00
9.079064356261673296e+00 9.247616662302700519e+00
9.281567876442474940e+00 9.474821160544726339e+00
9.442137955902202506e+00 9.684869719180531078e+00
9.620915883456120810e+00 9.892376868133665013e+00
9.828109850090532618e+00 1.005967048916119211e+01
1.002948366934116464e+01 1.023119611065114043e+01
1.019998007510771565e+01 1.040129231535075860e+01
1.039523659628786767e+01 1.055905339841793733e+01
1.057455372080178968e+01 1.073570708003645713e+01
1.076150642587439421e+01 1.089801085442711148e+01
1.096114509050772767e+01 1.105540620475049529e+01
1.113504074694296975e+01 1.122883550472606018e+01
1.130600086495656598e+01 1.139730339137043735e+01
1.147990431508497444e+01 1.156594693066628565e+01
1.162774479943749917e+01 1.173447510861569576e+01
1.179263239773650795e+01 1.190349812175060329e+01
1.195906811869873643e+01 1.206482980045821307e+01
1.213679225265100570e+01 1.223602104980434824e+01
1.229048928262464813e+01 1.239438530506480696e+01
1.246601360466819486e+01 1.256476265644099399e+01
1.262818470864388942e+01 1.272574839881971798e+01
1.276967060628489570e+01 1.288909483372752618e+01
1.295981642530652067e+01 1.305847504540948378e+01
1.311449018355901863e+01 1.322436249748821524e+01
1.325077468376614931e+01 1.339265742228528921e+01
1.346184743535698125e+01 1.355534063711055559e+01
1.361974125437446048e+01 1.371336859516939732e+01
1.374423814615561490e+01 1.388461740862642380e+01
1.390888352459626987e+01 1.405289069514013889e+01
1.409895587249472726e+01 1.423225469246882469e+01
1.417426332153987900e+01 1.438408759549176175e+01
1.439102704393421384e+01 1.454085728048225512e+01
1.457365895418461577e+01 1.470973474835417782e+01
1.469940370383249473e+01 1.486542319768296139e+01
1.483276381660211385e+01 1.503517619492466295e+01
1.500018495456820844e+01 1.520353051341490591e+01
1.518518742105684005e+01 1.536431114848319801e+01
1.537395189947195995e+01 1.552010831504672517e+01
1.545467203579502602e+01 1.567979674936883328e+01
1.560486013542717210e+01 1.585471762356055692e+01
1.579672411140703936e+01 1.602351045029175225e+01
1.595149357724910821e+01 1.617296840277460035e+01
1.609767238445924065e+01 1.634034069871763961e+01
1.626781426763664484e+01 1.650369254893931625e+01
1.647989380765727319e+01 1.666752061911305560e+01
1.659835393291503536e+01 1.683858705499102015e+01
1.672128268829940723e+01 1.698797624751952284e+01
1.690731433651815152e+01 1.715908487599622134e+01
1.706057144609047072e+01 1.732713776261097749e+01
1.727121179018183739e+01 1.748623477874255983e+01
1.743619593420356040e+01 1.765862320522932905e+01
1.753707805359439220e+01 1.781298975491970538e+01
1.775067798027547283e+01 1.797103632739879231e+01
1.791572931874543073e+01 1.813831649922314071e+01
1.825356592164115099e+01 1.806864297511009454e+01
1.818689498018571271e+01 1.845295955128472798e+01
1.834881158519455369e+01 1.861283449949258895e+01
1.857739877289658281e+01 1.877856480321696253e+01
1.870257324713602998e+01 1.895550610674279568e+01
1.884820885369802212e+01 1.912298869132446555e+01
1.900119460302711616e+01 1.927809228359049598e+01
1.912621403158842170e+01 1.945634023491163234e+01
1.931558593749856456e+01 1.960459289159608076e+01
1.952810044588211724e+01 1.977109100557435539e+01
1.967089678733676550e+01 1.993713986482485723e+01
2.007108174040429205e+01 1.986001121028309058e+01
2.023747315498117771e+01 2.001372380877996093e+01
2.038803699753297494e+01 2.015062398894335516e+01
2.030996553531370097e+01 2.055709308134190394e+01
2.072287178794313434e+01 2.049099770478569837e+01
2.061132992828182608e+01 2.087216873154971353e+01
2.078382042916505057e+01 2.104419093699262433e+01
2.095190645347766889e+01 2.121439585949003970e+01
2.137730340507798488e+01 2.107393845591101922e+01
2.153540964328479745e+01 2.126185732168507414e+01
2.142924799561243887e+01 2.169641220429068440e+01
2.184851433822793609e+01 2.158114812440373242e+01
2.176553398601178912e+01 2.202059682727696099e+01
2.219751287192593026e+01 2.188225464986367541e+01
2.208506120038682496e+01 2.233711885665485752e+01
2.223051007490332154e+01 2.250602770321207302e+01
2.267620436202529888e+01 2.245058936766638169e+01
