0.000000000000000000e+00 0.000000000000000000e+00
0.000000000000000000e+00 0.000000000000000000e+00
0.000000000000000000e+00 0.000000000000000000e+00
0.000000000000000000e+00 0.000000000000000000e+00
0.000000000000000000e+00 0.000000000000000000e+00
0.000000000000000000e+00 0.000000000000000000e+00
0.000000000000000000e+00 0.000000000000000000e+00
0.000000000000000000e+00 0.000000000000000000e+00
0.000000000000000000e+00 0.000000000000000000e+00
0.000000000000000000e+00 0.000000000000000000e+00
0.000000000000000000e+00 0.000000000000000000e+00
0.000000000000000000e+00 0.000000000000000000e+00
0.000000000000000000e+00 0.000000000000000000e+00
0.000000000000000000e+00 0.000000000000000000e+00
0.000000000000000000e+00 0.000000000000000000e+00
0.000000000000000000e+00 0.000000000000000000e+00
0.000000000000000000e+00 0.000000000000000000e+00
0.000000000000000000e+00 0.000000000000000000e+00
0.000000000000000000e+00 0.000000000000000000e+00
0.000000000000000000e+00 0.000000000000000000e+00
0.000000000000000000e+00 0.000000000000000000e+00
0.000000000000000000e+00 0.000000000000000000e+00
0.000000000000000000e+00 0.000000000000000000e+00
0.000000000000000000e+00 0.000000000000000000e+00
0.000000000000000000e+00 0.000000000000000000e+00
0.000000000000000000e+00 0.000000000000000000e+00
0.000000000000000000e+00 0.000000000000000000e+00
0.000000000000000000e+00 0.000000000000000000e+00
0.000000000000000000e+00 0.000000000000000000e+00
0.000000000000000000e+00 0.000000000000000000e+00
0.000000000000000000e+00 0.000000000000000000e+00
0.000000000000000000e+00 0.000000000000000000e+00
0.000000000000000000e+00 0.000000000000000000e+00
0.000000000000000000e+00 0.000000000000000000e+00
0.000000000000000000e+00 0.000000000000000000e+00
0.000000000000000000e+00 0.000000000000000000e+00
0.000000000000000000e+00 0.000000000000000000e+00
0.000000000000000000e+00 0.000000000000000000e+00
0.000000000000000000e+00 0.000000000000000000e+00
2.887817616145906263e-01 0.000000000000000000e+00
2.963812816570798869e-01 0.000000000000000000e+00
2.965325993757353396e-01 1.665909441623456777e+00
1.475778997235668744e+00 4.665030750141964333e+00
2.219402994695819586e+00 7.996804850232349438e+00
1.005148392506551680e+01 1.189030189970085338e+01
1.299760765425963172e+01 1.353308831701226467e+01
1.427823940754545973e+01 1.442096309848173341e+01
1.495157745880698918e+01 1.523148037302876645e+01
1.566198754239384350e+01 1.589592090250340917e+01
1.598574482488647419e+01 1.638594856767182151e+01
1.649907608747520271e+01 1.673619985654580944e+01
1.679584210522258303e+01 1.706849746488445874e+01
1.709421862415415561e+01 1.736596722031258722e+01
1.740730594080791604e+01 1.764702419376094511e+01
1.770537617697747024e+01 1.790148276837965824e+01
1.803570920758631146e+01 1.818414811534218956e+01
1.828175364125844382e+01 1.844283510072534682e+01
1.853299897032353982e+01 1.869532978318462213e+01
1.880114800711958978e+01 1.893818530635492792e+01
1.917991880150932360e+01 1.902177433182898980e+01
1.941607960819759882e+01 1.924379444388507920e+01
1.966521963166311338e+01 1.946814989729541523e+01
1.991023303029596647e+01 1.970243691412757769e+01
2.018039167578560722e+01 1.998787013665146972e+01
2.024278310390572244e+01 2.041564186399105907e+01
2.054348773122494975e+01 2.066899857633091031e+01
2.093879595985980302e+01 2.079827370294177413e+01
2.120181364525524970e+01 2.103373836131189378e+01
2.147818994799039771e+01 2.129079715898258840e+01
2.172897585559154976e+01 2.155749513894833669e+01
2.185677231686511490e+01 2.196699179210518338e+01
2.224308207532039106e+01 2.212089003159354306e+01
2.253073974281080183e+01 2.238502688588947720e+01
2.281036054709603889e+01 2.268768674685879461e+01
2.310452291663781565e+01 2.294217669590261011e+01
2.337985119215840513e+01 2.323399764241060694e+01
2.365700957257297787e+01 2.352235242201107468e+01
2.394822455881300272e+01 2.380353700507682646e+01
2.424301938807437296e+01 2.409679414583895252e+01
2.452780238287812864e+01 2.435156130285166043e+01
2.480173326366566400e+01 2.461868680872388637e+01
2.510506992321285225e+01 2.494546290005816758e+01
2.522170591011516194e+01 2.530195274542351314e+01
2.562876159355585060e+01 2.552462700953100239e+01
2.592702954512538582e+01 2.579502847473193228e+01
2.622326977386012459e+01 2.610454245451593636e+01
2.651784617173845859e+01 2.639492357624664010e+01
2.681605246436038570e+01 2.664334863978950807e+01
2.710179947579363358e+01 2.699999917420750251e+01
2.739723339403129287e+01 2.721841999532628265e+01
2.769660475378309883e+01 2.756109528881605186e+01
2.799103299581233628e+01 2.776799914372632827e+01
2.829827195613797741e+01 2.813927607585272028e+01
2.860059892475355170e+01 2.839381428387763862e+01
2.889554573624481648e+01 2.869909015194543400e+01
2.919192831570279978e+01 2.899725974331673584e+01
2.951560611333220052e+01 2.930550256259574482e+01
2.981270641103396812e+01 2.963646976067137473e+01
3.010847128899183645e+01 2.991042665575094972e+01
3.041076665117983779e+01 3.020851541648193006e+01
3.069797751077031478e+01 3.051716494922378686e+01
