0.000000000000000000e+00 0.000000000000000000e+00
0.000000000000000000e+00 0.000000000000000000e+00
2.503434862148329554e+00 2.660694870755058172e+00
2.518901230349344544e+00 2.512776503239258385e+00
2.448010624815278646e+00 2.448285314227300891e+00
2.442423974080532467e+00 2.436983094102299408e+00
2.465026708009753875e+00 2.464532306583209653e+00
2.510725015806776206e+00 2.514994456337510620e+00
2.597551297562968653e+00 2.704442024141057388e+00
2.699568820176472705e+00 2.889684896647623624e+00
2.856403963849867278e+00 3.097529227075318303e+00
3.123267577963920516e+00 3.312992331346812147e+00
3.280378777570524651e+00 3.510523939988370756e+00
3.459771438329088955e+00 3.694375865669560444e+00
3.613305240695406262e+00 3.864491963577814992e+00
3.775634245137410527e+00 4.001533218433086070e+00
3.966901089798910096e+00 4.154529087127461828e+00
4.114220306267850624e+00 4.301422071805827585e+00
4.233514100615117570e+00 4.440493787920194890e+00
4.425263133994524978e+00 4.584143211544524199e+00
4.593126003343762420e+00 4.743893078549149322e+00
4.765733922265756206e+00 4.867037201812308034e+00
4.919576190114749004e+00 5.007235320054001626e+00
5.081513955586845377e+00 5.144462205536634691e+00
5.231672000125726640e+00 5.278977409096448525e+00
5.358182956469600633e+00 5.415410235178745424e+00
5.540710795175490588e+00 5.503824924735396529e+00
5.684289951697037324e+00 5.586306078622683913e+00
5.821764983690961515e+00 5.714971097313451764e+00
5.808121277898848689e+00 5.966171579472789865e+00
5.977542007063258112e+00 6.105258908200709378e+00
6.143220731578759697e+00 6.245580862407499545e+00
6.384291988327069234e+00 6.262053983237134247e+00
6.530705227582873640e+00 6.373906447978109568e+00
6.527915621579699845e+00 6.685725939932474660e+00
6.659899964295096453e+00 6.824865064117074276e+00
6.968300173212034210e+00 6.814959950715492099e+00
7.116685975685722809e+00 6.954562234862721404e+00
7.261302296677591528e+00 7.077261875662019364e+00
7.420383407724041369e+00 7.258464395106505762e+00
7.574810950520827646e+00 7.380924211422533965e+00
7.561307585981950297e+00 7.710254188308087286e+00
7.875886188953177935e+00 7.723751892863452539e+00
7.853892385581159097e+00 8.011868256880219974e+00
8.024951746732075009e+00 8.155648304371029056e+00
8.312841414033709242e+00 8.160703598891066335e+00
8.473102571506753833e+00 8.330470910463974477e+00
8.623988621140012967e+00 8.453066649816031841e+00
8.774034370322993936e+00 8.632011055403014055e+00
8.768482260846555576e+00 8.906172507248106385e+00
9.076478258628492668e+00 8.868464626734596123e+00
9.212244118186010411e+00 9.041729613369158258e+00
9.375639444479373807e+00 9.201047634282577548e+00
9.523651048834283372e+00 9.392365615885788444e+00
9.678612335345725626e+00 9.544703422824527550e+00
9.824834406047585844e+00 9.700127654588747816e+00
9.980442023133631935e+00 9.799324069835135376e+00
1.013307819449813429e+01 9.952358216231123933e+00
1.028302018410906804e+01 1.016537006084982409e+01
1.045215737323382399e+01 1.026302988218765577e+01
1.045809801721527776e+01 1.054831009509202921e+01
1.074145863499200537e+01 1.062968633196659773e+01
1.087971041752392587e+01 1.073526875212241016e+01
1.104253201554652364e+01 1.095196339548491338e+01
1.120253467156436145e+01 1.101479040586616165e+01
1.137109691035609060e+01 1.124693366899657931e+01
1.152218269733219280e+01 1.137332373118900186e+01
1.166625717652436833e+01 1.152636592035302954e+01
1.181630422997748653e+01 1.169478122611235271e+01
1.185496373923473712e+01 1.193151252717360222e+01
1.213667563312928799e+01 1.205535968898175270e+01
1.228308615680303006e+01 1.216097555566063093e+01
1.244118558182644385e+01 1.229089012690383953e+01
1.261320205266149763e+01 1.247648067754723655e+01
1.264066375404388864e+01 1.269868986781910536e+01
1.292303467237329606e+01 1.278558060590063228e+01
1.306842791522002933e+01 1.286629275546658491e+01
1.324239706586048371e+01 1.315805916690807642e+01
1.322679504364288405e+01 1.332427680449213980e+01
1.355391569042441446e+01 1.341235495044860038e+01
1.354560559871399228e+01 1.363798995836356553e+01
1.386594915271158790e+01 1.372815068238788427e+01
1.401058130006201807e+01 1.386104837082618602e+01
1.416765690637730479e+01 1.400304791559783624e+01
1.433297637210146291e+01 1.412815562350183285e+01
1.450023059347714138e+01 1.435894738139529281e+01
1.466092526879619840e+01 1.446862885351534089e+01
1.482185111623752682e+01 1.459279818289715891e+01
1.498629290599472341e+01 1.482303178878085426e+01
1.514770806631053546e+01 1.493962119289892421e+01
1.529898840950473016e+01 1.515172292781113939e+01
1.546492767125200274e+01 1.532740712829698104e+01
1.562963946186692255e+01 1.544436825896510967e+01
1.579860244633007760e+01 1.557351837003722039e+01
1.577458006020728476e+01 1.586844296411461031e+01
1.610982105013191656e+01 1.592707958604594687e+01
1.626741026806741885e+01 1.608101826180305949e+01
1.643253445812456093e+01 1.628508550698991897e+01
1.658037414822371503e+01 1.644650578883704384e+01
1.673884616658460800e+01 1.659921776686836381e+01
1.691934482496148462e+01 1.664891055080942905e+01
