0.000000000000000000e+00 0.000000000000000000e+00
0.000000000000000000e+00 0.000000000000000000e+00
0.000000000000000000e+00 0.000000000000000000e+00
0.000000000000000000e+00 0.000000000000000000e+00
0.000000000000000000e+00 0.000000000000000000e+00
0.000000000000000000e+00 0.000000000000000000e+00
0.000000000000000000e+00 0.000000000000000000e+00
0.000000000000000000e+00 0.000000000000000000e+00
0.000000000000000000e+00 0.000000000000000000e+00
0.000000000000000000e+00 0.000000000000000000e+00
0.000000000000000000e+00 0.000000000000000000e+00
0.000000000000000000e+00 0.000000000000000000e+00
0.000000000000000000e+00 0.000000000000000000e+00
0.000000000000000000e+00 0.000000000000000000e+00
0.000000000000000000e+00 0.000000000000000000e+00
0.000000000000000000e+00 0.000000000000000000e+00
0.000000000000000000e+00 0.000000000000000000e+00
0.000000000000000000e+00 0.000000000000000000e+00
0.000000000000000000e+00 0.000000000000000000e+00
0.000000000000000000e+00 0.000000000000000000e+00
0.000000000000000000e+00 0.000000000000000000e+00
0.000000000000000000e+00 0.000000000000000000e+00
0.000000000000000000e+00 0.000000000000000000e+00
0.000000000000000000e+00 4.440277283588054957e-01
7.398932122205446049e-01 2.324410252622683526e+00
3.483159699093957506e+00 7.831828616239487673e+00
8.308798240962648407e+00 9.500022051144606294e+00
9.879295263464184629e+00 9.911018459755107202e+00
9.851336669900927490e+00 1.007480042420078270e+01
1.017001914735969592e+01 1.017533452534942029e+01
1.030325892909537444e+01 1.034894086594309037e+01
1.050581806852981970e+01 1.043601818163524264e+01
1.057013654904749345e+01 1.067861617827185761e+01
1.076139789989680651e+01 1.097145455408611348e+01
1.103269813382145159e+01 1.120329338910292805e+01
1.128673336606511057e+01 1.143763485154941328e+01
1.143475443912950595e+01 1.169715941148744243e+01
1.171281616326120023e+01 1.195575612255354869e+01
1.192490428977124672e+01 1.221464007927717255e+01
1.214972736004997067e+01 1.243802424001787088e+01
1.239807149801454145e+01 1.266720985079461137e+01
1.266485812233490726e+01 1.289949464512800326e+01
1.294309352185811512e+01 1.311462170785097392e+01
1.312634108672235911e+01 1.332575894608627998e+01
1.335820260926890057e+01 1.354033439444850551e+01
1.362260250584895083e+01 1.373225524491518712e+01
1.382419954736341339e+01 1.392711153222266240e+01
1.402722619740797150e+01 1.413063595801350658e+01
1.431735836504475046e+01 1.420880097060145175e+01
1.451841056742326863e+01 1.434429227587226663e+01
1.471988441954807314e+01 1.455561719075237725e+01
1.478830908713161385e+01 1.494902702084290169e+01
1.503806226238392796e+01 1.516128736350714590e+01
1.537496329046897436e+01 1.524106341495823891e+01
1.543993698592112906e+01 1.558805545964152550e+01
1.580413385408595417e+01 1.570906607610297279e+01
1.602749078103405367e+01 1.593344631053554039e+01
1.610943356248552050e+01 1.623393144331729232e+01
1.645967438617311274e+01 1.634517808770292291e+01
1.656644155644950445e+01 1.667739604937411357e+01
1.691896840488672282e+01 1.679401813307451263e+01
1.714115409803432399e+01 1.703828956498979608e+01
1.737210586241480215e+01 1.722058771953041756e+01
1.758328366177876845e+01 1.745600929096804066e+01
1.782584411614281450e+01 1.767640345931441814e+01
1.805983659361613292e+01 1.791346579395802152e+01
1.810794795323339912e+01 1.826808357848305064e+01
1.851312159181487260e+01 1.836949152636138649e+01
1.876562628580178327e+01 1.859040450375897535e+01
1.900305904806073087e+01 1.885049441472424903e+01
1.924008537157380516e+01 1.909703762773658298e+01
1.947963819847728217e+01 1.931198364270482415e+01
1.971731439646194062e+01 1.952436803548038213e+01
1.996248735722585721e+01 1.981018595850193975e+01
2.017887294829266054e+01 2.002430297619776667e+01
2.042368856126230270e+01 2.027448042808492090e+01
2.068130241241873790e+01 2.053389011479275439e+01
2.093234712863899816e+01 2.078429803049442270e+01
2.117910336529808291e+01 2.098686726959921245e+01
2.142868982132031519e+01 2.122571047011400225e+01
2.167934945218134146e+01 2.148825651225889999e+01
2.193471476486382343e+01 2.170972661693953398e+01
2.217920876764540594e+01 2.198136594153552181e+01
2.241546199439680365e+01 2.224146989872626534e+01
2.267533584802668045e+01 2.246048737208794321e+01
2.291052624372438729e+01 2.272186828375414791e+01
2.316882090886075574e+01 2.298011964743074387e+01
2.342127271365048458e+01 2.322124566967385917e+01
2.366805984470343560e+01 2.347165375912706153e+01
2.392518946676539926e+01 2.368563827513524700e+01
2.419056797446720353e+01 2.388581194908775274e+01
2.444118638328610871e+01 2.412013532090600876e+01
2.469132150989678465e+01 2.443428658175549018e+01
2.492692509146433011e+01 2.468479284772088178e+01
2.518964781663360597e+01 2.495319127413531746e+01
2.544256065715647708e+01 2.520174941416702197e+01
2.569449680692220639e+01 2.548752020383925654e+01
2.594537187357422425e+01 2.566696882244156797e+01
2.620410649317550877e+01 2.593837651897272778e+01
2.645444496638277698e+01 2.618239873524559869e+01
2.671570710700012441e+01 2.650619157186880059e+01
