0.000000000000000000e+00 0.000000000000000000e+00
0.000000000000000000e+00 0.000000000000000000e+00
0.000000000000000000e+00 0.000000000000000000e+00
0.000000000000000000e+00 0.000000000000000000e+00
0.000000000000000000e+00 0.000000000000000000e+00
0.000000000000000000e+00 0.000000000000000000e+00
0.000000000000000000e+00 0.000000000000000000e+00
0.000000000000000000e+00 0.000000000000000000e+00
0.000000000000000000e+00 0.000000000000000000e+00
0.000000000000000000e+00 0.000000000000000000e+00
0.000000000000000000e+00 0.000000000000000000e+00
0.000000000000000000e+00 0.000000000000000000e+00
0.000000000000000000e+00 0.000000000000000000e+00
0.000000000000000000e+00 0.000000000000000000e+00
0.000000000000000000e+00 0.000000000000000000e+00
0.000000000000000000e+00 0.000000000000000000e+00
0.000000000000000000e+00 0.000000000000000000e+00
0.000000000000000000e+00 0.000000000000000000e+00
0.000000000000000000e+00 0.000000000000000000e+00
0.000000000000000000e+00 0.000000000000000000e+00
0.000000000000000000e+00 0.000000000000000000e+00
0.000000000000000000e+00 0.000000000000000000e+00
0.000000000000000000e+00 0.000000000000000000e+00
0.000000000000000000e+00 0.000000000000000000e+00
0.000000000000000000e+00 0.000000000000000000e+00
0.000000000000000000e+00 0.000000000000000000e+00
0.000000000000000000e+00 0.000000000000000000e+00
0.000000000000000000e+00 3.585204861056013326e-01
3.890664782250737863e-01 0.000000000000000000e+00
1.712082964285345232e-01 1.952595614464964213e-01
1.859602189755072410e-01 0.000000000000000000e+00
0.000000000000000000e+00 3.652284159041859768e-01
1.088475009058811782e+00 4.450955317038507886e+00
2.833925209291695779e+00 5.721807825896543243e+00
6.718436158422798066e+00 1.008611157645093392e+01
8.568030310339416644e+00 1.061675204839526288e+01
1.041769387356998777e+01 1.147884429260213857e+01
1.138934480943477645e+01 1.197828969659355636e+01
1.211891849220700657e+01 1.240524038080844704e+01
1.253884454778694568e+01 1.279246126289974228e+01
1.293891111089184420e+01 1.314807139545858483e+01
1.334130310443914702e+01 1.343246818954589195e+01
1.359974156692635283e+01 1.370659608211452962e+01
1.380778057128282299e+01 1.398043189907843065e+01
1.403031825278711509e+01 1.425984155321053137e+01
1.438396122368743946e+01 1.453134117404074210e+01
1.468712998776780942e+01 1.479174758707282678e+01
1.490849759554723164e+01 1.504958869103192853e+01
1.514072160380020549e+01 1.531465136369372537e+01
1.536603519732693357e+01 1.555858627517635107e+01
1.559734484544479471e+01 1.579472587770847269e+01
1.582649124198548130e+01 1.603526765830697443e+01
1.613044734705827210e+01 1.627195583904209286e+01
1.637363131453188103e+01 1.649119047585106301e+01
1.662778717190555966e+01 1.673217542978413164e+01
1.686215959963352518e+01 1.696385606625261033e+01
1.711245378631189951e+01 1.718913593761005032e+01
1.742093142744055001e+01 1.735447005178471969e+01
1.764477631486820997e+01 1.755837669520310484e+01
1.787385487716385057e+01 1.776713932512036465e+01
1.809895628303475945e+01 1.796380906981026726e+01
1.833889800490722521e+01 1.819032977905395398e+01
1.858243430023788889e+01 1.844439565868105291e+01
1.882544620204613395e+01 1.868103524677140115e+01
1.908193230458508438e+01 1.888252582484326680e+01
1.933472361684042795e+01 1.917955462332288974e+01
1.958138148187520144e+01 1.941447701648831270e+01
1.982643305286812563e+01 1.969295556305478101e+01
2.009741923436913069e+01 1.992400103222708196e+01
2.018706728152969276e+01 2.030809122794489241e+01
2.056398143647998822e+01 2.042405414144732134e+01
2.082270456161461070e+01 2.066967792987320607e+01
2.108498168901141057e+01 2.085680333657371577e+01
2.133809417104900419e+01 2.114293787292974258e+01
2.160693807465539962e+01 2.140759058829074846e+01
2.184711299276553120e+01 2.168046951901037289e+01
2.196175899050213687e+01 2.203644369548716853e+01
2.232603007353788627e+01 2.216825808796169284e+01
2.258103142530354646e+01 2.242007056247060959e+01
2.283568394405660129e+01 2.272740645140137516e+01
2.310480647399678489e+01 2.299245029131109774e+01
2.337844702811387876e+01 2.324116300718451100e+01
2.364606500723296989e+01 2.351531794422758992e+01
2.390758188720580080e+01 2.378242460902344746e+01
2.418932120114888917e+01 2.398508372563193092e+01
2.445742095705422869e+01 2.429239967905288111e+01
2.472923185834585880e+01 2.458427610533911434e+01
2.501988518709010734e+01 2.485201127442385527e+01
2.529447964540378280e+01 2.508453891273338954e+01
2.556081163282585678e+01 2.535964729988156208e+01
2.584063476707093088e+01 2.561063477037482627e+01
2.611631825797978479e+01 2.587746623970668125e+01
2.640499225495593194e+01 2.612247615044536886e+01
2.667061565030185122e+01 2.646085110258402651e+01
2.695504083621552738e+01 2.668878953451841696e+01
2.723492785531241012e+01 2.693920681951259510e+01
2.749143052748756233e+01 2.725472293896547882e+01
2.775676431793473142e+01 2.748392594185824578e+01
2.805157541126589038e+01 2.775868858011027029e+01
2.830431048743337996e+01 2.797150982857088053e+01
2.858977645111213306e+01 2.835000515324905734e+01
