0.000000000000000000e+00 0.000000000000000000e+00
0.000000000000000000e+00 0.000000000000000000e+00
0.000000000000000000e+00 0.000000000000000000e+00
0.000000000000000000e+00 0.000000000000000000e+00
0.000000000000000000e+00 0.000000000000000000e+00
0.000000000000000000e+00 0.000000000000000000e+00
0.000000000000000000e+00 0.000000000000000000e+00
0.000000000000000000e+00 0.000000000000000000e+00
0.000000000000000000e+00 0.000000000000000000e+00
0.000000000000000000e+00 0.000000000000000000e+00
0.000000000000000000e+00 0.000000000000000000e+00
0.000000000000000000e+00 0.000000000000000000e+00
0.000000000000000000e+00 0.000000000000000000e+00
0.000000000000000000e+00 0.000000000000000000e+00
0.000000000000000000e+00 0.000000000000000000e+00
0.000000000000000000e+00 0.000000000000000000e+00
0.000000000000000000e+00 0.000000000000000000e+00
0.000000000000000000e+00 0.000000000000000000e+00
0.000000000000000000e+00 0.000000000000000000e+00
0.000000000000000000e+00 0.000000000000000000e+00
0.000000000000000000e+00 0.000000000000000000e+00
0.000000000000000000e+00 0.000000000000000000e+00
0.000000000000000000e+00 0.000000000000000000e+00
0.000000000000000000e+00 0.000000000000000000e+00
0.000000000000000000e+00 0.000000000000000000e+00
0.000000000000000000e+00 0.000000000000000000e+00
0.000000000000000000e+00 0.000000000000000000e+00
0.000000000000000000e+00 0.000000000000000000e+00
0.000000000000000000e+00 0.000000000000000000e+00
0.000000000000000000e+00 0.000000000000000000e+00
0.000000000000000000e+00 0.000000000000000000e+00
0.000000000000000000e+00 0.000000000000000000e+00
0.000000000000000000e+00 0.000000000000000000e+00
0.000000000000000000e+00 0.000000000000000000e+00
0.000000000000000000e+00 0.000000000000000000e+00
0.000000000000000000e+00 0.000000000000000000e+00
0.000000000000000000e+00 0.000000000000000000e+00
0.000000000000000000e+00 0.000000000000000000e+00
0.000000000000000000e+00 0.000000000000000000e+00
0.000000000000000000e+00 0.000000000000000000e+00
0.000000000000000000e+00 0.000000000000000000e+00
0.000000000000000000e+00 0.000000000000000000e+00
0.000000000000000000e+00 0.000000000000000000e+00
0.000000000000000000e+00 0.000000000000000000e+00
0.000000000000000000e+00 0.000000000000000000e+00
0.000000000000000000e+00 0.000000000000000000e+00
0.000000000000000000e+00 0.000000000000000000e+00
0.000000000000000000e+00 0.000000000000000000e+00
0.000000000000000000e+00 0.000000000000000000e+00
1.340826351210847554e-03 0.000000000000000000e+00
9.947419412566885222e-02 0.000000000000000000e+00
2.694483902647875073e-01 0.000000000000000000e+00
2.416597832295247772e-01 0.000000000000000000e+00
1.537383275877215461e+00 7.246028846675733881e-01
2.566018961502793960e+00 7.499466339873530174e+00
1.235907687815557843e+01 1.421231433249280229e+01
1.582914126538032384e+01 1.690870545868615338e+01
1.790373606328102341e+01 1.822360060444997032e+01
1.878079006678136054e+01 1.915293001362363157e+01
1.961384257505343598e+01 1.982983999268471464e+01
2.014806106778317840e+01 2.034826593579004950e+01
2.057477836798801007e+01 2.077826704923699452e+01
2.098065343853051345e+01 2.117062003247009372e+01
2.138497863836683877e+01 2.149173466863311432e+01
2.171726721628853696e+01 2.181044005939955710e+01
2.202273878787498163e+01 2.210413758945639628e+01
2.239239302872806903e+01 2.235701565720709993e+01
2.269335336520196478e+01 2.262797626001419360e+01
2.299982185796741874e+01 2.291738449238847508e+01
2.320507361642220090e+01 2.329216116417443061e+01
2.360296546809643559e+01 2.354545760842025004e+01
2.392899127446972685e+01 2.381782404505985085e+01
2.423772901316901240e+01 2.411202010159395215e+01
2.454792754247577946e+01 2.444076102806331363e+01
2.484208235628425498e+01 2.475836305703408158e+01
2.514586022243134167e+01 2.507582281314296324e+01
2.546441291033346133e+01 2.536379519133471661e+01
2.577078872684806399e+01 2.566959893201304155e+01
2.607962062454834395e+01 2.601212578208522075e+01
2.640889519042687184e+01 2.634324923611273661e+01
2.673705654753401362e+01 2.662446150302713477e+01
2.705824721443990910e+01 2.692231200146980186e+01
2.738663168902908041e+01 2.726503759779176406e+01
2.770033990826451387e+01 2.755186874418023280e+01
2.802777511034939195e+01 2.786739859792490037e+01
2.834414928973231795e+01 2.821275936294652453e+01
2.867306028467702816e+01 2.846635482188411359e+01
2.900542147058980547e+01 2.887918387191975711e+01
2.931054649078562946e+01 2.917258056861657778e+01
2.964145722502141567e+01 2.951530187414942574e+01
2.996067128062911777e+01 2.983492564439047001e+01
3.027731584402863518e+01 3.017465997287051493e+01
3.060108545503078048e+01 3.045985812687462513e+01
3.092297970594059819e+01 3.075457593465224804e+01
3.124124730507536540e+01 3.113327178092995595e+01
3.157565857002486354e+01 3.143568613504050901e+01
3.189037417568262001e+01 3.171799436335440703e+01
3.221196769749494138e+01 3.202415083074440361e+01
3.254265691891809809e+01 3.235363787222676279e+01
3.286196976505759437e+01 3.270943879053434955e+01
3.319495374145206767e+01 3.304249454263118935e+01
