5.915656380516933766e-01 7.626707999886395140e-01
6.962878541498855878e-01 6.895144283526325468e-01
7.651773497859643003e-01 8.297117332081231922e-01
8.497086838951872778e-01 9.810234571546538884e-01
1.026740425303487081e+00 1.127049444845447779e+00
1.174514468289254987e+00 1.278753571641839448e+00
1.297677064493588661e+00 1.438292490699005999e+00
1.456271308753245064e+00 1.548070279669934379e+00
1.546643417593837055e+00 1.661597610246267065e+00
1.709665635068694067e+00 1.771193354936107411e+00
1.822291338322489906e+00 1.884194631750395033e+00
1.964379289312802701e+00 1.996357941378973155e+00
2.085544420272425814e+00 2.109026058746381604e+00
2.213707890224878128e+00 2.195619668526109347e+00
2.302661017321832926e+00 2.342715486733141006e+00
2.429340436265950753e+00 2.449504406623135733e+00
2.566926189178710960e+00 2.516801057423054822e+00
2.648979703212023029e+00 2.692308858856929721e+00
2.806562121969721879e+00 2.763503491286710911e+00
2.916254165352543115e+00 2.864340083295390471e+00
3.032972916551171405e+00 2.971588473268792718e+00
3.147108833574931097e+00 3.102701084936753340e+00
3.265048556120100809e+00 3.213634570607242669e+00
3.327032683432491478e+00 3.375244806064793934e+00
3.497002282585392141e+00 3.456527225001362336e+00
3.566907773379970337e+00 3.606753064804954167e+00
3.736042952604023526e+00 3.665102848926052648e+00
3.859155366559803291e+00 3.780576412233396688e+00
3.913737663136676037e+00 3.969124109737173001e+00
4.102810577435421990e+00 4.021655026632376284e+00
4.229140346302446396e+00 4.145075791785293617e+00
4.350494965073808729e+00 4.257724465440102080e+00
4.476427598904358263e+00 4.364265130385466485e+00
4.600086344405812433e+00 4.504799336358177975e+00
4.722624317201045585e+00 4.649716173834528732e+00
4.848050584409801189e+00 4.753730302794542339e+00
4.965226396728257718e+00 4.831288882380780692e+00
5.097635212614553879e+00 4.984278012359713905e+00
5.215222680993863769e+00 5.089251936905605511e+00
5.343779597347624311e+00 5.213609677421421118e+00
5.464437232305039416e+00 5.334263952615253324e+00
5.590741361649937069e+00 5.464598204302877349e+00
5.608993491363816197e+00 5.703164593926842940e+00
5.836660883484262818e+00 5.757398846624376176e+00
5.965015923970922174e+00 5.859836354885014309e+00
6.080949840977393883e+00 5.950768121177820724e+00
6.204797499995486021e+00 6.116804307168255406e+00
6.342101459517708761e+00 6.214750354326149306e+00
6.459243347371150357e+00 6.359948879326177362e+00
6.590376360531315925e+00 6.486906267799715131e+00
6.714395870658499632e+00 6.635516419660978826e+00
6.842837068459799887e+00 6.716492406203277810e+00
6.963605550654943244e+00 6.854231037900857970e+00
7.098629872348127812e+00 6.978569095344441031e+00
7.220414463533343152e+00 7.086066061910735847e+00
7.343514308893234421e+00 7.199530167605546538e+00
7.465974043975744934e+00 7.352599039272566195e+00
7.603582560183560268e+00 7.442180183530738624e+00
7.722898454783362787e+00 7.583986290149252518e+00
7.849121003153290310e+00 7.699170369176396633e+00
7.969474793981888183e+00 7.805611858365915978e+00
8.093834171060079186e+00 7.895043768077951718e+00
8.225673658882040939e+00 8.111316546888419410e+00
8.336156747103645515e+00 8.206748242720170339e+00
8.468081652588864472e+00 8.331673447161364265e+00
8.604498702802231946e+00 8.468991242188698365e+00
8.724197618455901804e+00 8.613779674011428966e+00
8.851474134252828918e+00 8.742786284282031417e+00
8.976490892395919019e+00 8.844880904087242257e+00
9.099824815729412819e+00 8.975388799423310360e+00
9.219532146286150365e+00 9.101716033483056023e+00
9.356814293130204518e+00 9.234719389398172495e+00
9.468522684908512232e+00 9.372893000573208511e+00
9.595877178382057338e+00 9.523250362005967418e+00
9.713615963715822588e+00 9.565490171465539149e+00
9.836604369146160209e+00 9.704791236031498514e+00
9.973101620084669605e+00 9.792221351309095212e+00
1.010072460717256604e+01 9.971679998364786357e+00
1.022364581493064506e+01 1.011864200597655916e+01
1.034661678254465578e+01 1.025278205879659588e+01
1.048121231123578845e+01 1.037446013900932584e+01
1.061926735826234669e+01 1.044700780785896832e+01
1.074400054830693740e+01 1.058050745214320010e+01
1.085978408637060788e+01 1.073915919812148445e+01
1.100154856368890677e+01 1.082877932626896467e+01
1.112101885856508510e+01 1.097219657492931688e+01
1.125178130363384099e+01 1.111477743640024229e+01
1.137726269087210973e+01 1.127981454510845261e+01
1.152137154612139724e+01 1.133073752903547593e+01
1.164095927527645991e+01 1.142104106786496054e+01
1.175943691500198263e+01 1.155523844827593827e+01
1.188511663066863910e+01 1.172988741211979224e+01
1.201405128769533803e+01 1.179462953855255769e+01
1.214833911269289146e+01 1.197317805155095272e+01
1.226892686424654322e+01 1.210241824116283738e+01
1.239845820291655265e+01 1.224632300225636250e+01
1.251932433641093922e+01 1.233566040319448120e+01
1.263306497286323449e+01 1.244889813481814578e+01
1.277365753038628249e+01 1.261454338591974356e+01
1.275112581151032920e+01 1.279663150470831745e+01
1.303039438013366791e+01 1.293752952886576324e+01
