1.094413842581093865e+00 1.080773842625510239e+00
9.399265403871425173e-01 9.134961726034265261e-01
9.515441304207600259e-01 9.595031188810176914e-01
1.010933534715000359e+00 1.082710264121148569e+00
1.120661789543017761e+00 1.223353142577178643e+00
1.243770148240985085e+00 1.364881899540189014e+00
1.392114558536805102e+00 1.541185044585818398e+00
1.522912727486626983e+00 1.689428247974487762e+00
1.680344902013617414e+00 1.811746239361530231e+00
1.813758203543894831e+00 1.940764667683285927e+00
1.968790656227147329e+00 2.057525298526218460e+00
2.105160199088535578e+00 2.166034124123318083e+00
2.242484062747707174e+00 2.287768343308751895e+00
2.387990724923480190e+00 2.352870167356029718e+00
2.461982838407949625e+00 2.532727842890413417e+00
2.575960896896884567e+00 2.658151343339330896e+00
2.708501515349155842e+00 2.773056972663937803e+00
2.830355589113952686e+00 2.895063067333517370e+00
3.005260391896361849e+00 2.941951729853464315e+00
3.127313910403928698e+00 3.044542946260548888e+00
3.246046101531190775e+00 3.186796355506599898e+00
3.357285926729060233e+00 3.306692215302764026e+00
3.474122755744576629e+00 3.405467723623561760e+00
3.586494224163434996e+00 3.505995799380329458e+00
3.712099362387770274e+00 3.620910763015331213e+00
3.824982469437227195e+00 3.749409859582261806e+00
3.944935633376070783e+00 3.866288910479790175e+00
4.024991574504464431e+00 4.055380675912647170e+00
4.183639536026207750e+00 4.157163867002230617e+00
4.266096181520175001e+00 4.312048771196267616e+00
4.442805011695026174e+00 4.386670854840979850e+00
4.565297100446947809e+00 4.541511570211494764e+00
4.694141929384974432e+00 4.658064717205859573e+00
4.815782454433780835e+00 4.747891816232381323e+00
4.878294651934099058e+00 4.924640043045163118e+00
5.066614453697983578e+00 5.015149245206470319e+00
5.194633305217507768e+00 5.139573098708482668e+00
5.327695318871709773e+00 5.256998036802521312e+00
5.461692800781703383e+00 5.402754925630803839e+00
5.588139399173195798e+00 5.492052059479905601e+00
5.720757454098084338e+00 5.614059655166143692e+00
5.815931941325474419e+00 5.835041859175161605e+00
5.975667144587157864e+00 5.864890082012489181e+00
6.111577706076144700e+00 6.048954137980370405e+00
6.243491160642102855e+00 6.169981144335076273e+00
6.373781056550814839e+00 6.256571521515446044e+00
6.498030945131368696e+00 6.413625577270834377e+00
6.639384681247525677e+00 6.507560515332842854e+00
6.761277429748637324e+00 6.622912990762139351e+00
6.883592970353994644e+00 6.784288401186270967e+00
7.016639862923309323e+00 6.900922021986726662e+00
7.154877040195595228e+00 7.056386337343955262e+00
7.284800254392108876e+00 7.137745412091389241e+00
7.407689221605233243e+00 7.266929276680725636e+00
7.522750056151552123e+00 7.422962063041527614e+00
7.662208922249521770e+00 7.528663723929784446e+00
7.786576818234945740e+00 7.664039704664008745e+00
7.919559164249815097e+00 7.796520062910045290e+00
8.045219076286016957e+00 7.925096063808797275e+00
8.171749076098038245e+00 8.074264189263807623e+00
8.294627907250418986e+00 8.174641906644710687e+00
8.440014279635146721e+00 8.294919241515595232e+00
8.413809427682338082e+00 8.515953976496435374e+00
8.692342451969633288e+00 8.534619761189128795e+00
8.822164798117457352e+00 8.675657880848381964e+00
8.945033363267373971e+00 8.792837557523901282e+00
9.097771448345683964e+00 8.980614915832616063e+00
9.212955071034258481e+00 9.077882348721455941e+00
9.352295956888474038e+00 9.159588297922763189e+00
9.493200105063483107e+00 9.328941766586233086e+00
9.624308743373147124e+00 9.483127877612773204e+00
9.750352644510892119e+00 9.584424205131629293e+00
9.890621398848594481e+00 9.699356696323057747e+00
1.002376173958814398e+01 9.863584451666975284e+00
1.015524519849665275e+01 9.966666875570977524e+00
1.027739848376507226e+01 1.012247782479854763e+01
1.041137362082624485e+01 1.019075177053078818e+01
1.053870271446636941e+01 1.038929540869756885e+01
1.067307969989252925e+01 1.047956330031463956e+01
1.079429311340154563e+01 1.069219805028369485e+01
1.093345084347693685e+01 1.073200232386423991e+01
1.106261073953101182e+01 1.086291755316623053e+01
1.119902378217991767e+01 1.106398470898271924e+01
1.133124406940778783e+01 1.109935434828677359e+01
1.146272563234211361e+01 1.114933243124683671e+01
1.159856595516365907e+01 1.142294702486235281e+01
1.170850080002466420e+01 1.146313262976449110e+01
1.185798012551605751e+01 1.174036554320074366e+01
1.199450041444380055e+01 1.181889587549311571e+01
1.211705018939141887e+01 1.189670873081724345e+01
1.225726191742587901e+01 1.209594364333478289e+01
1.238453674876570787e+01 1.223082348490196658e+01
1.251276234785627217e+01 1.236407924146593196e+01
1.265164757744217283e+01 1.242536047463720728e+01
1.278362570133111653e+01 1.260999064257305591e+01
1.290132751342882145e+01 1.271706360902940780e+01
1.304193477566233028e+01 1.276885325803036508e+01
1.316840675227441970e+01 1.293062580020355057e+01
1.332551893659478814e+01 1.315986041880641721e+01
1.322824366579883737e+01 1.334183607177642017e+01
1.357519872759817581e+01 1.336457376410407427e+01
