0.000000000000000000e+00 0.000000000000000000e+00
0.000000000000000000e+00 0.000000000000000000e+00
0.000000000000000000e+00 0.000000000000000000e+00
0.000000000000000000e+00 0.000000000000000000e+00
0.000000000000000000e+00 0.000000000000000000e+00
0.000000000000000000e+00 0.000000000000000000e+00
0.000000000000000000e+00 0.000000000000000000e+00
0.000000000000000000e+00 0.000000000000000000e+00
0.000000000000000000e+00 4.178779178194644284e-02
6.341498041305587030e+00 6.308737556024295756e+00
5.225638297047440872e+00 1.021263220109965009e-01
1.846312505504703161e+00 6.224828788307071648e+00
6.840865541270331640e+00 7.345729992909521222e+00
7.393049686798738307e+00 7.491004232585521727e+00
7.521283084857547152e+00 7.682781859255007895e+00
7.772359176721419516e+00 7.981518261127201086e+00
7.895078185756531752e+00 8.074013404459241983e+00
8.061844123576648258e+00 8.248295440432338310e+00
8.293846921671768513e+00 8.475671044684702338e+00
8.476023468863322918e+00 8.775677886163283148e+00
8.741506876836471207e+00 8.987917651805735986e+00
8.957156578071158393e+00 9.209021774162577501e+00
9.233665307628141861e+00 9.409883309905225701e+00
9.424509799320182069e+00 9.605335006411168663e+00
9.576177384640718770e+00 9.767909542394111355e+00
9.744804704517285643e+00 9.955843364947709162e+00
9.954648201137038299e+00 1.013122089120832925e+01
1.015249829244538304e+01 1.030265905471831189e+01
1.031102858377542475e+01 1.047275650326971252e+01
1.046730107691844225e+01 1.063681328205002785e+01
1.066437652892281029e+01 1.080191942665085669e+01
1.079703753300014668e+01 1.097706935770242076e+01
1.099140722506093937e+01 1.114098990675637779e+01
1.116517954444549332e+01 1.130697718570854349e+01
1.131078282162675386e+01 1.146951244245324908e+01
1.150283379018082996e+01 1.163968219890632838e+01
1.162021802356989042e+01 1.180296602543786477e+01
1.185113857138791893e+01 1.196524117699354406e+01
1.199583742318581336e+01 1.212546441565049626e+01
1.214678292863979081e+01 1.228948693894850663e+01
1.232462815810495371e+01 1.244239304718771422e+01
1.245624680468929668e+01 1.261158438671119342e+01
1.262403012305277095e+01 1.277673439813178646e+01
1.281854228554439246e+01 1.294243463438969677e+01
1.297203448441749885e+01 1.310244006616160739e+01
1.313079807413498834e+01 1.324767036380463203e+01
1.328663690181604551e+01 1.341110707761904663e+01
1.344236631627275536e+01 1.356764783403116503e+01
1.364470394703280220e+01 1.374212588966358695e+01
1.381337876361217099e+01 1.390664539405496214e+01
1.395676122093171401e+01 1.407554060473716184e+01
1.409532804523736971e+01 1.424238136424165724e+01
1.421907677182527685e+01 1.439493842819826597e+01
1.437456505047513922e+01 1.456066379263467958e+01
1.454820015861246851e+01 1.472975665916963273e+01
1.472183335865827125e+01 1.489148155305494292e+01
1.492876478495943893e+01 1.506600525362934384e+01
1.506517650020533772e+01 1.523105293781813607e+01
1.521506461414397648e+01 1.540814181744888245e+01
1.538550323943375275e+01 1.556296628132124482e+01
1.551361941121654375e+01 1.572059955106053941e+01
1.583094167958377163e+01 1.575965343227688820e+01
1.587845605790383807e+01 1.603311228609700478e+01
1.602000903492089989e+01 1.618478054373959196e+01
1.614899782172416920e+01 1.634118104625554224e+01
1.645241687059227331e+01 1.632392316921012920e+01
1.649191248285075417e+01 1.664010901034772871e+01
1.665127635072051504e+01 1.680644887300088897e+01
1.680376093499799595e+01 1.697886833204862711e+01
1.693451784593458598e+01 1.714344739016421926e+01
1.726550502752823846e+01 1.714240705238088580e+01
1.742258441276198155e+01 1.728097969627357244e+01
1.745270489468802921e+01 1.760698539367664495e+01
1.758540896067392012e+01 1.776559242094197444e+01
1.789870066202194110e+01 1.775780584682377139e+01
1.788708178175237151e+01 1.807973176507573143e+01
1.807173966224815587e+01 1.824288328233775758e+01
1.825956682254342667e+01 1.841043291250686309e+01
1.839016069787515661e+01 1.858126929173128161e+01
1.859266685496312732e+01 1.873414704696243049e+01
1.888998723686826153e+01 1.870782863736356560e+01
1.884171087194614458e+01 1.906131910116238259e+01
1.920133938458581468e+01 1.902733662249491076e+01
1.934913114693328140e+01 1.920824899630160942e+01
1.950963973995555278e+01 1.936479301766445715e+01
1.966397268411907362e+01 1.950498739078824428e+01
1.984023322100393472e+01 1.969394036171799556e+01
1.999359259979656045e+01 1.986946573410962458e+01
2.015909010931481049e+01 1.999934089742967913e+01
2.032622513228711725e+01 2.022752866960716389e+01
2.036050470053384842e+01 2.048841974100764318e+01
2.065181891781471180e+01 2.049088347922986841e+01
2.065672744633101132e+01 2.082118249928006293e+01
2.099670114907103624e+01 2.083961501012207052e+01
2.117246178038100624e+01 2.103068210852065789e+01
2.134214056770599299e+01 2.110061897277256904e+01
2.133318757061523741e+01 2.148820791677134423e+01
2.151691827396647838e+01 2.166515739469145885e+01
2.183784370482106496e+01 2.161975765533783900e+01
2.202206534662153103e+01 2.182436744141258700e+01
2.219655484967530512e+01 2.204513320280770827e+01
