0.000000000000000000e+00 0.000000000000000000e+00
5.118470802272156658e-04 0.000000000000000000e+00
3.359868421767156586e-04 0.000000000000000000e+00
6.448659140332125943e-03 0.000000000000000000e+00
2.052142091163621646e-02 0.000000000000000000e+00
2.187547724142140382e-01 5.984359228618346682e-01
7.406538376343652086e-01 1.552749265036697524e-01
1.307770206171342320e+00 1.372970391476374896e+00
1.526637953005447912e+00 1.610657250272986563e+00
1.782159997164100229e+00 1.807039389578291688e+00
1.999681539822779852e+00 1.971932885740199870e+00
2.192305905954335277e+00 2.182379182514499139e+00
2.394723841578029422e+00 2.350467958137424151e+00
2.592188283297346185e+00 2.563987797318513007e+00
2.786850124057812295e+00 2.723638628167702525e+00
2.984856909157943328e+00 2.937690408008362564e+00
3.170902995258638057e+00 3.136266512451740152e+00
3.363533518304215875e+00 3.325349663690472912e+00
3.570476152575643880e+00 3.509807553771933541e+00
3.770392191232734280e+00 3.704511316262448339e+00
3.966551977289324515e+00 3.867211042728390336e+00
4.160179048347512065e+00 4.093440271304253919e+00
4.360444893626451268e+00 4.291477369833585520e+00
4.557111845416627283e+00 4.478566015500629938e+00
4.755897656317552347e+00 4.641480011222807178e+00
4.957609907352952483e+00 4.834017571235363242e+00
5.153203643281170976e+00 5.037306176047824380e+00
5.357811263811552926e+00 5.231085952117540572e+00
5.558351400767472583e+00 5.433911021370207095e+00
5.756824004785038973e+00 5.619706693259059804e+00
5.953338487703335069e+00 5.788133936890464071e+00
6.159488781645613642e+00 5.991918314953689872e+00
6.355030517937649392e+00 6.185233952105429367e+00
6.550565577283049556e+00 6.357038793501970098e+00
6.754910277366273696e+00 6.531517748110227117e+00
6.953021454828524739e+00 6.735978342220875881e+00
7.146061715196569963e+00 6.972605613724047302e+00
7.341924057015034144e+00 7.114510790157310360e+00
7.519705395944837001e+00 7.324048303784288727e+00
7.707991266828356558e+00 7.527527660934326903e+00
7.909504760755371677e+00 7.697173490969697163e+00
8.091965692859051984e+00 7.877636937461423017e+00
8.295018335847753832e+00 8.100215677710078666e+00
8.491315397046639291e+00 8.306614664658074076e+00
8.683580454700445372e+00 8.472327676630907689e+00
8.870154094537488376e+00 8.714490682505843466e+00
9.070808094587352599e+00 8.900812682058070635e+00
9.268830955784428838e+00 9.067468040622101100e+00
9.459986988599458968e+00 9.254496375438273859e+00
9.644741405211394891e+00 9.444903031622562395e+00
9.846923509009029019e+00 9.581986537177989760e+00
1.005324490766659729e+01 9.825574593796417844e+00
1.024650033015587702e+01 9.974688519968777811e+00
1.044292259553758662e+01 1.019950808042032975e+01
1.064364482240026355e+01 1.038029621711076800e+01
1.082379111000090610e+01 1.059212618146459128e+01
1.103252794237053180e+01 1.078790020900050095e+01
1.122400736155921841e+01 1.095266316131231754e+01
1.141432363590317145e+01 1.118403659208902567e+01
1.160003886838046050e+01 1.137594039538619306e+01
1.180753830643605262e+01 1.156923945531253040e+01
1.199226798780096637e+01 1.175077519254995195e+01
1.220641865179454655e+01 1.193897405775242504e+01
1.240781211226938296e+01 1.212437932674663621e+01
1.259906044833902250e+01 1.230388474618636252e+01
1.279838759158809580e+01 1.249126038651332138e+01
1.300000073346446072e+01 1.271904676962445002e+01
1.320212395851553566e+01 1.286872602936627530e+01
1.339080224441378419e+01 1.309944370641050071e+01
1.358809984001144855e+01 1.330207507126487343e+01
1.379081916770564753e+01 1.350758830066875760e+01
1.398755175080580138e+01 1.370596679957982644e+01
1.418707821826060034e+01 1.389524841740142769e+01
1.439832509537238003e+01 1.409540441554073098e+01
1.459127750120920552e+01 1.422124907678062655e+01
1.479862817543727438e+01 1.448170096674241414e+01
1.498361707927171693e+01 1.461550414967979528e+01
1.518100879137728221e+01 1.478927749104902922e+01
1.538835163722291988e+01 1.506114077106122728e+01
1.557230636351876107e+01 1.530784032838922393e+01
1.577502819998988137e+01 1.538651827831591845e+01
1.597477714065133014e+01 1.565595326148259936e+01
1.616321628059590410e+01 1.592478176278929070e+01
1.636629431735063633e+01 1.601484883292215855e+01
1.656520322344188045e+01 1.624470013657519374e+01
1.676289547974460348e+01 1.640389637801809286e+01
1.695321360683262668e+01 1.660517673784372050e+01
1.716105429145438066e+01 1.675294387481568137e+01
1.734599023965428444e+01 1.695508600932080157e+01
1.754250280234083093e+01 1.720850149885808733e+01
1.775383847063878306e+01 1.744490497104156290e+01
1.794886538621719296e+01 1.756724324722825514e+01
1.814225694413702783e+01 1.767827566227394698e+01
1.833758841711334142e+01 1.799744329190102476e+01
1.851411514832082261e+01 1.819719801600910358e+01
1.871441350561993033e+01 1.833555963398520916e+01
1.891324676671516869e+01 1.854814045934422495e+01
1.911332929234196243e+01 1.869997024581090628e+01
1.929260680165630149e+01 1.895417086383490357e+01
1.947715817392344206e+01 1.907593883278547509e+01
1.969530209999184933e+01 1.939460218682247472e+01
