0.000000000000000000e+00 0.000000000000000000e+00
0.000000000000000000e+00 0.000000000000000000e+00
0.000000000000000000e+00 0.000000000000000000e+00
0.000000000000000000e+00 0.000000000000000000e+00
0.000000000000000000e+00 0.000000000000000000e+00
2.146612381039155609e-02 1.611802520468635924e-02
1.333829488049987078e-01 1.610861629923025784e-02
2.651253162858017376e+00 2.842753301728122128e+00
1.849462387675260944e+00 3.222695689481946957e+00
3.220909474291743013e+00 3.305946261501296668e+00
3.358442730189986403e+00 3.355875276268246665e+00
3.476646162194786616e+00 3.538217603885168483e+00
3.585513947261564915e+00 3.705934942010487010e+00
3.739542481534386287e+00 3.848704726864559333e+00
3.947261668739768581e+00 4.047055736694370687e+00
4.078055764536548722e+00 4.228082696371657789e+00
4.258991316580392095e+00 4.414298423191757692e+00
4.439288422227133601e+00 4.605554590528301517e+00
4.626523753721092369e+00 4.797952372527733544e+00
4.791777674266456621e+00 4.989186754114530054e+00
4.970480895157799672e+00 5.158978729641543914e+00
5.159378438860997562e+00 5.330197418404122978e+00
5.300736310563901377e+00 5.495767663501251121e+00
5.492567030029588793e+00 5.661531733560336122e+00
5.813283699262845161e+00 5.667150133443395355e+00
5.815528050571083796e+00 5.998459198925773173e+00
6.023246671621586223e+00 6.156488314194092482e+00
6.315532008475924108e+00 6.208628171242381200e+00
6.374529262204931435e+00 6.502112799318445546e+00
6.553651109416459342e+00 6.687849287553442323e+00
6.702249259047926344e+00 6.846403683977401400e+00
7.023785458569640205e+00 6.913935443073506271e+00
7.063372149428966296e+00 7.195590893619456807e+00
7.246120957595874934e+00 7.377153750515442532e+00
7.541214156697656712e+00 7.417608140943173112e+00
7.717131174302867436e+00 7.573695623209085070e+00
7.888054604287700222e+00 7.743629876059306305e+00
7.935980932697273893e+00 8.038217351418911250e+00
8.220418002021828485e+00 8.114367456540174217e+00
8.396599493090439736e+00 8.284459116561533776e+00
8.578751528762373013e+00 8.446988865711629657e+00
8.743947017112178699e+00 8.645361594156137031e+00
8.820570909994623676e+00 8.913359493109082266e+00
9.100826801982035974e+00 8.971236887730560383e+00
9.288213270988542547e+00 9.157860409094100262e+00
9.464970678133097337e+00 9.351937336362919240e+00
9.644686291036414616e+00 9.468901937355933995e+00
9.827911672765361928e+00 9.713772980164559812e+00
1.002202762426546556e+01 9.881844148166246455e+00
1.020617428509206803e+01 1.011903912402896744e+01
1.039470351672464865e+01 1.028242731864551729e+01
1.057987295631666846e+01 1.042072996038474741e+01
1.075426007526508165e+01 1.064670927459593308e+01
1.093671307178041197e+01 1.082814635906082934e+01
1.111771888021536192e+01 1.101799726656760825e+01
1.129211283450687198e+01 1.119688310833612732e+01
1.149172275608036031e+01 1.137906598779567702e+01
1.166705475195869290e+01 1.162011335883323326e+01
1.186979644619884944e+01 1.177087260811191349e+01
1.206748502685244695e+01 1.195043562660645620e+01
1.225396937352162929e+01 1.212864345155075263e+01
1.244109356457788529e+01 1.232132673667062939e+01
1.263698960795307435e+01 1.247518413961350703e+01
1.282406215161286589e+01 1.266376334784643909e+01
1.301208625075696190e+01 1.284481390297264092e+01
1.320404511062998587e+01 1.304506522047659978e+01
1.339437102202640695e+01 1.321670382987916881e+01
1.358197205963005949e+01 1.345912406729396693e+01
1.377870355466091823e+01 1.359611416365769010e+01
1.397213072030454128e+01 1.382562808507950081e+01
1.416235416843009709e+01 1.399605315529671223e+01
1.435081318576092002e+01 1.418268154104692336e+01
1.455883834099981478e+01 1.435967237975100197e+01
1.473477433837308936e+01 1.454206932657501916e+01
1.493041772522099464e+01 1.474597342114721066e+01
1.510426639118874625e+01 1.486294739724282366e+01
1.529714943221601864e+01 1.511724783227245084e+01
1.547282942561125729e+01 1.529465313453629527e+01
1.566414985456226638e+01 1.547246000280632039e+01
1.585917225194566349e+01 1.562653244681510323e+01
1.604730959991397654e+01 1.586611872346083807e+01
1.624997948773519951e+01 1.609112806792371941e+01
1.643853872100009639e+01 1.618309866682542975e+01
1.663598489361174160e+01 1.642770951062605889e+01
1.683449103390205437e+01 1.665094475643686422e+01
1.703733504525000697e+01 1.683429045946998315e+01
1.722442397292770266e+01 1.702124607836635661e+01
1.742118615395199299e+01 1.721426311093057038e+01
1.762334411120684052e+01 1.740315297040357123e+01
1.781758191780361855e+01 1.761257833165002040e+01
1.802099670069937787e+01 1.773035790451523752e+01
1.821200772570718840e+01 1.796970746082983084e+01
1.839756390842736522e+01 1.812002663527163548e+01
1.859331883408296449e+01 1.837611414195219695e+01
1.879167383321271600e+01 1.848514807107991942e+01
1.899609607472722672e+01 1.870828810977610246e+01
1.916507807950679165e+01 1.895327438635312944e+01
1.937686518523327450e+01 1.907300703316910173e+01
1.957701767538381432e+01 1.923998944653732224e+01
1.977943266542747480e+01 1.946136093336690109e+01
1.996729784945742026e+01 1.971310536617199105e+01
