0.000000000000000000e+00 0.000000000000000000e+00
0.000000000000000000e+00 0.000000000000000000e+00
0.000000000000000000e+00 0.000000000000000000e+00
0.000000000000000000e+00 0.000000000000000000e+00
0.000000000000000000e+00 0.000000000000000000e+00
0.000000000000000000e+00 0.000000000000000000e+00
1.252358923026914428e-01 0.000000000000000000e+00
0.000000000000000000e+00 0.000000000000000000e+00
5.507691941837429273e-01 3.602642336026601888e-01
1.779510136724467007e+00 2.552412076663304941e+00
3.803492699283177014e+00 8.543472584695845029e+00
8.448955759965219414e+00 8.466909280705426255e+00
8.468782950203472382e+00 8.461642356208756155e+00
8.432053532507172378e+00 8.485641758546139002e+00
8.490371399297764299e+00 8.776495423092375958e+00
8.601016592374705283e+00 8.931117972598091370e+00
8.766901871956498837e+00 9.119496279384044612e+00
9.028764870794335096e+00 9.335039118947889847e+00
9.283674777879344475e+00 9.546062797792282950e+00
9.515507097521062718e+00 9.775645105814364300e+00
9.676412485843755462e+00 9.964847426249434648e+00
9.857614449014240776e+00 1.017304831056938141e+01
1.005549404972481042e+01 1.036332839102849235e+01
1.026174640484606115e+01 1.052306304144696369e+01
1.047946241223777974e+01 1.069554536958321833e+01
1.070246670907289221e+01 1.087058974144492396e+01
1.090528824148241149e+01 1.104000520992515888e+01
1.108151004453886834e+01 1.120165694580171412e+01
1.127804535812256326e+01 1.137594304444247229e+01
1.144919536266277404e+01 1.155229028572860628e+01
1.162390261541007419e+01 1.172545823013412658e+01
1.180549524387427596e+01 1.189057218381580761e+01
1.195098242723568482e+01 1.204728137875079597e+01
1.211702562599652211e+01 1.221735028919308341e+01
1.231324304748901888e+01 1.238479617050228754e+01
1.245475634660557596e+01 1.254721811625291217e+01
1.261050570628631640e+01 1.271002473969048197e+01
1.279049950263869917e+01 1.286223397201424667e+01
1.294080432771813882e+01 1.303849300338075423e+01
1.310054841944307036e+01 1.319674883047961877e+01
1.327639385296116359e+01 1.336371412286284688e+01
1.345183241281815612e+01 1.353298276431982572e+01
1.356355129398570902e+01 1.368960653094579527e+01
1.375791793986738476e+01 1.385120568564407684e+01
1.390804062383573658e+01 1.401583493366573130e+01
1.403483545781128505e+01 1.417600539679855487e+01
1.420971655803654343e+01 1.434473429491717589e+01
1.437835045034118409e+01 1.450743791763327906e+01
1.452947072297137687e+01 1.467123713501563032e+01
1.470668173228412634e+01 1.483606904924307202e+01
1.485727595145152335e+01 1.500129823874905632e+01
1.502178736497226552e+01 1.516144973934784090e+01
1.518889011444114523e+01 1.532600075282553220e+01
1.537899362831034189e+01 1.548388793762811133e+01
1.547644800303444690e+01 1.564569021267787186e+01
1.567488560700864042e+01 1.581616743016365945e+01
1.586511225969993788e+01 1.597471103204896359e+01
1.603742541855271142e+01 1.613370750853661661e+01
1.614616726288629778e+01 1.630279848604774173e+01
1.634152789562337205e+01 1.646223004844817339e+01
1.650083974640470430e+01 1.663378316529421852e+01
1.663848195103393479e+01 1.677988585130596988e+01
1.681228479122495756e+01 1.696727408932773429e+01
1.698692603365913456e+01 1.713084269349749178e+01
1.708697516763904289e+01 1.729350124492197338e+01
1.734126037849543422e+01 1.746039696955623910e+01
1.740580822995676158e+01 1.761860266752207593e+01
1.762232768960961593e+01 1.778744389337946430e+01
1.779608952009681389e+01 1.795232031311959986e+01
1.793924469466373850e+01 1.812804166613666368e+01
1.806314850024746121e+01 1.829624396849307288e+01
1.823102332018798322e+01 1.846037300182824481e+01
1.842147320724176396e+01 1.862418575456336001e+01
1.851169314299961144e+01 1.878951661453355726e+01
1.866243728195078333e+01 1.895072892341793747e+01
1.887528362992610198e+01 1.911448293952139110e+01
1.902019427568759014e+01 1.926840585016674012e+01
1.914662005024226943e+01 1.943808759792900887e+01
1.934851319598483599e+01 1.960226719899814896e+01
1.953166827088115909e+01 1.976019865886160432e+01
1.974038236266329349e+01 1.991750213837738670e+01
1.986231607699505730e+01 2.008088759608870433e+01
2.000230729248410100e+01 2.023981270496560825e+01
2.028098393756337003e+01 2.039013555661167487e+01
2.039137198644591109e+01 2.056557278561514934e+01
2.045377225047192127e+01 2.073615163333485611e+01
2.085873851830637449e+01 2.063434514301737366e+01
2.082172865337560452e+01 2.104416338358757699e+01
2.118584312670904879e+01 2.103657906715709203e+01
2.107429654102917027e+01 2.136869035442592235e+01
2.127274839826834452e+01 2.152821744701359563e+01
2.167644909232840433e+01 2.149727357857571164e+01
2.154944118513011730e+01 2.184112345332668426e+01
2.165796219276362322e+01 2.200942829620763774e+01
2.215299828580106833e+01 2.192973933324208602e+01
2.204351220376033282e+01 2.231893705000428341e+01
2.221173768046179120e+01 2.249750269761874222e+01
2.243810156267642952e+01 2.264924149722977020e+01
2.280447538244446548e+01 2.253673798889870383e+01
2.294833983711658476e+01 2.270310477741511690e+01
2.300792206739426149e+01 2.313249705420904334e+01
