0.000000000000000000e+00 0.000000000000000000e+00
0.000000000000000000e+00 0.000000000000000000e+00
0.000000000000000000e+00 0.000000000000000000e+00
6.736719174607447291e-02 1.458490647922361903e-02
1.848244778196122540e-01 2.761339829369505061e+00
2.437732501267922292e+00 2.845799909421046436e+00
2.909054296534643758e+00 2.909151192273238706e+00
2.925640233424721792e+00 2.925605474635550429e+00
2.977541499152110305e+00 2.977036545258669342e+00
3.056773660774860346e+00 3.051391157748219563e+00
3.270089098883417478e+00 3.357041914749150813e+00
3.441832836617729985e+00 3.560548603769963627e+00
3.647593785148701251e+00 3.783744951585640059e+00
3.864043649123540813e+00 3.996870035494132889e+00
4.068634524821770349e+00 4.182891593831358001e+00
4.272941003954080053e+00 4.367394447727031448e+00
4.449794497556934125e+00 4.559906660742774065e+00
4.610094007625778367e+00 4.733821422166877291e+00
4.787924082863458608e+00 4.913254479668147212e+00
4.988362147289177706e+00 5.093239493126983319e+00
5.179999693935527283e+00 5.271021983615726825e+00
5.357018748016440846e+00 5.448271291113902848e+00
5.529528799366656422e+00 5.625283814695663409e+00
5.716829106750798140e+00 5.795982371248575404e+00
5.871870764953374788e+00 5.968055197557010416e+00
6.079076174086399220e+00 6.125131589112579711e+00
6.276692860621619907e+00 6.190712645934371317e+00
6.349942595464668216e+00 6.467291217241925239e+00
6.516173981390718239e+00 6.633493331252029002e+00
6.790585514795789202e+00 6.708710042903560655e+00
6.868895462574942989e+00 6.990080583966656214e+00
7.146352005506821925e+00 7.051146667941265100e+00
7.317817804335200016e+00 7.183142446882777143e+00
7.388191298449977573e+00 7.505653295980416750e+00
7.558973150225650528e+00 7.684185932197598490e+00
7.737349415056660185e+00 7.860422912041236998e+00
8.024001754869324543e+00 7.938503301797479317e+00
8.085940506012375906e+00 8.207868580510170986e+00
8.373096276467881793e+00 8.274584796784766993e+00
8.447164058389216024e+00 8.572700790263183990e+00
8.748039084309306546e+00 8.631194169983908537e+00
8.781043579540677158e+00 8.940694493313046110e+00
8.998123890360549382e+00 9.117532666216417780e+00
9.296500757402140991e+00 9.135780878934561144e+00
9.477888428620198980e+00 9.308042442297685071e+00
9.662713021234232258e+00 9.492230875005448709e+00
9.846821446385376930e+00 9.669660010647737280e+00
1.002709471969219557e+01 9.852296657794127555e+00
1.020032909322258519e+01 1.005399195403782286e+01
1.038406038145007138e+01 1.021297241799339517e+01
1.055861116467310801e+01 1.040359901693917521e+01
1.056902167365011458e+01 1.074904515368862157e+01
1.076602679545954366e+01 1.093240254815801826e+01
1.112224094376446715e+01 1.097110033473675728e+01
1.113985059926866761e+01 1.128738136550441951e+01
1.147775676620357999e+01 1.133877436712283071e+01
1.148737363687542690e+01 1.165159070596553548e+01
1.183910491309723767e+01 1.170629458108271947e+01
1.202862146180639336e+01 1.183485372889896503e+01
1.206345594095907892e+01 1.219997831901146590e+01
1.239856121234595143e+01 1.219757338671802849e+01
1.242188970158086825e+01 1.256960033152015654e+01
1.275748216903841481e+01 1.258480866072542703e+01
1.293783390211863882e+01 1.277900497224235643e+01
1.298924543516920593e+01 1.309366956956582762e+01
1.329900355228528497e+01 1.314949144283378324e+01
1.335796356819235164e+01 1.346689787788885617e+01
1.366424942036245938e+01 1.355648888994547008e+01
1.385013292715894195e+01 1.375909925266010525e+01
1.403790827763152116e+01 1.393933230586113048e+01
1.423521873997460929e+01 1.416069874905115888e+01
1.442549051171315888e+01 1.428559316233238796e+01
1.449165945015427148e+01 1.458429756781249509e+01
1.480368145027683013e+01 1.463362292120814701e+01
1.499149472660002402e+01 1.487344214641296425e+01
1.518290882397999653e+01 1.498621267279187386e+01
1.537811279496155770e+01 1.522975746737401259e+01
1.557565104601597561e+01 1.544522824884816892e+01
1.577337455858766191e+01 1.563434166528459102e+01
1.579824061215236597e+01 1.591742347728971829e+01
1.614826050052316830e+01 1.598985505071361146e+01
1.634002892295201548e+01 1.617275763171251768e+01
1.653523678610801895e+01 1.638035951080547292e+01
1.654601806376825834e+01 1.669111143937658426e+01
1.692122982981225832e+01 1.674648231857576874e+01
1.710670088875472672e+01 1.695436364712442412e+01
1.714024936232801721e+01 1.725427307407808541e+01
1.747386932746147892e+01 1.727657364594358214e+01
1.764624356911678404e+01 1.750941025589754574e+01
1.784976174037837993e+01 1.769915893193941869e+01
1.788685555328373056e+01 1.800216085032354485e+01
1.822422698622475679e+01 1.809783369494775584e+01
1.841319617299745559e+01 1.827575721768174333e+01
1.860897517784084343e+01 1.846907181043897594e+01
1.880311380262850207e+01 1.867150844373224317e+01
1.899823108358314627e+01 1.884362623484765464e+01
1.918528303213858521e+01 1.907188617551058130e+01
1.938592025364725302e+01 1.926374167668697623e+01
1.940926672737197478e+01 1.952803308138097904e+01
1.975770386471794282e+01 1.959265848133572874e+01
1.994815301286159936e+01 1.981179945050334013e+01
