0.000000000000000000e+00 0.000000000000000000e+00
0.000000000000000000e+00 0.000000000000000000e+00
0.000000000000000000e+00 0.000000000000000000e+00
0.000000000000000000e+00 0.000000000000000000e+00
0.000000000000000000e+00 0.000000000000000000e+00
0.000000000000000000e+00 0.000000000000000000e+00
0.000000000000000000e+00 0.000000000000000000e+00
0.000000000000000000e+00 0.000000000000000000e+00
0.000000000000000000e+00 0.000000000000000000e+00
2.515080412280579769e-01 1.945177720590376275e-02
8.586786578313339302e-02 2.782189524564764760e+00
4.235902076157312734e+00 4.670026942023869587e+00
4.321075181151284639e+00 5.140558045308460500e+00
5.172548373137546562e+00 5.074108659891445328e+00
5.259414739863440325e+00 5.268823897483989604e+00
5.322689781961178035e+00 5.366853501064239751e+00
5.375284226240726326e+00 5.505519369165111421e+00
5.529659401024400900e+00 5.494570103807216555e+00
5.691322645626323506e+00 5.900419438859625387e+00
5.797203232372841519e+00 6.059782197899671097e+00
6.049699826107196365e+00 6.231472985889865868e+00
6.303551661689179575e+00 6.268672899874706772e+00
6.408539890334782996e+00 6.566211807194083150e+00
6.572308898555592194e+00 6.778058826304147466e+00
6.717724938285306813e+00 6.951378637127784366e+00
6.861316473861912790e+00 7.103783772314026024e+00
7.054298600758492910e+00 7.278655794927643363e+00
7.253736367153267750e+00 7.465608365416437131e+00
7.496013046176223327e+00 7.627477873445521972e+00
7.662605864837117586e+00 7.785881541696203278e+00
7.822487752415310247e+00 7.953282645582921973e+00
7.981101894524364582e+00 8.097784419492359831e+00
8.138899763345008864e+00 8.252445985202921719e+00
8.293226905917514102e+00 8.398872904200581857e+00
8.453754449052473419e+00 8.551640411562759780e+00
8.612406322351167987e+00 8.706738644017947948e+00
8.785497102363981625e+00 8.853540487542799653e+00
9.009260743338913358e+00 8.922184117693776173e+00
9.040479999944508904e+00 9.165583746441942736e+00
9.315829813330099185e+00 9.233392915777518084e+00
9.475774689909540527e+00 9.364339006835793455e+00
9.626326599361281211e+00 9.492585936496199750e+00
9.780447234007604962e+00 9.664894432018153125e+00
9.949677538263451027e+00 9.763149480532927527e+00
1.010751581473807015e+01 9.895028825975950681e+00
1.027040485239591838e+01 1.011572180828024514e+01
1.044190991202342111e+01 1.026006776546222987e+01
1.060947067959718737e+01 1.045599178498319226e+01
1.078129151655086737e+01 1.060582749288649040e+01
1.094818321807702510e+01 1.080084473324716576e+01
1.112413557366165762e+01 1.095979355416109691e+01
1.128642326646249572e+01 1.112629932541897482e+01
1.145831547551914298e+01 1.125072276340091193e+01
1.163426989574102244e+01 1.148893820708750724e+01
1.179989552513497664e+01 1.168604453664756804e+01
1.197576654405175667e+01 1.182342217089782288e+01
1.215523149678710091e+01 1.199047247621105861e+01
1.232813130226238663e+01 1.217822353579475170e+01
1.250546928077058695e+01 1.237298359057546193e+01
1.268170254053480583e+01 1.255215988439702457e+01
1.287755999390203421e+01 1.261533404530295854e+01
1.304733635739514952e+01 1.283745662705484136e+01
1.323577892405791445e+01 1.302932007514982971e+01
1.340537437231349571e+01 1.319529417179646025e+01
1.359865373845219949e+01 1.336634706386310434e+01
1.378210930171468362e+01 1.354528742972256872e+01
1.395604970645680432e+01 1.373765396996858001e+01
1.414405417337646398e+01 1.387433095484260903e+01
1.432694949877898516e+01 1.411854580018360750e+01
1.449775511179649357e+01 1.425217499751250472e+01
1.469327078120699959e+01 1.444127667609605936e+01
1.487756062236129218e+01 1.459601380330574294e+01
1.505657711204861826e+01 1.479510632983236107e+01
1.524154301844229664e+01 1.501573988098959056e+01
1.542962722553891908e+01 1.518964675341560167e+01
1.562014472828705891e+01 1.539161832275310893e+01
1.580464010479424708e+01 1.560355747510893032e+01
1.599895402063529914e+01 1.572458467585545883e+01
1.617985109424209966e+01 1.596522681599744864e+01
1.637950300260429159e+01 1.613226540811217546e+01
1.656539194417495509e+01 1.631276211268425769e+01
1.675071735446232424e+01 1.646873463549083283e+01
1.694431908582927093e+01 1.661620767791091424e+01
1.713088792715329944e+01 1.683680731994629198e+01
1.731933423139562578e+01 1.701228456806487088e+01
1.751734642693353550e+01 1.725696049612485794e+01
1.770505363758514861e+01 1.743445283137106472e+01
1.789004755913745726e+01 1.768345603432211277e+01
1.808259430200962470e+01 1.768441348361817944e+01
1.826880108643323908e+01 1.800232177046794746e+01
1.846274017988330129e+01 1.822107116602975196e+01
1.864875112659370515e+01 1.837411578990334249e+01
1.883599407828556238e+01 1.853283764178777204e+01
1.903089757269385984e+01 1.864046900103780757e+01
1.921347612025134666e+01 1.892084884105722864e+01
1.940921971041430893e+01 1.906656300949148175e+01
1.960106239864897404e+01 1.933720793575020025e+01
1.979724454274735734e+01 1.953939532619204655e+01
1.996785941009870413e+01 1.969453657295699855e+01
2.016976683048107688e+01 1.985350020345925870e+01
2.036727616564709820e+01 2.011413094627233278e+01
