0.000000000000000000e+00 0.000000000000000000e+00
0.000000000000000000e+00 0.000000000000000000e+00
0.000000000000000000e+00 0.000000000000000000e+00
2.580094552623579934e-03 -9.495339098066818331e-04
8.595036366973054717e-03 0.000000000000000000e+00
1.005793492965734448e-01 0.000000000000000000e+00
2.797816551825976772e-01 6.403275294873197465e-01
6.224835764971228258e-01 8.099040551729881354e-01
8.742841302730050002e-01 9.524215340192808688e-01
1.017632550683654991e+00 1.072159256034727948e+00
1.178048236718400199e+00 1.151050153825259548e+00
1.285115999672302500e+00 1.262090705200885399e+00
1.399841921616326479e+00 1.367946798749438031e+00
1.472127193140998269e+00 1.518355585287396670e+00
1.630879663514108069e+00 1.600219081530249499e+00
1.742870230359315764e+00 1.711115674440385481e+00
1.854666766637905972e+00 1.826678627420657675e+00
1.971543663165500559e+00 1.946234060999814108e+00
2.083097494735785649e+00 2.058751393991523848e+00
2.158027742262895288e+00 2.186460681357201619e+00
2.291767502271739865e+00 2.295102375434764141e+00
2.411938560002026222e+00 2.379265077311163434e+00
2.534357600237511221e+00 2.498217319425397598e+00
2.651860640050125895e+00 2.612950786409992787e+00
2.764559981933201627e+00 2.730014875342426706e+00
2.879091647131005516e+00 2.833693606445747193e+00
2.994643544011911018e+00 2.957966899188179344e+00
3.110517374628249510e+00 3.075992706923010633e+00
3.226670998755971631e+00 3.179617510974938277e+00
3.345083002273185890e+00 3.307765293494409953e+00
3.463855186097191119e+00 3.398687035236840792e+00
3.572922240568056740e+00 3.511426686179107026e+00
3.687557254671592677e+00 3.624827084163190438e+00
3.798941437431019530e+00 3.759553704112649886e+00
3.913004810117541421e+00 3.853139561140644709e+00
4.025283024749450433e+00 3.988169652193696901e+00
4.144776959653185600e+00 4.055963614440062592e+00
4.261216367400066929e+00 4.187557187844130446e+00
4.367487800463242031e+00 4.326558311619978170e+00
4.481932447168181177e+00 4.428666036989687527e+00
4.598059215757833940e+00 4.556350564232446665e+00
4.717212275323872994e+00 4.644668709799142370e+00
4.828570504610382841e+00 4.784067090176273851e+00
4.947569394330805004e+00 4.878599523599341126e+00
5.063282474399328770e+00 4.996765011182376703e+00
5.180463329564338970e+00 5.085297122902032285e+00
5.294172422358847996e+00 5.203435551030891837e+00
5.417998530765315124e+00 5.345299015910677021e+00
5.525682592086552880e+00 5.449604522803645601e+00
5.641205937909107071e+00 5.556700071046562606e+00
5.756630932100087250e+00 5.677668766590637794e+00
5.869248461197124733e+00 5.794296655629554316e+00
5.985366615551548364e+00 5.891601013828056566e+00
6.096124432841689256e+00 6.038340346818500848e+00
6.219485375752218381e+00 6.150380317223977933e+00
6.341853291146619220e+00 6.272873479353063608e+00
6.453457617504333221e+00 6.372927709487045789e+00
6.566111729052876100e+00 6.483076129517798769e+00
6.685757013995101694e+00 6.577214600680206580e+00
6.800755893200046032e+00 6.714211160850969584e+00
6.914690647256133360e+00 6.811427728812182281e+00
7.026853488723749486e+00 6.923330110459881226e+00
7.147393665682218789e+00 7.051307472927727638e+00
7.259904583583654869e+00 7.170166822543140306e+00
7.371024677711334405e+00 7.275021147960453405e+00
7.486929486148051538e+00 7.386498584916498800e+00
7.610385725862092166e+00 7.495159253010126754e+00
7.716970973991817750e+00 7.618245790329856604e+00
7.831723638918911767e+00 7.711534806816102261e+00
7.947729864462075966e+00 7.838893244049066844e+00
8.056461550461024856e+00 7.944048776501119846e+00
8.176296899176337618e+00 8.050725239849086279e+00
8.289365919227877910e+00 8.205560534175672771e+00
8.408464838229170013e+00 8.293635359209389435e+00
8.519872454583365950e+00 8.366857464941034550e+00
8.625300817450902713e+00 8.504485042775941750e+00
8.737878654851556348e+00 8.576329786885095174e+00
8.860689222035519563e+00 8.775506776053516589e+00
8.972678192037520262e+00 8.850604152998183594e+00
9.087103059571656871e+00 8.995596787477074585e+00
9.208528890803071576e+00 9.069062556837257816e+00
9.319884989108420115e+00 9.198927913779774812e+00
9.440869213117471404e+00 9.316655042824185884e+00
9.557867941297534031e+00 9.412908222381316747e+00
9.668198679624500969e+00 9.526103180156804129e+00
9.782278695548363601e+00 9.688231499588850326e+00
9.899419495878907682e+00 9.783286532279554137e+00
1.001360248551089072e+01 9.905700260833375737e+00
1.012526625421094728e+01 9.973861068586561629e+00
1.023772072707832947e+01 1.012130741091125508e+01
1.035618010978766890e+01 1.023809166509354895e+01
1.047193745207672499e+01 1.032774140688434983e+01
1.058082656478820915e+01 1.048588319966184201e+01
1.070050274524089318e+01 1.053729889137826170e+01
1.081010077277550607e+01 1.068508799145278765e+01
1.093097953940279154e+01 1.083035927254224795e+01
1.105322168093850443e+01 1.094445488061592719e+01
1.115694350492133147e+01 1.093656750380649534e+01
1.127176136013852492e+01 1.114059550029949008e+01
1.138638643235350578e+01 1.124836895552525640e+01
1.150628017596465291e+01 1.139635414240409972e+01
