0.000000000000000000e+00 0.000000000000000000e+00
2.182501861698246497e-03 0.000000000000000000e+00
2.407321075741472235e-02 0.000000000000000000e+00
9.706572981138555933e-02 -2.227032273440710322e-02
1.621393851813982823e-01 2.291767550290487454e-01
3.507798165790255163e-01 3.370400058218052108e-01
4.463866675282094909e-01 4.332037951792566677e-01
5.356552857321801309e-01 5.251576866015235101e-01
6.231187432785493252e-01 6.065985823646590225e-01
7.058315851325653867e-01 6.820924928716191049e-01
7.919543272596427652e-01 7.608201498201244695e-01
8.700823102323615998e-01 8.454745943311087197e-01
9.515379705134536792e-01 9.224998094556206008e-01
1.030045577838509585e+00 9.935925828356874101e-01
1.112231139299084237e+00 1.073825511676398836e+00
1.187271435599313474e+00 1.159066695742268172e+00
1.267919296511656801e+00 1.239639374439055919e+00
1.348560751909746669e+00 1.312807337567921895e+00
1.430803116591552016e+00 1.384775053233178843e+00
1.513577088730475140e+00 1.482364103827745083e+00
1.592855087529190250e+00 1.561974006247749402e+00
1.675103473145495236e+00 1.623606228372378446e+00
1.752502991396673204e+00 1.709143200449736222e+00
1.833986511112572160e+00 1.798580704890746063e+00
1.909007028073781642e+00 1.859148184015698702e+00
1.991665925390542879e+00 1.952369778798888067e+00
2.067527395552344771e+00 2.007918948883193888e+00
2.146492514557157172e+00 2.089591007208623896e+00
2.228012485263620057e+00 2.171135573253488715e+00
2.306739690440720914e+00 2.254405503488611906e+00
2.385193801558470827e+00 2.345010664372677578e+00
2.467512622741269812e+00 2.416568050732051276e+00
2.542744003812201559e+00 2.499695586097246292e+00
2.623501289085586219e+00 2.575554863632379288e+00
2.702347833868729676e+00 2.651969364240952309e+00
2.780198481756019468e+00 2.742737581851347972e+00
2.861162850647405609e+00 2.777419279238372063e+00
2.935389110482439889e+00 2.882100911279171562e+00
3.017892650289430989e+00 2.945800116040902417e+00
3.098717306099038282e+00 3.037889171512191400e+00
3.175401644220208208e+00 3.130193127078688686e+00
3.264373524867559162e+00 3.199075300766745400e+00
3.338434200050257594e+00 3.283731588450808037e+00
3.417968035580963182e+00 3.359532640609948828e+00
3.500030627001670780e+00 3.453245277787551970e+00
3.576712235694615938e+00 3.513217462096823507e+00
3.659660654830632520e+00 3.587271399547792949e+00
3.741197191879865880e+00 3.665265143670318526e+00
3.821753696781289733e+00 3.759519172661461628e+00
3.898513481238301104e+00 3.845324343931549649e+00
3.980373063430644454e+00 3.915302311729066620e+00
4.057231108781577333e+00 3.968874793820617253e+00
4.135552269222191768e+00 4.068593380153310513e+00
4.214579766581689313e+00 4.141159825333040168e+00
4.295567695393062380e+00 4.218342228527334647e+00
4.375890713596572112e+00 4.284919206361379018e+00
4.455559342148583291e+00 4.402980336611489243e+00
4.528392803601606786e+00 4.478305928077869424e+00
4.608127965015442307e+00 4.545241109359021259e+00
4.687957482020330247e+00 4.633836748830343133e+00
4.766108987411909581e+00 4.698340454389148491e+00
4.846554170447062937e+00 4.784426473329346230e+00
4.923642330066038575e+00 4.831148561946744913e+00
5.002983218675398192e+00 4.942148802877920133e+00
5.087745834081220941e+00 5.002972835801916318e+00
5.166617459910102461e+00 5.053368405142140141e+00
5.241599690886075358e+00 5.157681302859461248e+00
5.326848016919044859e+00 5.262519167825424837e+00
5.408278631628091304e+00 5.324060856887526505e+00
5.488137421448064046e+00 5.417157033929091980e+00
5.566672821239578184e+00 5.491428254768329076e+00
5.647737115780942396e+00 5.548342361801320344e+00
5.728954917564655247e+00 5.623308799108771794e+00
5.812354599032564018e+00 5.742432270144281148e+00
5.885457543542203851e+00 5.812824853451627583e+00
5.968756109783068808e+00 5.847490831902479869e+00
6.044396425765543590e+00 5.944972579716855776e+00
6.128253000398633965e+00 5.999746539848322513e+00
6.205923213405993621e+00 6.126657141718311550e+00
6.278460499008058804e+00 6.170927255038234804e+00
6.361110704598843313e+00 6.267970996670654493e+00
6.441086603838012792e+00 6.361922338546158961e+00
6.523253896924269490e+00 6.411151502174582184e+00
6.599025059682511518e+00 6.483404670644600465e+00
6.677734853743785060e+00 6.573041767786320655e+00
6.753019057195095876e+00 6.696002543805127161e+00
6.836783264665895921e+00 6.717704816209520757e+00
6.915719345787818995e+00 6.808822222751595099e+00
6.993227725048390298e+00 6.896835784553233317e+00
7.072394599072803878e+00 6.968403503648529451e+00
7.150022067771963030e+00 7.048933869663636109e+00
7.237197575436142394e+00 7.136736510124368493e+00
7.315290063773540297e+00 7.204213098607009869e+00
7.393053714879389560e+00 7.306433919839233404e+00
7.480310820259050253e+00 7.366693903158684442e+00
7.557480495261730269e+00 7.485485824559843238e+00
7.638854012045102060e+00 7.523257941846745567e+00
7.719256751554135931e+00 7.595382550186701387e+00
7.798557703281057130e+00 7.684005841813027260e+00
7.888992587834208869e+00 7.760150146900422818e+00
7.964332843526293892e+00 7.832226147112796077e+00
