0.000000000000000000e+00 0.000000000000000000e+00
0.000000000000000000e+00 0.000000000000000000e+00
0.000000000000000000e+00 0.000000000000000000e+00
0.000000000000000000e+00 0.000000000000000000e+00
0.000000000000000000e+00 0.000000000000000000e+00
0.000000000000000000e+00 0.000000000000000000e+00
0.000000000000000000e+00 0.000000000000000000e+00
0.000000000000000000e+00 4.411703362828129499e-02
7.089913645804969689e-02 5.444110507078051692e-02
2.200536824627364751e+02 2.589363965430436565e+02
2.633555115426404427e+02 3.388389566986631962e+02
2.971877846725282097e+02 3.860640345060958794e+02
4.613016789430183167e+02 5.111549024952571472e+02
5.376837001151042159e+02 5.957397143755524667e+02
5.855861097381981608e+02 6.409292267471314517e+02
6.408255439262974278e+02 6.656612606869854289e+02
6.488020347439716033e+02 6.873062812498909580e+02
6.605560379158091564e+02 7.141839045229145313e+02
6.811396155637054335e+02 7.367520902891611740e+02
7.101583644398194792e+02 7.519271261698555691e+02
7.299770310087823191e+02 7.632273268622417390e+02
7.441578792730887244e+02 7.728440154420874251e+02
7.544958145073735523e+02 7.785480374069968548e+02
7.631980568750248040e+02 7.830655933861297626e+02
7.695955476939882374e+02 7.867340620421322228e+02
7.774002787101599097e+02 7.896808765027014942e+02
7.818372182435391551e+02 7.922403883717724966e+02
7.841045187653514859e+02 7.943466364387098793e+02
7.873336337668096121e+02 7.961473347786715067e+02
7.897834526992219253e+02 7.976408118932305342e+02
7.914936185611311430e+02 7.988686734387352999e+02
7.933493693159358600e+02 7.999964230863524790e+02
7.942832096132759716e+02 8.010595856159291088e+02
7.949817215859183079e+02 8.018948091170772159e+02
7.957045036923415182e+02 8.027624675676748893e+02
7.967166326909217560e+02 8.035236504220123379e+02
7.968030290411983287e+02 8.041842283934918214e+02
7.980666709042097864e+02 8.048044246883403048e+02
7.983681280657920070e+02 8.054034631783976010e+02
7.987490150013892389e+02 8.059288630060004834e+02
7.987251125981911173e+02 8.064227851503238753e+02
7.984561395106082955e+02 8.067790399513861530e+02
8.070159745062976526e+02 7.961987988661009013e+02
8.072214799340133595e+02 7.944217343711709418e+02
8.073968136238356692e+02 7.929200167129617967e+02
8.075748764323388968e+02 7.924677440727310795e+02
8.077922087647573335e+02 7.938361456027943177e+02
8.080184117890921698e+02 7.927091872854823578e+02
7.950019965762991205e+02 8.083283737307721140e+02
8.085722181155367707e+02 7.946357986123199453e+02
8.087808965380999098e+02 7.945594924300042976e+02
8.090113628740284639e+02 7.928014765191966262e+02
8.092665110608593295e+02 7.928651944340649607e+02
8.095027505567445587e+02 7.921997632728171084e+02
8.097262433223195330e+02 7.921084428311601187e+02
8.099854683228295471e+02 7.919356955814703269e+02
8.102307432113865389e+02 7.937694724943572737e+02
7.929487957008404919e+02 8.104977992929495940e+02
8.107358273232911188e+02 7.939142535378499588e+02
8.109434812261463321e+02 7.899769444864933803e+02
8.111713257274908528e+02 7.918245250307680863e+02
8.113642622117445171e+02 7.917877389727258333e+02
8.115735440388850748e+02 7.922457279178019007e+02
8.117967922821696902e+02 7.907247128528201756e+02
7.912331372587425449e+02 8.119997982716781735e+02
8.122310586868783275e+02 7.911833589241864502e+02
8.124350862174660506e+02 7.916684936073645531e+02
8.126462060207337572e+02 7.877948838233760398e+02
8.128460048528036168e+02 7.954278207507868501e+02
8.130460199774857983e+02 7.954338931420116978e+02
7.923503577017969519e+02 8.132551620683149167e+02
8.134963840301940081e+02 7.922830746870062057e+02
7.959821072981754924e+02 8.137078995138336950e+02
8.139654723810214136e+02 7.938639021386469494e+02
8.141697195092989432e+02 7.906081738878233409e+02
7.904059710615021004e+02 8.143635432689260369e+02
8.146267221192962324e+02 7.936785606649795000e+02
8.148322140140661531e+02 7.916710459814336218e+02
8.150538827644626281e+02 7.944933336224264622e+02
7.940475190361117939e+02 8.152617523698120294e+02
7.885051440310563748e+02 8.154896662867990926e+02
8.157574040151394001e+02 7.913560856085382511e+02
8.159815792269231451e+02 7.901819067848483655e+02
8.162026660476354891e+02 7.964169797756317166e+02
8.164247182243030920e+02 7.958291285001656661e+02
7.927877221494012474e+02 8.165774628705455598e+02
8.168654487799918797e+02 7.932398900497414616e+02
8.170636198511670045e+02 7.891028144222613037e+02
8.172789305608497443e+02 7.906129447824987437e+02
7.936988627222380046e+02 8.174518417204540128e+02
8.176995891618339556e+02 7.925491351178784498e+02
8.179261432290346647e+02 7.850606737223927212e+02
8.181140360797866151e+02 7.893265560189978487e+02
8.183151298023893787e+02 7.898841323990764067e+02
7.908147037438744746e+02 8.184034829944481544e+02
8.187198663748221179e+02 7.923954252072708186e+02
7.927989321232153088e+02 8.188371175337706518e+02
7.922077124097488650e+02 8.190078797093799494e+02
7.891178320615119901e+02 8.191139412956363230e+02
7.878095710145179282e+02 8.190341338290496651e+02
8.198504709112323781e+02 8.034625765672891475e+02
