0.000000000000000000e+00 0.000000000000000000e+00
0.000000000000000000e+00 0.000000000000000000e+00
3.025908068245937443e-03 0.000000000000000000e+00
1.026327604148703256e-02 0.000000000000000000e+00
1.975347627591571981e-02 1.818705772794301234e-01
9.871988679238792586e-02 4.113826390738246630e-01
4.445885287367783434e-01 5.074901153975553969e-01
6.105016556008925344e-01 5.857253780924277509e-01
7.124440791130480788e-01 6.772303066051327258e-01
8.099989865104954001e-01 7.838335397118720849e-01
9.041766453797138725e-01 8.860996339914046782e-01
1.001702435397368474e+00 9.675014639516039683e-01
1.091871013300015569e+00 1.053686067977135377e+00
1.183733153399245674e+00 1.152188201396269207e+00
1.274366556118067706e+00 1.251909410052924665e+00
1.369820022672197268e+00 1.344049417661861145e+00
1.463736485628713835e+00 1.428980178600420814e+00
1.557578850183274355e+00 1.517998072752766658e+00
1.648560475633171762e+00 1.615872764327395350e+00
1.738533456846684366e+00 1.700701658572925767e+00
1.831781270110523163e+00 1.795112383753385332e+00
1.919858979072337490e+00 1.902175055089678324e+00
2.009746149016903960e+00 1.974681320404461538e+00
2.102761763983179044e+00 2.050130255932980372e+00
2.196730560550906208e+00 2.164987822822105556e+00
2.289879617453908001e+00 2.236241444456624539e+00
2.381115156833449653e+00 2.339431844667641869e+00
2.477293244626117996e+00 2.426787705598095979e+00
2.566426304931824554e+00 2.533073601940787345e+00
2.661541113667211800e+00 2.613489078557389877e+00
2.749851391073633522e+00 2.678155016601259319e+00
2.841694305937700005e+00 2.777503929049912834e+00
2.932817621933577090e+00 2.889219075129368264e+00
3.023740703395255469e+00 2.976044186108544487e+00
3.119807662898923084e+00 3.077704347037856003e+00
3.211644594020718557e+00 3.154735525064275237e+00
3.303862978557125185e+00 3.258874710129871399e+00
3.395122648894774553e+00 3.319072072099869430e+00
3.483190425694679515e+00 3.406936383243719835e+00
3.577710646871675948e+00 3.529562030619315394e+00
3.668388935244844884e+00 3.602596491372836329e+00
3.759072639921327674e+00 3.685805627430978948e+00
3.853773613238319573e+00 3.788601350455351291e+00
3.942145359708533636e+00 3.853286359254347815e+00
4.033717360799660590e+00 3.970710602940967338e+00
4.130152670500462975e+00 4.052894115055048374e+00
4.221846575290795656e+00 4.157279777549002020e+00
4.311533760799097337e+00 4.239680933374954996e+00
4.404291070653439277e+00 4.330581932096537301e+00
4.497864152680047134e+00 4.428857858622181176e+00
4.590758096073948913e+00 4.482820654321775677e+00
4.687728271869335828e+00 4.561679527505769549e+00
4.782542145635185094e+00 4.689597219172783937e+00
4.870051525188181074e+00 4.806820863865219451e+00
4.956904689282595200e+00 4.880270411839431333e+00
5.048826916823848876e+00 4.969401516312561107e+00
5.142056400017227524e+00 5.064186214781719819e+00
5.226402910410311797e+00 5.141538174900132319e+00
5.325740881980845387e+00 5.244416724359159510e+00
5.416777936083641443e+00 5.311337930908903715e+00
5.503466260750308869e+00 5.410819376755887866e+00
5.593753679814184032e+00 5.529014051845426714e+00
5.687966717963225172e+00 5.573814564689332229e+00
5.779656400936856286e+00 5.670157653628562500e+00
5.867857141210992999e+00 5.793197096948388136e+00
5.960143600051367230e+00 5.907229379029257821e+00
6.056496209416738274e+00 5.957594412806380468e+00
6.150008541482363533e+00 6.039773180023287225e+00
6.238634702303453849e+00 6.145137573390040409e+00
6.329665704249832991e+00 6.232954425329634063e+00
6.423997179340500630e+00 6.344998160249246233e+00
6.518876902623071068e+00 6.412784152885826039e+00
6.607098814604770887e+00 6.521905318552011721e+00
6.698488631101771951e+00 6.629122195879285862e+00
6.790410545234207618e+00 6.691243877334907886e+00
6.877786199027458025e+00 6.793336192466413515e+00
6.966947098811973049e+00 6.884211427472302525e+00
7.058212420774195195e+00 6.984877927113142704e+00
7.151740570213736881e+00 7.055414844971855892e+00
7.246102647871313529e+00 7.146962698918994938e+00
7.334605324586145336e+00 7.239033875946135232e+00
7.424712708839240172e+00 7.330562099903475293e+00
7.514497457128700653e+00 7.385769996436091667e+00
7.609754523774235224e+00 7.494376145713598447e+00
7.701239079571221779e+00 7.593399034433290673e+00
7.797253040725928841e+00 7.701113545542515482e+00
7.882850245654651644e+00 7.744377329622939676e+00
7.977167205573300279e+00 7.843006140598108189e+00
8.065999292157044920e+00 7.954919684219993847e+00
8.160758160007182127e+00 8.047843083211487780e+00
8.248444450731348354e+00 8.166215393171126991e+00
8.347782340088961917e+00 8.215407754837180221e+00
8.434511841416439282e+00 8.283639852989590935e+00
8.529564054646835203e+00 8.383197943004226715e+00
8.618126791520708707e+00 8.525748063716431346e+00
8.707835668000848628e+00 8.621901905835336777e+00
8.801789846021245367e+00 8.678256900058645584e+00
8.896910018568734202e+00 8.787853494254855846e+00
8.981186666624616066e+00 8.856784284710725430e+00
9.075846001519408901e+00 8.945390405986298532e+00
9.168548350895830978e+00 9.032928492176726110e+00
