0.000000000000000000e+00 0.000000000000000000e+00
0.000000000000000000e+00 0.000000000000000000e+00
0.000000000000000000e+00 0.000000000000000000e+00
0.000000000000000000e+00 0.000000000000000000e+00
6.305230040211369166e-03 0.000000000000000000e+00
0.000000000000000000e+00 -9.457845060317054617e-03
2.532597651657312460e-02 0.000000000000000000e+00
1.963005234989837477e-01 8.153402569592176352e-01
1.097187279218757583e+00 1.247021775843229818e+00
1.345442506046099940e+00 1.429278169860109138e+00
1.482154877212009447e+00 1.554330483045093914e+00
1.614829250837570562e+00 1.673234215696260296e+00
1.736146609053083933e+00 1.795866578905135125e+00
1.852743578305002803e+00 1.913061207837042366e+00
1.981313138674168917e+00 2.028675533994178437e+00
2.107329691032759023e+00 2.148965486370140177e+00
2.232395342473183497e+00 2.261144137237804497e+00
2.378477527071970243e+00 2.343674285901510945e+00
2.497896679351872873e+00 2.470585741261893453e+00
2.620207962182785177e+00 2.601316332827390720e+00
2.737709136315568337e+00 2.719462459345912464e+00
2.870436326940883909e+00 2.827845268947254631e+00
2.992707692358067550e+00 2.962681731199881874e+00
3.114127358749787522e+00 3.086184104348304480e+00
3.242356959030158414e+00 3.206202910631656966e+00
3.369036201854015200e+00 3.335738577350890299e+00
3.495673252778371598e+00 3.456943325555483337e+00
3.619939888504111636e+00 3.576292561946564419e+00
3.744366815411480864e+00 3.688986045164360572e+00
3.875679732011097389e+00 3.825663063537513953e+00
4.001696305003647147e+00 3.969838749327004646e+00
4.132577766859022894e+00 4.107335964575329790e+00
4.261390836154897777e+00 4.231952961569382055e+00
4.395682794561856177e+00 4.341674768682314500e+00
4.524841058737716359e+00 4.490650228136292554e+00
4.657271137989962284e+00 4.602242761790305003e+00
4.784791165398126545e+00 4.747864158561133863e+00
4.920940802969439254e+00 4.850281450165865316e+00
5.055430617793033043e+00 4.958698958332640849e+00
5.182461814371425390e+00 5.097162393042063755e+00
5.314620273743376977e+00 5.244081358575058971e+00
5.444611214196720894e+00 5.368691533703922047e+00
5.581400692801608443e+00 5.513699827519022101e+00
5.713077610648995552e+00 5.628004737133863955e+00
5.841037949356344683e+00 5.764844476656154626e+00
5.973935974599121401e+00 5.864766162458714405e+00
6.094394212047345327e+00 6.032872231437698574e+00
6.226590286571391353e+00 6.127405102023952388e+00
6.354717797017255698e+00 6.257233313460735857e+00
6.484383762225839121e+00 6.362248938374274410e+00
6.614566412291486230e+00 6.512021227828793890e+00
6.752273817430294756e+00 6.664629550320821494e+00
6.875215703216668750e+00 6.764133255098774278e+00
7.015205444726459127e+00 6.876899360965741614e+00
7.139705411325069306e+00 7.063095012674729389e+00
7.275363777611968175e+00 7.185698625106556214e+00
7.406604620072058331e+00 7.250783607450251189e+00
7.534117434169152361e+00 7.401158320937111235e+00
7.661467245212554289e+00 7.566809161676028239e+00
7.790279631251939563e+00 7.701177603401052174e+00
7.930021495052945291e+00 7.824723788913991562e+00
8.057275704095410163e+00 7.951961245371491849e+00
8.193406236287101407e+00 8.096680763413367288e+00
8.322273996106821059e+00 8.221630777190485517e+00
8.451353576319970529e+00 8.359839767920353992e+00
8.584023780166305073e+00 8.452427921446604486e+00
8.728984607682273023e+00 8.581082452465949473e+00
8.856094392044910890e+00 8.709800934037513542e+00
8.986970189697164102e+00 8.803035271032300102e+00
9.115768330504248951e+00 9.000141754375166059e+00
9.240393758512340128e+00 9.115820448247889729e+00
9.374817707574029768e+00 9.233577974462784610e+00
9.510866257137230662e+00 9.389930700995057222e+00
9.633051120850339544e+00 9.482741844846797719e+00
9.766461675719224189e+00 9.586188016968410608e+00
9.893856704823740245e+00 9.755023141054813607e+00
1.002656747234668799e+01 9.868180347713844114e+00
1.015019962177258961e+01 1.001691574255784545e+01
1.028571090256537701e+01 1.011737423691835680e+01
1.041810550747215558e+01 1.025946416225669644e+01
1.054717920708701229e+01 1.041858404304167429e+01
1.069076737422331824e+01 1.057432340120072567e+01
1.081713439667564636e+01 1.066621775176169429e+01
1.095725271957491209e+01 1.075769706232644474e+01
1.109892027382111301e+01 1.086818749595377298e+01
1.122930800064000323e+01 1.103254333394930597e+01
1.137148297122961971e+01 1.119294884637229970e+01
1.149536733617147810e+01 1.131652772651951011e+01
1.162788029446364924e+01 1.143564386355435403e+01
1.175820376181108529e+01 1.161931250427229756e+01
1.190173447131738094e+01 1.169959486503659640e+01
1.202435948907646512e+01 1.182229676413751562e+01
1.216329396821619291e+01 1.194704422918293396e+01
1.229449114964778822e+01 1.207931794698587780e+01
1.242602179144827801e+01 1.221307782020434196e+01
1.255288622447447722e+01 1.236192102893815736e+01
1.268594913498771248e+01 1.246825082966000231e+01
1.281884049002650094e+01 1.253051506774846757e+01
1.293871107960788791e+01 1.273119163164626144e+01
1.308231613417833650e+01 1.283805969363630162e+01
1.321810367087017291e+01 1.304683667928763313e+01
