0.000000000000000000e+00 0.000000000000000000e+00
0.000000000000000000e+00 0.000000000000000000e+00
0.000000000000000000e+00 0.000000000000000000e+00
0.000000000000000000e+00 0.000000000000000000e+00
0.000000000000000000e+00 0.000000000000000000e+00
0.000000000000000000e+00 0.000000000000000000e+00
1.690606585816495089e-01 1.160088790483417176e+00
1.697023677049056101e+00 4.231514328147363280e+00
4.094338096576908725e+00 3.893548184425712044e+00
4.164693924910607414e+00 4.162852902361318996e+00
4.195444108863078725e+00 4.194365166161500014e+00
4.245307513662195831e+00 4.245598574955929294e+00
4.330573085460994953e+00 4.354307221653749060e+00
4.438761556858925594e+00 4.525799451554489039e+00
4.538986753636720550e+00 4.624983657740809662e+00
4.714552472320024279e+00 5.014059514839242837e+00
4.986451854550824514e+00 5.280032971901754024e+00
5.196794476519620787e+00 5.442874814441312381e+00
5.420476895941710893e+00 5.653183316082529331e+00
5.623472113694034213e+00 5.812763927489169369e+00
5.815950555108803322e+00 5.993993221686500839e+00
5.995659852394868317e+00 6.174993574153170073e+00
6.184438562427979846e+00 6.351815158699758435e+00
6.354616764461800571e+00 6.534085234839698941e+00
6.529305029864794996e+00 6.687159052140969173e+00
6.695952405148026365e+00 6.854892151083365803e+00
6.862963577013934113e+00 7.017526789917634567e+00
7.054655295281992977e+00 7.185778552905922822e+00
7.214712739319572243e+00 7.336679391824981522e+00
7.400714212775492129e+00 7.499476878140587388e+00
7.575115601288186618e+00 7.657323943335176963e+00
7.750609251746586992e+00 7.811930744456212494e+00
7.881665285394079845e+00 7.968867621416997338e+00
8.116246233440742586e+00 8.037668070860259917e+00
8.163649058781629719e+00 8.286107893955895420e+00
8.443892573595485729e+00 8.331556054399415601e+00
8.594901274151759196e+00 8.450029020212062036e+00
8.757385539065964508e+00 8.595364183104006628e+00
8.917594115065471172e+00 8.736748836112331773e+00
9.076584326664121960e+00 8.940491430334198242e+00
9.244837149066462700e+00 9.078910078506989834e+00
9.400755519921512260e+00 9.240013986244143496e+00
9.562724671802424581e+00 9.409719489009667370e+00
9.568813708466684886e+00 9.714882366131250890e+00
9.894015540175921331e+00 9.732736300765791881e+00
1.004549631234933571e+01 9.883103244286807865e+00
1.021301818730407618e+01 1.008452632427569107e+01
1.038467024403003691e+01 1.025999177622646386e+01
1.056593990260534532e+01 1.042918803560118590e+01
1.074049888624419147e+01 1.060932613326858664e+01
1.091449752708653875e+01 1.075955828614353216e+01
1.109643994111112875e+01 1.093402956993893405e+01
1.126789738111898487e+01 1.113113977482107053e+01
1.146104810157870979e+01 1.127496241775075880e+01
1.163875318931184211e+01 1.144555208556347914e+01
1.181914080036768944e+01 1.157979508976319671e+01
1.200890354122295456e+01 1.178608300247859830e+01
1.199133654425799200e+01 1.216787755439290208e+01
1.236445843498139396e+01 1.212950603952860362e+01
1.255640447975681617e+01 1.235079080753336278e+01
1.272666163830230524e+01 1.252850201872479374e+01
1.291816538157029726e+01 1.270473204552209090e+01
1.309572124370564694e+01 1.285755368394303311e+01
1.327339893395863868e+01 1.310613981698819863e+01
1.345497867779604917e+01 1.325211918651716836e+01
1.363167050529154878e+01 1.344885443926587598e+01
1.381153770747801879e+01 1.363716518506142350e+01
1.398321672398975934e+01 1.380680735469657172e+01
1.415994814287309467e+01 1.396218395633215081e+01
1.434541848509610773e+01 1.415090381473778081e+01
1.452429821758001083e+01 1.433273804888268366e+01
1.470199648140318693e+01 1.452024549457156510e+01
1.489198059768106930e+01 1.472323071427512176e+01
1.507095031108569749e+01 1.488628035240984282e+01
1.504593878277177765e+01 1.519372074563304231e+01
1.543446547169198446e+01 1.527707218614411921e+01
1.559839810381555480e+01 1.534492400165728654e+01
1.580145758736668604e+01 1.564557811556861644e+01
1.597980104355169573e+01 1.578233979043660895e+01
1.617532212657440738e+01 1.603055252482691273e+01
1.636262435938087023e+01 1.622919625132812271e+01
1.653889678242177297e+01 1.637561594871538517e+01
1.674041871680480043e+01 1.661314911772607417e+01
1.692097695091818821e+01 1.677776089238793844e+01
1.711743179349845079e+01 1.696909746828151810e+01
1.730270982941737046e+01 1.716287727363237536e+01
1.750017697214738632e+01 1.732022471531688979e+01
1.769186713142592637e+01 1.748998405758549168e+01
1.788535767717041480e+01 1.766776996558325763e+01
1.807799913748553777e+01 1.778008472113819494e+01
1.827484681792708798e+01 1.799584755517496149e+01
1.845399843499197345e+01 1.825303286637478450e+01
1.864789883966544792e+01 1.849332067505107347e+01
1.883594786041994240e+01 1.859251358370422835e+01
1.904090725163487363e+01 1.871071060875000214e+01
1.898767866360203627e+01 1.912517874881848812e+01
1.939001166758211170e+01 1.918520960932146124e+01
1.955162556583482214e+01 1.936823272115962524e+01
1.974421530337340158e+01 1.956256942333175886e+01
1.993995991278505286e+01 1.971504936442503109e+01
2.013421914315252792e+01 1.998802007178443674e+01
