0.000000000000000000e+00 0.000000000000000000e+00
0.000000000000000000e+00 0.000000000000000000e+00
0.000000000000000000e+00 0.000000000000000000e+00
0.000000000000000000e+00 0.000000000000000000e+00
0.000000000000000000e+00 0.000000000000000000e+00
0.000000000000000000e+00 0.000000000000000000e+00
4.621685517690474893e-02 3.542726263021538959e-03
2.387831555743080980e-01 1.662290471430657446e-01
4.476589577059454372e-01 1.424605768998185473e+00
1.705930919347230290e+00 1.763568992147750425e+00
1.988290136306410716e+00 2.134244998505785862e+00
2.457951692859326354e+00 2.494088589207025919e+00
2.655632700940240287e+00 2.754838867394587165e+00
2.837862271827668703e+00 2.978166846973701265e+00
2.986204770451576174e+00 3.147246638136198538e+00
3.180553252952523113e+00 3.256062807247226409e+00
3.318337926435968921e+00 3.459319746761856162e+00
3.460495048478848368e+00 3.624686531355296282e+00
3.607433651668515928e+00 3.794448263377666386e+00
3.760804278955264479e+00 3.926155471876958902e+00
3.939590156576540547e+00 4.079828254756166395e+00
4.094847063905516116e+00 4.210724498362506729e+00
4.255606476590433118e+00 4.349472318169355312e+00
4.438488226012544224e+00 4.491354928430249416e+00
4.588035830712699159e+00 4.624605885162095475e+00
4.752549154583758373e+00 4.732346864507388062e+00
4.874035829646694573e+00 4.900374817957198204e+00
5.018349124572627495e+00 5.039981152871817471e+00
5.170931663217452900e+00 5.140150535837305412e+00
5.311229292220189357e+00 5.297074432004663436e+00
5.454478860804670148e+00 5.442167052438206198e+00
5.600952965194949229e+00 5.585572079273142698e+00
5.744129952446904497e+00 5.715227145185655999e+00
5.894310644275734035e+00 5.859246705801385957e+00
6.043378810220419339e+00 5.981959350390098962e+00
6.188110480398512969e+00 6.113477357389075273e+00
6.334753949394284156e+00 6.259396071377066662e+00
6.486692386735407823e+00 6.386400356960396429e+00
6.638576482359957787e+00 6.573591301201306969e+00
6.792089648555385217e+00 6.705466324938329947e+00
6.945454504164960241e+00 6.855967010980950960e+00
7.097970609442122658e+00 7.028330177633129061e+00
7.253238334044310953e+00 7.163700076710709297e+00
7.310458731012993816e+00 7.387285563312631531e+00
7.556860626295543781e+00 7.456722426226602529e+00
7.715518081189899569e+00 7.617012945396999690e+00
7.860188457366431791e+00 7.761123743007353859e+00
8.020606217882484401e+00 7.909239392411288705e+00
8.177666153280718220e+00 8.074171689761081794e+00
8.341309375133771908e+00 8.249186663994652946e+00
8.500501561011020613e+00 8.402821143679567228e+00
8.657713088581763472e+00 8.573757048881223142e+00
8.813631273530891264e+00 8.716603643739166074e+00
8.964763860792187344e+00 8.827253728794893561e+00
9.141409279712235048e+00 9.006754054216926875e+00
9.298406892243871624e+00 9.191267760005231935e+00
9.456392630237097308e+00 9.299759025707318827e+00
9.613855127451815363e+00 9.497814700572195790e+00
9.779561504074099076e+00 9.640105385914427671e+00
9.939269821295605212e+00 9.815676055980667059e+00
1.009983018498959773e+01 9.968700319038985569e+00
1.025489136710133309e+01 1.016382621242873086e+01
1.042457609406649688e+01 1.030436603211248148e+01
1.057233830262152807e+01 1.045587801521803684e+01
1.072960211118623164e+01 1.063339037049467528e+01
1.088939093461143592e+01 1.073625585595067555e+01
1.105330082270669401e+01 1.088413282823358941e+01
1.121360949217783087e+01 1.109935064535253524e+01
1.126350193721274806e+01 1.131492810887659672e+01
1.150824295935646902e+01 1.138048410994437454e+01
1.166192602298949410e+01 1.152328969042086548e+01
1.181796570319284712e+01 1.175806954885789501e+01
1.198212306593108067e+01 1.187023047150423238e+01
1.214644758780500311e+01 1.202315481764792970e+01
1.230315193308276989e+01 1.222327140496523334e+01
1.247126497641195542e+01 1.235099403450193556e+01
1.262419775295295032e+01 1.248353544089372313e+01
1.279469523117458785e+01 1.264181426869543223e+01
1.294875587770679637e+01 1.281351954340605204e+01
1.310964670265153664e+01 1.295059683238393688e+01
1.326241524127420313e+01 1.315523176466220967e+01
1.343261462438575649e+01 1.327375505425898261e+01
1.361025041985744899e+01 1.343955394465836584e+01
1.375223039283024917e+01 1.361874997234580498e+01
1.393200604001599352e+01 1.379640063165067154e+01
1.409208724015823400e+01 1.391559782289331793e+01
1.426163389305311213e+01 1.409796704082454077e+01
1.443164945198022764e+01 1.420848366091577120e+01
1.459472259717449916e+01 1.441802184752105198e+01
1.475415450828712771e+01 1.459692438906207279e+01
1.491064460770844669e+01 1.468259430334090432e+01
1.507262762256069344e+01 1.487745370798301003e+01
1.524189399580501814e+01 1.507159810410264811e+01
1.523212238762942938e+01 1.530659456315683542e+01
1.554550345039361581e+01 1.536388958482277012e+01
1.570133231219528547e+01 1.552190822183344743e+01
1.586523715601065021e+01 1.562851864884846265e+01
1.602911668078630925e+01 1.582809863000601958e+01
1.619910624832169077e+01 1.601331861602718121e+01
1.636709911908748794e+01 1.613535786534999517e+01
1.652846446033368721e+01 1.637616886949690098e+01
