0.000000000000000000e+00 0.000000000000000000e+00
0.000000000000000000e+00 0.000000000000000000e+00
0.000000000000000000e+00 0.000000000000000000e+00
0.000000000000000000e+00 0.000000000000000000e+00
0.000000000000000000e+00 0.000000000000000000e+00
0.000000000000000000e+00 0.000000000000000000e+00
0.000000000000000000e+00 0.000000000000000000e+00
1.781888464593528454e-01 6.389402867575192380e-01
9.865246223306056716e-01 1.328879139571580881e+00
1.328684264671575077e+00 1.576042985749460890e+00
1.678931711955932826e+00 1.744055525971758058e+00
1.883738962338066703e+00 1.901809631920348576e+00
2.003623578750330481e+00 2.020144574587104724e+00
2.131883075101139280e+00 2.112221324293009683e+00
2.241113880384107748e+00 2.279725689048309967e+00
2.370595328584850670e+00 2.418429050070835196e+00
2.496585711991452072e+00 2.546784415936570234e+00
2.606155633686427109e+00 2.669246478668607203e+00
2.749124474401957396e+00 2.800292829325271793e+00
2.920885675315785246e+00 2.892928320925724162e+00
3.006367308838544528e+00 3.047145551008578757e+00
3.171665441375127958e+00 3.127144322341059546e+00
3.297523424196637354e+00 3.253968449607270497e+00
3.425996093366679762e+00 3.380185861020154281e+00
3.550519242909639495e+00 3.522791884167304044e+00
3.629815591725018553e+00 3.695508675759571648e+00
3.774540115431515908e+00 3.833929225627731974e+00
3.962028997094266813e+00 3.913679407403596322e+00
4.094705420917624572e+00 4.041243895507069084e+00
4.227867557241340002e+00 4.186819717953633280e+00
4.294103969080237171e+00 4.363104185109277111e+00
4.495504612294912050e+00 4.441619765228201899e+00
4.638415987686586917e+00 4.568140896474212731e+00
4.774484554638851463e+00 4.717753167163759365e+00
4.908389394968983410e+00 4.824364526750107629e+00
5.058041444111168516e+00 4.969331854150338401e+00
5.185987311821346424e+00 5.116238239179709879e+00
5.318164781941552732e+00 5.245366487449082626e+00
5.449892498875472668e+00 5.378526044571535714e+00
5.595073282373125068e+00 5.504174342436396472e+00
5.729075151154496837e+00 5.659931598443173506e+00
5.865193053097923936e+00 5.805552485246741945e+00
5.936403018835521017e+00 5.975966279901785860e+00
6.125850546926872475e+00 6.067887564397524969e+00
6.264637663142267776e+00 6.199003567361832445e+00
6.408640524377775982e+00 6.304951823604821648e+00
6.548368827454707386e+00 6.479986049035145079e+00
6.683657596232846387e+00 6.613641741109280048e+00
6.825293077347051707e+00 6.749258848723131976e+00
6.959842477083065582e+00 6.887519500382838444e+00
7.114035033480091030e+00 7.034206129032261501e+00
7.240429944124981532e+00 7.119841479061270739e+00
7.379265307890778836e+00 7.303028519720821343e+00
7.521373544373044062e+00 7.450249451571531623e+00
7.660500109536750202e+00 7.556479909124480088e+00
7.800393770870808652e+00 7.738052169956734616e+00
7.935351671719192090e+00 7.844455789689288139e+00
8.083762337169781986e+00 8.003805028921178177e+00
8.220966809706856893e+00 8.147524641620098151e+00
8.362055629156676773e+00 8.250604114355663654e+00
8.495767780802735203e+00 8.352538504927759178e+00
8.642264584317992160e+00 8.516898330898767355e+00
8.782780196298114461e+00 8.689833680075535582e+00
8.928245915957583989e+00 8.844206241916628741e+00
9.072417374979782068e+00 8.933087860322194373e+00
9.224342065548471581e+00 9.122963486964593471e+00
9.353874829266107582e+00 9.205317493503464732e+00
9.506760270127891488e+00 9.351744843590665823e+00
9.643900211080179474e+00 9.482187989905440872e+00
9.774761740150244904e+00 9.628109984188302661e+00
9.912406691762534194e+00 9.789926594983251462e+00
1.005715234058792795e+01 9.938161662058142554e+00
1.019607116502229260e+01 1.008604649765088190e+01
1.033174256781094869e+01 1.021017748758766430e+01
1.048473507799445947e+01 1.032835423903030403e+01
1.062259990192690218e+01 1.044481328617939120e+01
1.076203535220398955e+01 1.057495980075670694e+01
1.091667636452739565e+01 1.074124587865550673e+01
1.105943217135623513e+01 1.090520173240085633e+01
1.119074719141173979e+01 1.102270685173436426e+01
1.133560371098836228e+01 1.118783513225555915e+01
1.149142667316233712e+01 1.136810535753583196e+01
1.161869444919588368e+01 1.139796946357896879e+01
1.175869643373207474e+01 1.156522654947396056e+01
1.190597851008678809e+01 1.175557740763988690e+01
1.204413626084054378e+01 1.182117754541130594e+01
1.218157391549032376e+01 1.200074422359471171e+01
1.231698296409640747e+01 1.215601240778052272e+01
1.245955128967730374e+01 1.226586503517516213e+01
1.260582221059788033e+01 1.241661648688942954e+01
1.274415302907819481e+01 1.256967578176915445e+01
1.287607408378422669e+01 1.263836863045777825e+01
1.301702617879127111e+01 1.292448478937833478e+01
1.316122170940785097e+01 1.303643164972778301e+01
1.329808606895412204e+01 1.310538142598413458e+01
1.343631823780510004e+01 1.326805144181217955e+01
1.357837368511531650e+01 1.338065991374132935e+01
1.371296661453085619e+01 1.347887486886130226e+01
1.386743266838301203e+01 1.365720636090689410e+01
1.400532073041269321e+01 1.377065546833628495e+01
1.413796140540083357e+01 1.403646577943593954e+01
