0.000000000000000000e+00 0.000000000000000000e+00
0.000000000000000000e+00 0.000000000000000000e+00
0.000000000000000000e+00 0.000000000000000000e+00
0.000000000000000000e+00 0.000000000000000000e+00
0.000000000000000000e+00 0.000000000000000000e+00
0.000000000000000000e+00 0.000000000000000000e+00
0.000000000000000000e+00 0.000000000000000000e+00
6.772769917123225292e-02 0.000000000000000000e+00
5.378672205061257872e-02 6.548301908046942010e+00
3.663110061760827207e+00 7.523890981666838229e+00
7.518361704670835977e+00 7.533472754813841377e+00
7.324409815155330961e+00 7.384901001045522051e+00
7.352158634412436555e+00 7.395583201650246075e+00
7.313624947752625616e+00 7.310771271808241600e+00
7.371672046378312082e+00 7.416020419270894060e+00
7.435998230212751636e+00 7.604674828064659664e+00
7.538274190624941973e+00 7.826852412990874086e+00
7.597999169834656286e+00 8.045841257629898990e+00
7.993119185629446122e+00 8.199005875811582911e+00
8.115912835082337295e+00 8.455529999371551142e+00
8.421887149929187188e+00 8.679048171972663539e+00
8.587612861878593407e+00 8.829249239293933016e+00
8.778917246465557156e+00 9.028013015400450314e+00
8.977020861386707296e+00 9.196224170529083253e+00
9.194151370395752920e+00 9.351672425762789231e+00
9.354862074319857612e+00 9.533041131175439276e+00
9.569688755092457200e+00 9.698981021439122330e+00
9.746862312281885821e+00 9.868040482017496728e+00
9.928192890480021404e+00 1.002826767151806031e+01
1.009988665999432556e+01 1.019711761593772792e+01
1.026734959134017622e+01 1.036802340786370458e+01
1.042393357774208695e+01 1.053086862008240132e+01
1.059311705386582858e+01 1.069606461095178851e+01
1.074174888138625761e+01 1.085043554157192958e+01
1.093969760221225229e+01 1.101690795609520457e+01
1.108219840406271040e+01 1.118165268737551621e+01
1.128296320123335938e+01 1.135448392514637206e+01
1.141431917028228149e+01 1.151853281502051907e+01
1.157826485992143084e+01 1.167518343160301519e+01
1.175213999750025984e+01 1.184936235767372814e+01
1.189603939373218111e+01 1.201124559494160948e+01
1.209603856275261613e+01 1.218677393783056573e+01
1.223757696898184655e+01 1.235207379146910434e+01
1.237843373746765607e+01 1.250363481872053129e+01
1.257778548261051554e+01 1.268185643998334733e+01
1.272250384274316026e+01 1.285128150108404199e+01
1.286733764332573671e+01 1.299927794201016518e+01
1.303786246398225934e+01 1.316655328340880260e+01
1.319597676276951681e+01 1.332583713702779171e+01
1.333693820513109429e+01 1.347414324619452586e+01
1.357566716744107183e+01 1.349626079530185585e+01
1.366210217778010971e+01 1.378728858196045692e+01
1.378472883534199056e+01 1.394393076401775389e+01
1.398350718444314467e+01 1.409509663313979289e+01
1.409375663746806495e+01 1.426620526065948091e+01
1.427634500832030895e+01 1.442503403230674941e+01
1.441631515123379970e+01 1.458811827724867349e+01
1.462640881318003316e+01 1.474577177882409273e+01
1.478359682778029338e+01 1.490736528484588597e+01
1.494897626090141607e+01 1.508482922541623950e+01
1.505998256328343921e+01 1.523948891942786865e+01
1.528320754203822673e+01 1.540867103220547563e+01
1.542471853187897146e+01 1.557666219714320377e+01
1.562196085297396486e+01 1.574172242768064756e+01
1.575093286184255703e+01 1.590419590980175002e+01
1.589716867626336416e+01 1.608018615830377129e+01
1.605838522862023510e+01 1.624522326654870596e+01
1.624086090170854746e+01 1.640779548764781381e+01
1.639716132553109773e+01 1.656281805971190479e+01
1.650951029305465667e+01 1.672726377541122389e+01
1.669184332176526553e+01 1.688837497921779374e+01
1.702521998691941363e+01 1.687171408936904982e+01
1.698531909075033397e+01 1.720382286400686667e+01
1.733633720661768507e+01 1.717634093576428000e+01
1.750382969629393060e+01 1.732818763901117620e+01
1.746298520709056490e+01 1.767551439053902840e+01
1.782795691176036357e+01 1.761972344118894185e+01
1.798894506327498988e+01 1.778225894222449099e+01
1.813699270818205278e+01 1.795831098904200473e+01
1.803687777912993084e+01 1.833344303933280628e+01
1.847477524298845353e+01 1.825298259977386195e+01
1.847235611585431059e+01 1.863190315711009148e+01
1.881263523975941965e+01 1.855711097066606641e+01
1.869305625063907783e+01 1.898170300814344102e+01
1.889105059666687580e+01 1.913614044638914535e+01
1.909757578533679734e+01 1.930912320238732605e+01
1.929869494914145989e+01 1.945748906724089267e+01
1.933817075731986534e+01 1.963797676716787777e+01
1.979785100783696805e+01 1.957686431276375671e+01
1.978870834002425028e+01 1.995655028026343203e+01
1.994340605405913180e+01 2.011920272689335576e+01
2.029133404362583448e+01 2.004768102256107198e+01
2.047159043959221592e+01 2.021334134971193919e+01
2.063536349620252253e+01 2.031944830810063607e+01
2.080107057121114167e+01 2.055407220116025613e+01
2.098893351222562131e+01 2.076309459067629959e+01
2.115859518704570164e+01 2.097195533615109397e+01
2.103352478658609570e+01 2.129981777367208551e+01
2.148729549218191792e+01 2.133805968376153217e+01
2.167428592624157702e+01 2.133178733487422107e+01
2.183711986981024111e+01 2.171083395430874319e+01
