0.000000000000000000e+00 0.000000000000000000e+00
9.383116907055431572e-04 0.000000000000000000e+00
2.574973176792001110e-03 0.000000000000000000e+00
1.550633049271471844e-02 0.000000000000000000e+00
6.482208930740210318e-02 -7.140227622692464507e-04
1.527664749351855811e-01 3.404957569589490973e-02
1.754788055935517788e-01 1.106824982756646758e+00
1.324067524699950260e+00 1.366206541089551640e+00
1.534441297764911782e+00 1.569406708206411594e+00
1.752726312232325556e+00 1.788353627555625103e+00
1.982142067179262446e+00 1.939725006601469293e+00
2.133828901229978481e+00 2.187979135644359641e+00
2.378879165251954753e+00 2.335589838432899690e+00
2.570269230752345369e+00 2.520312282852806174e+00
2.767976628366932257e+00 2.718345959097665077e+00
2.973037927481374076e+00 2.915744915880137178e+00
3.172242166163433463e+00 3.117031815835838326e+00
3.367630481859408498e+00 3.328464335651633466e+00
3.562203295411782378e+00 3.511551883781458105e+00
3.756675511856352845e+00 3.713530764876553203e+00
3.948349403632810173e+00 3.908304681198354835e+00
4.137088937773712338e+00 4.100985942327701750e+00
4.337747882137244382e+00 4.296044584089491636e+00
4.536739214414702737e+00 4.469773787706592394e+00
4.731250625431417056e+00 4.648385681109900247e+00
4.940440345984182358e+00 4.878293702703262014e+00
5.133695540806083812e+00 5.055653398937268506e+00
5.332400655141165124e+00 5.256228805382719749e+00
5.531164973900381199e+00 5.467150779509381664e+00
5.724903229510585945e+00 5.610542604647417164e+00
5.917716667153463561e+00 5.798946739277081264e+00
6.116194924569564151e+00 5.991559756216830124e+00
6.307107063004117720e+00 6.206784629780794482e+00
6.508416315093616511e+00 6.340321589864757357e+00
6.708057913400721439e+00 6.561761405908198341e+00
6.906448909268381620e+00 6.754744108706111305e+00
7.093042455411209701e+00 6.934490129520939128e+00
7.298692936092137984e+00 7.172905974622669767e+00
7.494025709364279919e+00 7.345985971742198473e+00
7.704451454552354583e+00 7.550531427144585805e+00
7.905002867743382566e+00 7.735363824367937013e+00
8.112858955371423875e+00 7.915874050265010453e+00
8.309474677786848673e+00 8.150834674673207658e+00
8.501034650002566195e+00 8.315250851166480217e+00
8.699225854387744761e+00 8.502982118583920723e+00
8.902925235975427398e+00 8.681121566755026109e+00
9.092206173218469800e+00 8.897425320247812408e+00
9.296367331053563277e+00 9.088644917668538881e+00
9.483543546210842834e+00 9.323234977091237496e+00
9.676501174017412055e+00 9.488660262052450278e+00
9.876463267816214753e+00 9.700747631927622905e+00
1.006599670974686234e+01 9.817096254897299090e+00
1.026303093530664512e+01 1.007628940448013388e+01
1.046252528892961031e+01 1.026354439866487134e+01
1.066395898924190533e+01 1.044237178073047900e+01
1.086229751631457496e+01 1.060280063028727859e+01
1.107444366880019082e+01 1.081527982123777143e+01
1.125876465113611147e+01 1.101586100065134488e+01
1.145230047101793147e+01 1.121815566275398623e+01
1.165607530481262444e+01 1.140983538669102160e+01
1.184740799100937814e+01 1.159058785045206541e+01
1.204568448528598701e+01 1.183935923286766467e+01
1.225846792389756956e+01 1.199021996221307695e+01
1.245850754660954962e+01 1.214239661645032520e+01
1.265649037171504432e+01 1.237837443154907291e+01
1.284423854085645900e+01 1.257280611316798158e+01
1.304652251659543438e+01 1.269408075059055996e+01
1.324526710143596553e+01 1.296646216621978809e+01
1.344119990716525592e+01 1.306210354680845853e+01
1.365208275386912895e+01 1.338184692861220171e+01
1.383542828339432162e+01 1.354172721509216260e+01
1.403226676872516165e+01 1.373699113696056706e+01
1.422076544882689930e+01 1.398845932683535409e+01
1.441253761914113696e+01 1.415118072600938426e+01
1.461061430642614667e+01 1.427976430279301212e+01
1.479546270435674060e+01 1.454008805017988415e+01
1.497732481981235075e+01 1.470291520618317982e+01
1.517742318052894746e+01 1.496204699866960830e+01
1.537932005821206971e+01 1.511003013843821563e+01
1.556126829560015778e+01 1.531533647372449991e+01
1.576941395161589377e+01 1.549649689537932140e+01
1.596662445045965484e+01 1.577587122955116961e+01
1.616641190125836403e+01 1.590198688666436766e+01
1.635562125446418591e+01 1.607006614653001009e+01
1.656160515863546223e+01 1.625275534558050694e+01
1.673604236796478162e+01 1.647579695906993891e+01
1.693972186147266257e+01 1.671816795125176824e+01
1.712889089976063417e+01 1.688948760782615821e+01
1.733872513432293516e+01 1.707753902736322971e+01
1.751006938634239418e+01 1.731899308174822139e+01
1.770388847737001470e+01 1.749128039373122334e+01
1.790471684943212693e+01 1.768589156067392665e+01
1.808180984676745240e+01 1.785868591226079971e+01
1.829539138565030854e+01 1.798690109966820216e+01
1.847841932040094193e+01 1.828051983744218845e+01
1.868952417961367374e+01 1.838678781082465719e+01
1.888048976096609621e+01 1.850739729470286932e+01
1.907260830781807570e+01 1.877570343795477470e+01
1.927222382434125691e+01 1.900749159681155831e+01
1.946990709776964934e+01 1.911601635677267907e+01
1.966727308752662040e+01 1.941973491292917942e+01
