0.000000000000000000e+00 0.000000000000000000e+00
0.000000000000000000e+00 0.000000000000000000e+00
0.000000000000000000e+00 0.000000000000000000e+00
0.000000000000000000e+00 0.000000000000000000e+00
0.000000000000000000e+00 0.000000000000000000e+00
0.000000000000000000e+00 0.000000000000000000e+00
4.494620313693102331e-01 1.690385227659940259e+00
1.932931036342993014e+00 2.221126490049762481e+00
2.388556801547281783e+00 2.390623969287442474e+00
2.544762975507656844e+00 2.535749501977887732e+00
2.680790876177796989e+00 2.700140136196666596e+00
2.823603807359433393e+00 2.873753494486962712e+00
3.014462281580987835e+00 2.973355784154598780e+00
3.170980048086144087e+00 3.139909369331478572e+00
3.288659603100354545e+00 3.451428161160987607e+00
3.538207370446500022e+00 3.664360720102119995e+00
3.732105993814677447e+00 3.849105465286139616e+00
3.932021039191869072e+00 4.031366029386999728e+00
4.130573905999346707e+00 4.201513919849471534e+00
4.327024437058096140e+00 4.368910854212991524e+00
4.480296393140450917e+00 4.537504417523466671e+00
4.712955782684121075e+00 4.669561923536810433e+00
4.822925662490340493e+00 4.896084087976029231e+00
5.066148552366626312e+00 5.011132971873498043e+00
5.244039479628436418e+00 5.174793419714674769e+00
5.416469779227063519e+00 5.342110350439158495e+00
5.601223921191009758e+00 5.549025091816027988e+00
5.777908442570959480e+00 5.722264107498115315e+00
5.960655323317954668e+00 5.885805657832107407e+00
6.138574973976894888e+00 6.060737668308833648e+00
6.322121478204977940e+00 6.256191279562804297e+00
6.498107862286881087e+00 6.451760512402479719e+00
6.679551387125684414e+00 6.639948107894211304e+00
6.869934043050990979e+00 6.812006575019067256e+00
7.052833665183645628e+00 6.981075678847257215e+00
7.239346965076074447e+00 7.149940868264994975e+00
7.431084676395763644e+00 7.307999996665569320e+00
7.613407181600700291e+00 7.513461178855768807e+00
7.795786901977127314e+00 7.687320522446979609e+00
7.988135932453628740e+00 7.900189336118261352e+00
8.168579946804713998e+00 8.090759278644094721e+00
8.362091507442848126e+00 8.252394457556388119e+00
8.557630936070349748e+00 8.418081893977944929e+00
8.748461941383006035e+00 8.636658187125295427e+00
8.947399314314976593e+00 8.821543966483512023e+00
9.143386947669615239e+00 8.981811535438136929e+00
9.326356433675179858e+00 9.192388916559471213e+00
9.523059310525836096e+00 9.391541088806366844e+00
9.716347905534700402e+00 9.561075195897839052e+00
9.910598395324605292e+00 9.757116832657978023e+00
1.010129423289392925e+01 9.955391152174392744e+00
1.029907377107210031e+01 1.011761492522169981e+01
1.048975174022818457e+01 1.028926450910890722e+01
1.068113556677829479e+01 1.047222978993809761e+01
1.086892627821671731e+01 1.070725020274126749e+01
1.106655744250296536e+01 1.090159210581560068e+01
1.124973274174847404e+01 1.109601208291586616e+01
1.144768099851667031e+01 1.126711449985008606e+01
1.163440997364789986e+01 1.145601405374555881e+01
1.182358197437966929e+01 1.163288602227657975e+01
1.201507077958542347e+01 1.184703843691973191e+01
1.220131635316981367e+01 1.205674926866417529e+01
1.240019894742854234e+01 1.220050899406153810e+01
1.243020172237463683e+01 1.252074375633418235e+01
1.277020235618215160e+01 1.259967023175000911e+01
1.295031332360671428e+01 1.281186173566704589e+01
1.315572132851724518e+01 1.297172452189274594e+01
1.334133657785329419e+01 1.315451493985665898e+01
1.353673398089765278e+01 1.332577627126275210e+01
1.372431715125344454e+01 1.355119272853962542e+01
1.391686393441527692e+01 1.378573317349889216e+01
1.410367279171539678e+01 1.387699145361933617e+01
1.430617138803721211e+01 1.414894939088024550e+01
1.448450832713967884e+01 1.432746608468985627e+01
1.467599253459806974e+01 1.452311361563337755e+01
1.487300109218612576e+01 1.468885667666363126e+01
1.506358258584887189e+01 1.484535284454818793e+01
1.525894464822686381e+01 1.517209852091517064e+01
1.548222171452013107e+01 1.526349583891743400e+01
1.566451583201177833e+01 1.543222694717150567e+01
1.587113619005041620e+01 1.571181782718973885e+01
1.606642596534413059e+01 1.573375493806624270e+01
1.626119423597346980e+01 1.600401659451542358e+01
1.645890674939408882e+01 1.627186426431144284e+01
1.664322779370908023e+01 1.644697682561788810e+01
1.684117794719716343e+01 1.658373213830783754e+01
1.703099732441635084e+01 1.685431431362136934e+01
1.722187847282917161e+01 1.697267227566225500e+01
1.742343938321194940e+01 1.722678121695441789e+01
1.760337923240169289e+01 1.743723231553870789e+01
1.781637629050688787e+01 1.764034354436827101e+01
1.801315920136218196e+01 1.772845973330685965e+01
1.821382716617273090e+01 1.791342195247058200e+01
1.839712944480368506e+01 1.821145224067915436e+01
1.859983869964354497e+01 1.840523004247402028e+01
1.878734622531226250e+01 1.859387514059017832e+01
1.897791489430583312e+01 1.873878044641746854e+01
1.917269245318229309e+01 1.894045982997892708e+01
1.936772870517880918e+01 1.904335471883977959e+01
1.957633769415117797e+01 1.927474672897162478e+01
1.977014104819545537e+01 1.953458597530654117e+01
