0.000000000000000000e+00 0.000000000000000000e+00
3.110693193021933276e-04 0.000000000000000000e+00
1.289311633947678136e-02 -4.199485840635546613e-03
5.308001733051580240e-02 -1.362287076919261979e-03
1.533348553158996874e-01 7.156614912015576285e-03
1.809257442687187967e-01 2.433184971614937506e-03
3.462494577034585519e-01 1.968007884366895777e-01
5.484089281507080749e-01 7.059173453273499543e-01
8.103720243355142516e-01 8.574882583495401223e-01
9.340192369243158765e-01 9.755629814924215992e-01
1.082950437031269475e+00 1.053344869045053311e+00
1.189750305236791483e+00 1.165219804211617749e+00
1.299270560263468433e+00 1.273489779414106016e+00
1.412123225417109884e+00 1.381047669093685482e+00
1.520006677500913561e+00 1.492062175576344130e+00
1.624342435573339793e+00 1.601778557203290099e+00
1.733574196178832016e+00 1.704714845244115207e+00
1.841720361892332347e+00 1.816094472673376314e+00
1.947691275377804621e+00 1.914784240047576525e+00
2.055086773668544975e+00 2.034152917813377481e+00
2.171025457975542583e+00 2.117122732149198328e+00
2.276151737641350259e+00 2.221230529541424747e+00
2.385381877116882432e+00 2.340554835236492437e+00
2.488361310615009980e+00 2.459118568559519158e+00
2.598433655669596831e+00 2.563477342532302750e+00
2.701668846947911096e+00 2.671750254677653480e+00
2.810963693362780624e+00 2.773140032855217374e+00
2.912924634724725959e+00 2.891951865424941204e+00
3.027185124868541521e+00 2.973866406777974980e+00
3.143107670358325834e+00 3.083248788898749204e+00
3.248469442149846120e+00 3.201459629464982193e+00
3.357808353547315772e+00 3.298722436702930860e+00
3.460286593486421758e+00 3.407432237700779964e+00
3.573162324874505469e+00 3.507271202509757213e+00
3.677271452715696221e+00 3.632890798334119875e+00
3.781370058995026096e+00 3.744016253872016531e+00
3.892345463275520778e+00 3.804995689939115966e+00
4.005689836797451164e+00 3.946874588892636204e+00
4.112971445014811600e+00 4.042799957643000930e+00
4.218779317764461467e+00 4.170096712720002152e+00
4.330603563268515366e+00 4.263944263490555109e+00
4.434228055313003125e+00 4.365637627370285045e+00
4.540801337455607545e+00 4.476589099091921042e+00
4.649860070423970093e+00 4.614545252589663527e+00
4.754908332883281297e+00 4.713695235830594576e+00
4.865454424874584127e+00 4.791254673683860155e+00
4.973206315300379821e+00 4.902291828919701722e+00
5.078978431510488001e+00 5.025524348849491396e+00
5.184686703792584339e+00 5.128436107037198433e+00
5.296124251219338497e+00 5.229839841796125377e+00
5.402325588603280160e+00 5.311544619950748114e+00
5.511379228120661722e+00 5.466767461290913843e+00
5.620913845541923415e+00 5.535615387048679281e+00
5.734276508999571753e+00 5.648379730393836340e+00
5.839985549873957460e+00 5.759640681164271747e+00
5.949897302068674954e+00 5.864809349256780990e+00
6.059628386744338790e+00 5.966051815418751403e+00
6.166925844942793056e+00 6.081355922938765701e+00
6.273014463309651845e+00 6.178879054388391801e+00
6.381934849685817923e+00 6.303198580436437659e+00
6.488033620397783530e+00 6.402429947245661168e+00
6.601091976127805516e+00 6.497285958027478436e+00
6.707052643217055632e+00 6.629131974685533280e+00
6.816223963812609199e+00 6.732469620626034157e+00
6.921332513811577769e+00 6.821354831272462782e+00
7.032214107520402990e+00 6.939434954494761776e+00
7.139691744276348118e+00 7.048251492391841566e+00
7.246151327210991866e+00 7.153871469588505505e+00
7.353425016861217856e+00 7.243637404537590641e+00
7.458055887994888167e+00 7.394041874997880015e+00
7.562130190009208164e+00 7.467576409714665964e+00
7.680057177076339059e+00 7.599531828847307935e+00
7.778713738157637003e+00 7.678510420029415862e+00
7.888507854997960145e+00 7.788050343279000920e+00
8.001952023958491367e+00 7.889422987488668326e+00
8.106282750049320640e+00 8.015803727734239104e+00
8.223983188679666156e+00 8.088879821999348962e+00
8.332832632567363618e+00 8.208486581207955268e+00
8.441301637258915136e+00 8.329316036265232981e+00
8.552809190447025145e+00 8.437293810203305711e+00
8.661391987190667052e+00 8.520984851201601984e+00
8.772116441923744290e+00 8.639213426114634942e+00
8.889163494355006634e+00 8.749111712110364536e+00
8.998399294294642914e+00 8.860180356254224066e+00
9.099334632778825593e+00 8.977934855343031373e+00
9.209449466666626449e+00 9.080285210969986309e+00
9.316607029440522325e+00 9.199952772323150896e+00
9.429373694505464698e+00 9.251252384166221532e+00
9.537876792882526544e+00 9.409565061327457514e+00
9.644213270327147924e+00 9.515252243582766667e+00
9.753821023664123402e+00 9.629795377015728519e+00
9.857476444018079320e+00 9.727738922188164494e+00
9.971270007741207309e+00 9.835165747931032598e+00
1.007180946788701448e+01 9.887421893569081632e+00
1.017817405422535515e+01 1.005793218495624508e+01
1.028489236911384630e+01 1.013930576230541547e+01
1.039948965297502603e+01 1.026419114599566385e+01
1.050066097778285723e+01 1.036600438493832677e+01
1.060875256538383482e+01 1.043442132506631559e+01
1.072244988242428754e+01 1.056866677497431795e+01
1.082624073382756080e+01 1.071440550127843316e+01
