0.000000000000000000e+00 0.000000000000000000e+00
9.682656461629628175e-02 1.562147308693250802e-01
3.888513610758771999e-01 3.393501805208605782e-01
5.584651022768544193e-01 5.978546981655751269e-01
7.961343750699366728e-01 7.634714827726666320e-01
9.949915603875846282e-01 9.445374922305409537e-01
1.126631953552354570e+00 1.188968076785156258e+00
1.320584056496128200e+00 1.393765947208275735e+00
1.517307028317441464e+00 1.582027070378975386e+00
1.721579873691911899e+00 1.768847531883614987e+00
1.915849578818042520e+00 1.964688765319879460e+00
2.124024309832417856e+00 2.161658172514666632e+00
2.360247528656048921e+00 2.304558566578462475e+00
2.519332778936543615e+00 2.556015781536132625e+00
2.715538490215109402e+00 2.751245974208548883e+00
2.953666574209724338e+00 2.904145421300544427e+00
3.109414796646012391e+00 3.150241996309360637e+00
3.349335268654870745e+00 3.322047942282602140e+00
3.544998894602644945e+00 3.510282506946833969e+00
3.700434863970650579e+00 3.750889526858928846e+00
3.952979225917726325e+00 3.902421083547864988e+00
4.091084891652803535e+00 4.135693249502987889e+00
4.290148920289317047e+00 4.328881555422197991e+00
4.532631565236497906e+00 4.501403263837791435e+00
4.678253602043293213e+00 4.729710292126800830e+00
4.923536800151437021e+00 4.850433570420628726e+00
5.032957534690080337e+00 5.124347205563226204e+00
5.330466045928570651e+00 5.241349476827108944e+00
5.425585755631456841e+00 5.528900165762422603e+00
5.729548948393735408e+00 5.645176149448889902e+00
5.925733708715166692e+00 5.807004099679110354e+00
6.048142331841756203e+00 6.124974562989881299e+00
6.330949196838017379e+00 6.209070338110554310e+00
6.517958862410229592e+00 6.408041281206788398e+00
6.712287082663187299e+00 6.620034215960138191e+00
6.791400077238272104e+00 6.910684698982249685e+00
7.101933721917006004e+00 6.994073647588368026e+00
7.306245564519113778e+00 7.178617910129434065e+00
7.396665102192385710e+00 7.511582395444657223e+00
7.709604265231960518e+00 7.572590796860705353e+00
7.904398259069159494e+00 7.774608929149525949e+00
7.962282202159817857e+00 8.096772165708491897e+00
8.298470852324001612e+00 8.178308852772204318e+00
8.375932262938738049e+00 8.492755822778946140e+00
8.574230695306775729e+00 8.688122772796271320e+00
8.894742870182415828e+00 8.754798687041194682e+00
8.963777405570752421e+00 9.086780464486167830e+00
9.147527367501318452e+00 9.281114391564601718e+00
9.476849994286727252e+00 9.334278489021929914e+00
9.553512765192422762e+00 9.664957098174530969e+00
9.851366992240276232e+00 9.746006642298807421e+00
1.004606406157421361e+01 9.960980633554457953e+00
1.014268836740574287e+01 1.024687925954407319e+01
1.043745028425274235e+01 1.037015768192260268e+01
1.055706361743141386e+01 1.062381980338103560e+01
1.070254542769973760e+01 1.083266342063622290e+01
1.094841083391234982e+01 1.101870815019416483e+01
1.110975601508311605e+01 1.122488175559868750e+01
1.133314978451283572e+01 1.140905643004014181e+01
1.161194358733549059e+01 1.151727379443859967e+01
1.171378892578797171e+01 1.180645296474391337e+01
1.188403122989849692e+01 1.199694677652907515e+01
1.212367132560651939e+01 1.218028080660505275e+01
1.238529399489918248e+01 1.229164147346871694e+01
1.250825950730745717e+01 1.258596100663109496e+01
1.270805118943029832e+01 1.278720329223030561e+01
1.291638369219219840e+01 1.298581710592721272e+01
1.308121114017916931e+01 1.319433111935393121e+01
1.338787772221231620e+01 1.329577358908541385e+01
1.351696136144024862e+01 1.358294969368100169e+01
1.371142861404612567e+01 1.378352836694475236e+01
1.392086034817345563e+01 1.397155244033124255e+01
1.416825327553910441e+01 1.409301742671778612e+01
1.427246936877171812e+01 1.437463041138153308e+01
1.456378318533569249e+01 1.447083693309603447e+01
1.476291235069533947e+01 1.465692944981956636e+01
1.482665646642677792e+01 1.497087548796778123e+01
1.516772469582818594e+01 1.504839876923306541e+01
1.528368285844134000e+01 1.535765494792234875e+01
1.543603267978267546e+01 1.553941985085410948e+01
1.565168752762613735e+01 1.574588592345088500e+01
1.593845223601355698e+01 1.585127235530889322e+01
1.614231135222351199e+01 1.606010234268602943e+01
1.622878581489570493e+01 1.633612191424803584e+01
1.653070597573728762e+01 1.643024591789723132e+01
1.661914179758214516e+01 1.672819823908974257e+01
1.677093346345041169e+01 1.691306627203073631e+01
1.712067089070608716e+01 1.702809425634083595e+01
1.732369140852985723e+01 1.723643661821387596e+01
1.751170114100944630e+01 1.741384641490054364e+01
1.772146494371784797e+01 1.761151136534477146e+01
1.781588520817398802e+01 1.791528708474907461e+01
1.802102603035377726e+01 1.811965475051604102e+01
1.830196151336173926e+01 1.816704135580648583e+01
1.838044001545689454e+01 1.848359733346047307e+01
1.868458069019857604e+01 1.857138870623827387e+01
1.878156816468322532e+01 1.888528945114698132e+01
1.900487388882596917e+01 1.907416074231082348e+01
1.918009393175584876e+01 1.927237275272982941e+01
1.938733740201153566e+01 1.946574868339130759e+01
1.960895769626324281e+01 1.965373834765140515e+01
