0.000000000000000000e+00 0.000000000000000000e+00
0.000000000000000000e+00 0.000000000000000000e+00
0.000000000000000000e+00 0.000000000000000000e+00
0.000000000000000000e+00 0.000000000000000000e+00
0.000000000000000000e+00 0.000000000000000000e+00
0.000000000000000000e+00 0.000000000000000000e+00
0.000000000000000000e+00 0.000000000000000000e+00
0.000000000000000000e+00 0.000000000000000000e+00
0.000000000000000000e+00 0.000000000000000000e+00
0.000000000000000000e+00 0.000000000000000000e+00
0.000000000000000000e+00 0.000000000000000000e+00
0.000000000000000000e+00 0.000000000000000000e+00
0.000000000000000000e+00 0.000000000000000000e+00
0.000000000000000000e+00 0.000000000000000000e+00
0.000000000000000000e+00 0.000000000000000000e+00
0.000000000000000000e+00 0.000000000000000000e+00
3.074360100466422968e-02 -3.369103584339040725e-03
0.000000000000000000e+00 0.000000000000000000e+00
2.581418207599494030e-01 -1.180008764039484764e-01
1.647410529040091443e-01 -1.093666659353668968e-01
2.192463200466356343e-01 0.000000000000000000e+00
2.378737389382555856e-01 2.382551593631692555e+00
6.885359970136539776e-01 0.000000000000000000e+00
3.304290790779671472e-01 4.644516970374144904e+00
1.151291432196378750e+00 6.989288171892087398e+00
6.292089011186365433e+00 7.300996263926216479e+00
7.257020081672333589e+00 7.495731220006156548e+00
7.512017621014920543e+00 7.625258753031356918e+00
7.652497364421800619e+00 7.752582476423282465e+00
7.840103169582869569e+00 7.892356193429597155e+00
7.986618041249839095e+00 8.018365127699670580e+00
8.132399758862355554e+00 8.190144056048891841e+00
8.286671616017299513e+00 8.324317013235628337e+00
8.448801400331509726e+00 8.555492854889790166e+00
8.588717185955777822e+00 8.757082315969404007e+00
8.728699695621088495e+00 8.906620232323819053e+00
8.890614885752826879e+00 9.036514663544156889e+00
9.054991378548677972e+00 9.194600661303454103e+00
9.343902405205517070e+00 9.228682900000970690e+00
9.491414397847437456e+00 9.390256548931182223e+00
9.648608691990736119e+00 9.484571466091379577e+00
9.798917871051841644e+00 9.649278498563797157e+00
9.960632937890315119e+00 9.836892442622788835e+00
1.011463471413653359e+01 1.000127905162306519e+01
1.027585215944398911e+01 1.014006632354855775e+01
1.043948210524550646e+01 1.031367227957027488e+01
1.059398657228488538e+01 1.047333034966378129e+01
1.075130937133387832e+01 1.065428928245695417e+01
1.091714161146867745e+01 1.079721034456570194e+01
1.108528762424060865e+01 1.095795591898896326e+01
1.124190760744497375e+01 1.106482387461335470e+01
1.140939783715876032e+01 1.130977014702163430e+01
1.158929814509975209e+01 1.143544352267052666e+01
1.175457138314713568e+01 1.165820332898384670e+01
1.192961431727836086e+01 1.178737605027201951e+01
1.210010402771780846e+01 1.194417844591535172e+01
1.227395403934350959e+01 1.218787522177497173e+01
1.243576460625162206e+01 1.227704529189908200e+01
1.261898988045005865e+01 1.249793464280037902e+01
1.278908959044846405e+01 1.267286461770814654e+01
1.297008753478850274e+01 1.283017385246543363e+01
1.315213710535134162e+01 1.294374339721451506e+01
1.332931012432067774e+01 1.313293402380797303e+01
1.350125509153365932e+01 1.330091491876640752e+01
1.369088160636568574e+01 1.347962396294796328e+01
1.386637171395921442e+01 1.366950607961706687e+01
1.405615069999053368e+01 1.387634694251092782e+01
1.422771814359830067e+01 1.406544758326450406e+01
1.441762511675254466e+01 1.422735279579822354e+01
1.460084266432354738e+01 1.441359047094438317e+01
1.478551728906040452e+01 1.460633704414833289e+01
1.497788099914303750e+01 1.465577966673280486e+01
1.514980382989567076e+01 1.495889031923249313e+01
1.535175709232933627e+01 1.512782821957375567e+01
1.553212763834285681e+01 1.527627123824663613e+01
1.571613047516866679e+01 1.545495449435861168e+01
1.590411915852084235e+01 1.565877735170154494e+01
1.608168677621061704e+01 1.584599382025134240e+01
1.627681161104119667e+01 1.603933272801079468e+01
1.645602510542362396e+01 1.626761424673483702e+01
1.663407516605622405e+01 1.636860542208179581e+01
1.682734335880198273e+01 1.648841156877603709e+01
1.701658203713510886e+01 1.660322483065539956e+01
1.719343251439839904e+01 1.688796285882568782e+01
1.738942142383977085e+01 1.709888966959350398e+01
1.757169542751866587e+01 1.723960402314048679e+01
1.775635399110630175e+01 1.752366305866642904e+01
1.795448194573199885e+01 1.756403896235387307e+01
1.813249938497958524e+01 1.777400331582735760e+01
1.831946754284382095e+01 1.804858541477793921e+01
1.851248284095250085e+01 1.821199898278050711e+01
1.870912634457272006e+01 1.831396556518923191e+01
1.890535145067054046e+01 1.845261397674032722e+01
1.906993297731821357e+01 1.866374923988602319e+01
1.928432317298038612e+01 1.880704629051828292e+01
1.945695483117192737e+01 1.907142050937038036e+01
1.964695739114406692e+01 1.912906144241497586e+01
1.983853036869768971e+01 1.932702645629188609e+01
2.003572706704516904e+01 1.956156573003624288e+01
2.021121779771407745e+01 1.982045092041461132e+01
2.041761347198773180e+01 1.991956223094495115e+01
