0.000000000000000000e+00 0.000000000000000000e+00
0.000000000000000000e+00 0.000000000000000000e+00
0.000000000000000000e+00 0.000000000000000000e+00
0.000000000000000000e+00 0.000000000000000000e+00
0.000000000000000000e+00 0.000000000000000000e+00
0.000000000000000000e+00 0.000000000000000000e+00
0.000000000000000000e+00 0.000000000000000000e+00
0.000000000000000000e+00 0.000000000000000000e+00
0.000000000000000000e+00 0.000000000000000000e+00
0.000000000000000000e+00 0.000000000000000000e+00
0.000000000000000000e+00 0.000000000000000000e+00
0.000000000000000000e+00 1.290693721530157267e+00
1.370605336002693186e-01 0.000000000000000000e+00
2.579144943040604154e+00 5.557784479124643795e+00
5.420879001773363015e+00 5.565586529867165844e+00
5.648665805014286612e+00 5.648810764635169512e+00
5.728298457829564150e+00 5.728303293718641775e+00
5.808982784264990151e+00 5.817132337126682096e+00
5.903044793100454157e+00 5.921315621653627126e+00
5.988876332072035957e+00 5.972807433080511430e+00
6.116669459798296238e+00 6.195324920430762106e+00
6.286326482354500200e+00 6.357047420157399209e+00
6.416597776821652666e+00 6.566196092257500894e+00
6.632367257245185499e+00 6.545255860854224395e+00
6.725741117017873805e+00 6.902289714309739921e+00
6.950721433413843187e+00 7.089820630000993162e+00
7.123311934192249950e+00 7.263245124779134976e+00
7.361751756728810214e+00 7.276961360618000363e+00
7.453761778684504513e+00 7.620374465879782733e+00
7.586335514742654773e+00 7.826372531324126136e+00
7.754913374993344988e+00 7.987207706367462023e+00
7.924403033411861585e+00 8.143491088188669735e+00
8.120004262038577281e+00 8.280854144526813343e+00
8.419173278623697243e+00 8.322274906964743479e+00
8.436745543808150671e+00 8.590882254030933751e+00
8.601360293014497671e+00 8.753857440906767096e+00
8.820386503555356583e+00 8.900783115564157910e+00
9.052417852003610932e+00 8.975739985515643227e+00
9.113794954527726588e+00 9.212354300797763074e+00
9.267537577498170975e+00 9.367402172324995391e+00
9.518085449839363221e+00 9.411106907988035175e+00
9.687803935146197531e+00 9.595303757872811090e+00
9.848696958558623038e+00 9.741469222073808609e+00
1.000456233912302650e+01 9.902450684082824139e+00
1.016845626647908496e+01 1.006006420375713439e+01
1.033288444151122754e+01 1.022180920291007311e+01
1.049668487635158165e+01 1.039963387890676216e+01
1.066182082947872622e+01 1.053747139193260196e+01
1.082911359519252414e+01 1.072868880293027338e+01
1.099909726296947987e+01 1.088065427766155224e+01
1.117097774087971906e+01 1.107360520599702447e+01
1.132888819997361018e+01 1.123752696119483474e+01
1.151651781788108764e+01 1.141777397578459663e+01
1.167678409121133498e+01 1.156803818789176574e+01
1.186317496200194022e+01 1.175596650351075212e+01
1.202809088300092633e+01 1.195066448804028170e+01
1.220885738435253032e+01 1.211274647033759422e+01
1.236706915119412997e+01 1.225003840575871372e+01
1.254994838698573467e+01 1.247449953093271624e+01
1.272508355940303204e+01 1.259931358169514937e+01
1.290360846133242489e+01 1.281762999757946098e+01
1.308493901221447153e+01 1.297739673777871161e+01
1.327600409943784854e+01 1.318838703663142198e+01
1.344787664388123538e+01 1.328619050091763398e+01
1.362612351587667447e+01 1.351880927710256053e+01
1.380023734323714635e+01 1.367898870404532197e+01
1.399615938989595421e+01 1.387281537458384051e+01
1.417731139739393775e+01 1.406328307160256941e+01
1.435326366739296056e+01 1.423233749841515028e+01
1.455558362505216685e+01 1.435987623511816658e+01
1.472693810362477684e+01 1.456210692491210601e+01
1.490596716150267831e+01 1.473300632739379523e+01
1.509827432182703433e+01 1.486189926447767107e+01
1.529024206664378482e+01 1.505115299416869767e+01
1.548090317295603668e+01 1.530011593579176399e+01
1.565960069537974242e+01 1.549344732758409471e+01
1.584900058404380196e+01 1.566497156316360062e+01
1.601373715971926259e+01 1.592525830136361442e+01
1.621311929827523102e+01 1.602904803947763668e+01
1.639085886886168453e+01 1.614863245694930782e+01
1.659122935417392597e+01 1.629562487610203547e+01
1.676968513457108401e+01 1.658301843482114535e+01
1.697423560352723726e+01 1.674148546124999015e+01
1.716161116676804355e+01 1.692756678878477672e+01
1.733831181219443351e+01 1.714455366997406571e+01
1.753102920379717489e+01 1.734465968199785024e+01
1.771426437335486881e+01 1.742759117676560621e+01
1.791153738495691883e+01 1.771660670823932904e+01
1.809639367561296197e+01 1.783826480083628141e+01
1.829280518743272310e+01 1.805161238335518803e+01
1.848203334391849850e+01 1.826298373087437099e+01
1.867702945807951309e+01 1.848771260716831932e+01
1.885892401274646701e+01 1.856829856275225765e+01
1.904441898553424295e+01 1.882203909792058738e+01
1.924244817640547112e+01 1.888995992517023126e+01
1.943158206184122605e+01 1.914506951739411633e+01
1.962619379936874253e+01 1.937436364892540652e+01
1.981121655360227507e+01 1.954533449873926187e+01
2.000315457419232601e+01 1.963809292197006684e+01
2.019827054168208846e+01 1.989277604628422580e+01
2.038402407296484853e+01 2.012460585664986112e+01
