0.000000000000000000e+00 0.000000000000000000e+00
0.000000000000000000e+00 0.000000000000000000e+00
0.000000000000000000e+00 0.000000000000000000e+00
0.000000000000000000e+00 0.000000000000000000e+00
0.000000000000000000e+00 0.000000000000000000e+00
0.000000000000000000e+00 0.000000000000000000e+00
0.000000000000000000e+00 0.000000000000000000e+00
3.348253725784252621e-01 1.072505747383648844e-01
7.024920945476573197e-02 1.980121525866477938e+00
1.348202722570595702e+00 1.011019321938903426e+00
3.140555708560566650e+00 4.024825632991920976e+00
4.091224869811720843e+00 4.347010101968122875e+00
4.626014844765117928e+00 4.637280073814706860e+00
4.754175160885184326e+00 4.781058293492576716e+00
4.839019639020365027e+00 4.829470241203069669e+00
4.948279789017006713e+00 4.980340588417775827e+00
5.075239035318097613e+00 5.240460770676264701e+00
5.223487967966242707e+00 5.429757353901385919e+00
5.422360327500566513e+00 5.632443793762837103e+00
5.658272569917349060e+00 5.863837438571608551e+00
5.825580173638575054e+00 6.023305619310692194e+00
6.061747099088258928e+00 6.200159464295760259e+00
6.219707142931043542e+00 6.384105578237522671e+00
6.468796468496709196e+00 6.359742090292313854e+00
6.513527203949677435e+00 6.761825541620003932e+00
6.754210500871153933e+00 6.966479818710048733e+00
6.969733722250280650e+00 7.155598492542834421e+00
7.157439739554236624e+00 7.315225388936103634e+00
7.340156356673701588e+00 7.467734029644547356e+00
7.518885147468282071e+00 7.637250853684254714e+00
7.709835042935834437e+00 7.780545986731908670e+00
7.856134955965035971e+00 7.934849694720422342e+00
8.021293956314554663e+00 8.091163826449692564e+00
8.226197933279308927e+00 8.179403954941703248e+00
8.275919745059479027e+00 8.397292804422182400e+00
8.546122520041297577e+00 8.443018348893456704e+00
8.585640401585120429e+00 8.720685596133476380e+00
8.748391797876809761e+00 8.880543128591094515e+00
9.034118253599595860e+00 8.906847355856266191e+00
9.201037874079904810e+00 9.049808643002688058e+00
9.360548297796782435e+00 9.231673251947420056e+00
9.523287615424219865e+00 9.353836108960765117e+00
9.685381551624340446e+00 9.530987130597775803e+00
9.852642194297814626e+00 9.689126876733507032e+00
1.002339569276669984e+01 9.877541524719044119e+00
1.019829828479213063e+01 9.993922470013528070e+00
1.037269104798694386e+01 1.019140598052309699e+01
1.053743889585176419e+01 1.034991347313710719e+01
1.050942466953353183e+01 1.068061864689311946e+01
1.085673433510707220e+01 1.071192808284588516e+01
1.101909517064010835e+01 1.082851670113944742e+01
1.119686472857396886e+01 1.098657084208214663e+01
1.137898681273842527e+01 1.124582138091988881e+01
1.155214846286957453e+01 1.138414591127716236e+01
1.173054558420212423e+01 1.152028152277424766e+01
1.189100084844470828e+01 1.173167298208236531e+01
1.207420368358050133e+01 1.187560049254643424e+01
1.224445264756615970e+01 1.205787547939540971e+01
1.243670597097470498e+01 1.223860147587705605e+01
1.261519972069748974e+01 1.239248926126810701e+01
1.256258702856701781e+01 1.275066555637831911e+01
1.294853519184110446e+01 1.274182214410691039e+01
1.312637122343213392e+01 1.291335352667227276e+01
1.331354439565871850e+01 1.309095147886090338e+01
1.329755903206124223e+01 1.344670656225635419e+01
1.365074601283715872e+01 1.346806562613593528e+01
1.384703931080494321e+01 1.359551478291708904e+01
1.402555781278498159e+01 1.378357704634617065e+01
1.420602129399098601e+01 1.399407363546180605e+01
1.438832768812049245e+01 1.415394760499548710e+01
1.457777114906121341e+01 1.435306796572865728e+01
1.476718565866675448e+01 1.453962446989604906e+01
1.495734954816621531e+01 1.469134259517486463e+01
1.513887746801271561e+01 1.494517335755125842e+01
1.531864565231974495e+01 1.509257362853246143e+01
1.550219155900741619e+01 1.528043295686782521e+01
1.569494891954225935e+01 1.547978746198083577e+01
1.587898842930982468e+01 1.566647880727013487e+01
1.607942768952962709e+01 1.584177075299032822e+01
1.624981527154579553e+01 1.606701246396910676e+01
1.645065831730628148e+01 1.622810648118497667e+01
1.662848223600541431e+01 1.644154267044146067e+01
1.682725849429515819e+01 1.661402802817567803e+01
1.700880273140370846e+01 1.678216392827668102e+01
1.719615656089428413e+01 1.700789983111764414e+01
1.738263390937795805e+01 1.713953096502543261e+01
1.757492406263471096e+01 1.732405295760286634e+01
1.776493222651218318e+01 1.754577772068043373e+01
1.795162579862206087e+01 1.766381587625778948e+01
1.812337119536467966e+01 1.785077043143676079e+01
1.832002080652480913e+01 1.805734437150702476e+01
1.850809176428107605e+01 1.825145873263743468e+01
1.869333396828511695e+01 1.846883090429324525e+01
1.887579155136693743e+01 1.868647839625221962e+01
1.906851758032570032e+01 1.875834603011540480e+01
1.926564378211330464e+01 1.900489068700537487e+01
1.944902742346773294e+01 1.919179151826570262e+01
1.965585012646517526e+01 1.942182190404463071e+01
1.984122242133468106e+01 1.960294275805656383e+01
2.002690773100368204e+01 1.975921974656709068e+01
2.023155790442117663e+01 2.002246912793306066e+01
