0.000000000000000000e+00 0.000000000000000000e+00
0.000000000000000000e+00 0.000000000000000000e+00
0.000000000000000000e+00 0.000000000000000000e+00
3.971666321104812443e-03 0.000000000000000000e+00
6.749897961390800838e-02 2.241247678458719583e-01
4.429034948200225585e-01 1.064574757075612277e-01
6.244906221991357587e-01 9.617050902128835288e-01
1.092352261951840653e+00 1.214652540838471628e+00
1.357609063909597902e+00 1.424078007752441755e+00
1.638192921078778896e+00 1.603416122307326885e+00
1.842912447177202706e+00 1.788945226818820844e+00
2.051516045341907457e+00 1.999348446091879561e+00
2.261548978892313322e+00 2.206277497588641445e+00
2.472548784283318923e+00 2.408880443488838896e+00
2.669375765386196697e+00 2.605691049798730674e+00
2.867937466726695472e+00 2.800368236741857420e+00
3.069034122045350088e+00 2.966863875128388450e+00
3.264960353894872824e+00 3.198645201382937397e+00
3.470952498255960528e+00 3.416395387837896536e+00
3.667486428564282086e+00 3.535910619162050406e+00
3.868596005084138589e+00 3.762293843006411453e+00
4.075891863610735300e+00 3.972089157124687908e+00
4.271379264238185591e+00 4.167400042698301554e+00
4.472461883627589785e+00 4.405123570818795464e+00
4.666433856596961860e+00 4.559407297429909356e+00
4.861712772460829335e+00 4.743447548829125893e+00
5.064369374535746537e+00 4.932579222709013500e+00
5.263443599599896494e+00 5.149514235439446530e+00
5.467092748809810665e+00 5.342396501015184818e+00
5.666232821957190247e+00 5.523743619145956352e+00
5.863342242409564697e+00 5.731929179832673249e+00
6.062046316168423488e+00 5.894768107895707487e+00
6.263244418697063942e+00 6.105776753944222257e+00
6.452568819117597165e+00 6.309192982465836153e+00
6.656691824722116735e+00 6.473582597671405203e+00
6.849056235285639005e+00 6.696761789774508422e+00
7.042869039591764135e+00 6.909143558446658950e+00
7.234829650128957290e+00 7.090505133843534757e+00
7.439615513580616124e+00 7.270322848222869894e+00
7.647970253206504587e+00 7.518504017159436614e+00
7.840026522451950086e+00 7.655460347956500655e+00
8.050074487365385778e+00 7.858293474483792451e+00
8.235222247241996030e+00 8.053217576164119151e+00
8.435887693169194179e+00 8.285928389340689648e+00
8.634184722501831999e+00 8.389386302963249165e+00
8.823599964141829233e+00 8.620685248275169243e+00
9.024031365377046754e+00 8.801402225695442283e+00
9.223547046755040668e+00 9.000553450262161803e+00
9.430604354641616283e+00 9.228892408796550484e+00
9.627360973862678861e+00 9.446230955435199306e+00
9.823542644419726244e+00 9.654021511883826179e+00
1.002560349945101237e+01 9.792674930712603754e+00
1.022756894485563706e+01 9.999260725569586228e+00
1.042972857046304291e+01 1.019289001562274244e+01
1.061921815998817742e+01 1.038993689198727566e+01
1.080922858089549621e+01 1.051228010691084158e+01
1.099456568382957933e+01 1.081704404490133520e+01
1.120144612014911800e+01 1.100080350007187491e+01
1.139287550129079740e+01 1.116417150858390173e+01
1.159405815693172137e+01 1.138673064789707112e+01
1.179444701289978603e+01 1.157997788256028038e+01
1.199602727636610489e+01 1.178759436427560203e+01
1.219134358608559587e+01 1.195859572189056053e+01
1.238421338731603960e+01 1.220100103840488082e+01
1.258418930341109920e+01 1.236164319627317454e+01
1.278198232566148995e+01 1.255009477506666293e+01
1.296258450013426788e+01 1.276157752162598058e+01
1.318360886647312569e+01 1.290698143330205205e+01
1.336045611847129422e+01 1.309636530188641856e+01
1.355926111841828607e+01 1.337190232775562926e+01
1.376524926030194429e+01 1.348988093453944614e+01
1.396254016063721615e+01 1.373574869703321077e+01
1.415939001738252223e+01 1.394892050806551964e+01
1.437245958739244145e+01 1.412288588489167473e+01
1.455336683394027375e+01 1.430045524270979485e+01
1.474972911276553411e+01 1.444457981670546864e+01
1.495654828780899415e+01 1.474960469085008619e+01
1.514801223779307193e+01 1.486608724963465988e+01
1.533818638242883026e+01 1.499681581664233576e+01
1.555239197646716853e+01 1.519153256610522007e+01
1.574825315791521518e+01 1.544620554464275308e+01
1.593806688476066391e+01 1.564972325211268256e+01
1.615225822020589064e+01 1.581247157040398399e+01
1.635668110293136479e+01 1.600374988814069255e+01
1.654212672767801706e+01 1.618722082411073870e+01
1.675214775667949851e+01 1.649089639636217086e+01
1.693685012179426863e+01 1.659805787336623339e+01
1.713785958811845234e+01 1.684322870716313147e+01
1.733029500056732530e+01 1.699447973966273295e+01
1.751537557276709833e+01 1.720929058475924478e+01
1.770898006733728280e+01 1.735843106125988555e+01
1.792357504645195476e+01 1.758826757076458946e+01
1.811842719595725981e+01 1.771505242786509982e+01
1.830628895823336677e+01 1.797322601884942372e+01
1.849244887868595555e+01 1.806324135936881703e+01
1.869740098617734247e+01 1.839560902796300823e+01
1.889459210874393591e+01 1.848080397373601613e+01
1.908545591705040323e+01 1.871327907889486397e+01
1.929958770207242225e+01 1.885930358237399673e+01
1.948225968776454664e+01 1.904536778661380581e+01
1.969673684066568242e+01 1.936562305549541207e+01
