0.000000000000000000e+00 0.000000000000000000e+00
0.000000000000000000e+00 0.000000000000000000e+00
0.000000000000000000e+00 0.000000000000000000e+00
0.000000000000000000e+00 0.000000000000000000e+00
0.000000000000000000e+00 0.000000000000000000e+00
0.000000000000000000e+00 0.000000000000000000e+00
1.802653000982782847e-02 0.000000000000000000e+00
7.542775389562586530e-02 9.511279516024538638e-02
3.089236450944621293e-01 1.519587610838661451e+00
3.753114279074761583e+00 4.914822856611887225e+00
4.416897205980444774e+00 4.859873158158467099e+00
4.946187448286494259e+00 4.946180442636885388e+00
4.997049226480499762e+00 4.997400340974756716e+00
5.088862539324637169e+00 5.087556252267011914e+00
5.215878287311306316e+00 5.505174317953834162e+00
5.557438464736200068e+00 5.769120962980702316e+00
5.842327123020997881e+00 5.964499181616154999e+00
6.039633978309635332e+00 6.210899455352089760e+00
6.275609783176666845e+00 6.412726513846407350e+00
6.425847002020421250e+00 6.593709483679466743e+00
6.613268201614173947e+00 6.788637346235228520e+00
6.765297688298507417e+00 6.986946815227440766e+00
6.974185780187950989e+00 7.181479610744261777e+00
7.172133703056955412e+00 7.370144509036820502e+00
7.368960906434547375e+00 7.545335946920571857e+00
7.559201946572058795e+00 7.715385806191714657e+00
7.717374808045601497e+00 7.889713667406010877e+00
7.902666241645476042e+00 8.063492785668593399e+00
8.065563517479915845e+00 8.243478449694574550e+00
8.238808997969481851e+00 8.418310842485922763e+00
8.430533759187856191e+00 8.590334439426435154e+00
8.590459242140545015e+00 8.758977429944080129e+00
8.715976549057772971e+00 8.931811824377568598e+00
8.925790022684758185e+00 9.089175880421723974e+00
9.106645398943681968e+00 9.239518602927185853e+00
9.269034071389690155e+00 9.398880443395487561e+00
9.412392163045145921e+00 9.569114476661525259e+00
9.581282222083698841e+00 9.720034671967137996e+00
9.749763179135220170e+00 9.860828872544768586e+00
9.982994375375797702e+00 9.841957408743660096e+00
1.001483124242886369e+01 1.015852244361782830e+01
1.018281158105461159e+01 1.031470895210230410e+01
1.032972364567063828e+01 1.046628656281378333e+01
1.060715129532456658e+01 1.048411908300403894e+01
1.076000695822834174e+01 1.064728664435487637e+01
1.091681377388107776e+01 1.080455390431506224e+01
1.098995635530529746e+01 1.110184619411321449e+01
1.112638408326350259e+01 1.126023754293836099e+01
1.141490099238443356e+01 1.131910004838441886e+01
1.145751095617638526e+01 1.159353301058923691e+01
1.160148064135903212e+01 1.174091270971071310e+01
1.190290072745191807e+01 1.181319592793172468e+01
1.207048241572432445e+01 1.190412767366070312e+01
1.223607703270918101e+01 1.207854232517321869e+01
1.239817570679396752e+01 1.222450608367259051e+01
1.257679555194761356e+01 1.243986803114388806e+01
1.274616558015696732e+01 1.255944671914311073e+01
1.291481359781627702e+01 1.273918682514144685e+01
1.308077943190645342e+01 1.290798580437796694e+01
1.310213946956179321e+01 1.324209632171698026e+01
1.341741111584313906e+01 1.324239524280715941e+01
1.359566763182931304e+01 1.340231013196173038e+01
1.375779766011500271e+01 1.359450542768211356e+01
1.392978613387484366e+01 1.367929663862242506e+01
1.410125859342035604e+01 1.389298079296682609e+01
1.409127621259898966e+01 1.426099640147977254e+01
1.444512242845599026e+01 1.422930826306698116e+01
1.461367541528377068e+01 1.445018151651046345e+01
1.480053848168793174e+01 1.460673458108419176e+01
1.496991336872754630e+01 1.478318230707189151e+01
1.513888096917175652e+01 1.497746806492665961e+01
1.515995090121499267e+01 1.529722031346948263e+01
1.548382246321144251e+01 1.533468344331662792e+01
1.566604209120571944e+01 1.550641942411070318e+01
1.584950274786922186e+01 1.568334501675757586e+01
1.601647685366252105e+01 1.584663566412542757e+01
1.602898533812859938e+01 1.616737173335275202e+01
1.637221722309288552e+01 1.619788671725995854e+01
1.654863920345007244e+01 1.639617452078362092e+01
1.671827857284793240e+01 1.657963918822694893e+01
1.689429598949392997e+01 1.674802185135281363e+01
1.708472981986349737e+01 1.690418884891332141e+01
1.725772378269800100e+01 1.708089261822381033e+01
1.743574412102423565e+01 1.731373758045202393e+01
1.760585429371035460e+01 1.748232848162831488e+01
1.777827185344878913e+01 1.765859115496525078e+01
1.797318286257110032e+01 1.784756518805508207e+01
1.816210875482728326e+01 1.793352686678426977e+01
1.833137868226120304e+01 1.816496409382402177e+01
1.852335835207919246e+01 1.835811742332792562e+01
1.870949981537945916e+01 1.859884168588636300e+01
1.888845558907563316e+01 1.873766399076515299e+01
1.907082575224195509e+01 1.891058324256094636e+01
1.926298849953916559e+01 1.912848894712390191e+01
1.945256885688018400e+01 1.924255258349166908e+01
1.962691787273904254e+01 1.947012406586547328e+01
1.981496831155740779e+01 1.971017107337842589e+01
1.999595669748382321e+01 1.980762050956280262e+01
2.018842645570812522e+01 2.001687464581141285e+01
2.034632131716136882e+01 2.022982745656316084e+01
2.055702349502739423e+01 2.044761713787138291e+01
