0.000000000000000000e+00 0.000000000000000000e+00
0.000000000000000000e+00 0.000000000000000000e+00
1.360528140264739990e-04 0.000000000000000000e+00
2.426806186909163596e-02 0.000000000000000000e+00
1.099509189975114154e-01 -1.133813826324229362e-01
1.145462389026965094e-01 -5.470598698283178629e-02
3.180232013873437458e-01 1.276178427574534258e+00
1.336194440035087805e+00 1.557694285199070938e+00
1.691015458693819973e+00 1.759749824937348439e+00
1.938376132138539321e+00 1.924092874699564248e+00
2.131304845849320007e+00 2.068351457746568034e+00
2.317816715163384167e+00 2.263866659411427396e+00
2.507148510110922324e+00 2.453189903738740352e+00
2.693343838965998494e+00 2.637682523101303911e+00
2.879521746355750089e+00 2.796285763309299899e+00
3.070730573409218511e+00 3.025618486000210439e+00
3.256617002589677234e+00 3.212232986527935541e+00
3.443552687885799379e+00 3.395588286550443868e+00
3.635384357243515829e+00 3.574317617607254860e+00
3.821163239722175753e+00 3.769850757641670214e+00
4.023467666676847188e+00 3.960749253802073877e+00
4.211978643119802079e+00 4.160413460047543310e+00
4.404547118592466504e+00 4.329739714682133922e+00
4.610666341408796498e+00 4.542537713501977770e+00
4.811539613038572583e+00 4.734293191379586929e+00
5.018268047645967123e+00 4.938351733857143877e+00
5.207081375713981330e+00 5.141240166405276035e+00
5.404120608415522220e+00 5.329704904245293307e+00
5.607585056142319502e+00 5.521588983796076988e+00
5.794195354634564588e+00 5.690224265910412527e+00
5.993214728462902485e+00 5.873126140740566825e+00
6.187081737332782438e+00 6.017751353844201567e+00
6.379924765454068059e+00 6.222344145848800245e+00
6.565273679549378016e+00 6.445510719581984738e+00
6.761052403521717657e+00 6.593431683128461174e+00
6.960320155438636469e+00 6.802165053652194260e+00
7.146380147875238897e+00 7.041246496929691290e+00
7.338157982650362676e+00 7.194831345065112238e+00
7.522789763446992239e+00 7.411190642715489219e+00
7.721532707872970747e+00 7.605054726475696469e+00
7.915207864117541625e+00 7.815126355738770236e+00
8.111408506531752494e+00 7.952795025082328273e+00
8.306278187235582422e+00 8.137072100484122217e+00
8.501352643841279644e+00 8.369057490299843138e+00
8.693719176802614967e+00 8.532606727527475954e+00
8.894428992431064884e+00 8.733904791745613849e+00
9.082561270178358015e+00 8.919990629198451870e+00
9.274718273396208801e+00 9.121176826378047053e+00
9.478041613179449598e+00 9.330308713504301465e+00
9.672592223434655523e+00 9.564851387519224701e+00
9.871588355147954630e+00 9.714405485549136188e+00
1.006503888896074983e+01 9.917757722090463801e+00
1.026151975680473782e+01 1.007433356747397646e+01
1.044773213527430933e+01 1.030712315236461407e+01
1.064699838842772195e+01 1.047472965055829341e+01
1.084174109501546290e+01 1.072108636308261076e+01
1.104140575547808645e+01 1.091042509879352451e+01
1.122504863659235852e+01 1.107157748085252358e+01
1.143000900689087906e+01 1.125633871696320831e+01
1.163731759445480662e+01 1.147698848676917116e+01
1.183807175416315260e+01 1.163298471882415264e+01
1.203476632602989582e+01 1.183498481809778546e+01
1.222106028375312547e+01 1.205807688452569870e+01
1.243300814093125695e+01 1.222760490629396202e+01
1.262421701310040945e+01 1.247698796972956892e+01
1.282439421849286454e+01 1.260748371712890759e+01
1.302392528794193005e+01 1.287374637909401542e+01
1.321527088588876708e+01 1.297942522962196144e+01
1.342490535581272582e+01 1.322713853810141771e+01
1.361832856571679073e+01 1.341672177745182104e+01
1.382415381523692588e+01 1.362375379599168213e+01
1.400993178375267689e+01 1.382879907536264952e+01
1.421479572166816929e+01 1.395744067019503376e+01
1.440551365967625053e+01 1.418919784001095685e+01
1.459665917139247249e+01 1.432305577913520089e+01
1.480217432154000790e+01 1.450632573569297001e+01
1.500540563294382146e+01 1.479689568660167964e+01
1.519246875410902398e+01 1.499494533358610049e+01
1.539250781117657141e+01 1.513252691881522338e+01
1.559530360843442232e+01 1.530713119770023489e+01
1.580374565670582321e+01 1.560434770612766719e+01
1.598449752293376669e+01 1.575295570728373207e+01
1.618152887554258967e+01 1.592257838137668635e+01
1.638500877242743670e+01 1.617600353548330716e+01
1.658409722892366389e+01 1.632822829250523355e+01
1.678140643172241653e+01 1.645391544456300537e+01
1.696972472021988310e+01 1.668245791839517267e+01
1.716490948759360791e+01 1.692395117593053655e+01
1.737627300830277832e+01 1.714385391302371175e+01
1.756478466239703806e+01 1.721020483189661121e+01
1.775317840981270123e+01 1.749109287662853518e+01
1.795229189410155968e+01 1.770788011853920096e+01
1.814230001154275485e+01 1.780719700848673881e+01
1.835007711357906501e+01 1.810038990216044752e+01
1.852538431672288510e+01 1.815944070252425391e+01
1.873102485720072963e+01 1.842326561986724087e+01
1.893523675309238996e+01 1.857852154355898122e+01
1.911148298243486465e+01 1.879677533908942877e+01
1.931389288887433153e+01 1.892732531214837266e+01
1.951985996268254908e+01 1.912291216039389496e+01
1.971443024755818385e+01 1.944016730045812835e+01
