0.000000000000000000e+00 0.000000000000000000e+00
0.000000000000000000e+00 0.000000000000000000e+00
0.000000000000000000e+00 0.000000000000000000e+00
0.000000000000000000e+00 0.000000000000000000e+00
0.000000000000000000e+00 0.000000000000000000e+00
0.000000000000000000e+00 0.000000000000000000e+00
0.000000000000000000e+00 0.000000000000000000e+00
1.157592447328975455e-01 2.076262189224489796e-01
2.539342032405800254e-01 5.535507049529524437e+00
5.016755261058193582e+00 5.649849228045284555e+00
5.833135485507490614e+00 6.347220775131787285e+00
6.812303047513859511e+00 6.949406248285588283e+00
7.082096499437639636e+00 7.139792819902382348e+00
7.199929909263053318e+00 7.241496147156172292e+00
7.241188989608209781e+00 7.357298207868926632e+00
7.396101444277990211e+00 7.422205159231892502e+00
7.578134295507028995e+00 7.761887532666612799e+00
7.839681835426194567e+00 8.004488517402947423e+00
7.982482574011685372e+00 8.228848005642513286e+00
8.104666227387067323e+00 8.444688721520551056e+00
8.398960651212284745e+00 8.623389517616629973e+00
8.584907774189625584e+00 8.832962833362339339e+00
8.748043322569721170e+00 8.993156784393578462e+00
8.970069866508062262e+00 9.180823325203812502e+00
9.165382411079610492e+00 9.346820235350582706e+00
9.333046060381946063e+00 9.516656510492538246e+00
9.543074454357723724e+00 9.682751746673796234e+00
9.711906363806280140e+00 9.846391913250393202e+00
9.867409099722712185e+00 1.000901625142748586e+01
1.006322791092922309e+01 1.018395465920860588e+01
1.022479118258539010e+01 1.034512517151013711e+01
1.039624740784483414e+01 1.051339208853453755e+01
1.055109039942887250e+01 1.069114757611751010e+01
1.073744980526450732e+01 1.085836863910621197e+01
1.091896107402570237e+01 1.102005112663935016e+01
1.105690808667188740e+01 1.118427794945823273e+01
1.124374486054882105e+01 1.135112387837838810e+01
1.140003856690217177e+01 1.151345771120196559e+01
1.155274289524164999e+01 1.167713187268031483e+01
1.171894472905353091e+01 1.183671443648748856e+01
1.190296196758719915e+01 1.199682005678593555e+01
1.206444089151529298e+01 1.216426997654911268e+01
1.222933154555316548e+01 1.232743856939061722e+01
1.239096618254034965e+01 1.249477372258540875e+01
1.253634430543629108e+01 1.265988333300513702e+01
1.270284690909814351e+01 1.282340009395700520e+01
1.287792946439809327e+01 1.298069988931748853e+01
1.299963998777837659e+01 1.313818527025621741e+01
1.314507493041017483e+01 1.330358811134286157e+01
1.329839903792397138e+01 1.346178242454588769e+01
1.351851376849423225e+01 1.362678702588448942e+01
1.366394051130996168e+01 1.379063449945931374e+01
1.382880369153330591e+01 1.396004336738400653e+01
1.400437380711919921e+01 1.411685554061620707e+01
1.414679366998685950e+01 1.429353205817281669e+01
1.432567081680076981e+01 1.445979089444895038e+01
1.448943526072237553e+01 1.460861133027313130e+01
1.463752854792816471e+01 1.477007095078974075e+01
1.489533691276239580e+01 1.479626177155914313e+01
1.493360070264732187e+01 1.507834800296427957e+01
1.510644260745870682e+01 1.523822956676320928e+01
1.527206143112553960e+01 1.539991983671076525e+01
1.543121257709421101e+01 1.556090495390076711e+01
1.557556466473271506e+01 1.573451990395456512e+01
1.570993080692101707e+01 1.590295369494909039e+01
1.585653253752657221e+01 1.605784313847473754e+01
1.609472086013906988e+01 1.621863584374403189e+01
1.622323595926710382e+01 1.637684197092781702e+01
1.636693428562126940e+01 1.656024288994404614e+01
1.648000187205101241e+01 1.672327606222003382e+01
1.685789853712162767e+01 1.671711239280903172e+01
1.688873957987757990e+01 1.704751357399075218e+01
1.700357171835982228e+01 1.720619401651814329e+01
1.735128432268926346e+01 1.716335776650280209e+01
1.736792123590354464e+01 1.752608597337700758e+01
1.752231747000970330e+01 1.769099721175449957e+01
1.765432496110188154e+01 1.784092676855687287e+01
1.800122623097297136e+01 1.786597336114124346e+01
1.816131618571246875e+01 1.800296193098012409e+01
1.810574312745374925e+01 1.832986609563894476e+01
1.848633758080198319e+01 1.832177746499810667e+01
1.845545908540799829e+01 1.865955726488877531e+01
1.880162470631156424e+01 1.865577695988565310e+01
1.895911951286204555e+01 1.877786545059294099e+01
1.913459221201310712e+01 1.895397192858530033e+01
1.929337426516859111e+01 1.915024131739363611e+01
1.945822458336117222e+01 1.925466243758460294e+01
1.947859597510180762e+01 1.961383146213929152e+01
1.960401224642504658e+01 1.977395943851891857e+01
1.978957677465161780e+01 1.994412642189216101e+01
2.011295326635207914e+01 1.994234842975936317e+01
2.027781265424366453e+01 2.013508732184187977e+01
2.023490440428025394e+01 2.044423421998837043e+01
2.062923833221973524e+01 2.047827109008245472e+01
2.079173917384661863e+01 2.062508688776123833e+01
2.096991865681235012e+01 2.078327883389529873e+01
2.098505297223905330e+01 2.110282711482459561e+01
2.111810973856148621e+01 2.126679575664736888e+01
2.126088125030415554e+01 2.144929628261387577e+01
2.163386363754653630e+01 2.141217391616180521e+01
2.181140980721563594e+01 2.171268419040789510e+01
