0.000000000000000000e+00 0.000000000000000000e+00
0.000000000000000000e+00 0.000000000000000000e+00
0.000000000000000000e+00 0.000000000000000000e+00
0.000000000000000000e+00 0.000000000000000000e+00
0.000000000000000000e+00 0.000000000000000000e+00
0.000000000000000000e+00 0.000000000000000000e+00
0.000000000000000000e+00 0.000000000000000000e+00
0.000000000000000000e+00 0.000000000000000000e+00
0.000000000000000000e+00 0.000000000000000000e+00
0.000000000000000000e+00 0.000000000000000000e+00
0.000000000000000000e+00 0.000000000000000000e+00
0.000000000000000000e+00 0.000000000000000000e+00
0.000000000000000000e+00 0.000000000000000000e+00
0.000000000000000000e+00 0.000000000000000000e+00
0.000000000000000000e+00 0.000000000000000000e+00
0.000000000000000000e+00 0.000000000000000000e+00
0.000000000000000000e+00 0.000000000000000000e+00
1.348885897729867334e-01 -4.193362395267710707e-02
2.515583151517363780e-01 3.504391124428120730e+00
2.176636582566015221e+00 5.391484055236107409e+00
3.570647183206884900e+00 0.000000000000000000e+00
4.222333508843284733e+00 6.671928812003370624e+00
6.183927471914792307e+00 6.919693875023153140e+00
6.895599903848633083e+00 7.062301965080261645e+00
7.093043026286223629e+00 7.155551789485126157e+00
7.243353668451576688e+00 7.285367670132431250e+00
7.375492572303016026e+00 7.367460651126121363e+00
7.507841661937098898e+00 7.568741699035172132e+00
7.630786368068221748e+00 7.693148688004804114e+00
7.781706270143851079e+00 7.950554443504667113e+00
7.924606379195678230e+00 8.133723607394426125e+00
8.091060369879597758e+00 8.286350078282525899e+00
8.252233051366193450e+00 8.422365595365025825e+00
8.548140070750783082e+00 8.464381059313081934e+00
8.694714806165617205e+00 8.587919182053074252e+00
8.714499666450786108e+00 8.863557645262268636e+00
8.929301603171378332e+00 9.009537962156610291e+00
9.076918414953095038e+00 9.161791675199449259e+00
9.309759492061170150e+00 9.233705539218666658e+00
9.465423893219748308e+00 9.383624332653075939e+00
9.614607459168572845e+00 9.519229167913790590e+00
9.767157706453989618e+00 9.637457822010921049e+00
9.929394319590066686e+00 9.807999189561636300e+00
1.008148213405834248e+01 9.940774387275368440e+00
1.025712196882251348e+01 1.012026945975036440e+01
1.041436288427050094e+01 1.026629061537991738e+01
1.056705745809435548e+01 1.043009659923210819e+01
1.073731585174635939e+01 1.059471078324637716e+01
1.089212101016141254e+01 1.077487138376914366e+01
1.107038832334822054e+01 1.094696496890140303e+01
1.123502723558948979e+01 1.110259594337959221e+01
1.138971777952096254e+01 1.124461423242539659e+01
1.156388966555272901e+01 1.144408458542424434e+01
1.173145050858302341e+01 1.166168236859716956e+01
1.190308988190962047e+01 1.178921537133920516e+01
1.208024177438326952e+01 1.196797166188794570e+01
1.224228216206023845e+01 1.213493152507299655e+01
1.241469335089249348e+01 1.233632914672123349e+01
1.259846872797026940e+01 1.252158291951097091e+01
1.276802035738870522e+01 1.267718729798566812e+01
1.294862383359151004e+01 1.282095898094282305e+01
1.314078118515063665e+01 1.303389542038821070e+01
1.331687964352166098e+01 1.324920586654130084e+01
1.350927034485762057e+01 1.335701359273957323e+01
1.367990631891663256e+01 1.357006156139808439e+01
1.386285276408704981e+01 1.372726167463603097e+01
1.403382960583822481e+01 1.387291110113697634e+01
1.422107442467451577e+01 1.407588866185059828e+01
1.438450201993570943e+01 1.431423618904540263e+01
1.456884094302966659e+01 1.440138828120544012e+01
1.474349004735991109e+01 1.454996212404436484e+01
1.493857727737158392e+01 1.470102228749574103e+01
1.512344622776284453e+01 1.496362792109079898e+01
1.531373903259830982e+01 1.513910599482663955e+01
1.548775261554317950e+01 1.535608316954719399e+01
1.568942700396083012e+01 1.545219270195327077e+01
1.586173135393505973e+01 1.570824954620491631e+01
1.605055148416018795e+01 1.577875742847162499e+01
1.623129051062527850e+01 1.607232882649070760e+01
1.641774578021144038e+01 1.617634418841582189e+01
1.662314917033701889e+01 1.643691207099909590e+01
1.680311417385321704e+01 1.660470396417729688e+01
1.699626476339280856e+01 1.676736296117383418e+01
1.717618979158632442e+01 1.688932428407086661e+01
1.737036361572970478e+01 1.710178178670732763e+01
1.755367589304340825e+01 1.728057438343719809e+01
1.774247067876191863e+01 1.741665445052716876e+01
1.792428207052335409e+01 1.755843525782858805e+01
1.812819043930634066e+01 1.775187366886103035e+01
1.831801868505506903e+01 1.801120028335662582e+01
1.850027651045949639e+01 1.819458159172317124e+01
1.870300192349294122e+01 1.837659956497934388e+01
1.888988869475483057e+01 1.848380298816261913e+01
1.908583270636106377e+01 1.869638679913980894e+01
1.928220843268719165e+01 1.889128781234749255e+01
1.948041853894133979e+01 1.905651228397148600e+01
1.965729211004330068e+01 1.925276246080882103e+01
1.983715260314297169e+01 1.948165305088244281e+01
2.003077670601391702e+01 1.963128130664837201e+01
2.021867026725708527e+01 1.970560883701402588e+01
2.040292762691121453e+01 2.003828811808524435e+01
