0.000000000000000000e+00 0.000000000000000000e+00
0.000000000000000000e+00 0.000000000000000000e+00
3.973595336274150791e-02 0.000000000000000000e+00
8.702265543627407673e-01 1.010669796261948861e+00
1.445948849805674730e+00 1.634943797159339463e+00
1.729693559956174687e+00 1.808529276237187178e+00
1.882602492127536609e+00 1.977924480228947735e+00
2.023194622408766907e+00 2.157829166381774133e+00
2.222836589669971108e+00 2.350678295991847744e+00
2.420345752452768284e+00 2.551682028306581973e+00
2.628659231576998767e+00 2.743525669004706291e+00
2.859130559631640089e+00 2.939321529730138494e+00
3.045445371245187882e+00 3.131394265013395461e+00
3.258205535324920188e+00 3.317125956439478607e+00
3.413960452868531004e+00 3.502172922835297797e+00
3.627199779455531292e+00 3.695062500383187842e+00
3.812454311132094986e+00 3.876296804303193788e+00
4.025416684092325781e+00 3.975397235128266704e+00
4.180648203152683706e+00 4.236789352258933050e+00
4.363848420493649627e+00 4.428056055695539506e+00
4.558828762054117689e+00 4.611962492032240846e+00
4.716950477339281633e+00 4.792361801675605548e+00
4.963541490378948318e+00 4.930158869138896449e+00
5.135003033432985475e+00 5.107296731362321651e+00
5.295239700645047343e+00 5.331296064618001651e+00
5.504446381981187741e+00 5.474752683679289689e+00
5.654317866646194624e+00 5.706895006483202692e+00
5.852360297071035333e+00 5.904963095002480067e+00
6.067030571078909418e+00 5.992219815025253915e+00
6.196352869056725332e+00 6.270409919157990508e+00
6.365428610800814901e+00 6.453143378345072456e+00
6.640608983189447478e+00 6.544323085192766953e+00
6.762234891920746449e+00 6.828485574625572596e+00
6.956863367553052235e+00 7.011141641264753588e+00
7.129976779164141298e+00 7.202112555581154929e+00
7.302431458987987511e+00 7.388026119612117526e+00
7.572816125200961146e+00 7.509134097112798223e+00
7.681381751515454326e+00 7.769593952512724222e+00
7.905973762979797925e+00 7.960250136114128239e+00
8.064280461175400205e+00 8.152606158876306353e+00
8.280670431606241166e+00 8.340835994748850624e+00
8.442901334680652070e+00 8.531329056033195357e+00
8.725694248092400684e+00 8.625906009870217162e+00
8.916147584770637735e+00 8.819536741409466529e+00
8.997084090593906680e+00 9.114881551674008264e+00
9.201137425986424034e+00 9.299725618706926156e+00
9.294634181658341987e+00 9.494775814264041713e+00
9.695235134209740480e+00 9.568999134799756945e+00
9.689512115771170997e+00 9.891647643665967493e+00
9.928399916064103436e+00 1.008746967624182744e+01
1.011114789627681532e+01 1.026954512006918740e+01
1.047496755212668340e+01 1.026212190732782581e+01
1.065518155024354030e+01 1.045917854807055214e+01
1.065639547886745220e+01 1.085340364835922955e+01
1.102998516458215228e+01 1.083667625437989912e+01
1.122425408268484404e+01 1.105805393544926751e+01
1.124753457306837667e+01 1.140975881774520850e+01
1.143728804892784368e+01 1.159194233099889892e+01
1.178097151030303280e+01 1.164281595332385422e+01
1.196033662496740924e+01 1.176717657755799529e+01
1.200559244696085592e+01 1.213648283703905761e+01
1.219505775148316928e+01 1.232927386579296858e+01
1.241378408946407674e+01 1.252627301096606871e+01
1.272228554510003029e+01 1.256634753509841573e+01
1.275789721725116443e+01 1.290451409831194240e+01
1.308654505275615598e+01 1.296340375318153804e+01
1.314370033862697440e+01 1.326946648307477084e+01
1.334372752430264519e+01 1.344902332170928538e+01
1.349627053898006146e+01 1.365054761727553334e+01
1.370962999147471173e+01 1.383268439349116719e+01
1.402074112773539660e+01 1.389122939788672717e+01
1.407825620898748653e+01 1.419676250566827314e+01
1.430113460504601086e+01 1.438698168915337483e+01
1.458464921385712998e+01 1.449666803604675813e+01
1.475661218822142473e+01 1.464916425879455630e+01
1.495891384980985706e+01 1.482193403931890785e+01
1.506015483278542355e+01 1.512929078289430151e+01
1.524041319221086965e+01 1.531957135297597006e+01
1.551918097027949273e+01 1.546402409144642931e+01
1.566742284515404648e+01 1.569679252496372790e+01
1.592022098839160194e+01 1.585438048732086180e+01
1.599398263863987601e+01 1.610760348297669964e+01
1.631260346163352892e+01 1.623513993314339388e+01
1.641062348931097858e+01 1.648620164187032344e+01
1.668852108194140271e+01 1.660390502196932871e+01
1.687873913397566383e+01 1.682576794791767227e+01
1.707109410237595881e+01 1.698728623288975115e+01
1.718946193188667593e+01 1.724347089633937813e+01
1.739548425082472960e+01 1.743726012487100263e+01
1.763749036904809131e+01 1.758664182058736358e+01
1.777428369788724538e+01 1.781644149171396307e+01
1.802521455235832093e+01 1.795983174337425581e+01
1.821848674177326544e+01 1.817357691790409646e+01
1.835072921453723183e+01 1.838880262209525895e+01
1.858717081623852252e+01 1.856117485486990049e+01
1.879712819163352577e+01 1.865275789774135262e+01
1.896999011382400724e+01 1.896860579319605833e+01
1.917320453063108943e+01 1.914952119599052693e+01
1.936916920151519861e+01 1.935371907050566875e+01
1.957619020477593708e+01 1.955042441678185483e+01
1.973284534110981525e+01 1.972468961226056550e+01
