0.000000000000000000e+00 0.000000000000000000e+00
0.000000000000000000e+00 0.000000000000000000e+00
0.000000000000000000e+00 0.000000000000000000e+00
0.000000000000000000e+00 0.000000000000000000e+00
1.335593896137687586e-01 3.858031398792554582e-03
1.940701364166336873e+00 2.120497737824619922e+00
2.070327485656916711e+00 2.590849554630874074e+00
2.731859579520911296e+00 2.741794134367135705e+00
2.878786708322508936e+00 2.898637201140162212e+00
2.962466426738806113e+00 3.038793381104441416e+00
3.117404595836437142e+00 3.286477907064329074e+00
3.252249686492068470e+00 3.493723145588584877e+00
3.504689348761855339e+00 3.691806733523241846e+00
3.735838841269143451e+00 3.885341925091228887e+00
4.021950265533347668e+00 4.082573992291829157e+00
4.198928656579182572e+00 4.275925844064735415e+00
4.355632473111797687e+00 4.470778459261956606e+00
4.531807603483592573e+00 4.673433954591992290e+00
4.711624171342178258e+00 4.856589819228190663e+00
4.922414517753226804e+00 5.052569707764923201e+00
5.079359504644298973e+00 5.233670916104137483e+00
5.278501376673090384e+00 5.418689865708751441e+00
5.486900075632489049e+00 5.613813474062406605e+00
5.643662384671219279e+00 5.795498728990451376e+00
5.801183345000160863e+00 5.972488418987139447e+00
5.971093404972875440e+00 6.151699595847946789e+00
6.181548793399698205e+00 6.323346898431505991e+00
6.363301710188845384e+00 6.511658006322787351e+00
6.548162867372944618e+00 6.694678262470337593e+00
6.716701876781608682e+00 6.864438899203218369e+00
6.888653423760315420e+00 7.035587799083461213e+00
7.188160778309533150e+00 7.061364578435163075e+00
7.348408152955554939e+00 7.215079518044816176e+00
7.397507516174245623e+00 7.536180781417958663e+00
7.691493646595466416e+00 7.572530001532729038e+00
7.747260138245656513e+00 7.884606065520570972e+00
7.926328858281193490e+00 8.069888474792993094e+00
8.227603889450911367e+00 8.097227306182682938e+00
8.413642718075426075e+00 8.288432568116620658e+00
8.592012900477913107e+00 8.461389046290882732e+00
8.639003351525422758e+00 8.773716067124201601e+00
8.945779667953011938e+00 8.799611392709071112e+00
9.003217523873660255e+00 9.128277144369164375e+00
9.315478795264496625e+00 9.162409504947202521e+00
9.493363247581470432e+00 9.372332466572730780e+00
9.530935073717165196e+00 9.654725365715712826e+00
9.840351486971487205e+00 9.718302009466611935e+00
1.000501074145113911e+01 9.891554880659771953e+00
1.019578851873711223e+01 1.005226294059643344e+01
1.037825287629879512e+01 1.025501941072125867e+01
1.044030358115539769e+01 1.055331006355775969e+01
1.073586836631652730e+01 1.057419728278595095e+01
1.092375656255821248e+01 1.077096389561130074e+01
1.097619327507871390e+01 1.109336820930371204e+01
1.127146045575119615e+01 1.119160073873383432e+01
1.131818408818801736e+01 1.144898884581273713e+01
1.164011842517511397e+01 1.152887592425177843e+01
1.182762112743331429e+01 1.171028494284398747e+01
1.200971894909733884e+01 1.188414581921874280e+01
1.206568118708184123e+01 1.219087223122879671e+01
1.238774793320975398e+01 1.224958451882519839e+01
1.245378588980655010e+01 1.255911203897828088e+01
1.266416114232371726e+01 1.273589440227690162e+01
1.292231641151594346e+01 1.284346016850368954e+01
1.312207515554268511e+01 1.296817100626920194e+01
1.330655856834660078e+01 1.317499562374972832e+01
1.350486096338909725e+01 1.338831359980439828e+01
1.353979204039787732e+01 1.367683890122698109e+01
1.387494634276364991e+01 1.378123153966408765e+01
1.406520857429148030e+01 1.393895406381291657e+01
1.425830566168175650e+01 1.409155230965624384e+01
1.444761929623490637e+01 1.434402254983529978e+01
1.463640875247235051e+01 1.453840523144421049e+01
1.482102275970666838e+01 1.470592698310509405e+01
1.502031871603633384e+01 1.487061559765125196e+01
1.520889695529088570e+01 1.507254560899760953e+01
1.522478591722540564e+01 1.536327019727887411e+01
1.558748489663241266e+01 1.544459693190021810e+01
1.560866845789746016e+01 1.572751868889322502e+01
1.594618903007382471e+01 1.576264089542590341e+01
1.612690340636107678e+01 1.599962478778073027e+01
1.630981504735261467e+01 1.620253666579531426e+01
1.650687694611355383e+01 1.643749944479349523e+01
1.669858152119521932e+01 1.662777904887811076e+01
1.689074562764012910e+01 1.673227352827878178e+01
1.708946695223876944e+01 1.694991666456187218e+01
1.728200149116959494e+01 1.714365862207898417e+01
1.747759284107574373e+01 1.733811156791550445e+01
1.765979054469381637e+01 1.749492981485310850e+01
1.785383751902714522e+01 1.772775515425407988e+01
1.804607352804181630e+01 1.793397195257782073e+01
1.824129729628054619e+01 1.796199552545109412e+01
1.844481553288957798e+01 1.828820060374457057e+01
1.848246198607257185e+01 1.859526533216517663e+01
1.882188298590060072e+01 1.865600342206836260e+01
1.901018875038094791e+01 1.886520429880501837e+01
1.919231558323441078e+01 1.909949333087652690e+01
1.938378607694609101e+01 1.923487499341073459e+01
1.958368018636961949e+01 1.947241236241304918e+01
1.978414445973429991e+01 1.956682925453615240e+01
1.996682009364482724e+01 1.987730990432046241e+01
