0.000000000000000000e+00 0.000000000000000000e+00
0.000000000000000000e+00 0.000000000000000000e+00
0.000000000000000000e+00 0.000000000000000000e+00
0.000000000000000000e+00 0.000000000000000000e+00
0.000000000000000000e+00 0.000000000000000000e+00
0.000000000000000000e+00 0.000000000000000000e+00
0.000000000000000000e+00 0.000000000000000000e+00
0.000000000000000000e+00 0.000000000000000000e+00
0.000000000000000000e+00 0.000000000000000000e+00
0.000000000000000000e+00 0.000000000000000000e+00
0.000000000000000000e+00 0.000000000000000000e+00
0.000000000000000000e+00 0.000000000000000000e+00
0.000000000000000000e+00 0.000000000000000000e+00
0.000000000000000000e+00 0.000000000000000000e+00
0.000000000000000000e+00 0.000000000000000000e+00
0.000000000000000000e+00 0.000000000000000000e+00
0.000000000000000000e+00 0.000000000000000000e+00
0.000000000000000000e+00 0.000000000000000000e+00
0.000000000000000000e+00 0.000000000000000000e+00
0.000000000000000000e+00 9.387437893076469586e-02
3.139360443986641269e-01 2.210775579141284197e+00
3.477603089387549806e-01 1.783918527173041335e+00
2.251193028204761415e+00 6.866448166251982954e+00
4.658320019309784676e+00 7.026066733063278669e+00
6.999618023195393945e+00 7.113614614427747007e+00
7.051468876297364297e+00 7.279207364848833350e+00
7.348446081682822317e+00 7.428000338668490521e+00
7.538690152927910226e+00 7.445964114556962166e+00
7.658438195383104663e+00 7.630019372689697654e+00
7.796208604841944556e+00 7.740026746634144139e+00
7.888560905580135341e+00 8.112765427889783609e+00
8.133154534685573367e+00 8.258857641086349233e+00
8.323023525585304228e+00 8.414128761524496625e+00
8.483574719939621644e+00 8.549387277142990627e+00
8.641855356251141984e+00 8.693690321014139855e+00
8.837995863349551229e+00 8.810705472061956200e+00
8.976792285803162130e+00 8.928288965261389265e+00
9.131813752862177225e+00 9.087669542603666883e+00
9.285666672941957245e+00 9.237294187447682603e+00
9.432205318424347951e+00 9.385619912448197155e+00
9.584884111557565589e+00 9.537847964369120746e+00
9.747335710334573022e+00 9.667228934867670986e+00
9.916891595066726239e+00 9.789170039096950049e+00
1.007418537332913466e+01 9.982007183508921244e+00
1.023812774790151714e+01 1.014659705148612190e+01
1.041635996640163775e+01 1.028932313364017936e+01
1.057686063298163326e+01 1.040718402509970986e+01
1.073732404976445842e+01 1.059080302601442547e+01
1.091244626156846032e+01 1.078197885592531158e+01
1.107009537792666443e+01 1.089845751911944483e+01
1.123435755641544098e+01 1.108758813304741508e+01
1.141102066065039189e+01 1.123354061213263222e+01
1.158094898850506915e+01 1.140447740834934010e+01
1.175604383621038984e+01 1.158167566780748636e+01
1.192397528242873861e+01 1.173047136188880479e+01
1.208596578335913918e+01 1.192252403754265444e+01
1.226807971613755832e+01 1.209473637199227980e+01
1.243368728072569951e+01 1.230382055817998221e+01
1.261074430331304974e+01 1.234621963887025231e+01
1.278727466799792722e+01 1.262137208442570646e+01
1.295493382726826148e+01 1.270887953347905786e+01
1.313247208175943470e+01 1.285676092270546356e+01
1.331601904869059361e+01 1.313048915835118180e+01
1.350280742428923730e+01 1.329928279703010396e+01
1.367286690991432607e+01 1.344238064092478169e+01
1.384878919220033389e+01 1.355798613539533370e+01
1.403289745120869370e+01 1.382152278966896120e+01
1.421790834915912072e+01 1.400457404155801555e+01
1.441179759256727166e+01 1.417144228542548490e+01
1.459735376392686490e+01 1.435551047507432720e+01
1.478148569044389582e+01 1.448763181910452147e+01
1.495522952079931045e+01 1.471510322614791022e+01
1.514954081504478012e+01 1.490368964952557640e+01
1.533071870292634920e+01 1.506316044859382153e+01
1.552612488527978307e+01 1.526133700705837271e+01
1.571619006474318958e+01 1.542313040711483829e+01
1.590261538264986285e+01 1.558809907559741958e+01
1.607143511699935345e+01 1.582107041363954814e+01
1.626423468393853611e+01 1.593212185827962379e+01
1.645098968219252100e+01 1.619159003122785379e+01
1.662477155123106343e+01 1.622792293381256812e+01
1.682234532411406747e+01 1.645447756184288579e+01
1.700538272560279651e+01 1.665270460513220740e+01
1.719185396012140288e+01 1.684508787257402318e+01
1.738684153898579865e+01 1.701469138744041487e+01
1.756530904096199208e+01 1.723149116885666743e+01
1.776156263772525534e+01 1.738527185411185627e+01
1.795019009519977615e+01 1.758738878596791366e+01
1.814001085585940842e+01 1.766845073616680395e+01
1.832504400485902707e+01 1.789563269621081076e+01
1.851158768604033256e+01 1.809845832315903635e+01
1.871720291027535055e+01 1.820278972808924678e+01
1.887877175556996434e+01 1.848942393120912442e+01
1.908186285492879364e+01 1.876762355830782880e+01
1.926345583234033398e+01 1.886271201386751883e+01
1.946315551862500826e+01 1.897050602209552750e+01
1.961542336212408344e+01 1.928359481966608158e+01
1.981466730076132166e+01 1.934135033628355060e+01
2.000259376495872132e+01 1.956018388736887559e+01
2.019514884515210440e+01 1.973627576563950470e+01
2.038654424822863476e+01 1.994056776443672874e+01
