0.000000000000000000e+00 0.000000000000000000e+00
0.000000000000000000e+00 0.000000000000000000e+00
0.000000000000000000e+00 0.000000000000000000e+00
0.000000000000000000e+00 0.000000000000000000e+00
0.000000000000000000e+00 0.000000000000000000e+00
0.000000000000000000e+00 0.000000000000000000e+00
0.000000000000000000e+00 0.000000000000000000e+00
0.000000000000000000e+00 0.000000000000000000e+00
0.000000000000000000e+00 0.000000000000000000e+00
0.000000000000000000e+00 0.000000000000000000e+00
0.000000000000000000e+00 0.000000000000000000e+00
0.000000000000000000e+00 0.000000000000000000e+00
0.000000000000000000e+00 0.000000000000000000e+00
0.000000000000000000e+00 0.000000000000000000e+00
8.828829687725997521e-02 0.000000000000000000e+00
0.000000000000000000e+00 0.000000000000000000e+00
0.000000000000000000e+00 0.000000000000000000e+00
5.841907262781676630e-02 0.000000000000000000e+00
1.147057505284733714e-01 0.000000000000000000e+00
7.511023623576440489e-02 2.383947416795852092e+00
6.738385195180330856e-01 0.000000000000000000e+00
1.064344656665268785e+00 6.978031977606163672e+00
2.566274369336963623e+00 6.945679352797865747e+00
6.095321765967659289e+00 7.107627173437871093e+00
6.730705845019540945e+00 7.235808320076328570e+00
7.316715139768241727e+00 7.220951786341847978e+00
7.415515960465529410e+00 7.328548038199540926e+00
7.498916845495308792e+00 7.590794935139023814e+00
7.696771773282002904e+00 7.821833613637725335e+00
7.829829810693129666e+00 7.968041894436074024e+00
7.967367107417482330e+00 8.104139389833775908e+00
8.153378136021782296e+00 8.243484956550410914e+00
8.374321674124930226e+00 8.342912363847974078e+00
8.516230365584435802e+00 8.458149599841416233e+00
8.626869018708259063e+00 8.696187007542564018e+00
8.820018479533640487e+00 8.764056063767217353e+00
8.965151498757988335e+00 8.878296696452590453e+00
9.058432875534355944e+00 9.146992554443535539e+00
9.228599275896398169e+00 9.291402067991651137e+00
9.445676571964446211e+00 9.369975495110605124e+00
9.596113634472649423e+00 9.540165947987839346e+00
9.753450392351826537e+00 9.705816138872830123e+00
9.919643357741909639e+00 9.851635175424647173e+00
1.008439570814748087e+01 9.979942221821247017e+00
1.016730607314126544e+01 1.021939856724771722e+01
1.038908707690917232e+01 1.033094544594538533e+01
1.055618415906691965e+01 1.050661029469481100e+01
1.072712249954534691e+01 1.066094205341702938e+01
1.088407808410731903e+01 1.078996362528390129e+01
1.104715865821966680e+01 1.095519522048566152e+01
1.121405560572878812e+01 1.115906035142231367e+01
1.138276224851395391e+01 1.124440228815904241e+01
1.155761569404899625e+01 1.144635401666470997e+01
1.173585622541512485e+01 1.156581589240380126e+01
1.190913205046183698e+01 1.169807038796728271e+01
1.208828716693293792e+01 1.199637250118005660e+01
1.227624914322802852e+01 1.207298680366376509e+01
1.243491309390478072e+01 1.232828238420032463e+01
1.262329305785144307e+01 1.247557088579579521e+01
1.280121890563886744e+01 1.255919857630519054e+01
1.297521401668466012e+01 1.278618955048048988e+01
1.317256948431530894e+01 1.296242348238802222e+01
1.335202165501075555e+01 1.314453375942041191e+01
1.351683416158393847e+01 1.325623066279943529e+01
1.369792340428238653e+01 1.345318585707817860e+01
1.387431110291695191e+01 1.368031494135667359e+01
1.405010641993858300e+01 1.383373535364728646e+01
1.422587256874289530e+01 1.404040495086889173e+01
1.440443671067342812e+01 1.418436828605512190e+01
1.458751757996721565e+01 1.435445363923794915e+01
1.477881483705388987e+01 1.459184822863439024e+01
1.495121528153591406e+01 1.472441552622148286e+01
1.513679439715109432e+01 1.492167331146256259e+01
1.533268690423420111e+01 1.507318913372731828e+01
1.551673603118372036e+01 1.530731542458297945e+01
1.569585154865955978e+01 1.543346277460224059e+01
1.588882771941002758e+01 1.564336867597450009e+01
1.608182114094116599e+01 1.588323276523965610e+01
1.626425679788744816e+01 1.594910240897990050e+01
1.645782259650484747e+01 1.623824266501192071e+01
1.664486032986043540e+01 1.622141456407450022e+01
1.683270059108125949e+01 1.655432979562917950e+01
1.701791771616630555e+01 1.666288416156006846e+01
1.720963835589308744e+01 1.683201873792994263e+01
1.740011324583888097e+01 1.715066766368348894e+01
1.758795838998156569e+01 1.723178209065338251e+01
1.778362726060749921e+01 1.733864770352122520e+01
1.795828187798264608e+01 1.750566792070442190e+01
1.815744189907858441e+01 1.784633414206173896e+01
1.832305984701789470e+01 1.799452654824004583e+01
1.851871628950227588e+01 1.818111890458603597e+01
1.870963270641098930e+01 1.819917036759584406e+01
1.889949199075979891e+01 1.844597812958491900e+01
1.908756527429520489e+01 1.862624282462935810e+01
1.928417872933685828e+01 1.879301834244179048e+01
1.945845100013115214e+01 1.892744574319430839e+01
1.966233210995286385e+01 1.918606259894851718e+01
1.983636398557412051e+01 1.943840268452105491e+01
2.003689047977822213e+01 1.955389046270542508e+01
2.020915700681142368e+01 1.971928980889173388e+01
2.040133984756047170e+01 1.992144333080363339e+01
