0.000000000000000000e+00 0.000000000000000000e+00
0.000000000000000000e+00 0.000000000000000000e+00
1.136756451206185313e-03 0.000000000000000000e+00
2.947518954346648457e-01 8.771620490190676911e-01
1.462418142035749824e+00 1.695076836496211881e+00
1.844544139986130205e+00 1.910849870158150887e+00
2.021015944472624781e+00 2.024409686172973011e+00
2.134109295104762438e+00 2.189492548962623353e+00
2.287980259191474186e+00 2.384541598962758968e+00
2.492475349645018046e+00 2.573628918898258178e+00
2.693533993318214304e+00 2.771456376099455277e+00
2.871173535246530406e+00 2.956750106323974503e+00
3.060681184620562600e+00 3.141549399433359646e+00
3.224186264065117324e+00 3.334508282472058216e+00
3.426496481492962154e+00 3.542526872144409200e+00
3.611160837900894816e+00 3.735903692151577804e+00
3.780538005693206305e+00 3.924561315848771770e+00
3.965926061932565361e+00 4.109548010357031878e+00
4.183149772628986796e+00 4.300248211070736737e+00
4.373181182162873881e+00 4.481059991115319718e+00
4.547778065971492367e+00 4.671697893915423450e+00
4.722796010226961272e+00 4.860419843338340762e+00
4.926174533307254855e+00 5.044355215343356846e+00
5.071236291532628115e+00 5.224508388513752877e+00
5.389415307112892073e+00 5.276351583778873255e+00
5.430012294851619181e+00 5.577204068256071068e+00
5.664367305280618048e+00 5.773141537586958805e+00
5.869573834384492983e+00 5.957738585546753285e+00
6.065349127711993305e+00 6.151244009006034297e+00
6.210409138783576033e+00 6.341284706228126566e+00
6.514993398874797670e+00 6.401025593008620618e+00
6.704948786976499875e+00 6.612576725102630171e+00
6.887533986101463057e+00 6.776313253458589259e+00
6.941937336709707473e+00 7.077961259635642044e+00
7.158423797919852838e+00 7.255241689156078699e+00
7.449056521583080404e+00 7.306344916217398122e+00
7.627575087321733172e+00 7.513781983970653222e+00
7.720292123201600631e+00 7.818114566268543619e+00
7.887471422634114937e+00 8.008750836972508225e+00
8.036474694822068443e+00 8.208314583598276926e+00
8.285352337039588733e+00 8.392653380393388929e+00
8.560709833539508651e+00 8.457728122507324642e+00
8.630628646362671574e+00 8.742120341584090681e+00
8.938277420902405623e+00 8.810110886146969023e+00
9.115487892477050380e+00 9.022427961646343419e+00
9.202774025582403539e+00 9.315829665443404295e+00
9.494038111820087167e+00 9.391397697854021231e+00
9.678190155442328191e+00 9.520600814269739587e+00
9.755264903102258245e+00 9.879099431672630161e+00
1.006302153872941219e+01 9.936859858257090394e+00
1.024995469517543079e+01 1.012680647367439768e+01
1.031637472488815988e+01 1.043635231569432698e+01
1.052480340419471183e+01 1.062285504086431942e+01
1.081345996295735112e+01 1.067808801260567719e+01
1.100231904665288241e+01 1.092812333082761178e+01
1.109222402094543902e+01 1.118877730810320514e+01
1.138292615555552345e+01 1.129877011882181215e+01
1.156546240955132809e+01 1.147538008997748094e+01
1.164990330658134177e+01 1.175565044519234803e+01
1.184617734250482002e+01 1.194963573451514804e+01
1.201709310301679245e+01 1.212206500675519116e+01
1.220408765218468261e+01 1.231081555774277447e+01
1.250255797004887448e+01 1.240700500712274845e+01
1.268631486961117716e+01 1.255279164030294936e+01
1.288508866725583069e+01 1.277769629212818181e+01
1.308531676868170024e+01 1.298537911742189976e+01
1.326788862287695814e+01 1.315066517084099473e+01
1.347271527769141031e+01 1.336963601690006165e+01
1.367300465603158877e+01 1.350736426956928149e+01
1.371442036973381740e+01 1.384372221526898272e+01
1.405506211670010153e+01 1.386049417160481667e+01
1.413443194076101506e+01 1.422910627573513764e+01
1.443373634478369105e+01 1.424293391416018473e+01
1.463299762908282453e+01 1.449113607059593001e+01
1.483616814585317378e+01 1.467671237983937971e+01
1.501641122421824370e+01 1.487193668696160209e+01
1.522202415233086903e+01 1.504493201558537940e+01
1.541506153342500163e+01 1.524554532104281712e+01
1.560556101438696430e+01 1.553193277303056163e+01
1.570298736991553135e+01 1.578317718174444195e+01
1.585628851968097308e+01 1.597188382514509541e+01
1.618373246001799615e+01 1.605086283454808083e+01
1.637323965416555183e+01 1.625423770071726892e+01
1.641702035732003395e+01 1.656138098064213082e+01
1.677135845276288961e+01 1.657430036905482140e+01
1.696004039540120445e+01 1.681661697064276595e+01
1.701362328310726468e+01 1.715018354666850442e+01
1.718171172346453801e+01 1.734196213052987900e+01
1.755415747219256417e+01 1.734613297538470178e+01
1.755330857330354277e+01 1.772858651063151925e+01
1.794030961335132091e+01 1.767784719727281484e+01
1.813809788471767348e+01 1.790891440454701922e+01
1.832274295070833148e+01 1.818396540305266029e+01
1.852799999531379527e+01 1.829639923613867225e+01
1.870874346856930259e+01 1.853718127381926450e+01
1.890738059409300220e+01 1.867848219166718238e+01
1.911588372654723500e+01 1.885269386866696095e+01
1.929191526538489043e+01 1.900039800821311431e+01
1.950279213601616490e+01 1.933191319014190412e+01
1.967970758296825551e+01 1.948168468396321984e+01
1.977308117469787163e+01 1.985750294852879705e+01
