0.000000000000000000e+00 0.000000000000000000e+00
0.000000000000000000e+00 0.000000000000000000e+00
0.000000000000000000e+00 0.000000000000000000e+00
0.000000000000000000e+00 0.000000000000000000e+00
0.000000000000000000e+00 0.000000000000000000e+00
0.000000000000000000e+00 0.000000000000000000e+00
0.000000000000000000e+00 0.000000000000000000e+00
0.000000000000000000e+00 0.000000000000000000e+00
0.000000000000000000e+00 0.000000000000000000e+00
6.339019186177496934e-02 0.000000000000000000e+00
5.872569450935124363e-02 0.000000000000000000e+00
8.432726414679664328e-02 0.000000000000000000e+00
1.875393275855930408e+00 5.344784637458974252e+00
3.993964064602713471e+00 5.112546418684996041e+00
5.452664060291030346e+00 5.489640464405825426e+00
5.518710841279975021e+00 5.516384639327029049e+00
5.601710695602386991e+00 5.604641125948384150e+00
5.675948869739520397e+00 5.685251140679489446e+00
5.830855880456292439e+00 5.826243003400162657e+00
5.931840763873440281e+00 6.072179854513905184e+00
6.113070837667794244e+00 6.309108360118528935e+00
6.289476325271533774e+00 6.419999467422363715e+00
6.476423890111220771e+00 6.625732622682087403e+00
6.694273368200657437e+00 6.804334651526187550e+00
6.880806487988184728e+00 6.830855839868248403e+00
6.971945438114648397e+00 7.120796707668690217e+00
7.123016813754660781e+00 7.278835765556315174e+00
7.281128655295919572e+00 7.432479631455849223e+00
7.499174249861972896e+00 7.578646421809425604e+00
7.685677587979596659e+00 7.724227582160795080e+00
7.825393167277495010e+00 7.876706230331507186e+00
7.976203511785533884e+00 8.019838138495929414e+00
8.120588542424558298e+00 8.172407669374589290e+00
8.310918669594936858e+00 8.271766317652799572e+00
8.420808823069009463e+00 8.469363582223044418e+00
8.612427469515456124e+00 8.575835544916408537e+00
8.762629730784150084e+00 8.740929887790271025e+00
8.915943032399232138e+00 8.900295016228872313e+00
9.059540797012818558e+00 9.084841619506129007e+00
9.236663469720101105e+00 9.188214987713424264e+00
9.401485340890014086e+00 9.365956010240264362e+00
9.565288310187327170e+00 9.526651976346967032e+00
9.723503409932396480e+00 9.685338069325341692e+00
9.844815318337845511e+00 9.890126856273509404e+00
1.006222967188383777e+01 1.001659426183213419e+01
1.022151909505273437e+01 1.018374367938225689e+01
1.038956570929179080e+01 1.030635627085035644e+01
1.055067910461874803e+01 1.051066217331536201e+01
1.072649127794358748e+01 1.068614392894308729e+01
1.090102294957056372e+01 1.085539156773628555e+01
1.107591873404082961e+01 1.101309524447140475e+01
1.125917511432861140e+01 1.118203072267808906e+01
1.143359686155295485e+01 1.126735575886997154e+01
1.161444506259928389e+01 1.151292804288620708e+01
1.177936393236063850e+01 1.166291204180412144e+01
1.186674315132214019e+01 1.190625794570379448e+01
1.212311050705916315e+01 1.204651500308046153e+01
1.229350947141507433e+01 1.222317844166427037e+01
1.248136357579234890e+01 1.237702697584096612e+01
1.265949729304923999e+01 1.252553710186174918e+01
1.273779106955046281e+01 1.278354915336626796e+01
1.299861045674871818e+01 1.286894698415026461e+01
1.316867741528523084e+01 1.306223305411990232e+01
1.335161282867768406e+01 1.330877953091113675e+01
1.355518605936759080e+01 1.334437901042324626e+01
1.373760935030936992e+01 1.362812094369505544e+01
1.391886446670775079e+01 1.383168631940699989e+01
1.410728933361337134e+01 1.398613032335304318e+01
1.431271128111330171e+01 1.416227552583606197e+01
1.448994244071411330e+01 1.436748214269944413e+01
1.468628545065423907e+01 1.455006166578979787e+01
1.486606818700840726e+01 1.474982166231097303e+01
1.504723940476434407e+01 1.481721211948996242e+01
1.522852868417066929e+01 1.503580335949981617e+01
1.542128562677821080e+01 1.522281731607495026e+01
1.559823759600592119e+01 1.541288143090908491e+01
1.578176208873383324e+01 1.563184541171253983e+01
1.597315583779981729e+01 1.578203970266292266e+01
1.616211045646539901e+01 1.596573337328099740e+01
1.632972647314992187e+01 1.614771889926648640e+01
1.653269676799522259e+01 1.636971258008440344e+01
1.672185558121216076e+01 1.651607509085106429e+01
1.689929782714736461e+01 1.677960024365270542e+01
1.710054886387855433e+01 1.687296336062969360e+01
1.727662118258245627e+01 1.704332591631634486e+01
1.746140098947286035e+01 1.726650404174410625e+01
1.764589084237370287e+01 1.747548233381229110e+01
1.782068840250150998e+01 1.759155223283756442e+01
1.802061369045631523e+01 1.780967088596873538e+01
1.821219886294698753e+01 1.805798964361727243e+01
1.839819124695286590e+01 1.815177945423081241e+01
1.859899707019201998e+01 1.850171244847493668e+01
1.877996484977175129e+01 1.850660809269018259e+01
1.899318098571716362e+01 1.879547649822622191e+01
1.917847102271487003e+01 1.888806156689100035e+01
1.938023226343189265e+01 1.913298074075343891e+01
1.958399267581485148e+01 1.932779875682097881e+01
1.976241759432594591e+01 1.956734009026637722e+01
1.996109521122896879e+01 1.962631040778117963e+01
2.015083835631294917e+01 1.987002928612120556e+01
2.033931409741441954e+01 2.008266437085671541e+01
