0.000000000000000000e+00 0.000000000000000000e+00
0.000000000000000000e+00 0.000000000000000000e+00
0.000000000000000000e+00 0.000000000000000000e+00
0.000000000000000000e+00 0.000000000000000000e+00
0.000000000000000000e+00 0.000000000000000000e+00
0.000000000000000000e+00 0.000000000000000000e+00
0.000000000000000000e+00 0.000000000000000000e+00
0.000000000000000000e+00 0.000000000000000000e+00
0.000000000000000000e+00 0.000000000000000000e+00
0.000000000000000000e+00 0.000000000000000000e+00
0.000000000000000000e+00 0.000000000000000000e+00
0.000000000000000000e+00 0.000000000000000000e+00
0.000000000000000000e+00 0.000000000000000000e+00
0.000000000000000000e+00 0.000000000000000000e+00
0.000000000000000000e+00 0.000000000000000000e+00
0.000000000000000000e+00 0.000000000000000000e+00
0.000000000000000000e+00 0.000000000000000000e+00
1.870646913250061660e-01 4.758393679762247530e-02
4.016015999744418918e-01 3.056898276444425244e-01
3.238460151924641428e-01 4.177337957306551663e-01
4.582770909485461286e-01 4.754727465579549062e+00
4.539630580280753946e+00 7.070527683767764415e+00
7.615074929912481139e+00 7.941018902371145494e+00
8.097304847263336214e+00 8.148734372957783023e+00
8.317657294572851967e+00 8.320098167883632101e+00
8.472640074816654376e+00 8.514817029473238819e+00
8.625953523454649385e+00 8.613103768688349149e+00
8.770682805030203255e+00 8.891927671367863439e+00
8.889350553443804870e+00 9.122427139907527405e+00
9.078987325248037976e+00 9.470358047719299677e+00
9.339781255005918936e+00 9.741339800555401496e+00
9.598186875398720730e+00 9.990609919275922124e+00
9.910619687169244685e+00 1.021754493090059945e+01
1.009727710529497813e+01 1.045182165676858332e+01
1.048415562480952623e+01 1.065223474970254181e+01
1.070691603304922523e+01 1.086238810210393879e+01
1.092953059883936184e+01 1.107828890264663535e+01
1.116149422215694642e+01 1.128412366887109641e+01
1.133118076591929224e+01 1.148273370278844574e+01
1.151108450181734710e+01 1.169298811685366957e+01
1.174352751959712293e+01 1.190534294852136199e+01
1.195387061715157806e+01 1.209474869484443893e+01
1.216732957161856099e+01 1.229621249860826815e+01
1.235705133337260087e+01 1.249020630506723251e+01
1.255131522271345901e+01 1.268300231038415404e+01
1.274396996933606729e+01 1.289343661604500468e+01
1.293206738315211091e+01 1.308250523139393806e+01
1.316241158770821151e+01 1.328500322588495841e+01
1.335878628834312920e+01 1.347715286406759638e+01
1.367299768153278094e+01 1.350938840231628468e+01
1.387052369881936364e+01 1.365811279654166910e+01
1.389764084726003013e+01 1.406880567956867445e+01
1.426278484508962130e+01 1.403424512531419133e+01
1.445729650001324984e+01 1.424744682038164889e+01
1.466603267888473994e+01 1.444679508919019106e+01
1.487303454901112509e+01 1.468849120591730362e+01
1.486660592481185006e+01 1.506187417087442526e+01
1.527089369064455582e+01 1.510975925855141000e+01
1.527831051403939711e+01 1.547066890230047598e+01
1.568583835698402673e+01 1.551180245705066696e+01
1.590345918131381886e+01 1.571204921505377250e+01
1.611375164328373444e+01 1.590307352856348544e+01
1.632962146545115445e+01 1.617239322410750191e+01
1.653719206783212670e+01 1.631171814041880097e+01
1.675005203519546271e+01 1.654993343069291356e+01
1.697746865386874049e+01 1.678517781606835158e+01
1.719843536947646001e+01 1.700249565028827448e+01
1.742169058863350273e+01 1.721468511343964281e+01
1.743431726935555659e+01 1.760881511927672349e+01
1.784628719558532950e+01 1.762477351271032333e+01
1.807945697206963942e+01 1.787936876763077265e+01
1.829668271084671005e+01 1.802760146078644965e+01
1.853311924791175613e+01 1.826598317597096610e+01
1.875355555306317612e+01 1.852521395835698925e+01
1.897703572411723272e+01 1.877156726021127753e+01
1.920987694267083157e+01 1.894077949333079403e+01
1.942852988988498808e+01 1.919918262549961341e+01
1.965912669481225805e+01 1.942281637076417411e+01
1.988716044663520677e+01 1.966384233743863774e+01
1.992757877664307387e+01 2.005040373592988701e+01
2.032340321419115980e+01 2.011201223618937561e+01
2.054504086958675657e+01 2.035853121286907452e+01
2.078855366964762652e+01 2.055583423158918066e+01
2.103482059587111408e+01 2.078399049494548834e+01
2.125456465866638922e+01 2.098637581136701513e+01
2.148960496214796478e+01 2.116450168184878677e+01
2.171466265776158977e+01 2.147807673391800165e+01
2.195280459880278912e+01 2.169229024764532099e+01
2.217812799100647680e+01 2.196718658641059108e+01
2.241780307929343508e+01 2.212470603638184130e+01
2.266293580326512469e+01 2.235137545975012685e+01
2.289420590023863156e+01 2.263301571246151767e+01
2.313375872164486324e+01 2.286322087297444838e+01
2.336781308260951917e+01 2.308560132452153013e+01
2.360749112318124432e+01 2.335178035372420879e+01
2.384517823003768910e+01 2.358593300154990757e+01
2.410052975599224467e+01 2.387550885690697910e+01
2.432622542992140779e+01 2.400098514576785291e+01
2.457002902208774486e+01 2.426787306526355792e+01
2.480426882402333177e+01 2.447919057140299870e+01
2.504986671672899945e+01 2.475407297309681454e+01
