0.000000000000000000e+00 0.000000000000000000e+00
0.000000000000000000e+00 0.000000000000000000e+00
0.000000000000000000e+00 0.000000000000000000e+00
0.000000000000000000e+00 0.000000000000000000e+00
0.000000000000000000e+00 0.000000000000000000e+00
0.000000000000000000e+00 0.000000000000000000e+00
0.000000000000000000e+00 0.000000000000000000e+00
0.000000000000000000e+00 0.000000000000000000e+00
0.000000000000000000e+00 0.000000000000000000e+00
0.000000000000000000e+00 0.000000000000000000e+00
0.000000000000000000e+00 0.000000000000000000e+00
0.000000000000000000e+00 0.000000000000000000e+00
0.000000000000000000e+00 0.000000000000000000e+00
0.000000000000000000e+00 0.000000000000000000e+00
0.000000000000000000e+00 0.000000000000000000e+00
0.000000000000000000e+00 0.000000000000000000e+00
0.000000000000000000e+00 0.000000000000000000e+00
0.000000000000000000e+00 0.000000000000000000e+00
0.000000000000000000e+00 0.000000000000000000e+00
0.000000000000000000e+00 0.000000000000000000e+00
0.000000000000000000e+00 0.000000000000000000e+00
0.000000000000000000e+00 0.000000000000000000e+00
0.000000000000000000e+00 0.000000000000000000e+00
0.000000000000000000e+00 0.000000000000000000e+00
0.000000000000000000e+00 0.000000000000000000e+00
0.000000000000000000e+00 0.000000000000000000e+00
0.000000000000000000e+00 0.000000000000000000e+00
0.000000000000000000e+00 0.000000000000000000e+00
0.000000000000000000e+00 0.000000000000000000e+00
0.000000000000000000e+00 0.000000000000000000e+00
0.000000000000000000e+00 0.000000000000000000e+00
0.000000000000000000e+00 0.000000000000000000e+00
0.000000000000000000e+00 0.000000000000000000e+00
0.000000000000000000e+00 0.000000000000000000e+00
0.000000000000000000e+00 0.000000000000000000e+00
0.000000000000000000e+00 0.000000000000000000e+00
0.000000000000000000e+00 0.000000000000000000e+00
0.000000000000000000e+00 0.000000000000000000e+00
0.000000000000000000e+00 0.000000000000000000e+00
0.000000000000000000e+00 0.000000000000000000e+00
0.000000000000000000e+00 0.000000000000000000e+00
0.000000000000000000e+00 0.000000000000000000e+00
0.000000000000000000e+00 0.000000000000000000e+00
0.000000000000000000e+00 0.000000000000000000e+00
0.000000000000000000e+00 0.000000000000000000e+00
0.000000000000000000e+00 0.000000000000000000e+00
0.000000000000000000e+00 0.000000000000000000e+00
0.000000000000000000e+00 0.000000000000000000e+00
0.000000000000000000e+00 0.000000000000000000e+00
0.000000000000000000e+00 0.000000000000000000e+00
0.000000000000000000e+00 0.000000000000000000e+00
3.451345238978048346e+00 2.757425810362234664e+00
3.441504764488942936e+00 4.002737865186352550e+00
3.920361280884997246e+00 5.550795792970129483e+00
4.349355355547600332e+00 8.171470267415225308e+00
7.305039765670875873e+00 1.180909097117143070e+01
1.188032857294847844e+01 1.418720107266062058e+01
1.375728938416565583e+01 1.637479829261351938e+01
1.686064042802268048e+01 1.772707007959725090e+01
1.801266165039631062e+01 1.883340648549055985e+01
1.912042733499401237e+01 1.974308023435549231e+01
1.982460736443234239e+01 2.040088380216253583e+01
2.035671043973370331e+01 2.090022814635643655e+01
2.098931825234658888e+01 2.129717795746447706e+01
2.145001161853309313e+01 2.164850260216602962e+01
2.184834177773031172e+01 2.197912684769380931e+01
2.219559367828865248e+01 2.228729592897627754e+01
2.260136265373014552e+01 2.251992192208235721e+01
2.289402920693303400e+01 2.280495824346447975e+01
2.320976241879433388e+01 2.312752975863897831e+01
2.351791405384624767e+01 2.338307146843693118e+01
2.383628251287649036e+01 2.370776615779404040e+01
2.414439828494684548e+01 2.405284517149185675e+01
2.445377681601526376e+01 2.436567398925474848e+01
2.475710105697528718e+01 2.465197370380770892e+01
2.506617662094762622e+01 2.497924277318776021e+01
2.537851407793406011e+01 2.527789040534856824e+01
2.571309816519716307e+01 2.559832732838704672e+01
2.603100942159382569e+01 2.590470317543789136e+01
2.636750999201529311e+01 2.622745341011481202e+01
2.669363122123422016e+01 2.651240230425072397e+01
2.703139906070309806e+01 2.683418941692179516e+01
2.734314694542328894e+01 2.716141291513986999e+01
2.766800842437535835e+01 2.745463933963202052e+01
2.799648158325070924e+01 2.776032797783619444e+01
2.832667090629389151e+01 2.814136869433546551e+01
2.865169416667735547e+01 2.846864924770146388e+01
2.896734179938063392e+01 2.874956855841292835e+01
2.930863763743867523e+01 2.909182672062571484e+01
2.964031690883655301e+01 2.936350516712112224e+01
2.996014372241523205e+01 2.971328858502157999e+01
3.031131791664209629e+01 3.000715548714046932e+01
3.062955515646950033e+01 3.031484660676184717e+01
3.095320799506566090e+01 3.067506765088186071e+01
3.127193609254067042e+01 3.101462359009874348e+01
3.159134576321342891e+01 3.132791763134675378e+01
3.191531272335506841e+01 3.167188222383782659e+01
3.223643087729080037e+01 3.200851049231692258e+01
3.255850573004872928e+01 3.227919383662393216e+01
3.289849770023361941e+01 3.258711960198915136e+01
3.323235934835590655e+01 3.295045898033693987e+01
