0.000000000000000000e+00 0.000000000000000000e+00
0.000000000000000000e+00 0.000000000000000000e+00
0.000000000000000000e+00 0.000000000000000000e+00
0.000000000000000000e+00 0.000000000000000000e+00
0.000000000000000000e+00 0.000000000000000000e+00
0.000000000000000000e+00 0.000000000000000000e+00
0.000000000000000000e+00 0.000000000000000000e+00
0.000000000000000000e+00 0.000000000000000000e+00
0.000000000000000000e+00 0.000000000000000000e+00
0.000000000000000000e+00 0.000000000000000000e+00
0.000000000000000000e+00 0.000000000000000000e+00
0.000000000000000000e+00 0.000000000000000000e+00
0.000000000000000000e+00 0.000000000000000000e+00
2.077027143715788615e-01 3.768273613680078044e-02
2.457426625248801677e-01 0.000000000000000000e+00
5.632732975281912191e-01 0.000000000000000000e+00
3.712224443090281767e+00 3.939893961231570874e+00
4.630504378989126479e+00 3.400707082981608842e+00
5.882983574988699615e+00 6.421036574676558750e+00
6.556624995828132185e+00 6.713561563652612030e+00
6.777795639494328839e+00 6.835068071994398586e+00
6.907212811122279028e+00 7.015862129148269233e+00
7.050001979847321465e+00 7.258943689369464991e+00
7.256328873528351764e+00 7.571920774239949026e+00
7.427013002358195948e+00 7.852978174064679351e+00
7.808541387230752306e+00 8.089158226124510520e+00
8.072829349100690166e+00 8.297748949088077808e+00
8.311768590513050725e+00 8.529706095630933405e+00
8.558542829936657270e+00 8.760168488995244473e+00
8.787836777074092609e+00 8.982744291304390671e+00
8.971500703182712755e+00 9.178306947932464155e+00
9.123877565644200160e+00 9.385610818110267317e+00
9.328880389699280684e+00 9.575869048166056885e+00
9.557359607586059624e+00 9.778588230450720786e+00
9.761080225828937529e+00 9.973937179901858130e+00
9.980279202893806101e+00 1.016051905586745185e+01
1.022112226236518495e+01 1.034821574767151731e+01
1.039370943602394526e+01 1.053093971835514076e+01
1.060099170227530330e+01 1.071083139991648814e+01
1.079568518398606258e+01 1.089218110159391806e+01
1.100327893757312836e+01 1.107718779223643146e+01
1.123556727375490283e+01 1.115554555461016939e+01
1.142091407290699046e+01 1.126628043105525556e+01
1.159714227337537373e+01 1.142978706869370775e+01
1.162601364807989235e+01 1.179362092137971096e+01
1.197071772060293426e+01 1.184536366652738515e+01
1.214991915455007110e+01 1.196554946962913490e+01
1.220912029084217387e+01 1.235007550424406730e+01
1.240073632855808228e+01 1.254311650826492830e+01
1.273226361349694891e+01 1.259527342608860856e+01
1.290892527782447452e+01 1.277777873649315055e+01
1.299176306857328633e+01 1.311022473137151678e+01
1.313809017048126115e+01 1.330611707378761466e+01
1.349442337931359326e+01 1.336124857273492772e+01
1.368927936427649605e+01 1.354525520721606746e+01
1.389179971951643822e+01 1.373433442602695109e+01
1.408660736460512553e+01 1.391722536688463308e+01
1.428884585327899259e+01 1.417765123466140587e+01
1.448895752396089343e+01 1.430944982554787615e+01
1.470203827649141104e+01 1.456554590363612434e+01
1.491734977132455242e+01 1.476651531057012967e+01
1.511346134992255230e+01 1.493741863574996920e+01
1.513863718032050443e+01 1.531547292993455045e+01
1.553305044137188595e+01 1.539053795165298943e+01
1.573308037538250836e+01 1.557699364999952074e+01
1.595733054859750055e+01 1.577690563655552936e+01
1.616682057439108178e+01 1.594622327919449489e+01
1.637473942077945921e+01 1.618077685305239299e+01
1.642196195108072132e+01 1.654889801739129851e+01
1.677682896363135612e+01 1.655318887635654690e+01
1.698337832600573449e+01 1.679767601246031106e+01
1.720736116803940519e+01 1.699986025657581479e+01
1.741615688910014370e+01 1.725161131862846631e+01
1.763475518152077015e+01 1.745583915635720018e+01
1.785126993176350041e+01 1.762179754430025014e+01
1.807984942823767227e+01 1.784338325713776996e+01
1.807124095397907837e+01 1.822833496075476134e+01
1.848274510055771103e+01 1.830455982796521752e+01
1.869299762297526613e+01 1.849709166518619696e+01
1.891334096677489285e+01 1.871591477185780406e+01
1.911400450660852357e+01 1.891448163833994300e+01
1.934261975439724779e+01 1.915134893776500391e+01
1.955937597826342866e+01 1.936773414039700114e+01
1.976174402072659930e+01 1.953230358076832829e+01
2.000122362881808513e+01 1.980970269852996068e+01
2.020429320363573922e+01 2.004390909944133981e+01
2.043400131220072069e+01 2.024322313974077048e+01
2.064974873930713173e+01 2.042232208040134367e+01
2.087213997269188326e+01 2.070067937104908395e+01
2.108917580535454661e+01 2.087507779181616030e+01
2.131751864293506316e+01 2.107632952453088038e+01
2.153721682900165391e+01 2.133344274784755257e+01
2.177501057495068792e+01 2.151875274275403527e+01
2.198301402440019103e+01 2.178684173347363640e+01
2.222445865366024975e+01 2.192712399485066754e+01
2.244308043569392908e+01 2.222580323078059550e+01
2.265562260129023642e+01 2.237974168124511465e+01
2.288448408446894078e+01 2.259516312634676538e+01
2.310443760172923788e+01 2.280253215828523849e+01
2.332794672612496001e+01 2.306999470587448542e+01
2.355430878371365466e+01 2.333218286868398650e+01
