0.000000000000000000e+00 0.000000000000000000e+00
6.581231548495352322e-03 0.000000000000000000e+00
1.893082794515883738e-02 1.003631523462659471e-02
1.029045384879590380e-01 1.756276528641883267e-05
2.346033918533642071e-01 3.015831743115091751e-02
3.710629175159965154e-01 1.273662420961046982e-01
3.750347846740398894e-01 5.438155981791701343e-01
6.505691139274917267e-01 6.094748891255091783e-01
7.537796722422190898e-01 7.091580083277333468e-01
8.540612849426227893e-01 8.193875814517689316e-01
9.563220450879746926e-01 9.062180566499674628e-01
1.053536234405713090e+00 1.018320179261511305e+00
1.153453719064015282e+00 1.118976720831896809e+00
1.249354662333228116e+00 1.218476346723514903e+00
1.347232664636184740e+00 1.314174611414280047e+00
1.447984243700450646e+00 1.412550097268827631e+00
1.545116089216318933e+00 1.503974886015069456e+00
1.644374865281429177e+00 1.616246592476382915e+00
1.739636069874567204e+00 1.720894698180289284e+00
1.837287038576103093e+00 1.803976009743682329e+00
1.932489433298960613e+00 1.900091286986260286e+00
2.030168633074494799e+00 2.000623117303481191e+00
2.127533516571866734e+00 2.058748642853966970e+00
2.219105599718560029e+00 2.177156885547028242e+00
2.313155321270596865e+00 2.271658970330398208e+00
2.413762610297145450e+00 2.361021803157431709e+00
2.511126935269651916e+00 2.470567667431178283e+00
2.605163665353454672e+00 2.558522797461341369e+00
2.704034069836130261e+00 2.650998772454113528e+00
2.796678912481827428e+00 2.754822270398887163e+00
2.893324340958802310e+00 2.818152606521456605e+00
2.987447970813036591e+00 2.924696458395477539e+00
3.083523153480489221e+00 3.043547657213239610e+00
3.179751885085001284e+00 3.108951636654089246e+00
3.275943528682665473e+00 3.218957188932332958e+00
3.372575747549868552e+00 3.334380980872996503e+00
3.472648820549630866e+00 3.411424033992647153e+00
3.573231732391614734e+00 3.527202584148043663e+00
3.679289717934262960e+00 3.628600563125369494e+00
3.775444720571661250e+00 3.709162220258740650e+00
3.869366214077362809e+00 3.782306504644664003e+00
3.965703986820950711e+00 3.882896219304737162e+00
4.063326995575865297e+00 4.001219769856466435e+00
4.157898344659432865e+00 4.076739754756633971e+00
4.249474614151379726e+00 4.163457402638434779e+00
4.353707194419481397e+00 4.269466459387146529e+00
4.444271807633428217e+00 4.368214358877230197e+00
4.548062835857145991e+00 4.467862708913260761e+00
4.642763862545217002e+00 4.556323225065242788e+00
4.738488103238403859e+00 4.645534923185008047e+00
4.836850922796014807e+00 4.773018153017383192e+00
4.925225229182587761e+00 4.852533098744248541e+00
5.029728624273531956e+00 4.948012290983567318e+00
5.127069904292251401e+00 5.027519905723663030e+00
5.230918047690699346e+00 5.134648248079241029e+00
5.324674775851549136e+00 5.212469955549337897e+00
5.418481425644188221e+00 5.340985384684209691e+00
5.513534138535997720e+00 5.391640503783509786e+00
5.611486045557126268e+00 5.537548962158796328e+00
5.711395374350062504e+00 5.620404706145445850e+00
5.806368863526510715e+00 5.702460223749339363e+00
5.905160113686788392e+00 5.783053819939682150e+00
5.998510579437152046e+00 5.920582286258627036e+00
6.096951808686917218e+00 5.994853393806590880e+00
6.192828386909417837e+00 6.065504562879878492e+00
6.293824150596097233e+00 6.164959725753352160e+00
6.386905825530194925e+00 6.309567105377131391e+00
6.481211176102797289e+00 6.368295025352347594e+00
6.583094412475726465e+00 6.469589960373810733e+00
6.678399239030274437e+00 6.578408157389989519e+00
6.773235350246223696e+00 6.671766490328372434e+00
6.874271364588489419e+00 6.716592976640515467e+00
6.966767452606116962e+00 6.866566443159312527e+00
7.068196148005298163e+00 6.949813883499033729e+00
7.164018296297353317e+00 7.032558946333413274e+00
7.264726295456185312e+00 7.123318825591923087e+00
7.360968199934854184e+00 7.231886636869120366e+00
7.448219724793230689e+00 7.327974183045849799e+00
7.546456030149514937e+00 7.398361967820084040e+00
7.640912656233195044e+00 7.540183478196953004e+00
7.735886281316511237e+00 7.596858795875662373e+00
7.826717644950602626e+00 7.693654372180086298e+00
7.925649913702353722e+00 7.792319126436083820e+00
8.022306578331400928e+00 7.950007693692383803e+00
8.110503454627988162e+00 7.969027889118879493e+00
8.205806972435231827e+00 8.089432731397371512e+00
8.308461714860246872e+00 8.198925055799268335e+00
8.407048905079598455e+00 8.271465904397791391e+00
8.501819601375391500e+00 8.370242630636331782e+00
8.602497551531380182e+00 8.493095364034354944e+00
8.695630353986393501e+00 8.583353018589331640e+00
8.792744448510628530e+00 8.686163657164291507e+00
8.885330941575752206e+00 8.746446999497276664e+00
8.986773384452590108e+00 8.873610505954335537e+00
9.080081895444456208e+00 8.949882179002251803e+00
9.178159858949760164e+00 9.080207758689503805e+00
9.271653543936144715e+00 9.130641623720885391e+00
9.365161474526219720e+00 9.277888873563394867e+00
9.461952787207625448e+00 9.323795112139102059e+00
9.552950538790266677e+00 9.431482807362760568e+00
9.652527955710727525e+00 9.540698804955777490e+00
