0.000000000000000000e+00 0.000000000000000000e+00
0.000000000000000000e+00 0.000000000000000000e+00
0.000000000000000000e+00 0.000000000000000000e+00
0.000000000000000000e+00 0.000000000000000000e+00
0.000000000000000000e+00 0.000000000000000000e+00
0.000000000000000000e+00 0.000000000000000000e+00
0.000000000000000000e+00 0.000000000000000000e+00
3.541883550908789813e-01 5.810703528296798481e+00
1.025767526486605519e+01 1.188588264876696243e+01
1.151820082561990155e+01 1.339591478013013948e+01
1.394570230639689257e+01 1.400078586993233287e+01
1.401572125891443221e+01 1.401555118209456907e+01
1.405299515674746402e+01 1.405374589306241973e+01
1.407062262067606007e+01 1.407067778046829787e+01
1.410325064582055532e+01 1.410719282379864303e+01
1.418435742542013145e+01 1.418414295501444400e+01
1.431804793666043629e+01 1.462138234019079164e+01
1.445848028739374236e+01 1.494463375577083575e+01
1.477375043232910201e+01 1.532303910278552017e+01
1.526683686477772461e+01 1.576309088482358156e+01
1.565768027007894148e+01 1.607480256650972095e+01
1.592360240519404968e+01 1.641238293024613881e+01
1.617872609303729092e+01 1.673909943948497414e+01
1.650427611714870579e+01 1.702658379484170581e+01
1.682644091000078390e+01 1.729335900325568787e+01
1.702131447232874706e+01 1.756626865758551048e+01
1.737268334870339004e+01 1.780215667149120051e+01
1.761464674341102921e+01 1.804135547603088696e+01
1.796547320810374515e+01 1.828520813312686499e+01
1.824657611429864446e+01 1.852767928491443783e+01
1.846833449887228085e+01 1.876174115958908217e+01
1.873977613838312450e+01 1.899410351028581800e+01
1.894903981888147371e+01 1.921056620873633847e+01
1.917906911135451864e+01 1.943238191045373853e+01
1.943525066296849246e+01 1.965791139736268889e+01
1.962746055917380161e+01 1.987253504974787788e+01
1.980983457414599158e+01 2.010368890034490974e+01
2.003289430855510744e+01 2.031877484475023010e+01
2.025015000607102778e+01 2.052804114335905794e+01
2.046546209966993857e+01 2.074455819954238578e+01
2.065167044697441412e+01 2.094561279110252272e+01
2.113138518110164910e+01 2.085163537494866404e+01
2.131218931254802129e+01 2.097191142861174740e+01
2.111726164959456753e+01 2.155122022678982674e+01
2.172566417026192909e+01 2.134006321156351049e+01
2.153356646761805493e+01 2.196626104760631293e+01
2.215175782681158267e+01 2.170260312558670890e+01
2.196240049199099786e+01 2.237930139804250373e+01
2.213453285529035242e+01 2.258439979680213838e+01
2.277676942470723986e+01 2.243306172655289288e+01
2.257016050093875137e+01 2.298590245723943326e+01
2.318354838024399811e+01 2.282139061092662047e+01
2.286309915776952906e+01 2.338532717265767147e+01
2.327193777357670967e+01 2.359515927221463016e+01
2.380420827126090799e+01 2.332654096945067934e+01
2.370744875007541452e+01 2.402796470183170285e+01
2.423605864551680611e+01 2.380238270166716674e+01
2.444839818169279866e+01 2.395008391100152068e+01
2.419661747698363286e+01 2.464622343086215395e+01
2.488619573098891991e+01 2.449082114784011921e+01
2.468724402330987999e+01 2.508657784559153825e+01
2.531198920835783994e+01 2.498135727577032128e+01
2.503742545302695888e+01 2.552319511923124651e+01
2.576007980833817967e+01 2.546803719074917893e+01
2.548002168347859708e+01 2.595549299276403232e+01
2.583789772954048658e+01 2.616323537979058855e+01
2.594651264809552416e+01 2.638957437424379648e+01
2.662102827741745514e+01 2.619302748010062842e+01
2.685232870406977312e+01 2.650446545156691514e+01
2.668343919866303082e+01 2.705415818490699920e+01
2.730128571951702199e+01 2.691283749146425208e+01
2.752160468837506002e+01 2.709998469739783644e+01
2.776715103240284321e+01 2.738560595333190761e+01
2.799659490736320677e+01 2.759067994106916899e+01
2.824587995996659018e+01 2.785954736146937094e+01
2.848341980536128304e+01 2.806786590514711932e+01
2.827151569543717358e+01 2.866307217155265263e+01
2.855301610169168924e+01 2.889409702820927350e+01
2.878950867605064801e+01 2.910719500652314906e+01
2.938455069327481439e+01 2.888565001767200968e+01
2.922833813265792102e+01 2.955071446459573536e+01
2.984176684328527784e+01 2.940918680666884555e+01
3.007930770759388750e+01 2.961319805647887904e+01
2.990643487706651982e+01 3.026691744404648787e+01
3.054696458965581840e+01 3.012239216907724781e+01
3.079225769857218609e+01 3.037401670906475815e+01
3.102932917635917320e+01 3.056054019431362789e+01
3.128741760802980210e+01 3.083142268558354004e+01
3.152977108171180021e+01 3.102848936510405053e+01
3.176536256160963489e+01 3.133235827111467131e+01
3.154332865657280038e+01 3.193385691364365542e+01
3.222801420979929787e+01 3.174656803762364632e+01
3.247193779838895722e+01 3.202620966289904914e+01
3.272082050504936745e+01 3.231155449359737730e+01
3.297518918151205725e+01 3.252931516587456429e+01
3.276829494122251418e+01 3.313035966768784846e+01
3.345168791327318303e+01 3.300306614688585682e+01
3.370468621277205301e+01 3.322096696505813895e+01
3.395110703301619282e+01 3.350447317252935875e+01
3.416565693717455332e+01 3.379778771896876322e+01
3.443756757741031294e+01 3.412354525497056557e+01
