0.000000000000000000e+00 0.000000000000000000e+00
3.308284038685641373e-03 0.000000000000000000e+00
4.192139799980062337e-02 4.133339898977042202e-04
1.240490635694487115e-01 2.731272356110129099e-03
2.565482917530811369e-01 2.645787171566564479e-03
2.594242339359414395e-01 3.327220675211157164e-01
4.380964883713591163e-01 4.112565690196786083e-01
5.325891718724524715e-01 4.985678175649827515e-01
6.195483391589119426e-01 5.812946195785557713e-01
7.068420371265577984e-01 6.794015420908332548e-01
7.860462771005308769e-01 7.549956751235512575e-01
8.672318599604647016e-01 8.315273508853264772e-01
9.484513942850922863e-01 9.206377216256019791e-01
1.028810734760108980e+00 1.006496413915606514e+00
1.112014712893382162e+00 1.084549021104410205e+00
1.192684646684409655e+00 1.146054015826074135e+00
1.270083759627829156e+00 1.235621584831007702e+00
1.351381259601865947e+00 1.309312590679355015e+00
1.430627350089974437e+00 1.388473186044115071e+00
1.510599719187280421e+00 1.464426348942832634e+00
1.592776836699003606e+00 1.548988036297743287e+00
1.671617424176023547e+00 1.624635546705222477e+00
1.752123151552301250e+00 1.701327408137057962e+00
1.831463618291023554e+00 1.777348301363095961e+00
1.912516266766121742e+00 1.862811535261914342e+00
1.994538217199901098e+00 1.941451918158370260e+00
2.072730048895911281e+00 2.002392083324963767e+00
2.151497241409526140e+00 2.090771002294990577e+00
2.229518470004952846e+00 2.167811227874411717e+00
2.309206888988186712e+00 2.251450287726232347e+00
2.388187349849741459e+00 2.337267336684419661e+00
2.467134078613741011e+00 2.396799338995439399e+00
2.548046852251186767e+00 2.499884402651978643e+00
2.626952240991279552e+00 2.560375429427052207e+00
2.707982838446595597e+00 2.667670731630570113e+00
2.786109005941912464e+00 2.730475429888572947e+00
2.865559577868009633e+00 2.798928331741700415e+00
2.945239521945582695e+00 2.886032202692355941e+00
3.024720960581217533e+00 2.975728819574399164e+00
3.104941911103220153e+00 3.040339081757498896e+00
3.182189064972508419e+00 3.136211151813554476e+00
3.263378249214106575e+00 3.199978863196180967e+00
3.342766432215476868e+00 3.265653058157781619e+00
3.424241291970506751e+00 3.373991704637063993e+00
3.501772593707317860e+00 3.449428804574056873e+00
3.580890297543350087e+00 3.527085595282480668e+00
3.663626837040711681e+00 3.577038851138587550e+00
3.743370151799342072e+00 3.673900194781527517e+00
3.822588435382579863e+00 3.728696874264758598e+00
3.904973616621746579e+00 3.810099417468531868e+00
3.983672067605798617e+00 3.901282011007234374e+00
4.064626206820143750e+00 3.989081032776826685e+00
4.146562810190141057e+00 4.063691208973073010e+00
4.219561510502193968e+00 4.138113068401703565e+00
4.295416440926717705e+00 4.213968266928558748e+00
4.378085777067503237e+00 4.313780715341582805e+00
4.456684325807864333e+00 4.372383946583244807e+00
4.537778263073632523e+00 4.451989607518577863e+00
4.615124299987012790e+00 4.555702558380172462e+00
4.695156913478739646e+00 4.636425378855808965e+00
4.776470335330588846e+00 4.691630435976524183e+00
4.853813601105167130e+00 4.750248983020455285e+00
4.934333992066766150e+00 4.808260992329723038e+00
5.012848449153653796e+00 4.936718526741866953e+00
5.091118763965832628e+00 5.018586688940023244e+00
5.172612275137320026e+00 5.071236864582864712e+00
5.249207472526291163e+00 5.176411663698728738e+00
5.327071551540536021e+00 5.239786840948389646e+00
5.407939038616802918e+00 5.316750791793326769e+00
5.490657447365038912e+00 5.410934158542444194e+00
5.570532380945785178e+00 5.408494431535189939e+00
5.646266799574735984e+00 5.571330720071937748e+00
5.726052989195967058e+00 5.661453317338856372e+00
5.806429808838325712e+00 5.739270111638941074e+00
5.888221901493312593e+00 5.776635599472220051e+00
5.971267251482433203e+00 5.851880412415779276e+00
6.044235996484958129e+00 5.965957461025690911e+00
6.123845886495633550e+00 5.999877954388328938e+00
6.203088734972873830e+00 6.094948843338332978e+00
6.279102504038933219e+00 6.194343099707438682e+00
6.364082354090134785e+00 6.267601298212953864e+00
6.439858205743607122e+00 6.316996814712949160e+00
6.518783809330861878e+00 6.463586789538474875e+00
6.599170905325231651e+00 6.503379540630225719e+00
6.679130387977334493e+00 6.586217102656966027e+00
6.759429557318823001e+00 6.664396793408418063e+00
6.846198723501926153e+00 6.759399379274106501e+00
6.926320645385322550e+00 6.807647106489507216e+00
7.002160967809849090e+00 6.896609896233527159e+00
7.077529797285659896e+00 6.939835063013685357e+00
7.154541795838587959e+00 7.051722383749447154e+00
7.236463990032319771e+00 7.129562137780926179e+00
7.313847877958538746e+00 7.212693804218061722e+00
7.392672525772036707e+00 7.259063825775978529e+00
7.472496304658212907e+00 7.363420428924920103e+00
7.547230946127496232e+00 7.443678240206826224e+00
7.628310893291446959e+00 7.502630664954076600e+00
7.709149091709281088e+00 7.626258771415418636e+00
7.781767046173387214e+00 7.685537050898909150e+00
7.865923132245265847e+00 7.755259959596894070e+00
7.950177232795915927e+00 7.884733055249043332e+00
