0.000000000000000000e+00 0.000000000000000000e+00
0.000000000000000000e+00 0.000000000000000000e+00
0.000000000000000000e+00 0.000000000000000000e+00
2.367524201010921207e-03 0.000000000000000000e+00
1.825961009324644779e-02 0.000000000000000000e+00
6.441268841682357138e-02 3.623426352141014273e-01
4.280538458548535652e-01 8.655670046880934443e-01
9.535593810933441494e-01 9.008773201666826491e-01
1.070863683694135871e+00 1.053334496835200529e+00
1.202966144297603179e+00 1.174106026942089986e+00
1.298139199360037077e+00 1.358512883049842968e+00
1.431459428019376867e+00 1.468558647441666531e+00
1.539737626521024305e+00 1.579492098338640460e+00
1.661118902079373960e+00 1.685911806305482763e+00
1.794991629222858487e+00 1.787642012212753873e+00
1.902797661762475556e+00 1.925129042907286259e+00
2.035531481408066057e+00 2.025778721186543230e+00
2.130763662044621753e+00 2.152402590334888455e+00
2.274038377607884076e+00 2.265804897059383816e+00
2.385617893493781061e+00 2.364674371584883694e+00
2.506887704649438664e+00 2.478789711038769994e+00
2.625844770725544564e+00 2.600517105726147360e+00
2.745415488943803162e+00 2.714306540308338622e+00
2.865929905449673409e+00 2.825598678055028401e+00
2.991676711106869835e+00 2.956896233779416683e+00
3.114921846915537529e+00 3.071762558346447403e+00
3.238886827863800111e+00 3.201141314787042447e+00
3.355633986962600179e+00 3.301860765469116554e+00
3.472937849791909226e+00 3.419178271126198876e+00
3.597710269424351015e+00 3.542868962103336905e+00
3.718868305317210687e+00 3.673895554859780699e+00
3.840233716119787921e+00 3.789229603537362934e+00
3.962228179822349983e+00 3.920358809731930183e+00
4.079287023082361685e+00 4.018463951466468842e+00
4.203423481364366943e+00 4.147609061379881723e+00
4.319658371810066733e+00 4.250622575361152400e+00
4.440577237871264238e+00 4.379357145927926354e+00
4.565703170937739586e+00 4.501497534519811161e+00
4.680493374407131313e+00 4.601274172889787906e+00
4.799157069992520341e+00 4.742484371553376654e+00
4.921035783404843045e+00 4.856412774238520136e+00
5.048478124932548994e+00 4.965084513426131885e+00
5.174204914117661147e+00 5.111240870143653581e+00
5.294346058412157774e+00 5.217881854967417077e+00
5.417502135788379469e+00 5.341081992896897113e+00
5.540465432499701137e+00 5.475326082778853021e+00
5.663108785654361377e+00 5.588487805740053993e+00
5.786892840209397981e+00 5.698441745647883749e+00
5.911881198415113836e+00 5.810807699523203418e+00
6.034423933778249705e+00 5.931595676617827273e+00
6.157134161124544924e+00 6.073131395176208258e+00
6.284164080009105646e+00 6.148495098378119472e+00
6.402675566535210194e+00 6.314427331006179145e+00
6.532109896094085322e+00 6.433813120008291087e+00
6.646883110311113008e+00 6.578783841118248432e+00
6.783562217261136063e+00 6.669129110861197418e+00
6.905660062362144913e+00 6.779254924980073760e+00
7.021505016223329676e+00 6.889827545704960698e+00
7.149087545945974398e+00 7.025694230048819655e+00
7.268018128052262661e+00 7.162034018827360349e+00
7.395268680948978712e+00 7.267143371386495687e+00
7.522399642115815688e+00 7.369413997050233256e+00
7.644694097559120216e+00 7.497249198012770677e+00
7.763762841206061971e+00 7.651184660589477993e+00
7.888588469557491045e+00 7.715163584337685343e+00
8.006567399739829227e+00 7.887005090390466933e+00
8.131375972763178694e+00 8.010405865802750824e+00
8.249564152446676957e+00 8.099579035083303680e+00
8.370918962797709639e+00 8.239947803587151398e+00
8.496492507572270370e+00 8.326469397045519472e+00
8.617790833712685838e+00 8.492694884715344728e+00
8.739260098407607202e+00 8.615785343273516972e+00
8.866597476721787885e+00 8.720827834619948149e+00
8.984871341111690057e+00 8.789419717544435073e+00
9.105082646007934599e+00 8.998218044778790059e+00
9.223052455384623372e+00 9.026674292720883841e+00
9.348013769658523486e+00 9.206906911524971093e+00
9.472952226265849873e+00 9.334453410702801435e+00
9.589317149019370490e+00 9.469722438935137987e+00
9.718091290974021135e+00 9.610450814917133044e+00
9.845331572625854122e+00 9.711528747653259686e+00
9.957118779547547760e+00 9.825435601274312702e+00
1.008262083703551681e+01 9.948739957818609980e+00
1.021708127398261468e+01 1.005400833601078858e+01
1.032724203388207407e+01 1.014834824413680359e+01
1.046379548769805368e+01 1.030059537068991915e+01
1.058412020696568945e+01 1.042877133345975516e+01
1.069232215760028382e+01 1.054434525813298862e+01
1.082722977511534168e+01 1.068135815867012539e+01
1.094920559892092093e+01 1.078708983462185600e+01
1.107232710064124070e+01 1.085029202911382917e+01
1.119665069241349364e+01 1.102118547148644545e+01
1.131289378165642923e+01 1.117556388583335369e+01
1.144793692009837116e+01 1.128550459667804873e+01
1.157598742593754615e+01 1.140986360289518409e+01
1.168437529826757171e+01 1.147903438748744342e+01
1.181346701662682719e+01 1.165436203762954470e+01
1.193285400076443814e+01 1.176798355925741824e+01
1.205250640366052828e+01 1.184059292940135144e+01
1.217802421176477345e+01 1.190910512819268163e+01
1.229371067499590886e+01 1.208233997057818776e+01
