0.000000000000000000e+00 0.000000000000000000e+00
0.000000000000000000e+00 0.000000000000000000e+00
0.000000000000000000e+00 0.000000000000000000e+00
0.000000000000000000e+00 0.000000000000000000e+00
0.000000000000000000e+00 0.000000000000000000e+00
0.000000000000000000e+00 0.000000000000000000e+00
0.000000000000000000e+00 0.000000000000000000e+00
7.015538721362120367e-02 0.000000000000000000e+00
2.510197825273416505e+00 5.698350599142893991e+00
2.065241384363085686e+00 5.624820170129927632e+00
5.726857587274682082e+00 5.730757350689438034e+00
5.785670605546887835e+00 5.785416111921873217e+00
5.828369915733076390e+00 5.828248907690558589e+00
5.917242822107549927e+00 5.917216624681287840e+00
5.984590734671778378e+00 5.958862815755076703e+00
6.166027033659672085e+00 6.368901800748929531e+00
6.419032507142413913e+00 6.675954040156264924e+00
6.706932674068400324e+00 6.921491804957637939e+00
6.961466225192553203e+00 7.195043126128564559e+00
7.169542459678915236e+00 7.431732061489969787e+00
7.341038933656441223e+00 7.665770491052821711e+00
7.548371814031209048e+00 7.903019064251819437e+00
7.812086724058223908e+00 8.100237906858497539e+00
8.028678542433844711e+00 8.287382895510917891e+00
8.268318817118704089e+00 8.478174708058984876e+00
8.512932868040419265e+00 8.664999271301430994e+00
8.726238027125297947e+00 8.851089400659803985e+00
8.922298189256405720e+00 9.031502239997381665e+00
9.095340672689415484e+00 9.223754112166133723e+00
9.290882351415174156e+00 9.392586925282495613e+00
9.457376122952583231e+00 9.571610270811746091e+00
9.647372944968015673e+00 9.746651652962844636e+00
9.799689380135541583e+00 9.915437113615872988e+00
9.998925739121331091e+00 1.009054275980257742e+01
1.016306277384647849e+01 1.025170023478856507e+01
1.040193447667691373e+01 1.031820260581198134e+01
1.056964984162567234e+01 1.040560514168026707e+01
1.072439703249587239e+01 1.060453965819791833e+01
1.076533458784884090e+01 1.091064986585207741e+01
1.107567687367794562e+01 1.092768213776350628e+01
1.124382675675936483e+01 1.105604183148509279e+01
1.141432563704354308e+01 1.120598066071485199e+01
1.159049513733262593e+01 1.138644069810184689e+01
1.161656503439254351e+01 1.177799258085788914e+01
1.178507487029398249e+01 1.194467691528839737e+01
1.211990231171510679e+01 1.195564587443449156e+01
1.212487673730798399e+01 1.230392070917036662e+01
1.247393799856521390e+01 1.230185761054110039e+01
1.264470490039018458e+01 1.249167309204255183e+01
1.282975884769681940e+01 1.268204396417270807e+01
1.301024375937287481e+01 1.284596430491875729e+01
1.320318691147738122e+01 1.302495274253213076e+01
1.337343454967535727e+01 1.319972865928865602e+01
1.336501179624404223e+01 1.356402464772859240e+01
1.375895558402014984e+01 1.363840307919766204e+01
1.394740441615289583e+01 1.379394206919714883e+01
1.413209785896709292e+01 1.397795407602676754e+01
1.433839136236055012e+01 1.418899971479979705e+01
1.436940442820396235e+01 1.451058436407841867e+01
1.472341570559715507e+01 1.453840727019920820e+01
1.491679623198775317e+01 1.478484011008407073e+01
1.495380021256455727e+01 1.508504946038696026e+01
1.530374479141401878e+01 1.514996936061896271e+01
1.548648669519350207e+01 1.534739742321045775e+01
1.569222073239801851e+01 1.550589808547713844e+01
1.588928569958501313e+01 1.571950732727237288e+01
1.608793283492075332e+01 1.587929438820098227e+01
1.628603673706180643e+01 1.610252333886002063e+01
1.649743000873471033e+01 1.628896952626691785e+01
1.669460225770297157e+01 1.652271814695072649e+01
1.689612472538419041e+01 1.667479309026361989e+01
1.710747003890913831e+01 1.690820997622217448e+01
1.729263721610598736e+01 1.708754993106488485e+01
1.729751790808443701e+01 1.746093229268204539e+01
1.767926267581075450e+01 1.747870278678110623e+01
1.788571029229703413e+01 1.771115577942396158e+01
1.808135226930098938e+01 1.789392113090614700e+01
1.827691408822186858e+01 1.807589178669877228e+01
1.849697594226312347e+01 1.827957706103559232e+01
1.868912421858212980e+01 1.842475911332880756e+01
1.891922138656035557e+01 1.863761714876872233e+01
1.910906686315380298e+01 1.886327198573902564e+01
1.932368400340205028e+01 1.907777310983408370e+01
1.951522285160210757e+01 1.925346753012060219e+01
1.972812076555352689e+01 1.951862145816594918e+01
1.995029425889368824e+01 1.961953586680752437e+01
2.014206225448631926e+01 1.987609796177357779e+01
2.035242274258531125e+01 2.006886741025234500e+01
2.055511584135444991e+01 2.026967076866717576e+01
2.076730744927056094e+01 2.049404036675306884e+01
2.097046551848470131e+01 2.071144815310847065e+01
2.115770321897454309e+01 2.090287350224593510e+01
2.137644950982035397e+01 2.114696856662571989e+01
2.158190752672597768e+01 2.130859996083709618e+01
2.178078126224503208e+01 2.152889010426566330e+01
2.198025476934664368e+01 2.175740565017304462e+01
2.218250721466136000e+01 2.191004080248732677e+01
2.238414657169626665e+01 2.202514755508582667e+01
2.259509728052349686e+01 2.235093091046838865e+01
2.280144688749699355e+01 2.253397433279507567e+01
2.302209456075842198e+01 2.281485324163863027e+01
