0.000000000000000000e+00 0.000000000000000000e+00
0.000000000000000000e+00 0.000000000000000000e+00
0.000000000000000000e+00 0.000000000000000000e+00
0.000000000000000000e+00 0.000000000000000000e+00
1.902064574300827426e-01 1.192616999983051373e+00
1.200776787703523585e+00 2.369542664645190477e+00
2.530081084338500208e+00 2.391678213830167543e+00
2.647641643454376581e+00 2.730980517797240381e+00
2.783014044408764320e+00 2.875675520942662988e+00
2.830401994320205006e+00 3.009039235107850541e+00
3.068548331263982298e+00 3.268485503786043633e+00
3.253979743941018743e+00 3.512736659410531814e+00
3.520942523403677082e+00 3.653026246430676416e+00
3.699684507037084291e+00 3.837486776094202856e+00
3.865926784211922929e+00 4.034296830687283730e+00
4.024907461704896328e+00 4.234301974412272962e+00
4.173653335067129433e+00 4.409667164573368936e+00
4.325534307425376035e+00 4.577809637393235320e+00
4.485338166348379119e+00 4.737510056810480208e+00
4.656959394912742134e+00 4.890750728050749174e+00
4.859091969559496960e+00 5.040021247856843800e+00
5.078741449120403040e+00 5.188662943526304083e+00
5.252116617185807357e+00 5.337993356145911861e+00
5.401200591618757763e+00 5.490660899582531229e+00
5.576245495790028706e+00 5.631395634453849830e+00
5.729810143543903500e+00 5.775496858902735120e+00
5.879511368079906042e+00 5.916763261495656678e+00
6.037868443644461180e+00 6.062111876672841682e+00
6.188088393813799826e+00 6.180247382618719421e+00
6.331854119906402900e+00 6.232857656522435619e+00
6.357083477445241826e+00 6.478552381315997089e+00
6.623422729430855860e+00 6.483914683641616605e+00
6.768658417672122951e+00 6.637750244706757563e+00
6.801390229772059648e+00 6.934062819649866150e+00
7.073372325604754707e+00 6.946411726998261926e+00
7.221353473407112311e+00 7.079004294862602187e+00
7.252807670681919561e+00 7.386097637844661001e+00
7.534789966975661279e+00 7.380547202492186543e+00
7.691210777143124844e+00 7.570534351761095238e+00
7.838251753708294522e+00 7.705748006649745463e+00
7.831547574960517011e+00 7.994380088905185922e+00
8.139518714595007864e+00 8.005811752488337874e+00
8.295674491500072634e+00 8.154344010055988079e+00
8.449224230859394780e+00 8.313743009227158254e+00
8.449350844289453377e+00 8.599870599720990327e+00
8.619644576141119785e+00 8.754817932086641719e+00
8.917142708018797492e+00 8.791978503178944138e+00
9.074925530262744289e+00 8.944887313177760646e+00
9.248648102333740795e+00 9.129147997930092018e+00
9.402594622354470744e+00 9.248983880338013108e+00
9.574825761044166939e+00 9.426171190791235333e+00
9.551609311491736420e+00 9.701831976566554161e+00
9.890539816431298092e+00 9.738795272692408744e+00
1.005511099222814764e+01 9.903003944700220273e+00
1.004361117701772699e+01 1.019579898028373321e+01
1.037438667980220686e+01 1.018324005585361469e+01
1.035828319768967098e+01 1.050524915525002001e+01
1.068491260434913848e+01 1.044849477961466455e+01
1.083269458650896233e+01 1.064665734395483554e+01
1.101315522975548333e+01 1.084835444274030358e+01
1.117556414186574898e+01 1.102228879476831480e+01
1.133401733087366026e+01 1.112958511448281129e+01
1.148415864939279984e+01 1.137030670552717915e+01
1.164396502570579628e+01 1.146920487634024610e+01
1.180434638278792292e+01 1.161882771403729642e+01
1.197045851942038652e+01 1.182969202554181720e+01
1.214060984860859271e+01 1.195414042368908802e+01
1.231222976745812225e+01 1.210993908534908670e+01
1.247822484948514976e+01 1.227468017985206394e+01
1.262158277362984471e+01 1.248256843308030639e+01
1.279641536465166141e+01 1.262394143235377619e+01
1.297342985839538620e+01 1.277290429152278683e+01
1.313442419818229823e+01 1.294734907795355561e+01
1.329906191411368432e+01 1.309527145687983740e+01
1.345816795148463640e+01 1.328473867953834642e+01
1.363384915502886408e+01 1.342418222482553603e+01
1.380990094474560159e+01 1.358501578520917263e+01
1.396833758086748567e+01 1.374485911184452469e+01
1.413490787938270543e+01 1.394724822736960768e+01
1.430882529966309669e+01 1.404171906077540122e+01
1.448447941376250903e+01 1.425779126946842013e+01
1.463154879496884497e+01 1.447975382575923753e+01
1.480385262015722603e+01 1.457025335825973045e+01
1.497746309329371783e+01 1.479430602435101250e+01
1.514728505411041581e+01 1.491915815612292029e+01
1.509268459414083274e+01 1.524395466511448483e+01
1.546836847566907913e+01 1.529539056943449182e+01
1.562823026257477999e+01 1.543849627935280111e+01
1.580329400051975774e+01 1.560201375522092526e+01
1.596685735148356144e+01 1.580628948377820819e+01
1.613818577301940493e+01 1.594432223147191685e+01
1.631217389564440268e+01 1.610986000256861672e+01
1.647585822577638126e+01 1.630241312430691636e+01
1.665353966593794866e+01 1.638259805923446066e+01
1.681564171082287018e+01 1.662270298352712672e+01
1.698314393272099565e+01 1.680496743172911422e+01
1.715612034072125525e+01 1.687940581234548176e+01
1.734287631298698784e+01 1.711669025612233241e+01
1.748907437594172620e+01 1.722603454006655355e+01
1.731128184263019421e+01 1.756487922728837248e+01
1.782710483297525172e+01 1.758540527798827213e+01
