0.000000000000000000e+00 3.587720799099227698e+00
2.299254851867238349e-03 3.116255796013410184e-01
1.521961639747140715e+00 1.609263168796498000e+00
1.676633851754054660e+00 1.672755897004609249e+00
1.700794422019233032e+00 1.663569113138907873e+00
1.756572066962633016e+00 1.742418758676255841e+00
1.846990947801610883e+00 1.999338119610583053e+00
2.014840852368805280e+00 2.139512855612915931e+00
2.145202924924802801e+00 2.366773476660683162e+00
2.281680846369353866e+00 2.543764312774566605e+00
2.463308765425542557e+00 2.681890674823401266e+00
2.680482433270623410e+00 2.828998379659697360e+00
2.833186570805823479e+00 2.966365167705879546e+00
3.001423547830656346e+00 3.105262390310987275e+00
3.145447720230921451e+00 3.236242787234373086e+00
3.267025580236636806e+00 3.375779796938473520e+00
3.396194560339218516e+00 3.501691500778447264e+00
3.531903568144384220e+00 3.627998464122217825e+00
3.668835431972114591e+00 3.760507147256856975e+00
3.873781379899780664e+00 3.793917407652740437e+00
3.908436260883406010e+00 4.024811614976623986e+00
4.073500190569456336e+00 4.168237429771897595e+00
4.209624455542734012e+00 4.296745892536691258e+00
4.341961424502226663e+00 4.435132987059880350e+00
4.475416803802989563e+00 4.574949061863860855e+00
4.619325116224670680e+00 4.707657257859938049e+00
4.770820435563259743e+00 4.841476061030284050e+00
4.967384480911376521e+00 4.897457886989339038e+00
5.096353748858626354e+00 5.013683884682050618e+00
5.152216269573839824e+00 5.235118145486506336e+00
5.369151510688248585e+00 5.266966718794725111e+00
5.499293524248724196e+00 5.406599220393859540e+00
5.632906638163603041e+00 5.524535452177789630e+00
5.774232421527008441e+00 5.686659873533155718e+00
5.910366303533042043e+00 5.834449712083075390e+00
6.046849394285629842e+00 5.960448459740883109e+00
6.178340710176788875e+00 6.082243291787790440e+00
6.308411982610054203e+00 6.214548111314853962e+00
6.454168176598547468e+00 6.343998400921426750e+00
6.448992068581075543e+00 6.586389654633824975e+00
6.730245353414455067e+00 6.646244939819055730e+00
6.867884399656788652e+00 6.787503696338899495e+00
7.006594793449715475e+00 6.905900684457882299e+00
7.153953063717471750e+00 7.040714051131443441e+00
7.172039863505156099e+00 7.273495744286584852e+00
7.424157459286005789e+00 7.303563860895717852e+00
7.558960211026522380e+00 7.422443657798618588e+00
7.708606235239192195e+00 7.567976019825306544e+00
7.730765487107476908e+00 7.825032130144424336e+00
7.990796065649557356e+00 7.853939756320352572e+00
8.133912048261461081e+00 7.998047192126803928e+00
8.266534980673123201e+00 8.125624965293082980e+00
8.402735632349790151e+00 8.243453687069445479e+00
8.551777645112833781e+00 8.475568108006616086e+00
8.700046313822577204e+00 8.551234599645654910e+00
8.829136526710120947e+00 8.756228183182335201e+00
8.968559157672292059e+00 8.851871115506815713e+00
9.120744342983638120e+00 9.015882942291362667e+00
9.262222910521890284e+00 9.124923846668524519e+00
9.401950876585878802e+00 9.301982540839064839e+00
9.556864843133174858e+00 9.415514426067842280e+00
9.697607342781324746e+00 9.563930276765590932e+00
9.852325448196216584e+00 9.730957536433695765e+00
1.001068542924991789e+01 9.822202220623978519e+00
1.015649782891907904e+01 9.970553601771024788e+00
1.030997465135926916e+01 1.015449628117914038e+01
1.045364877328873376e+01 1.035417644173091034e+01
1.060296469724222135e+01 1.043337139853732509e+01
1.061183836936083402e+01 1.071365303261796065e+01
1.088561496844789822e+01 1.070397690576575833e+01
1.103213384747133041e+01 1.090308194726794433e+01
1.117159846535764700e+01 1.099178627561776800e+01
1.132053467200804597e+01 1.115931078953770061e+01
1.146347191047487435e+01 1.129009722854428688e+01
1.162802915682492255e+01 1.148275377897151195e+01
1.175714395677266211e+01 1.161864055978414889e+01
1.191084008034940034e+01 1.174741851006102600e+01
1.205884498807254523e+01 1.188382606457522428e+01
1.220407690868378303e+01 1.199989126717001930e+01
1.235494355633480801e+01 1.207978128251059857e+01
1.250185436021339136e+01 1.230896266960021102e+01
1.265248081863778218e+01 1.247604946100435619e+01
1.279281986937636972e+01 1.260633700099287502e+01
1.294678981464811685e+01 1.279462704169144693e+01
1.308874974038936756e+01 1.292068152125904668e+01
1.324884377515291511e+01 1.303323861801299088e+01
1.340271519116303445e+01 1.321515055272805128e+01
1.353696434905392820e+01 1.332123735433220624e+01
1.369808557486715550e+01 1.347592495844989635e+01
1.383038492761091831e+01 1.363052971681710979e+01
1.372778016977188287e+01 1.389958641975462506e+01
1.412031407437680564e+01 1.397779487847580704e+01
1.426482598237361898e+01 1.407067175569648043e+01
1.441311187221805490e+01 1.417447153317436914e+01
1.455843058976445370e+01 1.436854083052433673e+01
1.470199478212166788e+01 1.449202858590308196e+01
1.486526571248058026e+01 1.468220761940224861e+01
1.499804931769889826e+01 1.478646548557620299e+01
1.514741761640419071e+01 1.489923736890444417e+01
1.530052702430626965e+01 1.504528796306120952e+01
1.545933521711388003e+01 1.526422603626099495e+01
