0.000000000000000000e+00 0.000000000000000000e+00
0.000000000000000000e+00 0.000000000000000000e+00
0.000000000000000000e+00 0.000000000000000000e+00
0.000000000000000000e+00 0.000000000000000000e+00
0.000000000000000000e+00 0.000000000000000000e+00
0.000000000000000000e+00 0.000000000000000000e+00
0.000000000000000000e+00 0.000000000000000000e+00
0.000000000000000000e+00 0.000000000000000000e+00
0.000000000000000000e+00 0.000000000000000000e+00
0.000000000000000000e+00 0.000000000000000000e+00
0.000000000000000000e+00 0.000000000000000000e+00
0.000000000000000000e+00 0.000000000000000000e+00
0.000000000000000000e+00 0.000000000000000000e+00
0.000000000000000000e+00 0.000000000000000000e+00
0.000000000000000000e+00 0.000000000000000000e+00
2.151398979845014492e-01 0.000000000000000000e+00
1.163863444844958350e-01 0.000000000000000000e+00
1.544659870705542837e-01 0.000000000000000000e+00
4.942147179996231321e-01 1.032307079388847360e+00
8.944695601274116337e-01 2.549042575317939985e+00
1.783943770429661235e+00 2.966385594315434027e+00
2.540973273116613473e+00 6.515088626655378690e+00
5.249047061784648527e+00 6.913257855594525658e+00
7.253569583920985053e+00 7.720593913405413566e+00
7.775972118497311847e+00 7.968652518217383296e+00
8.133221269140960885e+00 8.358025580546332378e+00
8.494300219688662779e+00 8.593183225842425443e+00
8.660870044769742648e+00 8.972651075664632714e+00
8.908897697491063639e+00 9.189336888590950991e+00
9.168554599160822605e+00 9.460923084356757329e+00
9.419128281029783167e+00 9.705390584739424398e+00
9.691263341607482928e+00 9.963788793603086447e+00
9.859392313669680163e+00 1.021477145857103253e+01
1.011020793470749091e+01 1.044508651885106332e+01
1.030270769105192841e+01 1.066167326810642102e+01
1.064017968354361621e+01 1.087148664762143113e+01
1.084786911283694977e+01 1.106133358718738968e+01
1.110510501147873619e+01 1.126346867531684559e+01
1.133722154526289039e+01 1.147021708136130513e+01
1.151472468489849099e+01 1.166469344353931348e+01
1.176873872765983720e+01 1.186313434517622944e+01
1.194970217401539614e+01 1.205258242325206730e+01
1.214233807498005469e+01 1.223733754055693268e+01
1.240697256687358774e+01 1.230246437334742104e+01
1.260070638674720911e+01 1.243164753219413399e+01
1.264386541850507584e+01 1.279675750077125862e+01
1.297594231774868945e+01 1.285117103945988326e+01
1.316791329856615711e+01 1.298511193952607279e+01
1.335924401277596729e+01 1.319623578834118582e+01
1.339694478846900161e+01 1.355443847817059755e+01
1.374730743930920696e+01 1.357434281343117988e+01
1.379627677657657614e+01 1.395713931333448876e+01
1.415211966184816639e+01 1.402130205081738978e+01
1.423988679357536036e+01 1.436702945314514324e+01
1.457513980218256755e+01 1.447168840305272219e+01
1.476940205586013199e+01 1.462504066406401826e+01
1.483501492354747064e+01 1.497076425281045431e+01
1.519285144201585602e+01 1.502446297111336904e+01
1.540246278296912230e+01 1.527761716695784067e+01
1.560618260635990495e+01 1.548835100269656806e+01
1.582709535930226785e+01 1.569501091250441149e+01
1.605170888160287390e+01 1.584576031459762291e+01
1.626654614131376775e+01 1.613831155398891326e+01
1.649013531362639284e+01 1.636533292808448792e+01
1.671259352513759922e+01 1.655778325018691177e+01
1.693124041132426072e+01 1.675319409104793777e+01
1.715461135824410022e+01 1.696893401167976378e+01
1.737125155794827691e+01 1.720757293484232164e+01
1.760073254094206519e+01 1.739715213665831328e+01
1.764204523823399384e+01 1.779432825113395111e+01
1.786448059510809472e+01 1.799558639312298780e+01
1.824033415929312696e+01 1.808556064095569837e+01
1.848187486741326779e+01 1.829475114888574439e+01
1.869038854744005818e+01 1.848849085187033836e+01
1.892656791483584300e+01 1.874973731192620363e+01
1.915351193780563221e+01 1.897116004896601282e+01
1.937656712360123379e+01 1.919267099170574298e+01
1.960620638603930033e+01 1.937735588373934448e+01
1.983083517029465526e+01 1.967829386722186058e+01
2.007095054936200285e+01 1.987493909023767458e+01
2.030532116023377753e+01 2.006125870161661950e+01
2.052818641117372422e+01 2.034621792696378506e+01
2.076227456308083674e+01 2.064824003100095240e+01
2.098912792573021235e+01 2.081743163791567497e+01
2.123285306408961048e+01 2.104997682149442539e+01
2.146247161461393915e+01 2.131113921093359309e+01
2.170013933932841255e+01 2.147138129594227607e+01
2.193835265770555765e+01 2.169369562735265689e+01
2.218370450051225973e+01 2.200192385697148723e+01
2.241981473784855083e+01 2.222995540942392267e+01
2.264458750541778898e+01 2.249369156901781253e+01
2.289698042212130957e+01 2.270386185037310867e+01
2.310507925629179127e+01 2.290856550469311159e+01
2.334196114686977808e+01 2.318737243890390687e+01
2.357965261535904489e+01 2.337481481777182069e+01
2.381327818966561338e+01 2.359310385931594567e+01
2.405297232298264376e+01 2.389005372002823435e+01
2.427594538824679304e+01 2.410943565693553481e+01
2.452461211018374598e+01 2.432941020455880832e+01
2.477168680785235111e+01 2.443713625978287141e+01
2.500959662297770691e+01 2.485832977827545065e+01
