0.000000000000000000e+00 0.000000000000000000e+00
0.000000000000000000e+00 0.000000000000000000e+00
0.000000000000000000e+00 0.000000000000000000e+00
0.000000000000000000e+00 0.000000000000000000e+00
0.000000000000000000e+00 0.000000000000000000e+00
0.000000000000000000e+00 0.000000000000000000e+00
0.000000000000000000e+00 0.000000000000000000e+00
0.000000000000000000e+00 0.000000000000000000e+00
0.000000000000000000e+00 0.000000000000000000e+00
0.000000000000000000e+00 0.000000000000000000e+00
0.000000000000000000e+00 0.000000000000000000e+00
0.000000000000000000e+00 0.000000000000000000e+00
0.000000000000000000e+00 0.000000000000000000e+00
0.000000000000000000e+00 0.000000000000000000e+00
0.000000000000000000e+00 0.000000000000000000e+00
0.000000000000000000e+00 0.000000000000000000e+00
0.000000000000000000e+00 0.000000000000000000e+00
0.000000000000000000e+00 0.000000000000000000e+00
0.000000000000000000e+00 0.000000000000000000e+00
0.000000000000000000e+00 0.000000000000000000e+00
0.000000000000000000e+00 0.000000000000000000e+00
0.000000000000000000e+00 0.000000000000000000e+00
0.000000000000000000e+00 0.000000000000000000e+00
0.000000000000000000e+00 0.000000000000000000e+00
0.000000000000000000e+00 0.000000000000000000e+00
0.000000000000000000e+00 0.000000000000000000e+00
0.000000000000000000e+00 0.000000000000000000e+00
0.000000000000000000e+00 0.000000000000000000e+00
0.000000000000000000e+00 0.000000000000000000e+00
0.000000000000000000e+00 0.000000000000000000e+00
0.000000000000000000e+00 0.000000000000000000e+00
0.000000000000000000e+00 0.000000000000000000e+00
0.000000000000000000e+00 0.000000000000000000e+00
0.000000000000000000e+00 0.000000000000000000e+00
0.000000000000000000e+00 0.000000000000000000e+00
0.000000000000000000e+00 0.000000000000000000e+00
0.000000000000000000e+00 0.000000000000000000e+00
3.073859215086534036e-01 0.000000000000000000e+00
6.276638601483146562e-01 9.912437264604784248e-01
1.375096904725277014e+00 3.792653114327425024e-01
3.415399127873927076e-01 5.035488864186798974e-01
1.276715115053669747e+00 5.269668213648155408e-01
1.655941576406665172e+00 1.114808113335834516e+00
2.177209937257136740e+00 8.127631441412223268e+00
8.198488275173010820e+00 1.036938103224552421e+01
1.023552008256330836e+01 1.234153542589784536e+01
1.165318221564289303e+01 1.374198385759864394e+01
1.299520785883831131e+01 1.457644784046257236e+01
1.477007158741378667e+01 1.527042687837480983e+01
1.538674014324337413e+01 1.587046909451991894e+01
1.596091242313116965e+01 1.637858694040535212e+01
1.641296357119569649e+01 1.680902638410846350e+01
1.695684804070807061e+01 1.723728891650414852e+01
1.730784097548905365e+01 1.756047765321478593e+01
1.761676375177961518e+01 1.785959260324602127e+01
1.791084132633735138e+01 1.814042844278823452e+01
1.822197927667873785e+01 1.839945677462282703e+01
1.848344996096936299e+01 1.866783554489374453e+01
1.878843816437915848e+01 1.892097438064989134e+01
1.903882452236823752e+01 1.915887625391972193e+01
1.941152735543830943e+01 1.930272378851279313e+01
1.954023076938408110e+01 1.968020390331934522e+01
1.993311820753850228e+01 1.980074990544557068e+01
2.005281192201213614e+01 2.018064100453011278e+01
2.044329691280328731e+01 2.030870667289456222e+01
2.058403658715143436e+01 2.069454956087540509e+01
2.095567639116064029e+01 2.086195712960048709e+01
2.122323363033904542e+01 2.109146196058355116e+01
2.149158708372452153e+01 2.132858668681182124e+01
2.175994584488671535e+01 2.164831065646054498e+01
2.202707265328966457e+01 2.186818785449062119e+01
2.229954811769427891e+01 2.216851288621837668e+01
2.256857486663995616e+01 2.246902479785493512e+01
2.283214646944490767e+01 2.272486743396699183e+01
2.311921782338537668e+01 2.301632232184834237e+01
2.339330091298753800e+01 2.326954511322968955e+01
2.369591605789571176e+01 2.351922787623514211e+01
2.399129330300953100e+01 2.379678161989897234e+01
2.426986242916867198e+01 2.406048517748825688e+01
2.454699142425481995e+01 2.433432124655592688e+01
2.483929413080914728e+01 2.463810953362997580e+01
2.513558490291589109e+01 2.495881874016196633e+01
2.541495603358306710e+01 2.519554791503158597e+01
2.569866015348141275e+01 2.554247149675559569e+01
2.600121902820115949e+01 2.581012122214551141e+01
2.629158862273702013e+01 2.604893624186988532e+01
2.656307468239926450e+01 2.634786665966382557e+01
2.686295805862187436e+01 2.663848433137745175e+01
2.714734685680422999e+01 2.696516576885108307e+01
2.744246512760345169e+01 2.723897846642377019e+01
2.774298985693362951e+01 2.752801159149268884e+01
2.803178027845340736e+01 2.780480239622055905e+01
2.832862498006439367e+01 2.810269452997978590e+01
2.861911614781154611e+01 2.839586083447309406e+01
2.892011886326606529e+01 2.869548042305696001e+01
2.920961983694448705e+01 2.899945517349063806e+01
2.950779854886997455e+01 2.927883528866560425e+01
2.981391230507402312e+01 2.953581193117121018e+01
3.011059973767663678e+01 2.976275188795997906e+01
3.041638717312938311e+01 3.011893569712088237e+01
3.072350611982005120e+01 3.044095217696404987e+01
