0.000000000000000000e+00 1.717052384598432568e-01
1.275552352443957371e+00 1.327653882309045574e+00
1.269191535790508585e+00 1.263347539329046754e+00
1.279783571331244429e+00 1.279024302833515536e+00
1.340789998192239096e+00 1.424516487765442596e+00
1.473489388892258445e+00 1.606386569960189359e+00
1.604020358697757276e+00 1.876368169032657240e+00
1.833198902410538400e+00 2.046938152826606849e+00
2.025867953384772324e+00 2.192785065801535094e+00
2.188729491864034760e+00 2.349445455722194431e+00
2.357880908552742127e+00 2.487157431802299090e+00
2.497420994900018343e+00 2.643164447583090215e+00
2.632941277361381172e+00 2.773939283028358904e+00
2.763304000334769306e+00 2.905382962205866448e+00
2.902125780000817556e+00 3.038438562189956116e+00
3.034251275227129341e+00 3.163499866997830257e+00
3.174063405276831951e+00 3.293198159903301558e+00
3.289021800542034857e+00 3.420021458469550080e+00
3.422204864529649448e+00 3.545191269964622638e+00
3.564324212186091856e+00 3.662553758283753957e+00
3.700868759686846143e+00 3.786064013350121105e+00
3.901316810970312687e+00 3.827645023714142170e+00
4.026614490775507704e+00 3.855119796215557670e+00
4.153279911689543802e+00 3.961889422184493359e+00
4.274765773747766673e+00 4.124126466070842767e+00
4.189056254145035574e+00 4.395289077564926039e+00
4.520555975969178242e+00 4.390688610393727487e+00
4.650173731415052636e+00 4.460364334570355638e+00
4.658067490523260190e+00 4.771976269790308756e+00
4.761243222516373663e+00 4.897609969061060831e+00
5.038547361746303466e+00 4.872373355886413293e+00
5.165147800691396895e+00 4.977113175758272057e+00
5.296813664050718629e+00 5.161096201118786198e+00
5.433975480230097688e+00 5.280493852336659799e+00
5.570070786787858275e+00 5.398290522407516612e+00
5.695096544651620185e+00 5.542796276474633466e+00
5.663859457579860646e+00 5.821824354224947484e+00
5.969293672477234303e+00 5.777602970935328486e+00
6.108853936493860104e+00 5.925424974109199105e+00
6.241317462982959974e+00 6.097735409282035057e+00
6.378108668269355519e+00 6.208557853414117922e+00
6.510288401121124835e+00 6.361096014287141998e+00
6.648196393630423806e+00 6.473356654234558860e+00
6.625214124885817846e+00 6.769235846637397636e+00
6.915070434280576883e+00 6.756590865166984372e+00
7.035476061391810809e+00 6.883671706822722669e+00
7.180216474430551443e+00 7.035851917577701897e+00
7.323347522612951188e+00 7.189803530207630189e+00
7.470276997989417467e+00 7.316345240693318708e+00
7.600029431874817831e+00 7.465154527089665315e+00
7.750114359021797128e+00 7.608917550480266634e+00
7.877652991174770136e+00 7.705459434798861196e+00
8.015633718632081184e+00 7.861267610688679852e+00
8.159015905422798198e+00 8.019124224272013990e+00
8.291028356159847235e+00 8.146789705620662403e+00
8.429935021448637045e+00 8.295073156780796708e+00
8.571676743791723396e+00 8.453400832634100581e+00
8.713864145550928697e+00 8.583013881674583345e+00
8.848095438218495090e+00 8.732352479200837791e+00
9.006154633551819444e+00 8.821862169648321483e+00
9.141689308108700729e+00 8.991506987678338447e+00
9.284849290908212538e+00 9.091919896079705410e+00
9.424827567902351433e+00 9.222303881972448991e+00
9.569745465124883665e+00 9.376507953635250914e+00
9.703935503906210513e+00 9.535852173723233349e+00
9.840809370202499906e+00 9.669686075740267839e+00
9.981038116457806808e+00 9.817998533717329224e+00
1.011777089988362732e+01 9.957183873924556394e+00
1.025056086299774449e+01 1.014513062882471850e+01
1.038944107138411610e+01 1.025145168233518511e+01
1.052253700451638885e+01 1.039196821647804292e+01
1.066679422885859374e+01 1.054486577371582712e+01
1.081590111871359028e+01 1.064582203973600727e+01
1.094305182111973274e+01 1.078808444121742305e+01
1.108720401161598090e+01 1.092926452361021816e+01
1.123027627165214071e+01 1.104159313651627627e+01
1.137745892535075853e+01 1.119224546515853902e+01
1.151011825551300838e+01 1.138681412997196141e+01
1.164857827139062074e+01 1.156433552732009318e+01
1.179966154959015867e+01 1.159471823408154734e+01
1.194562749069308616e+01 1.171645785708427390e+01
1.209716670217169288e+01 1.189196623727482383e+01
1.222184288572750610e+01 1.205538975674904378e+01
1.236557218573729067e+01 1.223577205182009031e+01
1.250256655832329322e+01 1.227649816767978663e+01
1.265844805897638459e+01 1.249697889465176104e+01
1.279286120169255980e+01 1.258886365426879017e+01
1.293073915528016649e+01 1.268658242002979541e+01
1.308380347707303137e+01 1.290906961304206746e+01
1.322076832541578106e+01 1.302557288371503930e+01
1.336335163450811869e+01 1.317521415939316221e+01
1.349144170194540138e+01 1.327928785181694948e+01
1.363887993518053854e+01 1.347570411164827675e+01
1.376793889133696780e+01 1.361385083228244319e+01
1.392033955224188269e+01 1.373509068747747364e+01
1.405838598334746159e+01 1.386994157983561671e+01
1.420076501852427420e+01 1.403041177566461783e+01
1.433424424972735167e+01 1.413145451491436155e+01
1.447471920968924586e+01 1.426749880245400171e+01
1.464795514114356756e+01 1.442316267499003146e+01
1.478015032676365337e+01 1.458440376456643328e+01
