0.000000000000000000e+00 0.000000000000000000e+00
0.000000000000000000e+00 0.000000000000000000e+00
0.000000000000000000e+00 0.000000000000000000e+00
0.000000000000000000e+00 0.000000000000000000e+00
0.000000000000000000e+00 0.000000000000000000e+00
0.000000000000000000e+00 0.000000000000000000e+00
0.000000000000000000e+00 0.000000000000000000e+00
0.000000000000000000e+00 0.000000000000000000e+00
0.000000000000000000e+00 0.000000000000000000e+00
0.000000000000000000e+00 0.000000000000000000e+00
0.000000000000000000e+00 4.974399230555828222e-01
1.046759012661819255e-01 4.894793680176136308e-02
3.252733708074751484e-01 1.084500162148049229e+00
3.544455572651000086e+00 5.639545279601986039e+00
3.691302136543590073e+00 5.630635765317554053e+00
5.260822458004860813e+00 5.687980380758454579e+00
5.740766320858373462e+00 5.744178250983012823e+00
5.838194468587651009e+00 5.838583482217162057e+00
5.925241585696788604e+00 5.932779610279825810e+00
6.061764395328033572e+00 6.105173378402515283e+00
6.153527448809097855e+00 6.279905176783808329e+00
6.285328782815401638e+00 6.486717114000668083e+00
6.434991650505745397e+00 6.634994964946702822e+00
6.641043797851616581e+00 6.808028548299843052e+00
6.856710077957574256e+00 7.008796666237030237e+00
7.013168682219693473e+00 7.165388823746146940e+00
7.139762128097105531e+00 7.336709696751514187e+00
7.338253302518022991e+00 7.490960452993716601e+00
7.494183508157067131e+00 7.629776977649017411e+00
7.749627355195304546e+00 7.670474505363712225e+00
7.819938921678952326e+00 7.923504953400368755e+00
7.969474947815086807e+00 8.075587079753400843e+00
8.139693561142845368e+00 8.224790596192985248e+00
8.307373802737604507e+00 8.373443984566643294e+00
8.512284804614241196e+00 8.502307270754034363e+00
8.655273088488007360e+00 8.591123427175952898e+00
8.810518872547957514e+00 8.746605279650591314e+00
8.870992250380366428e+00 8.976839673173847345e+00
9.128582347696461596e+00 9.063527010847096221e+00
9.285230268735386261e+00 9.186766866455421621e+00
9.449199145968261604e+00 9.333940997125946382e+00
9.615315819672254349e+00 9.481631107821822724e+00
9.777665248575637236e+00 9.640778599079089517e+00
9.934376654643759963e+00 9.830777104795052068e+00
1.009478539195492708e+01 9.967971713989641103e+00
1.026367270710120039e+01 1.015364261227642295e+01
1.042344276026743088e+01 1.030162476204229982e+01
1.058490893932994936e+01 1.047275842938568680e+01
1.075758761416782683e+01 1.062024170030602654e+01
1.093034092085610176e+01 1.080002908270082429e+01
1.109064483543776092e+01 1.094116649052499390e+01
1.126227379568868159e+01 1.115904950995524381e+01
1.142462920500867085e+01 1.131828587163383659e+01
1.160559988133169540e+01 1.149856801909764847e+01
1.177821750612273810e+01 1.171367147091180172e+01
1.195099555284870796e+01 1.186812501651118978e+01
1.212873044084323659e+01 1.204534726883738394e+01
1.229800288653661866e+01 1.220350890264993815e+01
1.247865293435025258e+01 1.235470043270334983e+01
1.265084509397750345e+01 1.251447955650828092e+01
1.283628726056637603e+01 1.273655220445870917e+01
1.300883290159925210e+01 1.291367068346871960e+01
1.318810161167804118e+01 1.310045191471023962e+01
1.335819347344796171e+01 1.327111739938092860e+01
1.354026804824786012e+01 1.348543338551576554e+01
1.373242054602000550e+01 1.365054760326655447e+01
1.390024876348918426e+01 1.381231240546793693e+01
1.409699650756979317e+01 1.398774348059147599e+01
1.427743086385396154e+01 1.416415455589195815e+01
1.447165192757674390e+01 1.433701769904620349e+01
1.465966745747388877e+01 1.455085614002877392e+01
1.483980810470636591e+01 1.464384242483123799e+01
1.502822431417034821e+01 1.494836287443325240e+01
1.522707951350595046e+01 1.508001891760741842e+01
1.541669386299727940e+01 1.528185721067092473e+01
1.560344943057143752e+01 1.543796253227266924e+01
1.580310683755954315e+01 1.566419530652459891e+01
1.599149208980359660e+01 1.582711654428791626e+01
1.616852859135685705e+01 1.589836316579316922e+01
1.636152251961221182e+01 1.618231366867751220e+01
1.655331807856502380e+01 1.644337659765035298e+01
1.672845116779527430e+01 1.660427379931610048e+01
1.691865915216033756e+01 1.667416541303235533e+01
1.710981558131913971e+01 1.684594812146507437e+01
1.728996933532066649e+01 1.711681672239169671e+01
1.749648833214882870e+01 1.728079037532331697e+01
1.768211913267636959e+01 1.749591881928208181e+01
1.785725189534554858e+01 1.765827364740876604e+01
1.803920992143169499e+01 1.790314163402218384e+01
1.823743499622508679e+01 1.803564337901131864e+01
1.841820852641830086e+01 1.813363007464639054e+01
1.860441538410115569e+01 1.838865736627036540e+01
1.877713839115617844e+01 1.854302279916215213e+01
1.896491477088934019e+01 1.874217792038335162e+01
1.915753602320670268e+01 1.887768262134564523e+01
1.934807588850694060e+01 1.915458813001312421e+01
1.952544002468209783e+01 1.928910772979784127e+01
1.970866054601514961e+01 1.954381708838216269e+01
1.992144302553536050e+01 1.961765230909241353e+01
2.010389463855955938e+01 1.982900446670626593e+01
2.028963980167300107e+01 2.014650169736971819e+01
