0.000000000000000000e+00 0.000000000000000000e+00
0.000000000000000000e+00 0.000000000000000000e+00
0.000000000000000000e+00 0.000000000000000000e+00
8.709635848686451487e-04 0.000000000000000000e+00
2.785129471367083984e-02 2.219212770276171920e+00
2.187269903625123746e+00 2.033725633223316009e+00
2.772561070298944497e+00 2.816359217774905499e+00
2.888118454782357070e+00 2.870376320554803407e+00
2.965068972067323561e+00 3.036744464589363979e+00
3.112445437152329575e+00 3.174781175766642871e+00
3.270786920914960483e+00 3.316905242195219650e+00
3.440846309309718798e+00 3.541318946853152294e+00
3.635878129681399340e+00 3.757128484098260834e+00
3.832773261762805195e+00 3.968851397496063527e+00
4.044220262343259265e+00 4.164633874725891971e+00
4.231808688970589039e+00 4.348227274768490247e+00
4.429172085284431404e+00 4.552867640450894982e+00
4.607056921353565926e+00 4.735510274705366562e+00
4.798724070310425915e+00 4.913457745420961587e+00
4.963830581028000566e+00 5.095336888679723231e+00
5.169955714304234284e+00 5.268431379866394870e+00
5.323427035636158600e+00 5.454984523917651984e+00
5.511880064607317387e+00 5.635366551764538379e+00
5.676331858847918355e+00 5.815818104714668202e+00
5.885364442393775875e+00 5.989605308971853503e+00
6.053132739610343371e+00 6.172470826488131834e+00
6.246251774794051137e+00 6.360417322343333346e+00
6.421070484085217522e+00 6.531432463798653387e+00
6.595937399876024010e+00 6.714354401005843798e+00
6.765775158274219159e+00 6.877850253023662042e+00
7.033373132220725132e+00 6.948069413529401217e+00
7.059995668166106242e+00 7.210655231153461742e+00
7.255997223667418616e+00 7.412706846689680162e+00
7.396307243078845239e+00 7.579247140487980872e+00
7.746914693799824114e+00 7.552342000032896685e+00
7.913322623957198765e+00 7.749336000933915614e+00
7.904629497192916077e+00 8.096505193027882186e+00
8.081402279212733575e+00 8.270689210506615652e+00
8.438937753968614786e+00 8.295139054816932145e+00
8.442710625701346672e+00 8.624355189835902991e+00
8.796684709082473574e+00 8.669034623598108169e+00
8.813119960029229816e+00 8.981565374293948523e+00
9.149643850804364931e+00 9.008325603507076451e+00
9.324530628918390462e+00 9.142849869468024693e+00
9.509345801825306310e+00 9.325832983386357355e+00
9.685869728304218995e+00 9.523208870636716838e+00
9.726193294099516606e+00 9.864028666101045673e+00
9.883681308789592279e+00 1.004895926203502476e+01
1.006521179838871483e+01 1.023337436110350041e+01
1.028225605146410615e+01 1.040910487480022972e+01
1.059330451832869535e+01 1.041686956501335537e+01
1.077196679037986371e+01 1.058382490711560742e+01
1.078210756373704449e+01 1.093790919325233446e+01
1.099503444721979406e+01 1.111824722056373993e+01
1.130289993835518558e+01 1.114516430498473554e+01
1.148742120060204996e+01 1.132476305490790303e+01
1.166799119460431555e+01 1.151139390762229375e+01
1.172038718339536523e+01 1.184743503331049475e+01
1.189419615733353552e+01 1.202156522685935158e+01
1.220555148710006677e+01 1.212889996585398400e+01
1.238876798811061342e+01 1.228701925052236277e+01
1.257821518076703171e+01 1.245269172611762265e+01
1.261004954884576357e+01 1.274975185503319963e+01
1.294379429085666722e+01 1.279088501087430707e+01
1.313513306166977657e+01 1.303599737488991295e+01
1.332038929741277578e+01 1.319297643751163740e+01
1.337317228571782834e+01 1.349230837296690311e+01
1.356442118289122511e+01 1.367345216618349291e+01
1.387726769747989231e+01 1.377728062835812395e+01
1.392489512117531802e+01 1.403649245260675826e+01
1.423844781385036562e+01 1.413128167414886427e+01
1.443726695448400754e+01 1.431778938354281827e+01
1.462994711647894341e+01 1.448596026275362547e+01
1.482123000987271055e+01 1.470996105378725538e+01
1.500863904288998363e+01 1.487732634483365857e+01
1.520382077887358641e+01 1.506806875203223051e+01
1.539327385919568414e+01 1.526129569127623853e+01
1.559625097597507271e+01 1.550350479963682382e+01
1.579847585363799034e+01 1.568385148707572441e+01
1.599259434402597790e+01 1.583193296187648436e+01
1.617202132284833027e+01 1.602747356566131742e+01
1.615857107392923098e+01 1.633168939760421168e+01
1.654292805919657638e+01 1.640835582032152473e+01
1.673328592553377092e+01 1.662998216786400718e+01
1.691727523500281194e+01 1.682000305498085169e+01
1.712133288693329192e+01 1.695290843296439220e+01
1.730855432947667438e+01 1.708631156119892580e+01
1.751010671131148300e+01 1.735265923212824291e+01
1.769130209887874727e+01 1.757712405146724066e+01
1.789979786196185074e+01 1.769517947608908770e+01
1.808205854762105957e+01 1.796376586604909775e+01
1.827420073907142140e+01 1.809348300356092309e+01
1.845487223525843490e+01 1.833316575626852085e+01
1.865829737340204275e+01 1.843024346913617606e+01
1.884369548590690968e+01 1.869540267604364558e+01
1.904361894089472074e+01 1.887217047256499924e+01
1.922660358435410188e+01 1.906434624125949995e+01
1.940503930988425196e+01 1.927962965084138958e+01
1.943466290843264588e+01 1.955935633323266032e+01
1.979816281523925525e+01 1.958972338567080129e+01
1.998383824485591376e+01 1.982564793567214778e+01
