0.000000000000000000e+00 0.000000000000000000e+00
0.000000000000000000e+00 0.000000000000000000e+00
0.000000000000000000e+00 0.000000000000000000e+00
0.000000000000000000e+00 0.000000000000000000e+00
0.000000000000000000e+00 0.000000000000000000e+00
0.000000000000000000e+00 0.000000000000000000e+00
0.000000000000000000e+00 0.000000000000000000e+00
0.000000000000000000e+00 0.000000000000000000e+00
0.000000000000000000e+00 0.000000000000000000e+00
0.000000000000000000e+00 0.000000000000000000e+00
0.000000000000000000e+00 0.000000000000000000e+00
0.000000000000000000e+00 0.000000000000000000e+00
0.000000000000000000e+00 0.000000000000000000e+00
0.000000000000000000e+00 0.000000000000000000e+00
0.000000000000000000e+00 0.000000000000000000e+00
0.000000000000000000e+00 3.281404872098958592e+00
4.514617794241179149e-01 0.000000000000000000e+00
1.835004310364641844e-01 2.963476911893815569e+00
3.651307616166686865e-01 4.781320026402522849e+00
2.550382777042269566e+00 0.000000000000000000e+00
2.092887877602587210e-01 5.410578513439533666e+00
2.217364507361975434e+00 6.589777974712053066e+00
5.984166765836633317e+00 7.016113663982163295e+00
6.842909769205228976e+00 7.074668682293929756e+00
7.092454652868113385e+00 7.153703747091745058e+00
7.262952092464088238e+00 7.267931737125738145e+00
7.366826439196733745e+00 7.431494043364071267e+00
7.495027656622645473e+00 7.609656976059102185e+00
7.640735976540579344e+00 7.749534556962566434e+00
7.796677843818730302e+00 7.892312861529918955e+00
8.005215717184920976e+00 7.929163447933871289e+00
8.128034279069249024e+00 8.083436551262980885e+00
8.203956244722828473e+00 8.351042889592459773e+00
8.398098706608204012e+00 8.512592828760068286e+00
8.552676175822734095e+00 8.659436657979700414e+00
8.718674821433271660e+00 8.807775583056562496e+00
8.953443298705407116e+00 8.875765729227246936e+00
9.092981273503523809e+00 9.005692142934655919e+00
9.248969183382261150e+00 9.148696356987269240e+00
9.396420770094376707e+00 9.313336072376195318e+00
9.550017776248106216e+00 9.469091252977838380e+00
9.706141486609839220e+00 9.638606128747019497e+00
9.871582733864089576e+00 9.770485567460278631e+00
1.002516300132598737e+01 9.926063787104592251e+00
1.019650884465647067e+01 1.011271425477431762e+01
1.034775510076863725e+01 1.027574681788676259e+01
1.050693329883427829e+01 1.043687745293907199e+01
1.067069300904752005e+01 1.061724018075559073e+01
1.083773684446094165e+01 1.074254929936412317e+01
1.100643122648465067e+01 1.093296074808396234e+01
1.117815248935329997e+01 1.108270394250746449e+01
1.134237912849505037e+01 1.124877175091378412e+01
1.151835765987005722e+01 1.139181944463651419e+01
1.169597169355996158e+01 1.155862431439068594e+01
1.187009965431995440e+01 1.174247243454528267e+01
1.204905692027919528e+01 1.193175348543952730e+01
1.221977584514891468e+01 1.210626680967910218e+01
1.239772708316782790e+01 1.227966677535083662e+01
1.258517222598122665e+01 1.249032151786715872e+01
1.276798641250230126e+01 1.261767054018817724e+01
1.293249546411351325e+01 1.275415135339443928e+01
1.311286934244728641e+01 1.303056440255119064e+01
1.329363654701953834e+01 1.311655351470750297e+01
1.347531595442836760e+01 1.336929877172827297e+01
1.365713353087368631e+01 1.355090499443390506e+01
1.384564410022857928e+01 1.369564639940805506e+01
1.402867950172095313e+01 1.393844213305959201e+01
1.420444792161752368e+01 1.407938133843789075e+01
1.439761747357362864e+01 1.421767564793779215e+01
1.457434624452315397e+01 1.446607174899547488e+01
1.475784292023674915e+01 1.455931198264715931e+01
1.493264092741725513e+01 1.478648013102267456e+01
1.511306598457524686e+01 1.495224809829639234e+01
1.531141253010407510e+01 1.512976523620490887e+01
1.549000487903948020e+01 1.525906219200192560e+01
1.567930110030258284e+01 1.551153012576756929e+01
1.585156295821663441e+01 1.567627511226724657e+01
1.605101203193938275e+01 1.581164786835832992e+01
1.623122893920278997e+01 1.601932546022076664e+01
1.641722700435322935e+01 1.618174023730924205e+01
1.659782898952666130e+01 1.640351497318674845e+01
1.678789635861431151e+01 1.657794847537278926e+01
1.697464751263571614e+01 1.674499435381581236e+01
1.716623843889793477e+01 1.690098269645742590e+01
1.734927332868291927e+01 1.717688316334537291e+01
1.752620524475289088e+01 1.724559646063388030e+01
1.771637401535028644e+01 1.740516529792540368e+01
1.791239021207071858e+01 1.768627401427002255e+01
1.809013148654843306e+01 1.785779642933989919e+01
1.829682015377894544e+01 1.804219161937086824e+01
1.847502934450984924e+01 1.819294163617221116e+01
1.865960231587192197e+01 1.836737326422975514e+01
1.884756594046740830e+01 1.858241021374112378e+01
1.905635690497084411e+01 1.877942872952809594e+01
1.922763091122407531e+01 1.885558905618244907e+01
1.942766195648362881e+01 1.911842957073534066e+01
1.961282803608749603e+01 1.933596127604071668e+01
1.980740841628097471e+01 1.948227149774767497e+01
2.000015195064626994e+01 1.973758672833208294e+01
2.021179441523274889e+01 1.986485438599405740e+01
2.038913897334643721e+01 2.000304564330881263e+01
