0.000000000000000000e+00 0.000000000000000000e+00
0.000000000000000000e+00 0.000000000000000000e+00
0.000000000000000000e+00 0.000000000000000000e+00
0.000000000000000000e+00 0.000000000000000000e+00
0.000000000000000000e+00 0.000000000000000000e+00
0.000000000000000000e+00 0.000000000000000000e+00
0.000000000000000000e+00 0.000000000000000000e+00
0.000000000000000000e+00 0.000000000000000000e+00
0.000000000000000000e+00 0.000000000000000000e+00
0.000000000000000000e+00 0.000000000000000000e+00
0.000000000000000000e+00 0.000000000000000000e+00
0.000000000000000000e+00 0.000000000000000000e+00
0.000000000000000000e+00 0.000000000000000000e+00
0.000000000000000000e+00 0.000000000000000000e+00
0.000000000000000000e+00 0.000000000000000000e+00
0.000000000000000000e+00 0.000000000000000000e+00
0.000000000000000000e+00 0.000000000000000000e+00
0.000000000000000000e+00 0.000000000000000000e+00
0.000000000000000000e+00 0.000000000000000000e+00
0.000000000000000000e+00 0.000000000000000000e+00
0.000000000000000000e+00 0.000000000000000000e+00
2.149264396818073020e-01 1.186646682700803979e+00
3.613167497188191080e-01 3.869266432785792187e+00
5.521720943114808433e-01 6.832367920247071957e+00
5.633186768874804073e+00 7.187437732879812913e+00
6.973871177684060285e+00 7.393998980475362082e+00
7.312591274198688929e+00 7.483434597103527430e+00
7.482355264816295204e+00 7.689203207760551884e+00
7.709405405934392164e+00 7.823939084935790156e+00
7.885079600070763028e+00 7.969801935974718532e+00
8.079283472176690850e+00 7.998197368703576338e+00
8.147396064690770601e+00 8.251234036803305472e+00
8.336148336152103155e+00 8.388758223969334793e+00
8.519699112804842045e+00 8.488724888356433240e+00
8.662828866142547213e+00 8.621240683992660081e+00
8.762947329620912384e+00 8.811732560222495181e+00
8.962716259857423040e+00 8.919964609402036615e+00
9.105490859424763883e+00 9.054932554994305605e+00
9.259482608393151182e+00 9.202237987619318105e+00
9.409419884075258977e+00 9.367503065992440980e+00
9.567116874554448813e+00 9.513696889285883529e+00
9.720614720025862354e+00 9.688587459379428779e+00
9.870578982438516391e+00 9.830153191981302996e+00
1.003617939182757191e+01 1.000648668089355908e+01
1.020829749118311724e+01 1.016112284114245767e+01
1.036875307114543965e+01 1.033834213423093473e+01
1.053835914099945370e+01 1.047096682424196601e+01
1.070758520607414432e+01 1.064791037818907782e+01
1.088045966358339456e+01 1.076107321015698659e+01
1.105499545522067883e+01 1.095714682206040713e+01
1.121947602973736124e+01 1.114550215124990729e+01
1.139733238270826376e+01 1.125785907333231073e+01
1.156659516852123204e+01 1.142134341565855493e+01
1.173429061225428427e+01 1.161214964303095520e+01
1.191685853886175472e+01 1.181386315223816652e+01
1.208705124500156103e+01 1.195713291423650482e+01
1.226685752148346431e+01 1.212018647164026319e+01
1.244737023998759895e+01 1.228885016449790157e+01
1.261985309108271203e+01 1.250396968965313249e+01
1.279323797915093586e+01 1.264323691978775344e+01
1.298205892587859722e+01 1.281068626314349679e+01
1.315637327125662104e+01 1.290021866642420534e+01
1.332736556195731126e+01 1.314629145601570670e+01
1.351010711718019408e+01 1.332135930850824401e+01
1.369108106764636013e+01 1.350022885445476994e+01
1.387288704688433150e+01 1.365215099369594576e+01
1.405442228533705062e+01 1.387905677816534755e+01
1.423619041371760474e+01 1.393969524859186748e+01
1.441341763314587077e+01 1.415700809121674908e+01
1.461386257563012947e+01 1.445187820387799604e+01
1.478346794017320676e+01 1.454451561999036890e+01
1.496764725964322373e+01 1.458501022293319771e+01
1.516131006420256000e+01 1.488999098512600305e+01
1.535517655529807257e+01 1.509508353924066526e+01
1.553373767181286169e+01 1.521460222525238848e+01
1.573119145313501299e+01 1.536736776939860150e+01
1.591335701995391716e+01 1.562156282861750434e+01
1.610343782272745372e+01 1.574505613423736428e+01
1.628001653071393307e+01 1.592823892114507345e+01
1.646494026957012125e+01 1.615726002863279476e+01
1.666629703273172325e+01 1.628257463353072509e+01
1.684103044127394000e+01 1.653793013288152736e+01
1.703740577254864164e+01 1.659008106568995089e+01
1.721284117013638237e+01 1.680772493605881834e+01
1.739372068066773025e+01 1.694842765186220745e+01
1.758807940006179393e+01 1.711796467302776747e+01
1.777654772963325058e+01 1.730548004382656302e+01
1.796513537164437224e+01 1.752191641898278718e+01
1.815766675200382707e+01 1.766022552431665815e+01
1.833768996698147546e+01 1.774630891238284036e+01
1.853542041463805390e+01 1.805353167975405171e+01
1.872996093220743674e+01 1.827059965872101799e+01
1.891422104830661510e+01 1.843610316497675683e+01
1.910644689854833089e+01 1.862918180947959712e+01
1.929242960105188587e+01 1.886523425343531812e+01
1.949449114071996902e+01 1.895959750204521299e+01
1.968916109472472797e+01 1.901953731120589097e+01
1.988840947819819860e+01 1.924628991664560118e+01
2.006417713871426045e+01 1.954640201064856342e+01
2.023903607545791417e+01 1.971958982178532338e+01
2.044204110824274068e+01 1.994794736512728761e+01
