0.000000000000000000e+00 0.000000000000000000e+00
0.000000000000000000e+00 0.000000000000000000e+00
0.000000000000000000e+00 0.000000000000000000e+00
0.000000000000000000e+00 0.000000000000000000e+00
0.000000000000000000e+00 0.000000000000000000e+00
0.000000000000000000e+00 0.000000000000000000e+00
0.000000000000000000e+00 0.000000000000000000e+00
0.000000000000000000e+00 0.000000000000000000e+00
0.000000000000000000e+00 0.000000000000000000e+00
0.000000000000000000e+00 0.000000000000000000e+00
0.000000000000000000e+00 0.000000000000000000e+00
0.000000000000000000e+00 0.000000000000000000e+00
8.047863478351555133e-02 -7.961423262262039280e-02
1.091926151489627933e-01 0.000000000000000000e+00
8.718518768214184034e-02 0.000000000000000000e+00
0.000000000000000000e+00 0.000000000000000000e+00
1.360548562526331384e-01 0.000000000000000000e+00
2.930757601867701179e-01 4.129689184111230205e+00
1.224136923272277411e+00 -4.401733993061104216e-02
3.693561576413950664e-01 0.000000000000000000e+00
3.426654624672148541e-01 5.688591268080302576e+00
4.496245771616463216e+00 6.721286563914627088e+00
5.692667207425252229e+00 6.846349327954905917e+00
6.765522516720588797e+00 7.077058594752920762e+00
7.126105851063956109e+00 7.048586466732048805e+00
7.210414336969481752e+00 7.286114901444823211e+00
7.383135237762287417e+00 7.371218719931747820e+00
7.497565069843714625e+00 7.618133619936379830e+00
7.641775905040382177e+00 7.834867316322459807e+00
7.802358397129478540e+00 7.975591970734701164e+00
7.978692164930211383e+00 8.101406233549417024e+00
8.180893493413524453e+00 8.248698257366344322e+00
8.342852462022694482e+00 8.396441825983604446e+00
8.525443155769844239e+00 8.481692202088991550e+00
8.617686557334540254e+00 8.682058754484801355e+00
8.827492155276347674e+00 8.769003307646370260e+00
8.926664214631916394e+00 8.969284754620652222e+00
9.122073736662608567e+00 9.071214536765609182e+00
9.276407386744454087e+00 9.230623060025820337e+00
9.426765506779640091e+00 9.374862895698303333e+00
9.538018838367692709e+00 9.573555529175058254e+00
9.737116097180187779e+00 9.701019348975499668e+00
9.894588717525103050e+00 9.847867023914407270e+00
1.005002075710360110e+01 9.999917409033034943e+00
1.020864970534532645e+01 1.018585971230137588e+01
1.037132059186852828e+01 1.029136404612692068e+01
1.053855147248723334e+01 1.045216487432797337e+01
1.069689608134791570e+01 1.062795522014892846e+01
1.086584152580512530e+01 1.081845079516534724e+01
1.103495378245169967e+01 1.096087735373479255e+01
1.121931036332662401e+01 1.110770297850841892e+01
1.139559316311057913e+01 1.134379928812313842e+01
1.157668302256480430e+01 1.142744573895805793e+01
1.174249107942757497e+01 1.163778081186753255e+01
1.191546813568810137e+01 1.179345161832107713e+01
1.209719877789179954e+01 1.200851189924103224e+01
1.227443171042285108e+01 1.212719807611279954e+01
1.245190380312151035e+01 1.230777708830123451e+01
1.264006104977229761e+01 1.249699305829122764e+01
1.281087009020063228e+01 1.273596095884575696e+01
1.300217181623913554e+01 1.292669974177833225e+01
1.317874427274812454e+01 1.305018973154350803e+01
1.336842727326074076e+01 1.318604258361492931e+01
1.354485962425416723e+01 1.332613427342027990e+01
1.372893757143476634e+01 1.349583200193110244e+01
1.391527743203846335e+01 1.361357494376187383e+01
1.409946685803579491e+01 1.387692265427274307e+01
1.428554368862105584e+01 1.408492959309841908e+01
1.445589074096184667e+01 1.424027995961408521e+01
1.463510618143377684e+01 1.440539470777983055e+01
1.480885418858428437e+01 1.458335420099284363e+01
1.499831508228753130e+01 1.478861438534459793e+01
1.516248986013141575e+01 1.495653302717972899e+01
1.535145915396461724e+01 1.505591869750238487e+01
1.553341547630988906e+01 1.527312747036197571e+01
1.571279148609690424e+01 1.548754353540762096e+01
1.590751870934187373e+01 1.564862146696262002e+01
1.609073271802615679e+01 1.580722865502168517e+01
1.628461264042371326e+01 1.600011121472560660e+01
1.647286311716563389e+01 1.615583110955492074e+01
1.665590113354036816e+01 1.636365919413206171e+01
1.683454579355020897e+01 1.658521993362362679e+01
1.701873394000353912e+01 1.671080353025086751e+01
1.720991367937156724e+01 1.690076018169084549e+01
1.740228632453984758e+01 1.705847171745963564e+01
1.757669663479245159e+01 1.725674206503979136e+01
1.776910439115200901e+01 1.750693144980974481e+01
1.796247087551221000e+01 1.765673145384593212e+01
1.815026373297740392e+01 1.785841540236596003e+01
1.834451439492858071e+01 1.805662667455029080e+01
1.853563392442944036e+01 1.818874187570467527e+01
1.870711393257499111e+01 1.832436074791988290e+01
1.890008652888110774e+01 1.865989925172920749e+01
1.909184522112364490e+01 1.867204646643944344e+01
1.928911839055561117e+01 1.895711128818596336e+01
1.947877609480677208e+01 1.906334286692478841e+01
1.967423108399565024e+01 1.922958110336221438e+01
1.986718190106067539e+01 1.945264836905477779e+01
2.004420483896375416e+01 1.955948900413013192e+01
2.025647106204054992e+01 1.974355309930660596e+01
2.043689998488935444e+01 2.005669211042040345e+01
