0.000000000000000000e+00 0.000000000000000000e+00
0.000000000000000000e+00 0.000000000000000000e+00
0.000000000000000000e+00 0.000000000000000000e+00
0.000000000000000000e+00 0.000000000000000000e+00
0.000000000000000000e+00 0.000000000000000000e+00
0.000000000000000000e+00 0.000000000000000000e+00
0.000000000000000000e+00 0.000000000000000000e+00
0.000000000000000000e+00 0.000000000000000000e+00
0.000000000000000000e+00 0.000000000000000000e+00
0.000000000000000000e+00 0.000000000000000000e+00
0.000000000000000000e+00 0.000000000000000000e+00
0.000000000000000000e+00 0.000000000000000000e+00
0.000000000000000000e+00 0.000000000000000000e+00
0.000000000000000000e+00 0.000000000000000000e+00
0.000000000000000000e+00 0.000000000000000000e+00
0.000000000000000000e+00 0.000000000000000000e+00
0.000000000000000000e+00 0.000000000000000000e+00
2.353936338189329014e+00 6.689326230016013675e+00
2.142365673451742947e-01 6.384181491729631119e+00
5.922058013543878729e+00 6.479556180811352206e+00
6.561554737029717366e+00 6.500309677736262337e+00
6.670190173001084410e+00 6.728384866135099784e+00
6.753575388227204712e+00 6.828782753439572417e+00
6.915383603061832751e+00 6.898573352439518303e+00
7.022580399079986435e+00 7.094107069663785126e+00
7.171712089433836645e+00 7.159580706251457372e+00
7.263399090828199789e+00 7.452325175060217965e+00
7.431458987668469796e+00 7.578865524226321426e+00
7.609535785131154029e+00 7.759999645274591629e+00
7.773704198097942886e+00 7.920220440024181130e+00
7.960620054111278598e+00 8.075089471253464879e+00
8.188036069976783793e+00 8.042351654284386697e+00
8.240739733037621306e+00 8.389713251417367346e+00
8.415630321562218796e+00 8.541691634384173781e+00
8.594456574445908714e+00 8.677305543125502396e+00
8.761420865191329455e+00 8.824244588665443700e+00
8.970562788288182432e+00 8.903727384114944243e+00
9.066133767159218593e+00 9.125771697361571455e+00
9.264501767338565230e+00 9.202213533580692939e+00
9.428611255910238853e+00 9.349291460655999586e+00
9.579512204741524428e+00 9.510272400766146106e+00
9.747483310607236717e+00 9.672453742835349644e+00
9.902909556740176811e+00 9.839192825241909190e+00
1.005624197586479163e+01 9.893509907431555561e+00
1.021152681258703154e+01 1.011000161737316994e+01
1.036207435586590897e+01 1.028070843092594266e+01
1.053164992394970767e+01 1.043197796686463441e+01
1.069178618996260433e+01 1.055180465877644558e+01
1.085949534317549237e+01 1.076908115632054397e+01
1.102894795263336825e+01 1.089513073167482915e+01
1.119781268125163187e+01 1.112068925314055434e+01
1.137574408295384210e+01 1.127560692009235588e+01
1.155506207311939626e+01 1.141462172204500369e+01
1.172140340962065963e+01 1.157969356374016634e+01
1.189160723773483674e+01 1.172902805996544906e+01
1.207377942806248328e+01 1.193627096716950398e+01
1.224125357577779738e+01 1.209941887138924521e+01
1.241622195303351717e+01 1.232507680550606644e+01
1.260424611656019067e+01 1.243415197922155357e+01
1.277900605245135601e+01 1.260541542039640461e+01
1.295152840288075424e+01 1.278433478699151316e+01
1.312976702579022614e+01 1.301437612253919696e+01
1.331089687868048976e+01 1.314630999350305451e+01
1.349166848928857654e+01 1.332605107772859476e+01
1.367618505406970009e+01 1.346806806304492099e+01
1.385512128590614900e+01 1.367724351446738851e+01
1.403324437756627674e+01 1.382973411771170724e+01
1.421953725330301133e+01 1.398492909250715144e+01
1.440949996688764756e+01 1.417418233209237677e+01
1.460000982154076610e+01 1.441376021029471843e+01
1.478240143302349452e+01 1.458278242712784589e+01
1.496908744578529671e+01 1.469076854693400769e+01
1.513901658367268688e+01 1.490476464773931831e+01
1.532974270867823208e+01 1.508666404009543527e+01
1.550975190447124419e+01 1.525431040955708895e+01
1.569268281932914277e+01 1.540181187879340996e+01
1.588910864888253371e+01 1.560660920156558618e+01
1.607458231078160438e+01 1.583209089697145622e+01
1.626224637325191935e+01 1.595517521353688828e+01
1.644757120963667063e+01 1.613850894748988551e+01
1.663106290992110914e+01 1.635470710361780888e+01
1.682340273288324539e+01 1.647528910204660235e+01
1.701552915981197955e+01 1.674613342248760617e+01
1.721351036762306563e+01 1.694248933509162924e+01
1.739173921484900021e+01 1.709014453588912019e+01
1.758586058729932233e+01 1.724015714177444281e+01
1.776484405541297917e+01 1.736418739166418490e+01
1.795451624126560120e+01 1.760529161482225646e+01
1.814051368932724273e+01 1.777303915134510959e+01
1.833465806296001688e+01 1.794480933005242562e+01
1.851772089876991245e+01 1.809634737882310063e+01
1.871978443581448559e+01 1.834001606763433045e+01
1.889430153696680037e+01 1.849255099237441158e+01
1.909736359849648935e+01 1.875267226568983148e+01
1.928481779112108896e+01 1.891711207935436079e+01
1.945849354579322110e+01 1.912073310673945414e+01
1.965519336067714207e+01 1.928547259227662281e+01
1.984467978090029661e+01 1.948738931793690909e+01
2.003989818999342631e+01 1.967305536660519039e+01
2.021107256898610771e+01 1.976233003846490632e+01
2.041483083561999834e+01 2.002761968430450423e+01
