0.000000000000000000e+00 0.000000000000000000e+00
0.000000000000000000e+00 0.000000000000000000e+00
0.000000000000000000e+00 0.000000000000000000e+00
0.000000000000000000e+00 0.000000000000000000e+00
0.000000000000000000e+00 0.000000000000000000e+00
0.000000000000000000e+00 0.000000000000000000e+00
0.000000000000000000e+00 0.000000000000000000e+00
0.000000000000000000e+00 0.000000000000000000e+00
0.000000000000000000e+00 0.000000000000000000e+00
0.000000000000000000e+00 0.000000000000000000e+00
0.000000000000000000e+00 0.000000000000000000e+00
0.000000000000000000e+00 0.000000000000000000e+00
0.000000000000000000e+00 0.000000000000000000e+00
0.000000000000000000e+00 0.000000000000000000e+00
0.000000000000000000e+00 0.000000000000000000e+00
2.229308267732684756e-01 0.000000000000000000e+00
0.000000000000000000e+00 0.000000000000000000e+00
3.964574464599349701e-01 8.757319286730871899e-02
5.460677452082263184e-01 4.021558029797824840e-01
8.541411867798995861e-01 0.000000000000000000e+00
1.330897978446979601e-01 2.020483079127776804e+00
8.008511177226820266e-01 5.958737332066007752e+00
6.787288088179307621e+00 7.129302794587637493e+00
7.744782641608200180e+00 7.815110941516224763e+00
8.139980741406654730e+00 8.205045807403015701e+00
8.346593606426626621e+00 8.412155556798474265e+00
8.551897607439752136e+00 8.563803162926761914e+00
8.760916734830670904e+00 8.925963781926292029e+00
8.930216774035825367e+00 9.198356571724742636e+00
9.153112703153123419e+00 9.461541002920084154e+00
9.386746224943413708e+00 9.663067976191992869e+00
9.684334404276373931e+00 9.882561031331295709e+00
9.966834184377024286e+00 1.014600813037458593e+01
1.014496691649547877e+01 1.038128622004001045e+01
1.037067714051326561e+01 1.060039987903525294e+01
1.053952967850385392e+01 1.082522770397252465e+01
1.075752454312618056e+01 1.104644900982180289e+01
1.101264899841004130e+01 1.124146469627867084e+01
1.120857304920533615e+01 1.145309219080116137e+01
1.142070326876336317e+01 1.166422052202755388e+01
1.169901315158042010e+01 1.185097494572451104e+01
1.189073331106046361e+01 1.205473726087959108e+01
1.211253352038766629e+01 1.223840297576805725e+01
1.241267212118832397e+01 1.230584898631721558e+01
1.245786971399065379e+01 1.263099483359960118e+01
1.265889792757860732e+01 1.282966448644505064e+01
1.287885939801732427e+01 1.303261531512155535e+01
1.308408216922123302e+01 1.322956878137246406e+01
1.341371519355967834e+01 1.327903040224971676e+01
1.345815547634960119e+01 1.362756303236100841e+01
1.381928079644394103e+01 1.365245507240579315e+01
1.402092298364559220e+01 1.386124711183129321e+01
1.421891906722371068e+01 1.406088541103489931e+01
1.442255694118126286e+01 1.428512038347127167e+01
1.448312571617759303e+01 1.462209475940898606e+01
1.483531818066453845e+01 1.468400005534535246e+01
1.502856256794318313e+01 1.487948482073714374e+01
1.524193880156917125e+01 1.511279975629572370e+01
1.544921895127280287e+01 1.534381854991092453e+01
1.551882244663610777e+01 1.565197465233776519e+01
1.587287794866169044e+01 1.572980253837683051e+01
1.609411441006590948e+01 1.595938242792263750e+01
1.630301411141110179e+01 1.617724556294334803e+01
1.638570288144669362e+01 1.649383601140678124e+01
1.672647177122740914e+01 1.659828586712184517e+01
1.694548224116829616e+01 1.683141077430355992e+01
1.715449303386336055e+01 1.702877520744861428e+01
1.736829512782964002e+01 1.725536301734629774e+01
1.758263981391458586e+01 1.747207157594488436e+01
1.781075381346145647e+01 1.768795354065779435e+01
1.803455556087176603e+01 1.793392133271205324e+01
1.824803411355536298e+01 1.817288150659911494e+01
1.846651250547838075e+01 1.839545919880098523e+01
1.870102833840430989e+01 1.860309862311785878e+01
1.893013918109723548e+01 1.878881540156110219e+01
1.915633031706969547e+01 1.907734033472139856e+01
1.938361490154147049e+01 1.929770170589711142e+01
1.961303481196889820e+01 1.947122062709348356e+01
1.984767828372908127e+01 1.976459441178790044e+01
2.006802083547739812e+01 2.001521758427604780e+01
2.029658761812567747e+01 2.022585663697809011e+01
2.054649590952971039e+01 2.044049390271713662e+01
2.078069880677750803e+01 2.061471347486250139e+01
2.101764238055790557e+01 2.091812374619336268e+01
2.126031731717372963e+01 2.111120933180918868e+01
2.149491424955675356e+01 2.130592540528175149e+01
2.172465006565329659e+01 2.158199679454186537e+01
2.197543806434236302e+01 2.175271278545923437e+01
2.222042795904789614e+01 2.202491620304056852e+01
2.245517462716680157e+01 2.227762991864328868e+01
2.269317329338267797e+01 2.249858472997263448e+01
2.292997525093914746e+01 2.267857517326965322e+01
2.319220941790361579e+01 2.290673619068245870e+01
2.341851115233127345e+01 2.320307132865401911e+01
2.365806645748409309e+01 2.349003433737940938e+01
2.389400412221349868e+01 2.364785266096733451e+01
2.412448281896316615e+01 2.385717247646292094e+01
2.436455630951470042e+01 2.411525349516492511e+01
2.460119016610230958e+01 2.438107959269308367e+01
2.484076297072927630e+01 2.461599732960045372e+01
2.509593671634891621e+01 2.484107144661516031e+01
