0.000000000000000000e+00 0.000000000000000000e+00
2.547036065093687823e-02 5.876621560034755998e-01
7.123347620852319428e-01 1.000855097239370384e+00
1.615645020081525995e+00 1.928840824582132019e+00
1.774259975406976331e+00 1.857683361666562671e+00
1.893548614869791757e+00 1.891202941295176521e+00
2.010702727938505241e+00 2.156588369128089155e+00
2.145345896920336504e+00 2.325638144010854447e+00
2.353244207939365840e+00 2.482143752071020781e+00
2.513472123855343465e+00 2.680591679886439760e+00
2.688429127536337671e+00 2.870642181509112323e+00
2.864842729719586867e+00 3.056638945666266594e+00
3.028420494274380204e+00 3.220414335317070886e+00
3.176391113566194413e+00 3.373185025308282459e+00
3.321243359629782788e+00 3.515248190465568356e+00
3.461102559158125924e+00 3.652250298591955602e+00
3.657616386229976424e+00 3.791389942374772115e+00
3.805185872686944748e+00 3.927103931438744588e+00
3.953520403541183281e+00 4.056613875186267038e+00
4.127769904952111268e+00 4.189589566098638862e+00
4.267529772100698615e+00 4.324579789175757583e+00
4.393402467338177964e+00 4.461876010543234905e+00
4.586178669598318436e+00 4.532342055481478837e+00
4.594266667893842637e+00 4.722949360808722297e+00
4.849087977037870978e+00 4.750914456341735814e+00
4.848210864800493347e+00 5.007433418892651922e+00
5.126903661814427693e+00 4.994151498062826988e+00
5.147312326556281015e+00 5.278539499422179482e+00
5.290748209597685658e+00 5.415370694864917844e+00
5.556296229863762370e+00 5.402702003180625212e+00
5.695484194360277641e+00 5.514638675618977359e+00
5.828732544773177260e+00 5.686356265758591100e+00
5.967112505217954777e+00 5.827533619382250230e+00
6.115833517302709410e+00 5.953856887140130283e+00
6.255368207844346884e+00 6.103690949667829102e+00
6.393984753598376258e+00 6.223769664971178450e+00
6.527088834557220665e+00 6.368850650355364351e+00
6.670448627628042360e+00 6.511185498188142518e+00
6.815358143620661835e+00 6.659483941326650225e+00
6.954506294360670360e+00 6.799751061088390891e+00
7.098209693800300535e+00 6.946708719845403834e+00
7.242363224381620057e+00 7.108690211900430711e+00
7.255558847108493303e+00 7.381149498498236206e+00
7.529028379029112372e+00 7.407836852751635170e+00
7.542969094405491681e+00 7.656351322047607155e+00
7.815888326323652713e+00 7.684279646029424704e+00
7.960414445632752134e+00 7.836453440652315194e+00
8.106039586014178511e+00 7.963089098283152367e+00
8.261667791970657149e+00 8.117236320889249512e+00
8.263645583188393928e+00 8.375002155442823337e+00
8.551820620285507601e+00 8.417511697908979684e+00
8.693642553185243926e+00 8.568804576313784338e+00
8.839365661614813519e+00 8.721193246235396046e+00
8.986801695551024594e+00 8.850836746223549767e+00
9.134327264208481623e+00 9.021362633060697078e+00
9.290133077866521205e+00 9.195423297020134612e+00
9.430957817653716546e+00 9.334254338024136288e+00
9.583422573943565226e+00 9.445567400968469585e+00
9.730573618448511652e+00 9.601582441570863935e+00
9.881302742616085766e+00 9.774979706182298500e+00
1.004388339179969947e+01 9.962819942333355883e+00
1.019220017694419766e+01 1.007921947452193301e+01
1.034566656110988880e+01 1.023612071951471769e+01
1.049475910737679385e+01 1.040837559839014759e+01
1.064613681783440491e+01 1.054445522941471047e+01
1.079514552933395422e+01 1.071139389067327485e+01
1.095386578202263905e+01 1.078260595147683532e+01
1.111395005628636845e+01 1.096287881067329373e+01
1.126348217241128502e+01 1.117193192928027301e+01
1.142352949917307647e+01 1.128452475059145499e+01
1.158224610235035534e+01 1.140558789440582288e+01
1.155375639995762782e+01 1.167123546704407921e+01
1.186860123636328801e+01 1.172271468764001412e+01
1.202260648946163712e+01 1.187859640373934944e+01
1.216677353373774295e+01 1.206821161112422303e+01
1.232312451574959766e+01 1.220202227860360544e+01
1.246853907613902734e+01 1.237038202121030750e+01
1.261972906482166046e+01 1.251575026903319099e+01
1.262466705630681751e+01 1.271111780574214478e+01
1.291282570791649498e+01 1.272895301673412760e+01
1.306255212890259543e+01 1.287549224562172689e+01
1.321123576863749705e+01 1.306539762480010225e+01
1.337328721283043187e+01 1.319421125772278458e+01
1.353195772160667687e+01 1.332133862578981720e+01
1.368356107523135634e+01 1.350956557335945618e+01
1.383123763387517791e+01 1.367270868358528624e+01
1.400179074152864978e+01 1.374708780008440279e+01
1.415463303679382001e+01 1.402937591468055167e+01
1.431409442226672546e+01 1.410580832574098231e+01
1.446392573922633318e+01 1.424344895810266998e+01
1.461019320943570676e+01 1.446508874006681999e+01
1.477725256904694717e+01 1.458108792894302930e+01
1.492100372077016956e+01 1.475985693670975252e+01
1.508180715113209125e+01 1.489679073004832865e+01
1.525884090244988656e+01 1.502427945909335172e+01
1.540830117225798723e+01 1.522003773644746438e+01
1.556443264131614157e+01 1.538754815986011693e+01
1.572743144248351044e+01 1.548586347114575368e+01
1.586173753469727288e+01 1.562677665813503047e+01
1.579715794535556483e+01 1.593837481884136054e+01
1.616806981162252654e+01 1.602942820621506925e+01
