0.000000000000000000e+00 0.000000000000000000e+00
0.000000000000000000e+00 0.000000000000000000e+00
0.000000000000000000e+00 0.000000000000000000e+00
0.000000000000000000e+00 0.000000000000000000e+00
0.000000000000000000e+00 0.000000000000000000e+00
0.000000000000000000e+00 0.000000000000000000e+00
0.000000000000000000e+00 0.000000000000000000e+00
0.000000000000000000e+00 0.000000000000000000e+00
0.000000000000000000e+00 0.000000000000000000e+00
0.000000000000000000e+00 0.000000000000000000e+00
0.000000000000000000e+00 0.000000000000000000e+00
0.000000000000000000e+00 0.000000000000000000e+00
0.000000000000000000e+00 0.000000000000000000e+00
0.000000000000000000e+00 0.000000000000000000e+00
0.000000000000000000e+00 0.000000000000000000e+00
0.000000000000000000e+00 0.000000000000000000e+00
0.000000000000000000e+00 0.000000000000000000e+00
0.000000000000000000e+00 0.000000000000000000e+00
0.000000000000000000e+00 0.000000000000000000e+00
0.000000000000000000e+00 0.000000000000000000e+00
0.000000000000000000e+00 0.000000000000000000e+00
0.000000000000000000e+00 0.000000000000000000e+00
0.000000000000000000e+00 0.000000000000000000e+00
0.000000000000000000e+00 0.000000000000000000e+00
0.000000000000000000e+00 0.000000000000000000e+00
0.000000000000000000e+00 0.000000000000000000e+00
0.000000000000000000e+00 0.000000000000000000e+00
0.000000000000000000e+00 0.000000000000000000e+00
0.000000000000000000e+00 0.000000000000000000e+00
0.000000000000000000e+00 0.000000000000000000e+00
0.000000000000000000e+00 0.000000000000000000e+00
0.000000000000000000e+00 0.000000000000000000e+00
0.000000000000000000e+00 0.000000000000000000e+00
0.000000000000000000e+00 0.000000000000000000e+00
0.000000000000000000e+00 0.000000000000000000e+00
0.000000000000000000e+00 0.000000000000000000e+00
0.000000000000000000e+00 0.000000000000000000e+00
0.000000000000000000e+00 0.000000000000000000e+00
0.000000000000000000e+00 0.000000000000000000e+00
0.000000000000000000e+00 0.000000000000000000e+00
0.000000000000000000e+00 0.000000000000000000e+00
0.000000000000000000e+00 0.000000000000000000e+00
0.000000000000000000e+00 0.000000000000000000e+00
0.000000000000000000e+00 0.000000000000000000e+00
0.000000000000000000e+00 0.000000000000000000e+00
0.000000000000000000e+00 0.000000000000000000e+00
0.000000000000000000e+00 0.000000000000000000e+00
0.000000000000000000e+00 0.000000000000000000e+00
0.000000000000000000e+00 0.000000000000000000e+00
0.000000000000000000e+00 0.000000000000000000e+00
0.000000000000000000e+00 0.000000000000000000e+00
0.000000000000000000e+00 0.000000000000000000e+00
0.000000000000000000e+00 0.000000000000000000e+00
0.000000000000000000e+00 0.000000000000000000e+00
0.000000000000000000e+00 0.000000000000000000e+00
0.000000000000000000e+00 0.000000000000000000e+00
0.000000000000000000e+00 0.000000000000000000e+00
0.000000000000000000e+00 0.000000000000000000e+00
0.000000000000000000e+00 0.000000000000000000e+00
0.000000000000000000e+00 0.000000000000000000e+00
0.000000000000000000e+00 0.000000000000000000e+00
0.000000000000000000e+00 0.000000000000000000e+00
0.000000000000000000e+00 0.000000000000000000e+00
0.000000000000000000e+00 0.000000000000000000e+00
0.000000000000000000e+00 0.000000000000000000e+00
3.185325170507017356e-01 3.438218829718459046e-02
5.344180219417208333e-01 4.523620286782923522e-02
5.076758689710300643e-02 0.000000000000000000e+00
1.282648031463308413e+00 1.794982966360528565e+00
7.139433280976403395e+00 9.462413690446011216e+00
1.016071817177785519e+01 1.434274607020798165e+01
1.723664127561070103e+01 1.934293350388077926e+01
1.933398637903498951e+01 2.162963021588640444e+01
2.253836923421422256e+01 2.349012987676209718e+01
2.429727827042519195e+01 2.480467533143997017e+01
2.521463022538543441e+01 2.573689185277972058e+01
2.601364002191388991e+01 2.643471596130153145e+01
2.666270810929412249e+01 2.696637130664761628e+01
2.723888154040665199e+01 2.745197484153125700e+01
2.791376406875616922e+01 2.771729137929830955e+01
2.835718247510405732e+01 2.814416544395525932e+01
2.878654804438434311e+01 2.858457440314559150e+01
2.921262606849118271e+01 2.903285741780849705e+01
2.963632687169903335e+01 2.943943733465703261e+01
3.004431741638238051e+01 2.986357117192570243e+01
3.047126884850273143e+01 3.025570047493188852e+01
3.087798678788448825e+01 3.066271611537950648e+01
3.126424663977774898e+01 3.109755122004209937e+01
3.166783396729983124e+01 3.147384946193314192e+01
3.205661689368602651e+01 3.190036933254380003e+01
3.243466341212477744e+01 3.227894276689151809e+01
3.279549745716748532e+01 3.266078173947068564e+01
3.317109937671994402e+01 3.303700820513130765e+01
3.354745874595974442e+01 3.342006768742658807e+01
3.394501818981867558e+01 3.379268655197709137e+01
3.431856634352790536e+01 3.420209506027134694e+01
3.471059933754278859e+01 3.454914544987714464e+01
3.508213357088263962e+01 3.494114293648394920e+01
3.546633074537924557e+01 3.530822211840497715e+01
3.584549336204785419e+01 3.569075174839679221e+01
3.620185322240533310e+01 3.604468687901847090e+01
