0.000000000000000000e+00 0.000000000000000000e+00
0.000000000000000000e+00 0.000000000000000000e+00
0.000000000000000000e+00 0.000000000000000000e+00
0.000000000000000000e+00 0.000000000000000000e+00
0.000000000000000000e+00 0.000000000000000000e+00
0.000000000000000000e+00 0.000000000000000000e+00
0.000000000000000000e+00 0.000000000000000000e+00
0.000000000000000000e+00 0.000000000000000000e+00
0.000000000000000000e+00 0.000000000000000000e+00
0.000000000000000000e+00 0.000000000000000000e+00
0.000000000000000000e+00 0.000000000000000000e+00
0.000000000000000000e+00 0.000000000000000000e+00
0.000000000000000000e+00 0.000000000000000000e+00
0.000000000000000000e+00 0.000000000000000000e+00
0.000000000000000000e+00 0.000000000000000000e+00
0.000000000000000000e+00 0.000000000000000000e+00
0.000000000000000000e+00 0.000000000000000000e+00
0.000000000000000000e+00 0.000000000000000000e+00
0.000000000000000000e+00 0.000000000000000000e+00
0.000000000000000000e+00 0.000000000000000000e+00
0.000000000000000000e+00 0.000000000000000000e+00
0.000000000000000000e+00 0.000000000000000000e+00
0.000000000000000000e+00 0.000000000000000000e+00
0.000000000000000000e+00 4.297432159932469409e-01
1.029972295545138028e+00 3.383283863721731510e+00
1.476534436470737788e+00 6.459810136480049536e+00
2.142944170662558712e+00 8.242634011872361555e+00
6.775130243085219384e+00 9.029258284359139353e+00
9.373605935040156822e+00 9.669574594372152276e+00
9.876527181310851944e+00 9.894070274990820479e+00
1.007895546076622928e+01 1.006834528688394848e+01
1.026318968268018139e+01 1.028366137875905473e+01
1.044485987393778181e+01 1.055196856222961976e+01
1.067980706878361374e+01 1.087934989931504326e+01
1.090967646047788264e+01 1.121220834907114039e+01
1.123065317797643914e+01 1.149445383429756085e+01
1.153280033621452816e+01 1.174563606230878143e+01
1.180285947863603191e+01 1.197251059655863870e+01
1.201654487396629811e+01 1.220688425654994624e+01
1.228496735381976812e+01 1.243317700553992822e+01
1.256347119903893272e+01 1.264584473152147659e+01
1.275750615782011543e+01 1.285602118824368212e+01
1.297095486715475587e+01 1.305199032090715150e+01
1.318556688923321474e+01 1.325993141889182247e+01
1.339056551466784839e+01 1.345710741576553104e+01
1.363206075258817052e+01 1.359219281221779596e+01
1.378563839420158388e+01 1.382976038076612468e+01
1.401609293615772067e+01 1.396786334928367879e+01
1.420781808587413941e+01 1.417969547205361813e+01
1.441290574851454842e+01 1.439967246094828290e+01
1.461547017655058411e+01 1.459643476615540791e+01
1.482611587044938162e+01 1.481094150740610260e+01
1.503683366361618567e+01 1.500239977773808064e+01
1.524324627058105719e+01 1.526635776041686299e+01
1.545938500944939342e+01 1.549124625839366942e+01
1.572244005926615351e+01 1.568017806713818274e+01
1.589083606730187270e+01 1.592495926969567854e+01
1.611047144775248441e+01 1.614801123015261552e+01
1.637034425295113849e+01 1.633637911078807292e+01
1.660071274835499366e+01 1.653951532464675367e+01
1.683367555438018570e+01 1.674769083617348642e+01
1.705573204444047164e+01 1.699565135289982720e+01
1.730050799041192278e+01 1.723230054138845802e+01
1.752835094200067800e+01 1.744773663575529810e+01
1.775442571602470920e+01 1.765442254787897269e+01
1.799606758559009023e+01 1.792482469100037790e+01
1.823900856546590532e+01 1.812287706796009346e+01
1.848142840404012333e+01 1.834077449502718693e+01
1.873191653131465273e+01 1.861131976608708527e+01
1.896618145067312255e+01 1.882938883595480206e+01
1.921269025767000471e+01 1.908103116513728281e+01
1.944230356487844702e+01 1.930856234770549662e+01
1.951554998115960871e+01 1.963746326268829989e+01
1.989816148389672890e+01 1.980787239829587421e+01
2.013730261932466803e+01 1.997415023828759928e+01
2.039103143817377983e+01 2.020713755809572731e+01
2.062936426137435930e+01 2.049223914839387461e+01
2.086982654196921061e+01 2.071568206586056604e+01
2.111738857627932120e+01 2.097288375794731152e+01
2.137444021377044479e+01 2.123759228694911272e+01
2.162044812091150092e+01 2.149409661457083587e+01
2.186019208025984639e+01 2.172721247619751139e+01
2.213183793149772072e+01 2.196965611371058813e+01
2.236566896143056482e+01 2.224406638195255326e+01
2.262211472503908638e+01 2.248304114233785356e+01
2.287607327025635584e+01 2.269946757785591984e+01
2.312256473751080321e+01 2.296009929861276433e+01
2.337759471112538989e+01 2.319116514437019561e+01
2.361645464017854934e+01 2.347037351487663059e+01
2.387333094854228221e+01 2.373163952755530559e+01
2.413565624904859774e+01 2.396877151907276726e+01
2.437773208160301408e+01 2.418366585530892365e+01
2.462795983446224213e+01 2.443394867797933045e+01
2.488278671572451017e+01 2.474790459593808478e+01
2.514495369598327201e+01 2.496368569218765998e+01
2.539749467932519877e+01 2.521083739263854540e+01
2.565533852947612203e+01 2.545069207562119473e+01
2.591178192028156957e+01 2.571541530471452930e+01
2.616739176677157275e+01 2.595795522091912844e+01
2.641790162342866921e+01 2.618660913892539099e+01
2.668460833176013125e+01 2.643969768050932956e+01
