0.000000000000000000e+00 0.000000000000000000e+00
0.000000000000000000e+00 0.000000000000000000e+00
0.000000000000000000e+00 0.000000000000000000e+00
0.000000000000000000e+00 0.000000000000000000e+00
0.000000000000000000e+00 0.000000000000000000e+00
0.000000000000000000e+00 0.000000000000000000e+00
0.000000000000000000e+00 0.000000000000000000e+00
4.863151445480112106e-02 0.000000000000000000e+00
2.550790330641600767e-01 1.772103858753188432e-01
8.919749713620338527e-01 2.262540119690835017e+00
2.966467689745493796e+00 4.623453942778192882e+00
4.395966718342307011e+00 4.642282085763586252e+00
4.757563946263734245e+00 4.797357498290403477e+00
4.857476236034729666e+00 4.904747189887044279e+00
4.934731396306098361e+00 5.078669696697286184e+00
5.080417600105479714e+00 5.176504435580473462e+00
5.218041456623532248e+00 5.332079538493027293e+00
5.446224033877603787e+00 5.534955785477588819e+00
5.601017572777095666e+00 5.786972251971568504e+00
5.777923888418430742e+00 6.010045838426809617e+00
5.922198741993582871e+00 6.229941506772472160e+00
6.191054048751486683e+00 6.408249214473019428e+00
6.434152293866498340e+00 6.609928970494622469e+00
6.593225547266020392e+00 6.792754405803307804e+00
6.805294839573340582e+00 6.980480780616169056e+00
6.968021025417537651e+00 7.148654514066286936e+00
7.169623185162107504e+00 7.321259585222990474e+00
7.346195913934672639e+00 7.483246525930598025e+00
7.538648395363560795e+00 7.649706010385855848e+00
7.697488932070212897e+00 7.806673688580297643e+00
7.910727558484336619e+00 7.963049531093402855e+00
8.100691749668687436e+00 8.055272001939300708e+00
8.249632755580963206e+00 8.303473688698376876e+00
8.388262666765744058e+00 8.473211016013735275e+00
8.601120001817784910e+00 8.656864741099582261e+00
8.776045529621471886e+00 8.821312142461847472e+00
8.929724298766227975e+00 8.994294712034974992e+00
9.153700442736147025e+00 9.073492685415988745e+00
9.320547781785245789e+00 9.210709161609951678e+00
9.486918637926242681e+00 9.366273329538662651e+00
9.549123641412812447e+00 9.658744002174657339e+00
9.823096041343102769e+00 9.749299005561020692e+00
9.877291528206598059e+00 9.997886631992093598e+00
1.016567882853272842e+01 1.005570966321194426e+01
1.023317289721090795e+01 1.034808574117283619e+01
1.043891561764558062e+01 1.051620309602814807e+01
1.069232411669177196e+01 1.059401985126989842e+01
1.087197025838995756e+01 1.075653089890598757e+01
1.105047901682280553e+01 1.092879504627092935e+01
1.124183364624660442e+01 1.112921612284090322e+01
1.142641353784658342e+01 1.130346662214731879e+01
1.160891159513762183e+01 1.143594637349200482e+01
1.178555864328903446e+01 1.163472489371465812e+01
1.197135588363464720e+01 1.180682973981603823e+01
1.216021889325238980e+01 1.199566801397109117e+01
1.218675431649767482e+01 1.232815230998193634e+01
1.252650061003184234e+01 1.233894528477925334e+01
1.271901579698094054e+01 1.255276567240968610e+01
1.289274485328251529e+01 1.276040017418330130e+01
1.308936192094784978e+01 1.287944456091290668e+01
1.329032156085316174e+01 1.312465399045810699e+01
1.346826692904580547e+01 1.330269522671315130e+01
1.366944012539029352e+01 1.348324153901728550e+01
1.385637613651482347e+01 1.367374445695173968e+01
1.404390308905954754e+01 1.388509233933833187e+01
1.422455823918258311e+01 1.406812175347006821e+01
1.442567645443749491e+01 1.423928275293555679e+01
1.461328761702184842e+01 1.445949284911616672e+01
1.479887785499937891e+01 1.463814596828841452e+01
1.499927098401380476e+01 1.479556596560256487e+01
1.520256900430489111e+01 1.501037362740403225e+01
1.514486793189168701e+01 1.534481864247752370e+01
1.538562494602369668e+01 1.551621926654032890e+01
1.573141808083227389e+01 1.556764556885690887e+01
1.592576234714128880e+01 1.573057109596958902e+01
1.609878865963692363e+01 1.593944983315175712e+01
1.630113680034859769e+01 1.612418188892433335e+01
1.649203205259122385e+01 1.631648468847138744e+01
1.669307847087022978e+01 1.649894762094540113e+01
1.688385567544183630e+01 1.667669901707839841e+01
1.707334789926181173e+01 1.688581711490996184e+01
1.727834986941459761e+01 1.708605467840306957e+01
1.745621230016126546e+01 1.725773277915588011e+01
1.765177796853075876e+01 1.748308141833066998e+01
1.784704825325568223e+01 1.765123449786028331e+01
1.804006783846442019e+01 1.783017296018804387e+01
1.822516297802044605e+01 1.808768380961309319e+01
1.843073283255490935e+01 1.822957762245804503e+01
1.863301182890942442e+01 1.848610853511354435e+01
1.881648949752140254e+01 1.862573861400314357e+01
1.902300979188768437e+01 1.888413219981874747e+01
1.922983541023475951e+01 1.903945078625546472e+01
1.941374014884186749e+01 1.924438122907278625e+01
1.961112012896121470e+01 1.941925012383094540e+01
1.981094591512642467e+01 1.960675503680024079e+01
2.001257003627288000e+01 1.977109826050231689e+01
2.021098801548608392e+01 2.006299485276811367e+01
2.042064152367438368e+01 2.015086575191662277e+01
2.060985039894140058e+01 2.029560860242704479e+01
2.081598953126947293e+01 2.058196462992532005e+01
2.102603195173621486e+01 2.084625903079259857e+01
