0.000000000000000000e+00 0.000000000000000000e+00
0.000000000000000000e+00 0.000000000000000000e+00
0.000000000000000000e+00 0.000000000000000000e+00
0.000000000000000000e+00 0.000000000000000000e+00
0.000000000000000000e+00 0.000000000000000000e+00
5.340618453781635633e-02 1.664945267298340720e-02
2.438341211548557652e+00 4.073975661120775804e+00
2.721910889604454376e+00 3.715415304012241293e+00
3.461474718333359846e+00 4.068203662496199691e+00
3.793571504764693181e+00 3.880385866245810611e+00
3.955764949119157325e+00 3.943069833005910851e+00
4.015827707000525493e+00 3.999975180505689121e+00
4.125355474222893726e+00 4.174092690760511815e+00
4.212769671262823756e+00 4.407041829215043727e+00
4.328677403919479083e+00 4.703013567236372872e+00
4.566498620654066087e+00 4.807253616146563324e+00
4.880997929569189431e+00 5.034854763389454924e+00
5.087253020222324729e+00 5.191164739181832743e+00
5.267013556169897193e+00 5.426007509793654648e+00
5.401486789091547003e+00 5.634949769145598530e+00
5.584002883092304970e+00 5.813509489857765722e+00
5.692262050082816494e+00 5.998417533536078317e+00
5.887243518924831776e+00 6.173179947010610569e+00
6.136198971443939776e+00 6.347034461467155886e+00
6.321073223728319590e+00 6.512291567674701298e+00
6.513489728094034703e+00 6.685264289117606396e+00
6.710848381196705681e+00 6.852825403871447563e+00
6.887329198125964780e+00 7.007897758574802793e+00
7.077485799593527638e+00 7.172597897814894097e+00
7.243902157089936900e+00 7.339083390516382366e+00
7.415564643663808297e+00 7.491011464934401509e+00
7.565246089025527532e+00 7.652661653349514204e+00
7.726084943826664109e+00 7.820819876784823599e+00
7.875906806808323779e+00 7.969691559544522796e+00
8.064287279034070721e+00 8.126847077469015801e+00
8.171028866304077098e+00 8.280545710762366340e+00
8.342995630497101800e+00 8.443874130898409547e+00
8.603760200787410994e+00 8.477422950270767643e+00
8.577224750101262174e+00 8.769593901124775215e+00
8.788878130766093477e+00 8.929495793282715255e+00
8.935552414651885655e+00 9.096246917094275020e+00
9.265747682956229525e+00 9.110145892613832785e+00
9.226823233271462144e+00 9.418388044647269197e+00
9.589059764983593581e+00 9.396297349410703603e+00
9.751854622840934184e+00 9.597797184253726854e+00
9.917214485567445337e+00 9.737435598101383150e+00
1.006597536068983700e+01 9.910984502234667204e+00
1.024063261642357503e+01 1.009845622869748283e+01
1.025957717571134964e+01 1.040607974926765955e+01
1.040152847903190469e+01 1.057418762134203938e+01
1.075013151033070891e+01 1.059426173351445222e+01
1.092477137537782106e+01 1.076931685541188344e+01
1.093667061855156852e+01 1.107758105402587212e+01
1.126835148793458963e+01 1.107900613331142381e+01
1.143820309524927481e+01 1.123748778761625999e+01
1.145439719092276043e+01 1.160095106141620924e+01
1.179041254287436935e+01 1.158469675365472007e+01
1.196732504750421455e+01 1.179531582776132659e+01
1.213277470252875467e+01 1.191623470602508483e+01
1.231841537496264749e+01 1.216240110222792303e+01
1.250095568735433815e+01 1.224418220762216691e+01
1.268302542433342772e+01 1.247287869473714395e+01
1.286456778464437889e+01 1.266341315109339583e+01
1.304119147231800646e+01 1.284407363852059092e+01
1.322506819795825983e+01 1.297020989141561564e+01
1.340007108005988989e+01 1.317742512873607375e+01
1.358510176718514906e+01 1.336156088619354954e+01
1.375797113633419144e+01 1.350992772114457985e+01
1.393354012567652056e+01 1.373822489006227343e+01
1.390560927133753211e+01 1.406050156629883574e+01
1.426307680743999384e+01 1.411919213053551481e+01
1.443408790159902289e+01 1.421998816949890809e+01
1.462406483284999226e+01 1.441996608207921327e+01
1.479914563117746340e+01 1.462325637645048992e+01
1.499575206569751273e+01 1.482313128807953184e+01
1.516640163727546131e+01 1.499198990635174233e+01
1.533846139961460509e+01 1.515951579131868954e+01
1.551964758021797763e+01 1.535931715013388477e+01
1.570009152867192981e+01 1.552145472677615601e+01
1.589030895171246272e+01 1.572269462893868486e+01
1.607456351855554999e+01 1.585509675004880847e+01
1.625855405945455345e+01 1.602009542720894686e+01
1.645681655533810783e+01 1.620252675296632461e+01
1.662548938450534308e+01 1.649756089518367830e+01
1.681887826248566853e+01 1.659150784328830142e+01
1.700910963472373183e+01 1.682607228075990946e+01
1.696409898370400526e+01 1.710836510432301338e+01
1.735508391111366322e+01 1.719389807798089365e+01
1.752794104400040709e+01 1.736837804144768072e+01
1.771228727175480344e+01 1.755731133563709534e+01
1.789812168706883000e+01 1.769805019218208741e+01
1.807618149045979905e+01 1.786831222896305604e+01
1.828638131313122983e+01 1.803226992616444591e+01
1.846155834004201424e+01 1.826583956690714672e+01
1.864144377245616724e+01 1.847426773325389604e+01
1.883228528661142676e+01 1.866028548733037695e+01
1.901907647028303927e+01 1.886758755416399325e+01
1.921860015712859493e+01 1.904141004682059091e+01
1.939321574291290773e+01 1.916734022780218538e+01
1.957526120987124330e+01 1.933526785556737337e+01
1.976948526871490586e+01 1.957211572675558742e+01
