0.000000000000000000e+00 0.000000000000000000e+00
0.000000000000000000e+00 0.000000000000000000e+00
0.000000000000000000e+00 0.000000000000000000e+00
0.000000000000000000e+00 0.000000000000000000e+00
0.000000000000000000e+00 0.000000000000000000e+00
0.000000000000000000e+00 0.000000000000000000e+00
0.000000000000000000e+00 0.000000000000000000e+00
0.000000000000000000e+00 4.962399071080604074e+00
6.007752361970310595e+00 6.045769832128501164e+00
5.709579205630562981e+00 5.900531667418160708e+00
5.892420995087210400e+00 5.874723429660542173e+00
5.948620865479764319e+00 5.935880390200044765e+00
5.993427910806482295e+00 5.990593962924247506e+00
6.032153572581710144e+00 6.047512967776757620e+00
6.146307317417909033e+00 6.318470186903104135e+00
6.247701830415990365e+00 6.470658757484766710e+00
6.445010558437232362e+00 6.716048092938171621e+00
6.617263146150764719e+00 6.963361164129050707e+00
6.917252527639567106e+00 7.180271339395211783e+00
7.119582154307183330e+00 7.414768861741399597e+00
7.323368040545263469e+00 7.645382164777646317e+00
7.459393386602537035e+00 7.853154346645381700e+00
7.724646171353902524e+00 8.054289730139078785e+00
8.004826318823003106e+00 8.260011771861835328e+00
8.182899553812859494e+00 8.447338164592990140e+00
8.462211622609794759e+00 8.628998878892438995e+00
8.669222126115441185e+00 8.818623666378659465e+00
8.908679014101489102e+00 8.983948197652768641e+00
9.090799672963134626e+00 9.168687247633251047e+00
9.287392166301961183e+00 9.351174715367331913e+00
9.451404002998133436e+00 9.527923163655829697e+00
9.626182742766502543e+00 9.713256641425976667e+00
9.802561386300364887e+00 9.894655564125086400e+00
9.972915052959017146e+00 1.006668386476357391e+01
1.013570591832172241e+01 1.023746068790934594e+01
1.030898538620777849e+01 1.040087438442481371e+01
1.055371278231751120e+01 1.047504889144943085e+01
1.062533201338160893e+01 1.072731731019023194e+01
1.088813442603975012e+01 1.078112827638364912e+01
1.106528413985244619e+01 1.088015099885902259e+01
1.122773673672550387e+01 1.107311220419767928e+01
1.139287939187876120e+01 1.119686087383241890e+01
1.136622576260867845e+01 1.157290533694395762e+01
1.174516050612312767e+01 1.159333356938970994e+01
1.191249813318623296e+01 1.171137052066220363e+01
1.190600499706851600e+01 1.210203829315688395e+01
1.227397287713834295e+01 1.213158273217497829e+01
1.246663612217458983e+01 1.226064173125505263e+01
1.265316174165292651e+01 1.246079130159231418e+01
1.263475674798095660e+01 1.284259620538261082e+01
1.302423720471257695e+01 1.278433442536505460e+01
1.321421812052753175e+01 1.295751372277632640e+01
1.339412836249697136e+01 1.321070237551497328e+01
1.359364653938621004e+01 1.336017825340480236e+01
1.351933520494566388e+01 1.377673421719621061e+01
1.397408216778127965e+01 1.373530804061040200e+01
1.416742572196009675e+01 1.392531766183545727e+01
1.435848217989331133e+01 1.411292707845783667e+01
1.431824593270961898e+01 1.452385846157079996e+01
1.472992575373795532e+01 1.452109407420486242e+01
1.492410749276703186e+01 1.467097389302811372e+01
1.511416543932237389e+01 1.487369001772954924e+01
1.507420985383622991e+01 1.528414122318392288e+01
1.548573641999034400e+01 1.521515431571835109e+01
1.568416991208342104e+01 1.548926934755071372e+01
1.587621373233286803e+01 1.563042127758921218e+01
1.605998350341639025e+01 1.586862916354222897e+01
1.626689109894706675e+01 1.609534950437608103e+01
1.647762855976141694e+01 1.628408535281005243e+01
1.667491139905729725e+01 1.649186262366384881e+01
1.687226066602151775e+01 1.669616239187361018e+01
1.707604422621290396e+01 1.680048584871126849e+01
1.727614212050309206e+01 1.706480913516203302e+01
1.747432851913999130e+01 1.727342350266661697e+01
1.768555291564370791e+01 1.744069355725846648e+01
1.788896490237713621e+01 1.765510212089917985e+01
1.809900761522654378e+01 1.784045542342841273e+01
1.829048838097720164e+01 1.801688401575079368e+01
1.849966825818693295e+01 1.822291352817876842e+01
1.870440231456492342e+01 1.841552742670909382e+01
1.890931154404172077e+01 1.863033933902531203e+01
1.910702821546667352e+01 1.887290416944566118e+01
1.932978940403999957e+01 1.904828758636307029e+01
1.950858832004362498e+01 1.919408904174384745e+01
1.972662016730443924e+01 1.950511529883414497e+01
1.992038482824634116e+01 1.969380804186884149e+01
2.013279482078958438e+01 1.987980788626366291e+01
2.035399029655138037e+01 2.009358962767705137e+01
2.056071658904842892e+01 2.030779420747420616e+01
2.076573546066444820e+01 2.048294875010909877e+01
2.098418690575731915e+01 2.070430210365663015e+01
2.118991764825597457e+01 2.096940221046995134e+01
2.139341035571991156e+01 2.104311856298069472e+01
2.160630960303780412e+01 2.126426212378365577e+01
2.181589002370236940e+01 2.154825555358742406e+01
2.202589786106318215e+01 2.172397596638023387e+01
2.224160695021296519e+01 2.193141293295332162e+01
2.244579582375834548e+01 2.206819219688238576e+01
2.264301949286367943e+01 2.229130673034531540e+01
2.283981718168484321e+01 2.241892617345720140e+01
2.305763438181879721e+01 2.280697946858808933e+01
