0.000000000000000000e+00 0.000000000000000000e+00
0.000000000000000000e+00 -7.379637936663643871e-02
1.115211260955899925e-02 -6.559678165923238380e-02
2.082796776804052286e-02 -5.739718395182834276e-02
5.786964997619865186e-02 0.000000000000000000e+00
2.789532671539410313e-02 2.387621789417266049e-01
2.147214818010445558e-01 7.246294829212043265e-01
7.513064094607440069e-01 9.511927642313230402e-01
1.026120155528496225e+00 1.095601308261013207e+00
1.178690411106009472e+00 1.140221753187783627e+00
1.260292764133430721e+00 1.310077356327023157e+00
1.415207652874645561e+00 1.390009306187628635e+00
1.526837218040511424e+00 1.504095723734660384e+00
1.625295889040694775e+00 1.667955729092173822e+00
1.749520015785709814e+00 1.786326573505740534e+00
1.869450696517834354e+00 1.906788330427085620e+00
2.019704139991047587e+00 1.987216100742971614e+00
2.139998035440620949e+00 2.107655871112582346e+00
2.257137815214385057e+00 2.217235881878273585e+00
2.338136275963027533e+00 2.368875104772990792e+00
2.487336458961098451e+00 2.465448375434367456e+00
2.606257340555049762e+00 2.560344129361203702e+00
2.728316372195355388e+00 2.699785636827256585e+00
2.854670531352221374e+00 2.805275689486268043e+00
2.977013255890543331e+00 2.929701564941174396e+00
3.097243737763041516e+00 3.044905249335796427e+00
3.220613447106263738e+00 3.168990063902673793e+00
3.348768862844883287e+00 3.274179287673214755e+00
3.464349396401841474e+00 3.402862712988499183e+00
3.579137665924009060e+00 3.526157856952979230e+00
3.713868498201018387e+00 3.649502764711566538e+00
3.752736700881026177e+00 3.809361506499920669e+00
3.938140598509326740e+00 3.876838868507888503e+00
4.055332629732818717e+00 4.002248798632171756e+00
4.183129668562155068e+00 4.125966773653592767e+00
4.301249889228371259e+00 4.251874807868555983e+00
4.420398408716277316e+00 4.367880649332981591e+00
4.543760319658765034e+00 4.500877420011528685e+00
4.667373493152783936e+00 4.610297085835202147e+00
4.791976499116839427e+00 4.739113712136060030e+00
4.915439686762907101e+00 4.850669065016836257e+00
5.039656295890313054e+00 4.997000185988210497e+00
5.164713304952588402e+00 5.113719907762549255e+00
5.284336761450698638e+00 5.219335012184600053e+00
5.401827341156653084e+00 5.337534693573291023e+00
5.530952406547967826e+00 5.439665961119895421e+00
5.650601010723156570e+00 5.580025974305156566e+00
5.767688159342607257e+00 5.716387938536267477e+00
5.895833052588876022e+00 5.834193774658075426e+00
6.016112234999524411e+00 5.980665961078583059e+00
6.142218654169808723e+00 6.052801396103741460e+00
6.268583254230569501e+00 6.182575593157634053e+00
6.387584072524285617e+00 6.305929658034189700e+00
6.505349856338693115e+00 6.439113753109617200e+00
6.633205881872384246e+00 6.557110459294840155e+00
6.757787254183165615e+00 6.660486625150795703e+00
6.869242582306529954e+00 6.801735648555214730e+00
6.994812376781971430e+00 6.900518506841216038e+00
7.116364089606879162e+00 7.065560670332345694e+00
7.243256660919982437e+00 7.159670002698829805e+00
7.368917796364260475e+00 7.246167832635120654e+00
7.499885376396566272e+00 7.439288042199367013e+00
7.626154361845979501e+00 7.523643192958108905e+00
7.752849962281881169e+00 7.653444217772467084e+00
7.869316388378480021e+00 7.754863986995182756e+00
8.003012822385569436e+00 7.893079870846458235e+00
8.120592982950967098e+00 8.004758413004113393e+00
8.240217527918176188e+00 8.154983989641582554e+00
8.370954712498837935e+00 8.272688830375527047e+00
8.492966421614378092e+00 8.424684736639989069e+00
8.614413483002264726e+00 8.502384577485837980e+00
8.741435777508558047e+00 8.561984132858842855e+00
8.868611512483090209e+00 8.688837157989466320e+00
8.986332794469543472e+00 8.814178290386557535e+00
9.109299499755755036e+00 8.975776830919176774e+00
9.235838450476798300e+00 9.104740644382065540e+00
9.352384297706196392e+00 9.242715400840374684e+00
9.475116484709120712e+00 9.327707433825311867e+00
9.598992930919028055e+00 9.490649758237088562e+00
9.714759711579533885e+00 9.503728842925086795e+00
9.837613729229444104e+00 9.665952298791152586e+00
9.951941562886396753e+00 9.814829247800352263e+00
1.009176959909668447e+01 9.910626204257882321e+00
1.021972244247321093e+01 1.010248736190045982e+01
1.034058171295652073e+01 1.016004606004644195e+01
1.046358538964603824e+01 1.033198651973447468e+01
1.057999652086133402e+01 1.044813305036457685e+01
1.071773384143181040e+01 1.051880351201796771e+01
1.083340210790900215e+01 1.067813453054721329e+01
1.096026921498782158e+01 1.076867874419325943e+01
1.108278029545533983e+01 1.091387447915913533e+01
1.120070991358572599e+01 1.103678570733208808e+01
1.132656806374246017e+01 1.115359997703121842e+01
1.144728180383139104e+01 1.134456257306641191e+01
1.157044846778050839e+01 1.139397615675954789e+01
1.168786656818014258e+01 1.155762670669101233e+01
1.181608300786331078e+01 1.167110861800450827e+01
1.193294782479141602e+01 1.181081996119321254e+01
1.204898556516186758e+01 1.189861822174302830e+01
1.217076598480921845e+01 1.200689121713293162e+01
1.229702494938800861e+01 1.216105371832426307e+01
