0.000000000000000000e+00 0.000000000000000000e+00
0.000000000000000000e+00 0.000000000000000000e+00
0.000000000000000000e+00 0.000000000000000000e+00
0.000000000000000000e+00 0.000000000000000000e+00
0.000000000000000000e+00 0.000000000000000000e+00
0.000000000000000000e+00 0.000000000000000000e+00
4.634657610060935462e-02 4.572956144822899749e-03
4.497230975495312144e-01 2.622509640527138419e+00
2.950454559603417515e+00 2.964626308226093965e+00
3.070647292842834108e+00 3.098267999633201430e+00
3.158797036407898329e+00 3.159966385521609133e+00
3.258132367477806657e+00 3.243635834583975974e+00
3.309404456633032066e+00 3.359954044521374250e+00
3.444282133805491419e+00 3.570750466780281851e+00
3.632554042894757362e+00 3.718623339132708594e+00
3.800644634240438080e+00 3.888991021065563380e+00
3.947969940277530565e+00 4.115931919571003128e+00
4.104452983797735044e+00 4.312359769608484328e+00
4.293425672329939324e+00 4.512704004187323648e+00
4.481377666924355019e+00 4.686845804678301697e+00
4.648253891577599717e+00 4.840072068758445312e+00
4.846299111703809004e+00 5.003127495740320896e+00
5.015150458568662373e+00 5.152454669288975886e+00
5.185440104571439335e+00 5.307550813475051754e+00
5.361493337195196496e+00 5.451029494372230388e+00
5.528779767393516842e+00 5.603861351235691401e+00
5.689235767412929690e+00 5.745226029394721934e+00
5.834040486933488978e+00 5.887325570093976168e+00
6.014877293966841343e+00 5.949499004181877382e+00
6.158784915975403784e+00 6.076985330382667527e+00
6.186383790895152224e+00 6.325507311016488110e+00
6.352809163766877099e+00 6.475632956449727473e+00
6.619382425089254340e+00 6.521111590679374181e+00
6.658152270866614764e+00 6.776377480706885059e+00
6.922272197440699770e+00 6.824746273068533320e+00
7.065465772497942609e+00 6.947907101531781926e+00
7.224264357671771108e+00 7.107353337540328830e+00
7.260351289452113832e+00 7.389470157711694576e+00
7.418151430049487516e+00 7.555436470766441204e+00
7.711491750410574220e+00 7.610289674726759657e+00
7.862252694989631863e+00 7.736232375430764030e+00
8.019739481396333858e+00 7.902320797728763502e+00
8.180107017976848027e+00 8.036387683648138491e+00
8.347906848580315398e+00 8.243414880779608822e+00
8.513260162890729177e+00 8.387389169681023660e+00
8.674045149858487846e+00 8.545719190030826695e+00
8.842445947576710097e+00 8.672373079667925921e+00
9.006101069235798562e+00 8.842711809400956469e+00
9.161726441838961676e+00 8.994231495561821887e+00
9.199016505823795598e+00 9.307858909619636023e+00
9.492854102464098887e+00 9.388707756181990050e+00
9.648484436704746869e+00 9.564306487852826777e+00
9.817475334333041204e+00 9.703665386400160742e+00
9.983353239784520383e+00 9.853512095553098149e+00
9.999809741733166391e+00 1.011791278477530653e+01
1.029284113806204992e+01 1.019750285454911953e+01
1.046319924423137770e+01 1.035820206001576338e+01
1.063866245039203484e+01 1.054037089765064295e+01
1.081002853238522299e+01 1.071720063531712341e+01
1.098740870078960086e+01 1.086088994596717150e+01
1.116666831072576294e+01 1.103656364889222630e+01
1.132689596137168486e+01 1.120896877844861450e+01
1.149677602720284142e+01 1.133918297258494512e+01
1.167079054142319805e+01 1.156681054444478818e+01
1.183544988008228493e+01 1.169174782917850663e+01
1.202388093335192565e+01 1.190567208555712497e+01
1.218985756581448321e+01 1.207894455014267443e+01
1.236556308919532654e+01 1.224689468475383691e+01
1.255108042268765622e+01 1.241719300297617146e+01
1.255166963670686009e+01 1.266788319548956210e+01
1.286706005280733933e+01 1.272863257290658723e+01
1.303099398547601062e+01 1.289655049857928049e+01
1.321839211114990498e+01 1.309929641209337881e+01
1.338179114239760104e+01 1.326335025816133140e+01
1.355890888830825425e+01 1.341698797165386381e+01
1.373325079669937310e+01 1.358702664854634534e+01
1.390537635416295892e+01 1.378869965135269915e+01
1.408243850262328323e+01 1.393962202039028853e+01
1.425039224357430001e+01 1.410526592501212306e+01
1.443682790198810828e+01 1.428757673030319353e+01
1.461656283626466113e+01 1.439987311183219454e+01
1.460305713557454510e+01 1.470334687097010828e+01
1.493428986820079629e+01 1.475559838908053578e+01
1.510423052806490141e+01 1.492903081175991176e+01
1.528545910129609275e+01 1.511098550189067424e+01
1.545299915443148464e+01 1.530455010869071941e+01
1.563985098925028794e+01 1.547336482914245437e+01
1.583065995814845195e+01 1.564634196668433574e+01
1.598916799144620349e+01 1.582035440609343979e+01
1.616019599307023569e+01 1.596769042279036199e+01
1.633182117038922243e+01 1.617881149545763719e+01
1.652928337874086395e+01 1.636190671140711572e+01
1.669744818108434714e+01 1.649310868330504576e+01
1.686502226638015500e+01 1.668191720820352231e+01
1.703294600439485507e+01 1.684998917718894518e+01
1.721876812519667155e+01 1.705660118338059306e+01
1.737996718614108715e+01 1.722670944946750282e+01
1.754511619739129102e+01 1.739616464732822720e+01
1.771403334903139637e+01 1.758760280528715469e+01
1.789875311153270232e+01 1.771162043374157591e+01
1.808525033189980746e+01 1.794495178343717257e+01
