0.000000000000000000e+00 0.000000000000000000e+00
0.000000000000000000e+00 0.000000000000000000e+00
1.254642088046254746e-02 0.000000000000000000e+00
1.277014117786437128e-02 0.000000000000000000e+00
2.187392948972969986e+00 2.290284942321893613e+00
2.329461705321405951e+00 2.331924066143074903e+00
2.401323243315917733e+00 2.450689597819770693e+00
2.473955607796273881e+00 2.500336820886712719e+00
2.571639291722244813e+00 2.627515616390171171e+00
2.741668616471122810e+00 2.936327934101546244e+00
2.965469102953873559e+00 3.155365195163811087e+00
3.146494757728041769e+00 3.354048836180587578e+00
3.353285468164406424e+00 3.493300970603848477e+00
3.494393708458481296e+00 3.659924628748986830e+00
3.655560258558431030e+00 3.797392709718360848e+00
3.832436111289214242e+00 3.956882879042506129e+00
3.991752269409407194e+00 4.101910089575791396e+00
4.144755149716050191e+00 4.252371325437525051e+00
4.287918623219253433e+00 4.408038392435577713e+00
4.409218322501933685e+00 4.556893020800915295e+00
4.560263315157355279e+00 4.701360077115324110e+00
4.706123109600929943e+00 4.850394788667040658e+00
4.845328264999264611e+00 4.988265136370667818e+00
4.990926329009847784e+00 5.136197431237286004e+00
5.132529598330401122e+00 5.278264765288568583e+00
5.277177901323548248e+00 5.418506321239306089e+00
5.423110767361775331e+00 5.564490253071991965e+00
5.569266951726565829e+00 5.697266986849478521e+00
5.828844707313013629e+00 5.688734381270311502e+00
5.958995730018139980e+00 5.830890960134034628e+00
5.893613272782938672e+00 6.087469923234811731e+00
6.223426333822212442e+00 6.097152253315035964e+00
6.358472393877025119e+00 6.196987365953126492e+00
6.501300778074743825e+00 6.367267284179274789e+00
6.639605645576254211e+00 6.514577596660639180e+00
6.772548392450232768e+00 6.651566157733066476e+00
6.922420489261309484e+00 6.750178609775529637e+00
7.069749007702630372e+00 6.943067843932669625e+00
7.066722150004603797e+00 7.210571650834131319e+00
7.365634193513220573e+00 7.234904440688843863e+00
7.509349310625438534e+00 7.392137216040646663e+00
7.655355657437913131e+00 7.513860800534429174e+00
7.647300592702281463e+00 7.785825538644090216e+00
7.945013989972035340e+00 7.839161615946908412e+00
7.987593250116812982e+00 8.071655319079747315e+00
8.127930797301221588e+00 8.230784581580914860e+00
8.383267666349963676e+00 8.283135181806210667e+00
8.453639722929631617e+00 8.514307048121269261e+00
8.682683192604228495e+00 8.606344375798167690e+00
8.837945495363760173e+00 8.742337281488223866e+00
8.981137798791962723e+00 8.897204184398001203e+00
9.148591949839204318e+00 9.061257333610443609e+00
9.309000488446312005e+00 9.213252844485676718e+00
9.457231925343998924e+00 9.384402339847548902e+00
9.534682669780789155e+00 9.586824252239072308e+00
9.772882816741599754e+00 9.686263554132715115e+00
9.913329602911092664e+00 9.794837105164919677e+00
1.007873992470426039e+01 1.000292588536186322e+01
1.008605337865161289e+01 1.020207552232326087e+01
1.039053029878132151e+01 1.024392582531479512e+01
1.053196289476906422e+01 1.041410152954444968e+01
1.069969794628329929e+01 1.055071420107131352e+01
1.085536409517372824e+01 1.070275607914842553e+01
1.099739303512290078e+01 1.087701739477775931e+01
1.117186800384439138e+01 1.109776871960354505e+01
1.132830230700842655e+01 1.122812471906406273e+01
1.150233543515198065e+01 1.139678789049077068e+01
1.165294583690097951e+01 1.154412371830660966e+01
1.181311560855542453e+01 1.165247585146619080e+01
1.197663655731535037e+01 1.185567437143316738e+01
1.213221330806327458e+01 1.203915035003479161e+01
1.228773606765409099e+01 1.214690210213692190e+01
1.245758312709654447e+01 1.233378962049085459e+01
1.261772327963844020e+01 1.240698358594822892e+01
1.277168047185124244e+01 1.263967662896766342e+01
1.293241411359743154e+01 1.274258937600545671e+01
1.309760416750045486e+01 1.292771177817871830e+01
1.325991217167193170e+01 1.317634631289465119e+01
1.342896444697238856e+01 1.333104217999521701e+01
1.358944945364133616e+01 1.342131045426233626e+01
1.374039682285530795e+01 1.357274148683922199e+01
1.391112224120569607e+01 1.382087394526018898e+01
1.406920992773851786e+01 1.389135286493118038e+01
1.403082025947758815e+01 1.415941365350018621e+01
1.437218443192326767e+01 1.419591655924174134e+01
1.454290092104474397e+01 1.434066597657677278e+01
1.470455514332179803e+01 1.451388765453754814e+01
1.486848213219708015e+01 1.472808463229088716e+01
1.502027744003272147e+01 1.476241120211281199e+01
1.519186012131164709e+01 1.498412152067265168e+01
1.534970196246686314e+01 1.519119330783265376e+01
1.551800570380812871e+01 1.527721237808388643e+01
1.568442501060049388e+01 1.541875952372738645e+01
1.583633103270052978e+01 1.565165409570799682e+01
1.600016175834612397e+01 1.573133943819979130e+01
1.616547589319856826e+01 1.597360442095586919e+01
1.632104803121280767e+01 1.617676281248624548e+01
1.649273374243336576e+01 1.626455228988178092e+01
1.644373807648842956e+01 1.654765658348349433e+01
1.678174261177123228e+01 1.656561283585645938e+01
1.695418259283074747e+01 1.679848150985667132e+01
