0.000000000000000000e+00 0.000000000000000000e+00
0.000000000000000000e+00 0.000000000000000000e+00
0.000000000000000000e+00 0.000000000000000000e+00
0.000000000000000000e+00 0.000000000000000000e+00
2.548323753858876967e-02 1.473765169533380215e+00
6.899128814248862707e-01 2.842160686751107779e+00
3.143603628712614118e+00 3.129872057974364186e+00
3.219322725880231051e+00 3.223747644837409165e+00
3.264929393986772066e+00 3.282454945660537859e+00
3.358541188561475099e+00 3.416042162580171127e+00
3.409293755857824237e+00 3.453431033875075773e+00
3.502905590512706002e+00 3.742911886283200928e+00
3.753488182515234417e+00 3.935694746001573208e+00
3.906439569137687418e+00 4.088486119938933072e+00
4.155165999142749200e+00 4.333940126364359102e+00
4.259122807089900320e+00 4.527489266065678919e+00
4.445608517645013080e+00 4.732235324656403286e+00
4.662583985952244880e+00 4.911863079951833910e+00
4.844381443317262281e+00 5.082596891559182595e+00
5.018048488216092728e+00 5.247206131513570959e+00
5.276103322764364556e+00 5.425803047954787850e+00
5.451137099532603614e+00 5.587141199218550902e+00
5.636815771393042240e+00 5.758448792071132694e+00
5.808125785506591754e+00 5.910046340046714697e+00
5.970987965864801517e+00 6.060938873789003978e+00
6.117116351116754558e+00 6.212990386914049701e+00
6.287818346068884345e+00 6.368067376365173615e+00
6.446878065679760184e+00 6.511284541932966796e+00
6.578234065613131065e+00 6.663529010561894950e+00
6.723192718076763441e+00 6.808010381002747025e+00
6.937854623784250663e+00 6.847581414313109072e+00
7.002829639048594679e+00 7.099741990821107684e+00
7.169782150512672203e+00 7.250169632677223142e+00
7.394224113375921448e+00 7.299072619928748118e+00
7.546374595709726130e+00 7.465640318093871741e+00
7.706763240518418989e+00 7.552132005410844506e+00
7.850965648230298299e+00 7.684341513139195889e+00
8.013585947307497293e+00 7.880788732311710731e+00
8.161838816208568659e+00 8.036292491919864389e+00
8.199808695889826637e+00 8.321618320641512412e+00
8.484404718681306079e+00 8.347180904686654301e+00
8.646104509838394847e+00 8.452814968731079404e+00
8.659549862127054354e+00 8.816489656996898461e+00
8.970323608625877299e+00 8.784769930795718551e+00
9.143612524605725156e+00 8.993566218657141675e+00
9.305261992501771218e+00 9.131582151004577597e+00
9.459166926621119131e+00 9.302540300276717744e+00
9.624160401233179840e+00 9.470922133145450061e+00
9.786501601637679570e+00 9.636206022128991577e+00
9.963683027375878964e+00 9.775049843116471848e+00
1.011959180334258690e+01 9.966290974164198957e+00
1.028602771896248491e+01 1.012752984996103223e+01
1.044857782910454347e+01 1.031014334424191148e+01
1.062017451947041735e+01 1.046775261084165010e+01
1.079246983240365410e+01 1.062857141455549481e+01
1.095040630084051259e+01 1.076293051774598375e+01
1.112469043392751011e+01 1.098144792786384549e+01
1.128728699522133105e+01 1.112385834368201287e+01
1.145309766474771607e+01 1.129907434162117674e+01
1.162628175154456578e+01 1.146067481453016335e+01
1.180055837602657931e+01 1.162790174447131797e+01
1.195519749958326727e+01 1.182088346017573066e+01
1.213520618680305319e+01 1.197908631022644776e+01
1.230769203792229582e+01 1.209677615643150617e+01
1.247494795347240348e+01 1.232712445056546890e+01
1.265747254412600142e+01 1.244251126004768260e+01
1.283602843352279876e+01 1.266762338042277491e+01
1.300264650331424754e+01 1.282404170962833945e+01
1.316869136668104723e+01 1.299017138706229169e+01
1.332870387229543496e+01 1.315710986737571808e+01
1.351205623058228511e+01 1.332456119409933848e+01
1.368482106813124410e+01 1.352555697232420329e+01
1.385812920767034662e+01 1.362892721303002652e+01
1.403243127405336033e+01 1.382790864689397736e+01
1.399243179704555828e+01 1.415607193826053312e+01
1.437510388564434116e+01 1.417407787186157719e+01
1.454879907792010307e+01 1.434661448926067884e+01
1.472791325522001671e+01 1.453687534737819931e+01
1.490442850764833516e+01 1.468615077623241660e+01
1.507577957591923656e+01 1.484099064320668049e+01
1.526152245233992311e+01 1.504786220509300776e+01
1.543672717028433716e+01 1.523333699973080613e+01
1.561583769207070738e+01 1.528661027772012204e+01
1.578430518409409977e+01 1.548566333708421006e+01
1.596663107913168211e+01 1.571669530976921791e+01
1.614580733614147334e+01 1.585668257124723901e+01
1.630546780706466237e+01 1.608856876387428159e+01
1.648612686934007598e+01 1.626746552937465040e+01
1.667464812541564356e+01 1.637129707743273599e+01
1.684487330603552024e+01 1.660465664797755636e+01
1.703325863253837014e+01 1.675076763447691519e+01
1.720209063619088852e+01 1.684164543778133805e+01
1.738871695077738977e+01 1.707420119548786275e+01
1.757226220771460845e+01 1.730033465733628617e+01
1.775145973137793121e+01 1.741300793903704758e+01
1.792831653772655898e+01 1.759930168500445546e+01
1.777855515302320910e+01 1.801345709671944562e+01
1.826794561329838018e+01 1.796644407515453423e+01
1.842297520695590407e+01 1.815434069426335384e+01
1.858344323173189139e+01 1.830003844928655710e+01
1.877562462625548179e+01 1.852500727608755327e+01
