0.000000000000000000e+00 0.000000000000000000e+00
0.000000000000000000e+00 0.000000000000000000e+00
0.000000000000000000e+00 0.000000000000000000e+00
0.000000000000000000e+00 0.000000000000000000e+00
0.000000000000000000e+00 0.000000000000000000e+00
0.000000000000000000e+00 0.000000000000000000e+00
0.000000000000000000e+00 0.000000000000000000e+00
0.000000000000000000e+00 0.000000000000000000e+00
0.000000000000000000e+00 0.000000000000000000e+00
0.000000000000000000e+00 0.000000000000000000e+00
0.000000000000000000e+00 0.000000000000000000e+00
0.000000000000000000e+00 0.000000000000000000e+00
0.000000000000000000e+00 0.000000000000000000e+00
0.000000000000000000e+00 0.000000000000000000e+00
0.000000000000000000e+00 0.000000000000000000e+00
1.623773967222334358e+00 5.907018275952863107e+00
2.785012031493870222e+00 6.352748284772698817e+00
5.825829200095559379e+00 6.590069320752403925e+00
6.742868254346626955e+00 6.836321791762485667e+00
6.852293907771613846e+00 6.932129013915501403e+00
7.007315154365962862e+00 6.986154249970730312e+00
7.153088491725097420e+00 7.311795488442364821e+00
7.297991623954892759e+00 7.474954803863346875e+00
7.530774779421297360e+00 7.726286722201777479e+00
7.684089265022310933e+00 7.931142407003096473e+00
7.951774246344777808e+00 8.155113288664368909e+00
8.180439854963156066e+00 8.360357115612442769e+00
8.340358159942251604e+00 8.584104432293703013e+00
8.580862797357980298e+00 8.784310110240575398e+00
8.741389683626964668e+00 8.986790199534349100e+00
8.970547872377816034e+00 9.180397776977200053e+00
9.219334369500204573e+00 9.375193873251213006e+00
9.415137634923850030e+00 9.552383163977063774e+00
9.639188444362423169e+00 9.728966207247921716e+00
9.848301254249646419e+00 9.910202196777726513e+00
1.004252410523199401e+01 1.007786291405712831e+01
1.023439719814389193e+01 1.025114473711461294e+01
1.040946353699661842e+01 1.038584053462639822e+01
1.055581809013962591e+01 1.060025861497093658e+01
1.077345404740851542e+01 1.072461104678988875e+01
1.093543204906733912e+01 1.085230866705320985e+01
1.104422947415876699e+01 1.113683452998551182e+01
1.130649218172548309e+01 1.125403770202738762e+01
1.142656335653337507e+01 1.151913334221608487e+01
1.169428442203571628e+01 1.162799439109356570e+01
1.188056186166612171e+01 1.181756323744526682e+01
1.201066992602877725e+01 1.207985626152540348e+01
1.220453115906917496e+01 1.226952060953978929e+01
1.245568051508255358e+01 1.238723476828653247e+01
1.265344892367385654e+01 1.257958214135901542e+01
1.284727711860198873e+01 1.276188792152835916e+01
1.295226095788333609e+01 1.305404465326716412e+01
1.325162600342401120e+01 1.312207762886319529e+01
1.343986433953659798e+01 1.339120269597452761e+01
1.355576380518648172e+01 1.364564664116204007e+01
1.385305741426414095e+01 1.376896793272839048e+01
1.405081960583333966e+01 1.393236858673220446e+01
1.425528292634396976e+01 1.414080404733526564e+01
1.445147667944235792e+01 1.434182286601110334e+01
1.466671711927208577e+01 1.450785788175714330e+01
1.487629621944904379e+01 1.476694914258767533e+01
1.509128737515167984e+01 1.494928373763902663e+01
1.530864931995608025e+01 1.517013555695699800e+01
1.552645971067218156e+01 1.533097521887708581e+01
1.573440858713944124e+01 1.553663365045617262e+01
1.594716918540803796e+01 1.576719341955425158e+01
1.602485716623859346e+01 1.613074845243889044e+01
1.636263370061858780e+01 1.620482799563584209e+01
1.657888946420008480e+01 1.637542851322574222e+01
1.678520080343792387e+01 1.659294143293744739e+01
1.700946209762281569e+01 1.682216010222580138e+01
1.722573359614682431e+01 1.703825636753040840e+01
1.745306388198852332e+01 1.726078651017177279e+01
1.766819387805243124e+01 1.741721912237662551e+01
1.788737100009085168e+01 1.762597328428563515e+01
1.810060112332422477e+01 1.783502120525953316e+01
1.831672575294955152e+01 1.805058003857792315e+01
1.853084285607208059e+01 1.826125262416254103e+01
1.874860338192117482e+01 1.850774393026056686e+01
1.896859065328120408e+01 1.868265669735500722e+01
1.918391599142990600e+01 1.893613339207558965e+01
1.938992793253112978e+01 1.916556411370569890e+01
1.959848943523119402e+01 1.935825954013193595e+01
1.980929487092816643e+01 1.958657609998396154e+01
2.002440368936373716e+01 1.983698714358808246e+01
2.023984254910237723e+01 2.001918439698067331e+01
2.045357519007574609e+01 2.023524967046585488e+01
2.065331313711781291e+01 2.047528919946304526e+01
2.088567564104803864e+01 2.070671947762195231e+01
2.109937199352820869e+01 2.087402536782050433e+01
2.132576961951950878e+01 2.113766179362644237e+01
2.154854919358778886e+01 2.133338370507412307e+01
2.177195109126355277e+01 2.149845148891124325e+01
2.199652762445834497e+01 2.180305646466567637e+01
2.222366331448125010e+01 2.199292103822799760e+01
2.244828413250635535e+01 2.217897541950743800e+01
2.243950231931862405e+01 2.255636102507737917e+01
2.285006915354549761e+01 2.260360872170013735e+01
2.307193444424323658e+01 2.285156625962756749e+01
2.329323553261348323e+01 2.301782517562352837e+01
2.351358872840247471e+01 2.333660925416280918e+01
