0.000000000000000000e+00 4.882293910262095471e-01
6.717499422058373915e-01 7.113829519207072183e-01
7.770338658027249323e-01 8.296329887043105700e-01
8.907192920875101061e-01 1.003974785771879041e+00
1.007738800903781096e+00 1.147196690772805283e+00
1.177252030525208548e+00 1.273973451893767095e+00
1.305941335205953902e+00 1.387011425139673904e+00
1.438891837316401023e+00 1.495404471801816237e+00
1.540512587857129967e+00 1.610646104879886575e+00
1.706916545338126978e+00 1.671273655624961663e+00
1.792902683619519877e+00 1.861853474310995571e+00
1.919989596724770431e+00 1.985819837477971861e+00
2.055183613412554511e+00 2.104736520752082729e+00
2.191771835069032281e+00 2.222359408942025549e+00
2.313023017496198985e+00 2.333942392982721437e+00
2.440161474858044244e+00 2.422553822149780434e+00
2.538939837628862772e+00 2.559254047397616638e+00
2.672006716085256084e+00 2.653267462910918084e+00
2.790819974386517632e+00 2.704291528285287516e+00
2.908435660704733916e+00 2.839379655593040841e+00
3.030807900773005326e+00 2.957355991899746961e+00
3.156335322059962145e+00 3.065960880254162024e+00
3.188043612438582031e+00 3.261270251839934797e+00
3.307312130261061967e+00 3.374722327661686894e+00
3.498331466484895458e+00 3.433689979920742985e+00
3.624300793635675699e+00 3.533539367836791900e+00
3.741026520295043678e+00 3.651274073615752069e+00
3.874534650128561353e+00 3.785618710684297117e+00
3.988970731142054582e+00 3.912614240290048340e+00
4.031696263819179116e+00 4.111548866504045385e+00
4.243219061478297860e+00 4.154864878124637784e+00
4.283466427335051563e+00 4.360361462511756159e+00
4.499025563001142203e+00 4.412577200438798641e+00
4.620745304464286995e+00 4.512919275277164743e+00
4.746360279277846317e+00 4.628055357603618525e+00
4.869272993713949838e+00 4.754701796532327940e+00
4.993200063382229992e+00 4.866520082553784654e+00
5.122520788955362114e+00 4.992622461723166261e+00
5.238817825223646807e+00 5.127093594661356057e+00
5.369376569221447681e+00 5.261060283266899340e+00
5.491446479741269648e+00 5.382548205932011776e+00
5.603779779183967413e+00 5.512880568124782776e+00
5.729418965892858040e+00 5.609539378927954623e+00
5.846699865880723657e+00 5.734755996615581886e+00
5.976772542098675700e+00 5.840377181451755995e+00
6.099027826004975950e+00 5.966653702232974865e+00
6.122200633166349881e+00 6.190134718734364050e+00
6.341688688552967967e+00 6.236610231312425867e+00
6.455894820960983438e+00 6.368092328143785785e+00
6.587264839647735570e+00 6.492709564860122740e+00
6.710080375618042936e+00 6.627855183449128162e+00
6.825578442846448546e+00 6.724969371550264086e+00
6.948659710885590535e+00 6.863056656309219683e+00
7.091863696423301278e+00 6.988871367143740798e+00
7.199951970354597997e+00 7.113672166624690263e+00
7.334923960541279264e+00 7.173588816214248709e+00
7.454108833663503297e+00 7.331906945574416135e+00
7.593219261048468560e+00 7.412871132465143731e+00
7.715707048890165787e+00 7.568730657426466557e+00
7.831592963246847283e+00 7.709802686034540109e+00
7.969881498815131415e+00 7.863319280546835266e+00
8.081637122953662100e+00 8.010652052593457029e+00
8.207658887991222230e+00 8.099593907388161540e+00
8.334073395942608542e+00 8.243575432335404685e+00
8.477785008567600755e+00 8.266347686757866242e+00
8.603141671503999888e+00 8.458796239290505170e+00
8.727688500822420536e+00 8.582828206289713435e+00
8.853658067873038107e+00 8.673566181756738658e+00
8.979501777138089835e+00 8.852781225847333957e+00
9.108725983211773070e+00 8.932890575824110613e+00
9.233164058264456742e+00 9.092663310012207845e+00
9.368605468399509917e+00 9.213104430420118618e+00
9.486548668035233334e+00 9.332847245339156217e+00
9.619370982716629825e+00 9.405995239552460419e+00
9.743326395864761125e+00 9.571070906379546273e+00
9.873245056870526781e+00 9.683707585040679078e+00
9.979902494601967433e+00 9.759477646398281081e+00
1.012101242239976706e+01 9.985505168818759714e+00
1.024679253400668166e+01 1.008557478870788771e+01
1.037133761245879526e+01 1.014060772462160109e+01
1.049242243214438020e+01 1.031272104606451556e+01
1.062454707993300573e+01 1.044355886822518897e+01
1.075436457093021581e+01 1.058795145119023040e+01
1.086721453508210367e+01 1.070511740371720499e+01
1.099892804187098605e+01 1.077412218480880490e+01
1.112396137603106716e+01 1.094028249748341608e+01
1.125941426603083784e+01 1.110501187988000993e+01
1.137588955099770516e+01 1.122737598486101618e+01
1.151346146896604239e+01 1.134908043405303069e+01
1.164346248062605405e+01 1.146869053666992500e+01
1.175860360407794758e+01 1.159602675080604328e+01
1.189367302565979401e+01 1.161998231360174572e+01
1.201576109721031926e+01 1.186107569698446973e+01
1.214981505103052051e+01 1.197611550963278759e+01
1.228661563730183026e+01 1.211580341305866781e+01
1.240555818884599582e+01 1.224584963308800134e+01
1.252798941915956199e+01 1.237422515792834155e+01
1.267250108776282502e+01 1.242036178456305784e+01
1.277992789617219316e+01 1.258828800796974612e+01
1.289816051917529194e+01 1.272059096034193182e+01
1.305646688993067173e+01 1.288546343920303450e+01
