0.000000000000000000e+00 0.000000000000000000e+00
0.000000000000000000e+00 0.000000000000000000e+00
0.000000000000000000e+00 0.000000000000000000e+00
0.000000000000000000e+00 0.000000000000000000e+00
0.000000000000000000e+00 0.000000000000000000e+00
0.000000000000000000e+00 0.000000000000000000e+00
0.000000000000000000e+00 0.000000000000000000e+00
0.000000000000000000e+00 0.000000000000000000e+00
0.000000000000000000e+00 0.000000000000000000e+00
0.000000000000000000e+00 0.000000000000000000e+00
0.000000000000000000e+00 0.000000000000000000e+00
0.000000000000000000e+00 0.000000000000000000e+00
0.000000000000000000e+00 0.000000000000000000e+00
0.000000000000000000e+00 0.000000000000000000e+00
0.000000000000000000e+00 0.000000000000000000e+00
0.000000000000000000e+00 0.000000000000000000e+00
0.000000000000000000e+00 0.000000000000000000e+00
0.000000000000000000e+00 0.000000000000000000e+00
0.000000000000000000e+00 0.000000000000000000e+00
0.000000000000000000e+00 0.000000000000000000e+00
0.000000000000000000e+00 0.000000000000000000e+00
5.408773934672076594e-02 0.000000000000000000e+00
1.794841237059427996e-01 7.332117799959414484e-02
0.000000000000000000e+00 5.750242924832622560e-01
1.207187746112431848e+00 7.543643029969335778e-01
1.072857416732954761e+00 5.134887238371403928e-01
1.545612998433506080e+00 1.457240577896598666e+00
5.145604891782584289e+00 6.414263787747586321e+00
8.556583722376940315e+00 8.744717935960602873e+00
9.228610901356573137e+00 9.672765862897707123e+00
9.666660103229071765e+00 9.535729593180732877e+00
1.014920323468917296e+01 1.018426693258045290e+01
1.033243167816659103e+01 1.045190352192676286e+01
1.063738228009210296e+01 1.077335226903009158e+01
1.083904690809725579e+01 1.104246580948706935e+01
1.115130813633800066e+01 1.130551472068749241e+01
1.142117489960093657e+01 1.157951192057818091e+01
1.167585564352458505e+01 1.186544122421156544e+01
1.193598916710526936e+01 1.212594799373088783e+01
1.220805614629540692e+01 1.237893593202195675e+01
1.243143315399830762e+01 1.262270145587325665e+01
1.271501411413225036e+01 1.286105254864722802e+01
1.295359180273354660e+01 1.307819466054383462e+01
1.315248504194205914e+01 1.331549586416715591e+01
1.337688800179416937e+01 1.354018006445332922e+01
1.361992170579870454e+01 1.375897477849831496e+01
1.386154594671372209e+01 1.397349347485534565e+01
1.407350565834503620e+01 1.418726529011753534e+01
1.424151650879012543e+01 1.438983858241132197e+01
1.448879707487870228e+01 1.459493296193450718e+01
1.479478310171570321e+01 1.466080758974942455e+01
1.500518624831993186e+01 1.486371519104862138e+01
1.520888614931746474e+01 1.504354563544860390e+01
1.542058538103616527e+01 1.525960850067768781e+01
1.562846649451920200e+01 1.550067472035338412e+01
1.584329393395813668e+01 1.567339282550017643e+01
1.591841437917239688e+01 1.604047024520557585e+01
1.627380614647544022e+01 1.614971021508714344e+01
1.638735100382768550e+01 1.648687215179185728e+01
1.670837303718558786e+01 1.656767366237516015e+01
1.693373895973316579e+01 1.682478382711514442e+01
1.715646056465978475e+01 1.702817487622952441e+01
1.737656127848107701e+01 1.727358505732460259e+01
1.758790673047005981e+01 1.749354026564882147e+01
1.782955572598648075e+01 1.766365377620660126e+01
1.806919295442704865e+01 1.794959937575652020e+01
1.830236660604339605e+01 1.820691333658499644e+01
1.852932703041402362e+01 1.838772187429787763e+01
1.877345069445983228e+01 1.864153259152457665e+01
1.900250911905136064e+01 1.890863855702246354e+01
1.924057647724195519e+01 1.910388182839040283e+01
1.946856987666590300e+01 1.934436091756509057e+01
1.971739590241115536e+01 1.957665508475451333e+01
1.997283767964175283e+01 1.986935244429879432e+01
2.020220701139212593e+01 2.012745349635865111e+01
2.045928034483948110e+01 2.032840779513796292e+01
2.069456818121996733e+01 2.056259134384957221e+01
2.096086636078164389e+01 2.081334108589737752e+01
2.120180260244223547e+01 2.105991066925653143e+01
2.144561146500933546e+01 2.131564133235638536e+01
2.170203857467855002e+01 2.153498233667363593e+01
2.194821481582084743e+01 2.177776377786678097e+01
2.220293713348688769e+01 2.203929609378801402e+01
2.245828418927597170e+01 2.226672441495338362e+01
2.269029066141929718e+01 2.246044303393034625e+01
2.294355788111389316e+01 2.275079955414760846e+01
2.319370000277542943e+01 2.296737990946624208e+01
2.346112720647507643e+01 2.311196198567541416e+01
2.370860833490926467e+01 2.344610473188514277e+01
2.396801249144937884e+01 2.371016780149037473e+01
2.420263306844013584e+01 2.396181533232864069e+01
2.446370948760435482e+01 2.418614644131241675e+01
2.471102489830233750e+01 2.448622076041673523e+01
2.497408180752318785e+01 2.480773643278415364e+01
2.522046790528903415e+01 2.496031423932416615e+01
2.545294747281796433e+01 2.519068128194738065e+01
2.570928459593671889e+01 2.552632502034928308e+01
2.596225229948242941e+01 2.573082642765479022e+01
2.621508940951390088e+01 2.589010371605969496e+01
2.646223841933671395e+01 2.622427678760956837e+01
2.671809809553909787e+01 2.643428558912187754e+01
