0.000000000000000000e+00 0.000000000000000000e+00
0.000000000000000000e+00 0.000000000000000000e+00
0.000000000000000000e+00 0.000000000000000000e+00
0.000000000000000000e+00 0.000000000000000000e+00
0.000000000000000000e+00 0.000000000000000000e+00
0.000000000000000000e+00 0.000000000000000000e+00
0.000000000000000000e+00 0.000000000000000000e+00
0.000000000000000000e+00 0.000000000000000000e+00
0.000000000000000000e+00 0.000000000000000000e+00
0.000000000000000000e+00 0.000000000000000000e+00
0.000000000000000000e+00 0.000000000000000000e+00
0.000000000000000000e+00 0.000000000000000000e+00
0.000000000000000000e+00 0.000000000000000000e+00
0.000000000000000000e+00 0.000000000000000000e+00
0.000000000000000000e+00 0.000000000000000000e+00
0.000000000000000000e+00 0.000000000000000000e+00
0.000000000000000000e+00 0.000000000000000000e+00
0.000000000000000000e+00 0.000000000000000000e+00
1.609298831991890777e-01 2.375347456089952569e+00
1.404311987419313068e+00 0.000000000000000000e+00
6.878763962326261971e-02 2.226118030155307181e+00
7.259658649121139007e-01 0.000000000000000000e+00
6.113606568896794435e-01 4.806293914580563431e+00
9.318024760241906401e-01 6.726464997416295333e+00
5.305879198208554470e+00 3.674311391458495724e-01
5.217726765376852427e+00 7.383601901885495700e+00
6.977928223415656106e+00 7.477807911319152900e+00
7.399799964486864390e+00 7.655283339961378886e+00
7.695468681636456587e+00 7.818144974064858310e+00
7.832074228042866793e+00 7.948773686377254677e+00
8.067767377154963171e+00 7.975357414474560258e+00
8.117211149936155223e+00 8.225882998956832282e+00
8.352615714116868872e+00 8.247461177133541099e+00
8.424771613837144457e+00 8.513356049418904448e+00
8.650071296590567727e+00 8.572377119620849584e+00
8.792752591541153961e+00 8.721318242782459151e+00
8.934243683275706616e+00 8.858555369871803364e+00
9.020210986550885934e+00 9.098233131230012205e+00
9.247488616923195792e+00 9.159227831416480115e+00
9.398396856823984180e+00 9.336130767363540528e+00
9.547027346644581414e+00 9.450280340189641137e+00
9.708321065568336294e+00 9.622354482976136936e+00
9.871637240101867050e+00 9.793979769054288909e+00
1.003289645449800993e+01 9.915829831502026792e+00
1.019059243108576318e+01 1.009919466407946054e+01
1.035066326227648581e+01 1.027267319691621239e+01
1.051952983589339752e+01 1.043385892334284293e+01
1.068474872544636334e+01 1.061997155555079608e+01
1.085210446665055883e+01 1.078461552524920286e+01
1.101696686580965157e+01 1.090610530544262424e+01
1.118878952474675792e+01 1.109781752396363430e+01
1.136642852861318609e+01 1.127067119884073954e+01
1.152886552609615300e+01 1.144409362738011282e+01
1.170066117697858310e+01 1.163352438675686429e+01
1.187670508630478672e+01 1.175939177443482642e+01
1.205521419428201035e+01 1.193940254397237055e+01
1.223307516961648389e+01 1.212186681946322508e+01
1.240133191775595378e+01 1.230548385271885259e+01
1.259275388240611093e+01 1.245669231679893585e+01
1.276332039996586687e+01 1.265302115759864598e+01
1.294704028355979375e+01 1.281493253812992528e+01
1.312720068187605804e+01 1.293848022659890873e+01
1.330454318442609818e+01 1.319757442007127324e+01
1.347654394417020107e+01 1.336745633647788090e+01
1.365593057348433881e+01 1.354038859986777332e+01
1.384407917422540635e+01 1.363975413036662410e+01
1.402489033683757569e+01 1.385939537502203933e+01
1.420319676487883065e+01 1.410053688477165856e+01
1.437633522293866939e+01 1.415966836830346587e+01
1.456404087809537806e+01 1.434578218795092219e+01
1.475573830299817502e+01 1.451840430942837834e+01
1.494209853264629295e+01 1.472704491816423378e+01
1.512607014285291029e+01 1.491281389045982309e+01
1.530763854372695398e+01 1.507312230714851786e+01
1.549345531365615436e+01 1.527401023758793741e+01
1.567606057964097666e+01 1.539458732690411757e+01
1.585174380894200930e+01 1.552033212711458887e+01
1.605925694232096035e+01 1.575238738648612546e+01
1.623937964425770630e+01 1.599134996869711323e+01
1.642013355540808917e+01 1.614711852346281162e+01
1.661409655858203394e+01 1.630664520686582719e+01
1.679281982924218042e+01 1.652039320907806896e+01
1.698616247147247549e+01 1.669743850011297681e+01
1.717261619655567984e+01 1.687532755224985692e+01
1.736685381890726987e+01 1.702115318041066061e+01
1.754577381056650509e+01 1.723016085555204668e+01
1.774183856164220430e+01 1.745482560029885732e+01
1.793885769444782241e+01 1.757984308941366081e+01
1.811588605833103571e+01 1.776945230752617633e+01
1.830680746951773585e+01 1.784487672858778851e+01
1.849934397742038072e+01 1.806743916204286649e+01
1.868709704406673211e+01 1.829078587900327690e+01
1.887774636947361984e+01 1.845530778482640955e+01
1.906684651063089220e+01 1.873289899155831151e+01
1.925735556752523081e+01 1.890029599151644035e+01
1.945053031382987285e+01 1.901864534257180139e+01
1.963659389207601080e+01 1.925663570417748360e+01
1.981858545667797245e+01 1.931066746324780681e+01
2.003167820325159809e+01 1.963762182720432747e+01
2.022501275833788981e+01 1.975625927361083001e+01
2.042292040959227251e+01 1.993401623231882525e+01
