0.000000000000000000e+00 0.000000000000000000e+00
0.000000000000000000e+00 0.000000000000000000e+00
0.000000000000000000e+00 0.000000000000000000e+00
0.000000000000000000e+00 0.000000000000000000e+00
0.000000000000000000e+00 0.000000000000000000e+00
0.000000000000000000e+00 0.000000000000000000e+00
0.000000000000000000e+00 1.557494763435148366e+00
2.167279857705528834e-01 2.572490828047856670e+00
2.203687271969993144e+00 3.515931485953427416e+00
3.794259707467610543e+00 3.898472491449076482e+00
4.043926690217876541e+00 4.053923423151177374e+00
4.119407477598076461e+00 4.076941206048635635e+00
4.259635299725980317e+00 4.309498748170316418e+00
4.377726815724455101e+00 4.448459951806285950e+00
4.516469990023129988e+00 4.602172350115607102e+00
4.697714588016907555e+00 4.682031937333539950e+00
4.808652123320914740e+00 4.895061256732168076e+00
4.968794011514090059e+00 5.106386932571544968e+00
5.191879076536240589e+00 5.408727100525887899e+00
5.398251103508560966e+00 5.674689795206308673e+00
5.643531185898384983e+00 5.881334117533477901e+00
5.872543224006069096e+00 6.086120781323485218e+00
6.130783000721415910e+00 6.291501230236505648e+00
6.295799515591707696e+00 6.472333543274157108e+00
6.497474846214228883e+00 6.650740197380311969e+00
6.686311395573142136e+00 6.828031917299204778e+00
6.856178905552634539e+00 7.004919829495075412e+00
7.043253021690122573e+00 7.175751428183227532e+00
7.221361403008832447e+00 7.341205714255217174e+00
7.388383219238726873e+00 7.501881111171497807e+00
7.567759834031853927e+00 7.659241652672042378e+00
7.733442065573538748e+00 7.813895350497259251e+00
7.888756328923814287e+00 7.973547032883321783e+00
8.047126514224521188e+00 8.129193631624456629e+00
8.277374738555753453e+00 8.176944432888060277e+00
8.348653472913452944e+00 8.450661570229359043e+00
8.602392535926334460e+00 8.519485052549626403e+00
8.755042894550392418e+00 8.669382617842233074e+00
8.922593814971213178e+00 8.837834601623624664e+00
9.000194768403794399e+00 9.069638323992325724e+00
9.240074574546056851e+00 9.129041767847397182e+00
9.397655294331627829e+00 9.309429835754452043e+00
9.498379700190296759e+00 9.561241733092225914e+00
9.728500602013882670e+00 9.601895072399102560e+00
9.804695770244219233e+00 9.901493920337623322e+00
1.006272160907185942e+01 9.992970637844059922e+00
1.011897078602232014e+01 1.023028545036327408e+01
1.040654554352669692e+01 1.032158633403074077e+01
1.058365390124240335e+01 1.045574138022552013e+01
1.075089409639165794e+01 1.069295526887143133e+01
1.092330613588042176e+01 1.078154999412717885e+01
1.111184411838151931e+01 1.097645939977700102e+01
1.127212181536413382e+01 1.109586046034856466e+01
1.145991261023897145e+01 1.133959658564596040e+01
1.163943227851262741e+01 1.155106180029822838e+01
1.168519135727239089e+01 1.180398842515220537e+01
1.198872825762079941e+01 1.181271677603214698e+01
1.216496347434434000e+01 1.203331627096708800e+01
1.235426033057890471e+01 1.219935189741375936e+01
1.254777634547504661e+01 1.242874140976796227e+01
1.253624525990365690e+01 1.269442810162065882e+01
1.289219755892032637e+01 1.277725453748903917e+01
1.307950584861687204e+01 1.291909116163011362e+01
1.326487209927741517e+01 1.310177032282006415e+01
1.345357208586207065e+01 1.330787437674969098e+01
1.363808405864924644e+01 1.339962855202826120e+01
1.382885520512630251e+01 1.359317016563232272e+01
1.402626740491245627e+01 1.380097146368245298e+01
1.420589821235421013e+01 1.396425712937651831e+01
1.416019393199759691e+01 1.434379455958788085e+01
1.455478247222943367e+01 1.435632331188219624e+01
1.471741003839011164e+01 1.451719715950593859e+01
1.492204938598325903e+01 1.465218079029157572e+01
1.509078781754053367e+01 1.488272514933261625e+01
1.527319472283522650e+01 1.505360962677890058e+01
1.547364233796579747e+01 1.520404434803351634e+01
1.564467511164849967e+01 1.545351780954222676e+01
1.584824719299305862e+01 1.558187963711636037e+01
1.603750281398765409e+01 1.581353353219475011e+01
1.621167151821526176e+01 1.601738169857144456e+01
1.640786887852004483e+01 1.617961733080353426e+01
1.660348676755821273e+01 1.640161882624442669e+01
1.678640486081573968e+01 1.652522900626255264e+01
1.696825552579779028e+01 1.674516081244759746e+01
1.715369556484033353e+01 1.687659158658428993e+01
1.736055038723204547e+01 1.706665561058426661e+01
1.754318399341372725e+01 1.736121368269505538e+01
1.773862710598306691e+01 1.742926669847540211e+01
1.763515933866757024e+01 1.784291414388053099e+01
1.809125450108807343e+01 1.781990577199003667e+01
1.827903292542256963e+01 1.804401531219502175e+01
1.848268357700777287e+01 1.821772981788174661e+01
1.866364622742323576e+01 1.839583992613644980e+01
1.886019060121497404e+01 1.859651155597931549e+01
1.878241255578940283e+01 1.896034059319578446e+01
1.921958383946347126e+01 1.891737847609922341e+01
1.939288028771782635e+01 1.912547806151691887e+01
1.958320597417704079e+01 1.928027232774910615e+01
1.979252562651016234e+01 1.946888761207497964e+01
1.998130137811185136e+01 1.972947150213055068e+01
2.016967086587329661e+01 1.994707139161110732e+01
