0.000000000000000000e+00 0.000000000000000000e+00
0.000000000000000000e+00 0.000000000000000000e+00
0.000000000000000000e+00 0.000000000000000000e+00
0.000000000000000000e+00 0.000000000000000000e+00
0.000000000000000000e+00 0.000000000000000000e+00
0.000000000000000000e+00 0.000000000000000000e+00
0.000000000000000000e+00 0.000000000000000000e+00
0.000000000000000000e+00 0.000000000000000000e+00
0.000000000000000000e+00 0.000000000000000000e+00
0.000000000000000000e+00 0.000000000000000000e+00
0.000000000000000000e+00 0.000000000000000000e+00
0.000000000000000000e+00 0.000000000000000000e+00
0.000000000000000000e+00 0.000000000000000000e+00
0.000000000000000000e+00 0.000000000000000000e+00
0.000000000000000000e+00 0.000000000000000000e+00
0.000000000000000000e+00 -7.177393719103916658e-02
8.148981324635613810e-02 0.000000000000000000e+00
1.303453917028527254e-01 0.000000000000000000e+00
8.482244756596425683e-02 0.000000000000000000e+00
2.939676304522642614e-01 0.000000000000000000e+00
5.959216300141668976e-02 0.000000000000000000e+00
9.066668203978549279e-02 1.657421607382663975e+00
6.586502226472371047e-02 3.842745192952000455e+00
0.000000000000000000e+00 7.174652469955491441e+00
5.192110367353309108e+00 7.337500939208219997e+00
7.087453948857590724e+00 7.468320223644195899e+00
7.237684715767481514e+00 7.535502583144165101e+00
7.502540719292135840e+00 7.697927684275179594e+00
7.732963461615655731e+00 7.847650715540670951e+00
7.953997105477317753e+00 7.859341328669033899e+00
8.016033589727303621e+00 8.118910466921743563e+00
8.162846815262442490e+00 8.237449049485013219e+00
8.371627727732104063e+00 8.335730815729045062e+00
8.501682613161008817e+00 8.552166338406669510e+00
8.671816404594196115e+00 8.634241420545206935e+00
8.811888367888377260e+00 8.779252434146906481e+00
8.956906737763000947e+00 8.926111813693689001e+00
9.083671794944471856e+00 9.141815626839195019e+00
9.240242111289264315e+00 9.290109773992572428e+00
9.395134879495824265e+00 9.438452821493179101e+00
9.594544827364986261e+00 9.563617282925429564e+00
9.747600052901113088e+00 9.691965760238536731e+00
9.907473711515480730e+00 9.821611668362084657e+00
1.006690212634546278e+01 9.992002130794725545e+00
1.023161561559585309e+01 1.017915122091300972e+01
1.039877932992010834e+01 1.035222084715105417e+01
1.056602604893911490e+01 1.044765449509511335e+01
1.072696447114833518e+01 1.060272911128678075e+01
1.089607718935383041e+01 1.082611661669883851e+01
1.105871175859350508e+01 1.101248324677736612e+01
1.123657103889668107e+01 1.113757263354072968e+01
1.140297594171431328e+01 1.129617074356327322e+01
1.158439700021876284e+01 1.139846718887358179e+01
1.175001905887915576e+01 1.160264465272770806e+01
1.191551058077519443e+01 1.182286109824803155e+01
1.208695513755355755e+01 1.195974625389618851e+01
1.227387171960089596e+01 1.210771445140130709e+01
1.243686738417383708e+01 1.238873153394083104e+01
1.260145550757034627e+01 1.248596033379694070e+01
1.277799628394846820e+01 1.265410865629273651e+01
1.297142814691246393e+01 1.281231489845812099e+01
1.315433354512674136e+01 1.300431897782050861e+01
1.332945634231379550e+01 1.307884561001833390e+01
1.351148866737576171e+01 1.334685918805902460e+01
1.370485011601336822e+01 1.354814756897502370e+01
1.387370848725779915e+01 1.373542780631956362e+01
1.406648253715616725e+01 1.394873109476034223e+01
1.424580972877280516e+01 1.407285220828325301e+01
1.443566753810390146e+01 1.427725046187283731e+01
1.461561751027296019e+01 1.432913089678482876e+01
1.479263078853108127e+01 1.448012403869612541e+01
1.498100106262040399e+01 1.468747412889055504e+01
1.517903032850330902e+01 1.495364265692978378e+01
1.536887838762202563e+01 1.507961524900392192e+01
1.554370489977196534e+01 1.528324880342108649e+01
1.574495602913945547e+01 1.539913977208744633e+01
1.592418405933299752e+01 1.555908165156270684e+01
1.612210362490867865e+01 1.580297380406095797e+01
1.629690032997171301e+01 1.590546599090669666e+01
1.647821995343229773e+01 1.616942543647201092e+01
1.666865706791032409e+01 1.634164132693860694e+01
1.684957844989834541e+01 1.651879581901463823e+01
1.702851765648338400e+01 1.665316336465798841e+01
1.722418323615476154e+01 1.685029293402453376e+01
1.739008166789907506e+01 1.702448282012416669e+01
1.759780458300328831e+01 1.719005705183387533e+01
1.778975676540421702e+01 1.743510601454428155e+01
1.795659475216045564e+01 1.754359403039999066e+01
1.815591125837669395e+01 1.772806766665318534e+01
1.834782649759613804e+01 1.791846060001049068e+01
1.853421104751877735e+01 1.816662265358330686e+01
1.872960313011899558e+01 1.828907096352578776e+01
1.891408960204334733e+01 1.841966971768021466e+01
1.909315477545797890e+01 1.860356039974188747e+01
1.927617735705858948e+01 1.872407564135934877e+01
1.947343144764511891e+01 1.904347349505116327e+01
1.966569366960225551e+01 1.923927353677152041e+01
1.985608269792619751e+01 1.927219060407099605e+01
2.003329967831405867e+01 1.952207969100844309e+01
2.024268173886177991e+01 1.966346261975758125e+01
2.043636885671419989e+01 1.986010715460511378e+01
