0.000000000000000000e+00 0.000000000000000000e+00
8.536908432287677873e-02 9.976567316623441428e-02
4.731355525552630725e-01 4.664370606550207743e-01
6.175797253788499752e-01 6.708570628490418963e-01
8.512615216108211369e-01 8.113776217377091093e-01
1.042624075931925631e+00 9.944075499913874738e-01
1.226505265438761594e+00 1.178847479157354439e+00
1.356425229339535132e+00 1.414846691655902822e+00
1.563531403081471982e+00 1.602889205642831438e+00
1.760572792896062166e+00 1.790741453563164276e+00
1.964035903740881661e+00 1.988568822128819802e+00
2.152549163845371538e+00 2.186245317691904777e+00
2.386900933607734476e+00 2.347228094427547429e+00
2.529489006582354538e+00 2.583962370327046010e+00
2.787145823397729316e+00 2.740108047662398683e+00
2.939154694507017940e+00 2.974452689034977393e+00
3.178055428794433368e+00 3.135091787959755738e+00
3.315638981160631271e+00 3.377034716954373295e+00
3.520684034837024079e+00 3.570939555346799299e+00
3.762802112660291076e+00 3.692431170020096243e+00
3.899574575112286556e+00 3.964681544241495104e+00
4.168164421992936575e+00 4.083827061725977536e+00
4.366432917489124321e+00 4.290528104517908226e+00
4.561106000547366257e+00 4.502716150147426433e+00
4.762869077109469274e+00 4.672029422726520664e+00
4.964827943552503342e+00 4.877621645596341260e+00
5.084863283877774975e+00 5.147643090132929089e+00
5.347607819886021296e+00 5.277258453203882205e+00
5.540929700038105921e+00 5.459913600513432996e+00
5.647569152906255496e+00 5.738880562783962525e+00
5.930701673043731859e+00 5.834531179738801754e+00
6.049829319953789586e+00 6.131542255902078686e+00
6.329036247095996437e+00 6.240919408835678972e+00
6.527302112673322831e+00 6.445833964246844516e+00
6.629290988983355781e+00 6.721805654003952135e+00
6.825799305952563678e+00 6.914336188711771136e+00
7.022925922213476113e+00 7.114830256841106149e+00
7.241724560205314631e+00 7.313643179663435134e+00
7.502154986477223453e+00 7.426796121062129608e+00
7.616911803560344474e+00 7.704232281600752685e+00
7.836950328757268380e+00 7.895709269355814186e+00
8.100240223186656152e+00 8.023646855207385187e+00
8.294060744133814111e+00 8.227674576089373915e+00
8.420222702782247381e+00 8.490649313087338612e+00
8.690954407442678331e+00 8.621236446512178020e+00
8.813993136200542367e+00 8.882449566786149830e+00
9.014644616571780844e+00 9.059073113455088588e+00
9.247797355822699572e+00 9.215820537315320138e+00
9.410691729223913171e+00 9.447349292973440171e+00
9.642440688808964211e+00 9.615900930075264696e+00
9.831854068240270195e+00 9.823232084594186730e+00
9.979693849043789200e+00 1.003525728105287307e+01
1.023431094091459492e+01 1.016253554546549687e+01
1.040398060613078890e+01 1.043062569277029361e+01
1.052673682315913872e+01 1.062855490692231086e+01
1.083493050147447434e+01 1.076642902825477321e+01
1.103092603582768838e+01 1.096510483598891739e+01
1.122658088887115291e+01 1.118055898004314663e+01
1.142302574004255433e+01 1.136205830091726376e+01
1.161630297852299165e+01 1.150415286346538402e+01
1.181379859977047708e+01 1.171841200450025866e+01
1.201736136658490040e+01 1.192984636289885003e+01
1.209300019921410119e+01 1.221248168078467522e+01
1.234121018937216441e+01 1.241389565923271654e+01
1.262431910213698316e+01 1.247463857085776695e+01
1.272352906912320947e+01 1.282108956705669023e+01
1.301984762317659339e+01 1.281640743957992967e+01
1.321779417213509866e+01 1.313213409029359724e+01
1.326030507785789325e+01 1.341126820994170288e+01
1.345007542367716447e+01 1.362123980850518024e+01
1.368432303909380465e+01 1.382525673320537152e+01
1.388435004568180808e+01 1.402164365007647362e+01
1.422580813615562434e+01 1.406522210497588965e+01
1.428095762140942249e+01 1.441185428527997558e+01
1.461898338584786217e+01 1.445063179839437950e+01
1.481067291404743713e+01 1.467778657367530215e+01
1.486181027158619372e+01 1.501366409449786410e+01
1.520446869979639892e+01 1.503459409034590522e+01
1.540118526987416026e+01 1.523605227589457556e+01
1.559555345090570633e+01 1.545982802096957620e+01
1.579619139818562701e+01 1.564356052911235118e+01
1.601056740256844080e+01 1.582639729967758058e+01
1.619103270914173009e+01 1.600292703129082739e+01
1.639439662104778961e+01 1.626363348547011256e+01
1.642352378386660661e+01 1.658747688700655232e+01
1.662752775472047517e+01 1.678386501464387237e+01
1.679425364859323366e+01 1.698086147152053016e+01
1.717172323285721447e+01 1.705543814757518817e+01
1.736485091987807294e+01 1.722905281479912887e+01
1.741598046768979557e+01 1.755329618003097281e+01
1.755821381531735170e+01 1.775975308463318925e+01
1.781569079366888886e+01 1.795423982069358715e+01
1.815241033572610974e+01 1.803330014246197521e+01
1.820000561152976104e+01 1.834252583233949707e+01
1.854946082085160697e+01 1.843947552096514997e+01
1.864189873435078582e+01 1.875105502644051469e+01
1.892655862894511642e+01 1.879893808212102257e+01
1.913291537103470219e+01 1.901417963067304129e+01
1.920403889406014031e+01 1.932950487638345294e+01
1.950336099962735048e+01 1.940466676093313225e+01
1.972327153488128104e+01 1.961272549718172087e+01
