0.000000000000000000e+00 0.000000000000000000e+00
5.410332101832377935e-04 0.000000000000000000e+00
4.937368444358011680e-04 0.000000000000000000e+00
9.037466997864214077e-03 0.000000000000000000e+00
1.410772382757118359e-01 2.397311561331848528e-01
2.312121512424382408e-01 8.326559298081522842e-01
7.557652823838393319e-01 1.070512113490759143e+00
1.188907980633199246e+00 1.272504949894798898e+00
1.469201227760563722e+00 1.476712995384694027e+00
1.688069489389062650e+00 1.681490182535128053e+00
1.895476910016588912e+00 1.869324659543409428e+00
2.120153802001027543e+00 2.090838206304556302e+00
2.322082079028027657e+00 2.239102619367907110e+00
2.523799846828000959e+00 2.463227916129825168e+00
2.717830991112596628e+00 2.674503706613161835e+00
2.926145021678669522e+00 2.850383755512713613e+00
3.129802127019662095e+00 3.074820700890650294e+00
3.328779293270487383e+00 3.217801091572703331e+00
3.526450776801679954e+00 3.439096365313408121e+00
3.724004993889933335e+00 3.638068721879847534e+00
3.922228611841847457e+00 3.768388994332742215e+00
4.123760835336341302e+00 3.975891365701621272e+00
4.313680383490617665e+00 4.169530250591375165e+00
4.505428974862427438e+00 4.368713007246484814e+00
4.711245473629769975e+00 4.569109267644535954e+00
4.917414957332546521e+00 4.749988021497310697e+00
5.119590220489110166e+00 4.973987830704922786e+00
5.306522950014132434e+00 5.179451557022624719e+00
5.503818347668868682e+00 5.356735063223535320e+00
5.713371776257531565e+00 5.540936488318710218e+00
5.903010032325188838e+00 5.712425213867033946e+00
6.090916928643707706e+00 5.936590036812644300e+00
6.293846830085918498e+00 6.164565461354957421e+00
6.486318851236139160e+00 6.365773476029544575e+00
6.681887830633963077e+00 6.557974735059923788e+00
6.869466899881802036e+00 6.712173877308125647e+00
7.052480597827074149e+00 6.882699691015989885e+00
7.258483876670585921e+00 7.031687254695277112e+00
7.452722129289934827e+00 7.293037771637514766e+00
7.667342950537343604e+00 7.537369983276043683e+00
7.845913493838184927e+00 7.706052242121129936e+00
8.051135058969135727e+00 7.894998105405472977e+00
8.245613912617747232e+00 8.111979036451334224e+00
8.455922324069133467e+00 8.230481388393396713e+00
8.646051947418417427e+00 8.430348142694249702e+00
8.850073250748000220e+00 8.578871168496329247e+00
9.052289893613497895e+00 8.814766484383701695e+00
9.240321929582432148e+00 9.006239010520650012e+00
9.441146649657463641e+00 9.181894554717469958e+00
9.633420717404263200e+00 9.482024177788902719e+00
9.832048833908986651e+00 9.638871798550153969e+00
1.003439541602106289e+01 9.828645920058532326e+00
1.021379103907368702e+01 9.992146018571556709e+00
1.042473308946604327e+01 1.013913795726411315e+01
1.061634279559754646e+01 1.041133159604293823e+01
1.081205716126377503e+01 1.058930591607727045e+01
1.101211905239035715e+01 1.071875611117318705e+01
1.122197766068368630e+01 1.094485340343277535e+01
1.141076928919345690e+01 1.114499295736159468e+01
1.161272557107335857e+01 1.137601183278354178e+01
1.181438908289841550e+01 1.150496618656796599e+01
1.200731286318443125e+01 1.181790176035149464e+01
1.219721864638841602e+01 1.191340494573575981e+01
1.240383818525597626e+01 1.210680223469081795e+01
1.259855536371090068e+01 1.235745575635638360e+01
1.280632549987439539e+01 1.253735478953224458e+01
1.299931511200074397e+01 1.268102543840271679e+01
1.320091750120163532e+01 1.290442366544792385e+01
1.339163967113587184e+01 1.309201894885904061e+01
1.361088220164799800e+01 1.327887419555210080e+01
1.380289621940629807e+01 1.352908379050881038e+01
1.400453585876259943e+01 1.365664086792950727e+01
1.420477053936202161e+01 1.385566132490425773e+01
1.439732340023614121e+01 1.410524391771280683e+01
1.459160135773941924e+01 1.425161081918925632e+01
1.479256075493224110e+01 1.444463448636277292e+01
1.499161561032146039e+01 1.459661152459764821e+01
1.518838491702660676e+01 1.484595864505820373e+01
1.538962726197147290e+01 1.507014378817494205e+01
1.558462261577909835e+01 1.523632050933422377e+01
1.579277010744870502e+01 1.541193113118971603e+01
1.598868586521679092e+01 1.565609659194661596e+01
1.618520990814787552e+01 1.576792515217436730e+01
1.637389337986809679e+01 1.604371375705566294e+01
1.656261273822644497e+01 1.618149212218961708e+01
1.677793628588722541e+01 1.636166184011212366e+01
1.696472445962583464e+01 1.652492140738388571e+01
1.717111975750997388e+01 1.673601545227138487e+01
1.735387385399558013e+01 1.694846035858961386e+01
1.754835598032927990e+01 1.717044908455359575e+01
1.774659410784020253e+01 1.731444070199543006e+01
1.793233693804931406e+01 1.757900872367875067e+01
1.813896588971419632e+01 1.778626960117543376e+01
1.833386005541817099e+01 1.791172755150603280e+01
1.851167571315679439e+01 1.812685362174886095e+01
1.870986741346352034e+01 1.835275775078644145e+01
1.889084470897048007e+01 1.853977006628471713e+01
1.908584356606094090e+01 1.873670753623697038e+01
1.927990011859012398e+01 1.884611323565773588e+01
1.947509770079408753e+01 1.911686911671718647e+01
1.968405531424808785e+01 1.934021454862755363e+01
