0.000000000000000000e+00 0.000000000000000000e+00
0.000000000000000000e+00 0.000000000000000000e+00
0.000000000000000000e+00 0.000000000000000000e+00
0.000000000000000000e+00 0.000000000000000000e+00
0.000000000000000000e+00 0.000000000000000000e+00
0.000000000000000000e+00 3.159253570421237445e+00
2.424157904268516184e+00 3.263214138151677268e+00
2.965837396462043696e+00 3.596991586755353687e+00
3.172541818935830982e+00 4.116420082973222705e+00
4.068933435112850994e+00 4.087844427957759486e+00
4.157058774647723887e+00 4.159359469408181020e+00
4.214200266630625968e+00 4.213505269380744878e+00
4.310995833273874922e+00 4.307731337421139450e+00
4.430219568083671788e+00 4.451182900112749863e+00
4.537767094045671357e+00 4.580068349588337639e+00
4.651427993599503097e+00 4.642552031969850113e+00
4.864181779723296017e+00 5.038126841786896293e+00
5.089616864577160449e+00 5.300709534602765949e+00
5.269292722218327896e+00 5.527241705905089120e+00
5.512484949579794957e+00 5.748084929706426038e+00
5.635317300644644867e+00 5.959222862327373527e+00
5.910513311651458324e+00 6.143195500606105419e+00
6.121223022336520714e+00 6.322519487430117380e+00
6.294028525518365669e+00 6.488465964894044369e+00
6.483716798278887694e+00 6.670125937805432059e+00
6.654994622096060297e+00 6.833784552700937098e+00
6.813018417882146238e+00 7.000416125373786436e+00
6.991059615458413035e+00 7.167626807444111847e+00
7.168714576877410316e+00 7.341840244253924119e+00
7.352654410558944420e+00 7.511086942700220703e+00
7.555916265324934322e+00 7.674808341361830877e+00
7.730678707511849268e+00 7.833572580782938388e+00
7.893081510492631736e+00 7.990875958473731444e+00
8.063184643075608449e+00 8.153412699204540814e+00
8.219022717329423244e+00 8.301769407820138724e+00
8.448023908988474773e+00 8.334587334538127834e+00
8.493075837679851858e+00 8.624898221671573495e+00
8.780383874883213480e+00 8.640334774610794355e+00
8.949684332721847824e+00 8.806840390362612681e+00
9.118172110102612749e+00 8.956972186884598841e+00
9.120021759653443638e+00 9.286109793092549580e+00
9.444029107635230957e+00 9.291785336646134041e+00
9.607580908325580538e+00 9.392949404456105711e+00
9.770607264333870390e+00 9.555176266188164291e+00
9.824663846733299621e+00 9.925749496848405684e+00
9.946577968742785103e+00 1.009727568999832847e+01
1.026836141602040975e+01 1.013055692590760515e+01
1.042828244191307974e+01 1.027552326196865806e+01
1.060998133754541861e+01 1.039521372046381664e+01
1.078986518246952997e+01 1.065325684462113820e+01
1.096161822908756989e+01 1.082798888630286704e+01
1.113874287516257411e+01 1.095260261440923877e+01
1.132548925161158060e+01 1.117428092192150579e+01
1.150748400040678909e+01 1.134017499925002248e+01
1.168567601992406146e+01 1.152470617303040967e+01
1.186236175895018619e+01 1.169992531858525808e+01
1.204159807946582994e+01 1.184790220651596115e+01
1.221880218801046425e+01 1.205565733968500552e+01
1.238924627654127519e+01 1.213874637016991187e+01
1.257187511275264669e+01 1.237673311458761027e+01
1.274958584192510180e+01 1.263110245555393973e+01
1.292904522146092461e+01 1.275066294453455029e+01
1.310522746726846322e+01 1.289879603902830496e+01
1.311485797600535896e+01 1.325259842977806990e+01
1.345441964371459242e+01 1.321467514710759694e+01
1.362160685468863441e+01 1.340780068897085364e+01
1.380206062090274521e+01 1.359219493073294061e+01
1.398522488125256835e+01 1.380586289309709791e+01
1.400448719628439243e+01 1.412192760156467131e+01
1.433999706576867084e+01 1.415733461183500275e+01
1.451435051158602008e+01 1.432606587610393234e+01
1.471190135234398788e+01 1.450955219908606431e+01
1.489043778540931307e+01 1.469908303601010502e+01
1.507084362657339582e+01 1.487894115357059555e+01
1.526340888255171890e+01 1.503301033997754388e+01
1.544527699080045302e+01 1.526670143208071195e+01
1.542955335654152371e+01 1.557126561178474233e+01
1.581415349945941884e+01 1.566389707309719626e+01
1.597947113620489823e+01 1.580607550788093540e+01
1.616355706991674168e+01 1.598621738736006570e+01
1.635711350552796262e+01 1.618331338613011994e+01
1.654495202272162757e+01 1.637579339185640492e+01
1.673795092474658119e+01 1.654219922531026299e+01
1.693353579020324418e+01 1.672331173968271756e+01
1.712653169508946149e+01 1.694631536945743022e+01
1.714132872229510340e+01 1.723827030899002466e+01
1.749328253524675247e+01 1.728791045317614206e+01
1.765588890172070435e+01 1.749003416158954138e+01
1.785594359336791825e+01 1.762089837629530464e+01
1.806150705240793641e+01 1.784964963286953221e+01
1.825389106330482036e+01 1.807255820506567545e+01
1.845141218213064604e+01 1.827581816268692094e+01
1.863596387609464955e+01 1.847004852228158356e+01
1.881347848896787767e+01 1.859572036485508661e+01
1.901479463506858281e+01 1.880709639413782241e+01
1.919914642872186405e+01 1.890331598831754434e+01
1.939935375197089584e+01 1.918301796604630738e+01
1.958006284614888060e+01 1.940840204999183882e+01
1.977702946407595519e+01 1.954683636243311895e+01
1.995528939974200355e+01 1.969798951739719328e+01
2.015866158213792403e+01 1.998290483819625862e+01
