0.000000000000000000e+00 0.000000000000000000e+00
0.000000000000000000e+00 0.000000000000000000e+00
0.000000000000000000e+00 0.000000000000000000e+00
0.000000000000000000e+00 0.000000000000000000e+00
0.000000000000000000e+00 0.000000000000000000e+00
0.000000000000000000e+00 0.000000000000000000e+00
0.000000000000000000e+00 0.000000000000000000e+00
1.927039015899610908e-01 2.644623675454532141e-01
2.557436950535557640e-01 4.251765148196213318e+00
3.629543741906245735e+00 4.325819030020916500e-01
4.588641075101564937e+00 5.052567337209179499e+00
6.352405864458099849e+00 7.377621793786739879e+00
7.162651164520639213e+00 7.172887445335325296e+00
7.165126420417233355e+00 7.180580687444718890e+00
7.256489152222028061e+00 7.296728178087331429e+00
7.293417337536800993e+00 7.461848707429571625e+00
7.435179231573388670e+00 7.718282748831971851e+00
7.766244458035963305e+00 7.944093911893213900e+00
7.982930582647230544e+00 8.164219641729371091e+00
8.156919591685843685e+00 8.412955025665832309e+00
8.340661261892494238e+00 8.640412799787512199e+00
8.535943052140826381e+00 8.841897516849602567e+00
8.783260431373811628e+00 9.007029502158429679e+00
8.988912547594141600e+00 9.171207417461252120e+00
9.191080964112794405e+00 9.355470651576696994e+00
9.367716811224736873e+00 9.514904038223843230e+00
9.544558520256307688e+00 9.683660569563638632e+00
9.729810248374866077e+00 9.851629154762667540e+00
9.917475042872998969e+00 1.003401728282143779e+01
1.007565479081510773e+01 1.021154065835599489e+01
1.020804878476931599e+01 1.037559584413208924e+01
1.039391264884566901e+01 1.054381741252632132e+01
1.054964449992228559e+01 1.071402909571177275e+01
1.073071539186504353e+01 1.087675908648638945e+01
1.090858875353805146e+01 1.104341051213446967e+01
1.108698913973481481e+01 1.120877794569115338e+01
1.121720841517441869e+01 1.138156485011992736e+01
1.143586081717461056e+01 1.154279317520574111e+01
1.158687048657662544e+01 1.170660478321683229e+01
1.173893529375727773e+01 1.185786685025248843e+01
1.192212117370929292e+01 1.201285817724902039e+01
1.207596162919667471e+01 1.217030921376061769e+01
1.223517748625188695e+01 1.233028100252724180e+01
1.239481538184288389e+01 1.249678932355377370e+01
1.255064197255673442e+01 1.265382110055695719e+01
1.271734185424439723e+01 1.283354976237555611e+01
1.287944664706665776e+01 1.299065569046204693e+01
1.303565757161277539e+01 1.314910887901533343e+01
1.318740627546037913e+01 1.330429634817904727e+01
1.333340533699504959e+01 1.346473958971036566e+01
1.354165683331162917e+01 1.362753461631644569e+01
1.368623860630639477e+01 1.380097501155431949e+01
1.382378080156749434e+01 1.396156912066271438e+01
1.397153150365610053e+01 1.413063046820894719e+01
1.411633685564541629e+01 1.430586530767962650e+01
1.428468089973995525e+01 1.447584815155313187e+01
1.445679345928923532e+01 1.463824389209739785e+01
1.460452033526580173e+01 1.480005198345995332e+01
1.490597040159301301e+01 1.474558370117393657e+01
1.487480125358111849e+01 1.509579034742880133e+01
1.508824083957834006e+01 1.524829349357643338e+01
1.524038548178852182e+01 1.541040330546372950e+01
1.536276856052478479e+01 1.557314925333711741e+01
1.553772690645790178e+01 1.573684622394854138e+01
1.573016059303182601e+01 1.589148736710357035e+01
1.586909625363821341e+01 1.604847705609032360e+01
1.599128266629536022e+01 1.621509424651787512e+01
1.634372968350687572e+01 1.614249383505614688e+01
1.632030043205346814e+01 1.651678107008986629e+01
1.649477313629742525e+01 1.667213010732139367e+01
1.680882257524471157e+01 1.665554546691688387e+01
1.697380576443287126e+01 1.680821886819092725e+01
1.698825884456886470e+01 1.714241415825600967e+01
1.708531371726053649e+01 1.730509298776357952e+01
1.734912051586216108e+01 1.747495345185424753e+01
1.746942764961758954e+01 1.763680314549197092e+01
1.762152001572599502e+01 1.780860501521159378e+01
1.770202310274322599e+01 1.798092326275774155e+01
1.789977391252584837e+01 1.814180026542424784e+01
1.830319775210537259e+01 1.809230230164077824e+01
1.847078347360054451e+01 1.828695901451096972e+01
1.843157655465996214e+01 1.863704100566696553e+01
1.858777559350561148e+01 1.881520634194512809e+01
1.877289707928776608e+01 1.898255034113910256e+01
1.914802134418125945e+01 1.892752700404565758e+01
1.931351233310390114e+01 1.906297260869750687e+01
1.925585957105937140e+01 1.948756357358380953e+01
1.946223221838315354e+01 1.964109716259533656e+01
1.959526512134171483e+01 1.980982918061920728e+01
1.999413474739644769e+01 1.977808960000929872e+01
1.990519147360160090e+01 2.015437272411324798e+01
2.033842446224085165e+01 2.011443034380495476e+01
2.028633774876197648e+01 2.049309141807058410e+01
2.068612036838606372e+01 2.042538509502771404e+01
2.084794526753125865e+01 2.052269539337994786e+01
2.077066800979205752e+01 2.100383425363649792e+01
2.092241627632316536e+01 2.116876484469658593e+01
2.136392800926365254e+01 2.111063018805122837e+01
2.153656926044154574e+01 2.126470928265269933e+01
2.169633983831495883e+01 2.137364478159346959e+01
2.188105359566651487e+01 2.160193579094606164e+01
