0.000000000000000000e+00 0.000000000000000000e+00
3.690795947455961963e-03 0.000000000000000000e+00
2.647643994807853804e-04 0.000000000000000000e+00
7.903929493274916215e-03 0.000000000000000000e+00
3.248929602411839562e-02 -2.516119993679832682e-03
2.312597965095249120e-01 -1.743932644330673312e-02
4.224160463228029405e-01 1.092845867866441223e+00
1.301310418063365004e+00 1.409513661157397735e+00
1.589809589701050241e+00 1.645550742047266812e+00
1.793689919203059535e+00 1.856749619304376875e+00
1.990741977741208313e+00 2.039069883929657490e+00
2.235499043635520877e+00 2.184242177642779392e+00
2.420105018311001110e+00 2.385889422061859833e+00
2.619613761305182642e+00 2.576996662128784088e+00
2.813841632319857400e+00 2.755385876964865144e+00
2.996639684580006069e+00 2.964620624613451660e+00
3.189843385280851429e+00 3.143564640974197300e+00
3.383323135109070900e+00 3.360364096346898588e+00
3.571124130871310420e+00 3.539487599213833935e+00
3.778923476183199348e+00 3.672552198489137609e+00
3.965411819640319635e+00 3.911301674914680948e+00
4.165501330906389299e+00 4.093853537670013587e+00
4.368500725188675382e+00 4.246670498651606174e+00
4.556273426907760715e+00 4.443467678342782001e+00
4.748795244000467264e+00 4.655935292355057875e+00
4.953283853408775528e+00 4.842368572689461637e+00
5.158324055962141053e+00 5.007276195626576332e+00
5.353098176626934546e+00 5.233243742237403850e+00
5.545821019565171817e+00 5.427544877339700591e+00
5.750093348954933070e+00 5.593669093785250013e+00
5.945332401676014733e+00 5.820302162517674738e+00
6.131415924199857592e+00 5.988373790356446236e+00
6.321183850251401282e+00 6.153645420076933270e+00
6.523360391054919383e+00 6.362154204822209280e+00
6.718014472881586485e+00 6.589472991618728237e+00
6.919107561991745925e+00 6.790566145060949133e+00
7.120932433798916605e+00 6.924933220177321047e+00
7.315942318765155328e+00 7.152861702936005983e+00
7.507401496468986579e+00 7.330087065135260538e+00
7.698249095693945776e+00 7.529762599849499694e+00
7.909462032230670125e+00 7.709410840578235558e+00
8.111322084866511517e+00 7.935870236094775265e+00
8.312801164363225581e+00 8.154149834492107729e+00
8.509794126708820627e+00 8.296907099253029827e+00
8.708281216303412009e+00 8.498029926950035673e+00
8.912111939599355992e+00 8.709375497616303363e+00
9.098813075567210973e+00 8.889824899113140333e+00
9.303644318375525302e+00 9.080244090761450337e+00
9.496069843555520862e+00 9.308024705918978015e+00
9.692116049558528346e+00 9.512550673731766437e+00
9.887129124818985204e+00 9.692011011727087677e+00
1.008032438970422717e+01 9.876465432233450414e+00
1.027261709474737827e+01 1.003561892546037093e+01
1.047731045998908606e+01 1.026211608080799920e+01
1.066740914232116033e+01 1.046960410923366958e+01
1.086735322694907957e+01 1.063118439353722522e+01
1.105684277105852509e+01 1.086995672534114554e+01
1.124768205575853131e+01 1.102566753995331261e+01
1.143789352732132336e+01 1.122157734864908640e+01
1.162379521354040257e+01 1.149090006057885027e+01
1.180724123600867870e+01 1.164279790849790963e+01
1.199779676256932071e+01 1.179126122551880407e+01
1.218914595167066928e+01 1.207042866596677300e+01
1.238937123448440047e+01 1.224916489804294351e+01
1.258623165480541140e+01 1.247469943344124310e+01
1.277584892499333158e+01 1.260812020431758640e+01
1.297046208473286022e+01 1.286049587275713968e+01
1.316535318832606727e+01 1.302990001513971841e+01
1.337045594184626829e+01 1.313804232297849062e+01
1.357148430262926730e+01 1.342763103414511683e+01
1.374736226895881686e+01 1.352699862911199880e+01
1.396155029391397484e+01 1.379011449646929854e+01
1.415514064141852479e+01 1.399947964856796112e+01
1.435461230246327347e+01 1.416709270917077035e+01
1.455272198472402501e+01 1.428973204153554200e+01
1.473380525676290098e+01 1.446827649924500925e+01
1.494670210740774152e+01 1.467159895832407202e+01
1.514191125600064503e+01 1.491174597358566345e+01
1.533677395040916025e+01 1.505878317489706397e+01
1.553410717684361941e+01 1.528371437493413509e+01
1.573711421727215942e+01 1.550266046059267211e+01
1.593541582240118615e+01 1.567643098931795542e+01
1.613550624465023020e+01 1.590730669395734864e+01
1.633693617772188844e+01 1.606689758056544193e+01
1.652753251662361933e+01 1.622304054257792316e+01
1.673102529076987821e+01 1.640155864432830057e+01
1.692497124564331656e+01 1.661452067234914054e+01
1.712126592458050922e+01 1.681601176280911147e+01
1.733013877173322115e+01 1.699118953464563830e+01
1.753140309202004232e+01 1.727730429087875308e+01
1.773244221989939007e+01 1.751421106739353561e+01
1.792499685502251694e+01 1.767359389995196040e+01
1.811445458711111556e+01 1.786731313521885411e+01
1.831917267895547852e+01 1.803942959786506606e+01
1.850667180794576439e+01 1.823623685137566852e+01
1.870818431502741674e+01 1.846807900989347928e+01
1.891093968721051155e+01 1.865096990971928292e+01
1.910106780149173389e+01 1.881490337909772492e+01
1.930221752997108098e+01 1.902512452239235685e+01
1.950396563537610461e+01 1.912106654504114900e+01
1.968491083016182941e+01 1.949676038674956402e+01
