0.000000000000000000e+00 0.000000000000000000e+00
0.000000000000000000e+00 0.000000000000000000e+00
0.000000000000000000e+00 0.000000000000000000e+00
0.000000000000000000e+00 0.000000000000000000e+00
0.000000000000000000e+00 0.000000000000000000e+00
0.000000000000000000e+00 0.000000000000000000e+00
0.000000000000000000e+00 3.409158286152519146e+00
2.855815970784135072e+00 2.930272897948211774e+00
2.467776610917004732e+00 2.877360827402805743e+00
2.956300682539975799e+00 2.953114000558552110e+00
3.102555130527115068e+00 3.090314071468817314e+00
3.174090975280216220e+00 3.222360067401009331e+00
3.307567798434252637e+00 3.401909567224547626e+00
3.486911883510642074e+00 3.531618080735322351e+00
3.644567186553696381e+00 3.752597060154942987e+00
3.825562360229810555e+00 3.960064981615753599e+00
4.022808938727918893e+00 4.141228510322304324e+00
4.203157066569429112e+00 4.321790245612647574e+00
4.403200045434158660e+00 4.495017843746008879e+00
4.575241214023453296e+00 4.659577857568809378e+00
4.751677474000384649e+00 4.826983178199209412e+00
4.939614273262571409e+00 4.992057308450680964e+00
5.103935093423721980e+00 5.162754375433266318e+00
5.318581739123858121e+00 5.265435317446821806e+00
5.486309868535897749e+00 5.420930322567025783e+00
5.647121399678007414e+00 5.597977100279739382e+00
5.738458748113565377e+00 5.830536193338637041e+00
6.002788956327330006e+00 5.915252753491560433e+00
6.176076817318348233e+00 6.080870439753350176e+00
6.353753336850174627e+00 6.267230972361535812e+00
6.459402964954720439e+00 6.527592640634868104e+00
6.628986545916782269e+00 6.705960108250121898e+00
6.885069673128848322e+00 6.832792536876325151e+00
7.065842177153357717e+00 7.008628357760959382e+00
7.242459884554200755e+00 7.191957297182129949e+00
7.434251607113080418e+00 7.385545472301070724e+00
7.607611048240651819e+00 7.547846577057341300e+00
7.784577804175278004e+00 7.697557447962758204e+00
7.979513554821693333e+00 7.910779080890603332e+00
8.162545351535865024e+00 8.106314671940642924e+00
8.349553241639991796e+00 8.287598057179739186e+00
8.528380160306809898e+00 8.474215921387878936e+00
8.706971772876270776e+00 8.630115288251293038e+00
8.900882350550816113e+00 8.787100505564467312e+00
9.088263260060294613e+00 8.981869601032705930e+00
9.273949806794835382e+00 9.212898570564149736e+00
9.457599408134640839e+00 9.336675081670145815e+00
9.651734157296099070e+00 9.531455098038550844e+00
9.843752602553799136e+00 9.694401222150128561e+00
1.002709443389381150e+01 9.949037796412790513e+00
1.023413199433591458e+01 1.009326727284096137e+01
1.041193136587549795e+01 1.027764676741044703e+01
1.060002607490868165e+01 1.046946588264148303e+01
1.079466121366392173e+01 1.066144517122337376e+01
1.096807616229315308e+01 1.081849781883960837e+01
1.117305528406291870e+01 1.101036889332009316e+01
1.136168056891582800e+01 1.123674783491856566e+01
1.156264788739175664e+01 1.141211757946595640e+01
1.174298124340795546e+01 1.161504509403421537e+01
1.193276828323708827e+01 1.180574792334645018e+01
1.213961063527266226e+01 1.197449481992058828e+01
1.232808085591038960e+01 1.215888397199391413e+01
1.252041089233287252e+01 1.232075078816370173e+01
1.271931568016842995e+01 1.255036518011256597e+01
1.290586633528862670e+01 1.269604220175308740e+01
1.310675273373275296e+01 1.294841755190302379e+01
1.329434608428605991e+01 1.315899550093515913e+01
1.349110672948418355e+01 1.332534670303923718e+01
1.369516303979820471e+01 1.350689366751535836e+01
1.387038521373851552e+01 1.368725968016841676e+01
1.405871941449626306e+01 1.387350924311257216e+01
1.426151218830624856e+01 1.402899597894201555e+01
1.446390100452629035e+01 1.419735262097166206e+01
1.465643737332712604e+01 1.442393702727762061e+01
1.484808554039835116e+01 1.461642870019955964e+01
1.504799946056854587e+01 1.482012681664128984e+01
1.524157370033070613e+01 1.504113509977672081e+01
1.544040751655107613e+01 1.520149870414382676e+01
1.563799511050526192e+01 1.539732967174373002e+01
1.582841693071478772e+01 1.560479100495974514e+01
1.600896735210107380e+01 1.582856394935759248e+01
1.619920216807795299e+01 1.596426033993260241e+01
1.640308311850725076e+01 1.616991280849167367e+01
1.659318498601544789e+01 1.641494932395870521e+01
1.677838947671476078e+01 1.654572684399033378e+01
1.697245513684102747e+01 1.670022250437957112e+01
1.714606576707585006e+01 1.691905331321056849e+01
1.736029713833207566e+01 1.713747789057959992e+01
1.754328217760209796e+01 1.726823793353654324e+01
1.772918739677377431e+01 1.754930770538795315e+01
1.794130636833180859e+01 1.773647124650867113e+01
1.812082796387118933e+01 1.786615500333397577e+01
1.832080875239514484e+01 1.808665525500221705e+01
1.853145419339837829e+01 1.837720352603920304e+01
1.872587875356886045e+01 1.845391035632072629e+01
1.891291447576629636e+01 1.870552308279398090e+01
1.909656161949695274e+01 1.887652572843648713e+01
1.931616674898882735e+01 1.906225481210355355e+01
1.950927854513559367e+01 1.921809144712393191e+01
1.971054763220033124e+01 1.943037841659354115e+01
1.990259383817418026e+01 1.966720545125481578e+01
