0.000000000000000000e+00 0.000000000000000000e+00
0.000000000000000000e+00 0.000000000000000000e+00
0.000000000000000000e+00 0.000000000000000000e+00
9.300104209941673430e-03 0.000000000000000000e+00
0.000000000000000000e+00 3.178114135879340774e-01
4.197172555270124450e-01 2.276614432276149458e-01
1.086740570406359990e-01 1.262962070358987665e+00
1.487405961369764773e+00 1.535173354280853220e+00
1.698713195295010747e+00 1.773200940052273911e+00
1.891219920367507079e+00 1.968311516897957469e+00
2.147381993477358808e+00 2.055890233885892204e+00
2.333643426381703190e+00 2.260382708695279685e+00
2.514597275497724382e+00 2.460868960827036656e+00
2.704117775942246560e+00 2.640273830534788146e+00
2.889323369112990925e+00 2.833975821070056966e+00
3.078400148169191386e+00 3.029424248276639808e+00
3.269093739294063994e+00 3.217982347603685067e+00
3.457171490773581102e+00 3.413357580309471562e+00
3.644477149784070669e+00 3.605874007666936443e+00
3.835566280600741784e+00 3.799926777385242982e+00
4.029604139797871909e+00 3.971438433258243972e+00
4.223228766873507567e+00 4.187281855205580605e+00
4.405099023345974807e+00 4.357362137241856281e+00
4.590649377585378055e+00 4.568466821065558570e+00
4.781287179729549308e+00 4.740426718182032317e+00
4.987908158720893326e+00 4.900474450545393879e+00
5.173247689286109896e+00 5.101487519490039091e+00
5.373985455201389705e+00 5.308288026571251095e+00
5.575209107990581003e+00 5.489859085105917025e+00
5.777203308379790236e+00 5.701998459475597691e+00
5.969576517020612094e+00 5.867160059087544788e+00
6.174417409226814257e+00 6.068639926496896209e+00
6.379528833076474115e+00 6.291343343748279970e+00
6.579185630492253800e+00 6.471567060336698596e+00
6.763044346143121111e+00 6.664499648565234580e+00
6.969779131778618186e+00 6.869437172552900428e+00
7.164383736920424184e+00 7.059829074358669132e+00
7.365244869074114575e+00 7.259860073919004009e+00
7.567395180038569258e+00 7.422491931018504019e+00
7.760559539142739993e+00 7.649180354738094323e+00
7.954061544570152797e+00 7.827964057924445385e+00
8.155380107560802116e+00 8.044362056575820930e+00
8.341694930489145676e+00 8.173678893980328652e+00
8.544255111690810978e+00 8.393727996824981830e+00
8.724923780107019411e+00 8.626389846194983946e+00
8.924505914600009859e+00 8.803719530839288154e+00
9.113235432657509349e+00 8.948897865494290116e+00
9.304985764342784904e+00 9.145852903101445719e+00
9.495899130378287367e+00 9.388287449184547384e+00
9.683353227372805350e+00 9.565015238818407539e+00
9.886126231760789196e+00 9.821553505798679140e+00
1.008446655534585368e+01 9.879886725127883906e+00
1.028035137847255598e+01 1.013036520598446977e+01
1.046815704361112687e+01 1.035534032644921254e+01
1.066909367340296022e+01 1.049323184990652358e+01
1.086584011557062723e+01 1.071319928843055003e+01
1.105423645186962567e+01 1.086765845399976094e+01
1.125645982022597202e+01 1.104895181730175757e+01
1.145309573909780987e+01 1.128913823019065532e+01
1.163843525934567324e+01 1.142976821923481090e+01
1.184325512040666695e+01 1.168580213601179985e+01
1.202846059866194217e+01 1.189093511860969521e+01
1.223222096862595976e+01 1.203893672586553976e+01
1.242417745970473852e+01 1.227298821288212949e+01
1.262619301435894137e+01 1.245941887878099763e+01
1.282668965692897878e+01 1.261848226980369247e+01
1.302606868614997992e+01 1.279917542306843892e+01
1.321327315872841091e+01 1.304104626075610618e+01
1.341915741525224881e+01 1.318418132651724051e+01
1.361540294264186457e+01 1.341154787588980035e+01
1.382169841006473732e+01 1.355029282368433918e+01
1.402459177440004545e+01 1.373620651054642039e+01
1.421415434776391784e+01 1.397506788463407723e+01
1.440927276169951909e+01 1.413171691989730405e+01
1.461630527118057721e+01 1.437260717172878977e+01
1.481666313951672898e+01 1.451873091545446570e+01
1.501263899865250373e+01 1.480862980622438130e+01
1.522208587093875032e+01 1.498343960395104979e+01
1.541456499999856433e+01 1.507539636951137396e+01
1.561477672223937319e+01 1.536754593768166721e+01
1.581629925735792774e+01 1.548368028084444248e+01
1.601044638669982234e+01 1.568129725702722510e+01
1.620478067207806916e+01 1.586118355795836088e+01
1.640310843251296546e+01 1.611698252941582865e+01
1.660865012125676543e+01 1.629377174188023858e+01
1.679433660327756073e+01 1.647917942729317176e+01
1.699174542104104546e+01 1.666975653153058445e+01
1.719771305967046970e+01 1.694543636764770866e+01
1.738767229930135017e+01 1.700195656279689516e+01
1.758132886031986075e+01 1.724352871353562833e+01
1.777288331767319107e+01 1.746015516380652244e+01
1.797111412811894127e+01 1.766969539462272465e+01
1.817035675604261868e+01 1.788513485820125481e+01
1.833747807683499431e+01 1.808112974180907528e+01
1.853072662554620820e+01 1.815060297533546319e+01
1.873019921698933388e+01 1.841075260285784054e+01
1.892526173911541676e+01 1.861634731964796785e+01
1.912194586896217174e+01 1.887963605265306199e+01
1.930648696103892092e+01 1.888312008227140382e+01
1.950944790855125177e+01 1.918771691879850394e+01
1.970583019074541298e+01 1.939008530236409911e+01
