0.000000000000000000e+00 0.000000000000000000e+00
0.000000000000000000e+00 0.000000000000000000e+00
0.000000000000000000e+00 0.000000000000000000e+00
0.000000000000000000e+00 0.000000000000000000e+00
0.000000000000000000e+00 0.000000000000000000e+00
0.000000000000000000e+00 0.000000000000000000e+00
0.000000000000000000e+00 0.000000000000000000e+00
0.000000000000000000e+00 0.000000000000000000e+00
0.000000000000000000e+00 1.633996611393982168e-01
2.048273296167636426e-01 6.751886023644800616e+00
4.397856384363338478e+00 7.565945018822912260e+00
7.142894730826983896e+00 7.345662559818103787e+00
7.290511547058553532e+00 7.299008027335428750e+00
7.292110600691449562e+00 7.338490270630924073e+00
7.302820830085313908e+00 7.459163912297841037e+00
7.364703770598812760e+00 7.493445032210078516e+00
7.554503775804318977e+00 7.752801812772100121e+00
7.656252947403246800e+00 7.931893719248382268e+00
7.795197599472081684e+00 8.194428850780720808e+00
8.132375354646805832e+00 8.460241030780018434e+00
8.398614534521056996e+00 8.631693868639771949e+00
8.618188988957447449e+00 8.814909050645926669e+00
8.860127508636260529e+00 8.981554188909091963e+00
8.972460169208837044e+00 9.169469051185435760e+00
9.199015547244663082e+00 9.357893781104426267e+00
9.366843235263168310e+00 9.528684953882130770e+00
9.573368572444751479e+00 9.700520247103881388e+00
9.757300336162957777e+00 9.872196912163669680e+00
9.895835016112069837e+00 1.002800016472790823e+01
1.009684531711220679e+01 1.020076410029802183e+01
1.024897062965358430e+01 1.036296287272239347e+01
1.041084324129101901e+01 1.052649753140611644e+01
1.060456785994287010e+01 1.070788285896853864e+01
1.074282305765151690e+01 1.086645211127522614e+01
1.092337805699969522e+01 1.102855394228401131e+01
1.107059302034117643e+01 1.119336175924342669e+01
1.123511489379710504e+01 1.135661779179304531e+01
1.141613536023481323e+01 1.152054317167056396e+01
1.155836705393674890e+01 1.169270837169557353e+01
1.172137312142846355e+01 1.185085059487997405e+01
1.189382252059935041e+01 1.201326117846011776e+01
1.206766431626516933e+01 1.216659341050688781e+01
1.220079135668268933e+01 1.233083934976992424e+01
1.238590385264711635e+01 1.249134264114350401e+01
1.254284870391139428e+01 1.265115576931236951e+01
1.271026347360263031e+01 1.282087705231744756e+01
1.285552637386179775e+01 1.298070797595232939e+01
1.303511565057461041e+01 1.314868830279678669e+01
1.320744220545102898e+01 1.330754460358364000e+01
1.332338407919706391e+01 1.347771675173934192e+01
1.351828653021554061e+01 1.363408879201295143e+01
1.367045110732600932e+01 1.379908816916642955e+01
1.384255848620861329e+01 1.395829269682040774e+01
1.399328690544554910e+01 1.412347352028169745e+01
1.411438070158049207e+01 1.428522094037485246e+01
1.434315383090006257e+01 1.444474932104387754e+01
1.449429903020373445e+01 1.460985331306737045e+01
1.463810225714738067e+01 1.476481635080519261e+01
1.480708094200016234e+01 1.493678328709187397e+01
1.505115989752863115e+01 1.491739612430871276e+01
1.507989854472023339e+01 1.524691683144546417e+01
1.536145112114748912e+01 1.525615727313062742e+01
1.538596443132858660e+01 1.555341471507851026e+01
1.552392773828667849e+01 1.570631549060682630e+01
1.573556344638044280e+01 1.588111276473913591e+01
1.584946968371430565e+01 1.604208667754997464e+01
1.599727402156280931e+01 1.620641372964633220e+01
1.621874091741443991e+01 1.637348908787140545e+01
1.634165804337304095e+01 1.653808623909127817e+01
1.647718124809716755e+01 1.670668865899876820e+01
1.671625175005073061e+01 1.687063221483488107e+01
1.682969977323453037e+01 1.702339545847565461e+01
1.704359603376161303e+01 1.719357634614025443e+01
1.717892583446561616e+01 1.735994137478695265e+01
1.729930295968124554e+01 1.751772284593465656e+01
1.767432182556648712e+01 1.752636463599104388e+01
1.782981151318649538e+01 1.761144328642630086e+01
1.784689667879580455e+01 1.798964002269755724e+01
1.812801962424576629e+01 1.803106060240769537e+01
1.812960755638656352e+01 1.831365204149372161e+01
1.846243995490220158e+01 1.830050077121433105e+01
1.863173947153355314e+01 1.841952141725737491e+01
1.880204628097387953e+01 1.860514951172218900e+01
1.876875776118519923e+01 1.896442882513715489e+01
1.889776082917622446e+01 1.913648127566955992e+01
1.929822103195248673e+01 1.911520857029463016e+01
1.948158678062907256e+01 1.929509893573125012e+01
1.964569400229649077e+01 1.943402823772861154e+01
1.981361982908214614e+01 1.965221305191460388e+01
1.997577114994418679e+01 1.981044090303807792e+01
2.013936405462523638e+01 1.997059672875948166e+01
2.031952688920642913e+01 2.013835741554433056e+01
2.048214693657931917e+01 2.024783319294846962e+01
2.045026134360184500e+01 2.063107157266958680e+01
2.082601996171466396e+01 2.065075653767306463e+01
2.097310512339306499e+01 2.080032702730841621e+01
2.097441640865601187e+01 2.112941390372438377e+01
2.108424506771996931e+01 2.129137816549808448e+01
2.125898665911364205e+01 2.145666997772944384e+01
2.165183832543813836e+01 2.140355184369717989e+01
2.181379027829604311e+01 2.168826434799434821e+01
