0.000000000000000000e+00 0.000000000000000000e+00
0.000000000000000000e+00 0.000000000000000000e+00
0.000000000000000000e+00 0.000000000000000000e+00
0.000000000000000000e+00 0.000000000000000000e+00
0.000000000000000000e+00 0.000000000000000000e+00
0.000000000000000000e+00 0.000000000000000000e+00
0.000000000000000000e+00 5.823091590180448640e-03
7.676063131533673173e-03 0.000000000000000000e+00
8.278814645069762501e-02 3.673834407276567737e-01
2.045641470052655286e+00 6.088093638383726081e+00
5.382202283150288480e+00 4.766201961007291210e+00
6.142695485607296391e+00 6.146834179174772039e+00
6.022130691947000791e+00 6.033879543160409753e+00
6.116599785152003754e+00 6.225797569427276912e+00
6.171073830401228477e+00 6.251341111730184252e+00
6.297242170780045001e+00 6.493249519704727746e+00
6.447787807182644215e+00 6.678817962310345635e+00
6.670518155681956607e+00 6.995279933348871992e+00
7.016328476595088404e+00 7.212948670973608145e+00
7.256823887519753491e+00 7.471311459150085987e+00
7.448699873977909114e+00 7.659167946145472250e+00
7.679271845399975760e+00 7.902483695356658622e+00
7.889317509197565137e+00 8.091666652084558820e+00
8.117476683285515193e+00 8.264855522821989098e+00
8.272078505174105700e+00 8.445678504665027120e+00
8.470707445776646694e+00 8.617292406765868051e+00
8.665210382718871784e+00 8.782579775365716657e+00
8.858208178225234875e+00 8.962366221074717032e+00
8.996873651838379615e+00 9.129425505653998130e+00
9.182808618927429833e+00 9.305858025794480071e+00
9.338096038409126720e+00 9.470723183867891137e+00
9.525230516508049305e+00 9.638649560200729383e+00
9.686020273091141775e+00 9.800807067745143542e+00
9.871340048223808950e+00 9.970727763616748618e+00
1.003839035087957576e+01 1.012848018378047854e+01
1.019817761205322171e+01 1.029033625766977522e+01
1.036552770354228947e+01 1.044935057996252858e+01
1.050851477223932307e+01 1.061630347830348597e+01
1.068192739197722574e+01 1.077684422054743507e+01
1.083199278105815111e+01 1.093761383320762270e+01
1.093640286886645718e+01 1.110276889010457602e+01
1.114418720212831992e+01 1.126668462507614699e+01
1.130442924714972186e+01 1.143482126201507576e+01
1.144204324960574226e+01 1.159630706057868821e+01
1.152897824777725688e+01 1.176528484836702404e+01
1.176251177451321972e+01 1.193066378349225687e+01
1.193027094824415002e+01 1.209266287938595674e+01
1.203106394194015927e+01 1.225882943076900844e+01
1.223087276244686983e+01 1.242098243782634093e+01
1.238512566199139009e+01 1.257702423873834618e+01
1.255769281245804869e+01 1.274306483487774777e+01
1.271313739307820612e+01 1.291094397502711821e+01
1.288552590628319194e+01 1.307404553855524654e+01
1.303647852256954387e+01 1.324646192113008780e+01
1.322259810247030565e+01 1.341220875111669741e+01
1.337820802312662316e+01 1.357977807773281143e+01
1.352625304307452048e+01 1.374767514847374628e+01
1.368417946499709714e+01 1.391312502703284437e+01
1.404296561801363374e+01 1.380404094693053807e+01
1.396344262695885519e+01 1.422204479318954107e+01
1.415791339507370772e+01 1.437125026723678367e+01
1.451809709659978331e+01 1.430571126261708415e+01
1.443833918763174395e+01 1.468616947450596300e+01
1.461313207730414554e+01 1.484884128355954047e+01
1.479333941444574130e+01 1.500162649696480166e+01
1.516316899350914582e+01 1.491139068710067406e+01
1.511149016611351570e+01 1.533920410348943442e+01
1.549048744166868552e+01 1.530589369056651528e+01
1.565070182060074977e+01 1.543466383197272407e+01
1.580503338603466013e+01 1.560328674596747511e+01
1.597986616316832986e+01 1.573617151687168736e+01
1.612876940441670470e+01 1.588840047327449234e+01
1.608870835573726055e+01 1.630012553909482875e+01
1.624216745437973586e+01 1.646590401153617478e+01
1.663269547671382043e+01 1.642902087062759975e+01
1.657259100207167890e+01 1.679711394762281884e+01
1.697810884546265342e+01 1.674249901013726927e+01
1.692016128170151745e+01 1.713778906877577057e+01
1.731239351895793277e+01 1.706422967775921862e+01
1.748337935503055007e+01 1.716368847407564857e+01
1.765159030058589451e+01 1.741519146430092491e+01
1.757846806388768357e+01 1.780277660835635700e+01
1.797699785217809065e+01 1.776756161517857890e+01
1.815416810916729062e+01 1.794164351997904916e+01
1.811668284966930642e+01 1.830504219998369564e+01
1.849795536587024003e+01 1.823400537865260418e+01
1.866316972641145711e+01 1.838940413186215039e+01
1.883862200469055281e+01 1.864008696624173567e+01
1.901401759507638545e+01 1.877767442821948762e+01
1.918625198687906064e+01 1.899491574444488862e+01
1.935739218291476504e+01 1.913533368883500074e+01
1.933098400982467169e+01 1.949623269311808471e+01
1.969802680921978322e+01 1.947358925965918175e+01
1.988287378063299471e+01 1.963790492099496987e+01
2.004355964483332286e+01 1.986049195919507326e+01
2.000466134269644058e+01 2.017417877428149353e+01
2.039981416003780623e+01 2.021039712714510017e+01
2.058051258298360509e+01 2.037518148038253329e+01
2.075262616358821077e+01 2.055287133905124364e+01
2.092982365778516041e+01 2.063176725663856104e+01
2.112114375376233255e+01 2.095967482821260575e+01
