0.000000000000000000e+00 0.000000000000000000e+00
0.000000000000000000e+00 0.000000000000000000e+00
0.000000000000000000e+00 0.000000000000000000e+00
0.000000000000000000e+00 0.000000000000000000e+00
0.000000000000000000e+00 0.000000000000000000e+00
0.000000000000000000e+00 0.000000000000000000e+00
1.491093284895622095e-01 0.000000000000000000e+00
1.163160173180249057e-01 2.515265466006240569e+00
2.864240180865478269e+00 2.892842862917372138e+00
3.033962518404966335e+00 3.061668489089127032e+00
3.206620870293764192e+00 3.220892760881370442e+00
3.316372874213979749e+00 3.374587280417713497e+00
3.448874520007337630e+00 3.562135250000626474e+00
3.630366330209455761e+00 3.551597146032094976e+00
3.736001628576768763e+00 3.927202868880937725e+00
3.935782963421976088e+00 4.140153225757340572e+00
4.202033311088306355e+00 4.384132452016562986e+00
4.422492870505000617e+00 4.604413431191796136e+00
4.633614628057767248e+00 4.812927951896595502e+00
4.773993956405647943e+00 5.004307788657158085e+00
4.998582473933532277e+00 5.188499209553513403e+00
5.196736478258901393e+00 5.360793610184384050e+00
5.388349382757257722e+00 5.533790382243365613e+00
5.582944909301118308e+00 5.703485537071035338e+00
5.749154754440802151e+00 5.860086779989414296e+00
5.944607778403101506e+00 6.020161044514007465e+00
6.120142284745631045e+00 6.181642331868895113e+00
6.344368845460254924e+00 6.296934490983379540e+00
6.505242894866869463e+00 6.422438921204116191e+00
6.672799805952907448e+00 6.562680582806311946e+00
6.702975750129789745e+00 6.847298442959245612e+00
7.018557840213814458e+00 6.854534720504089407e+00
7.190508285862761362e+00 7.014639793979721816e+00
7.358499514666503316e+00 7.179091406797216024e+00
7.536544968501403652e+00 7.367884667723938463e+00
7.709914827756276345e+00 7.594196624974746790e+00
7.882398397824163183e+00 7.742020374493740142e+00
8.058938896130795726e+00 7.933774238594736516e+00
8.223151636099956363e+00 8.098453263134206992e+00
8.408940903085392549e+00 8.262896659080276152e+00
8.583366638351421329e+00 8.449663339247793559e+00
8.641311742060549861e+00 8.741383117223820776e+00
8.786039599179746418e+00 8.925860040796861128e+00
9.106314729298240707e+00 8.981946294990947877e+00
9.300708607861539079e+00 9.148672747236638259e+00
9.476487997863582535e+00 9.311845010874053585e+00
9.502169054511917068e+00 9.645143730268911142e+00
9.838289162217671802e+00 9.704192315854047735e+00
1.002780249095836496e+01 9.870115752637156348e+00
1.021525662390680722e+01 1.004125989106606909e+01
1.040037453592413463e+01 1.022105697899614007e+01
1.043558998633519685e+01 1.055657835875254236e+01
1.075112979418070580e+01 1.058398141307560891e+01
1.093872216450860613e+01 1.078352967307902510e+01
1.112316918287338119e+01 1.093794048859422219e+01
1.130830000209938291e+01 1.111623984518282882e+01
1.149097864441950456e+01 1.134664900474838767e+01
1.167649436227851112e+01 1.153694316219978866e+01
1.186198050294566997e+01 1.170366752554462941e+01
1.205718606546413518e+01 1.189566075378454713e+01
1.224005705613634909e+01 1.204994350349405252e+01
1.242786849415578843e+01 1.228382635983933113e+01
1.262494431119777438e+01 1.245098157948769924e+01
1.280085275693666347e+01 1.268701156270315344e+01
1.298362844251262160e+01 1.280155811578705816e+01
1.319011627569511980e+01 1.299365563334301577e+01
1.338007495339008202e+01 1.319173253527579348e+01
1.356925470659989941e+01 1.340492926103776483e+01
1.374082954845560955e+01 1.358821604032781671e+01
1.394514164263171807e+01 1.377314244238643148e+01
1.411780370925254680e+01 1.397772676972060246e+01
1.431060303111582677e+01 1.411398619543401978e+01
1.449462720767910007e+01 1.437241677239751247e+01
1.469004291589932443e+01 1.450989403345658779e+01
1.486739356897900066e+01 1.471771962540016432e+01
1.506472413943814281e+01 1.490642232683504353e+01
1.526353451379929460e+01 1.510072162808559426e+01
1.545172336126320367e+01 1.533812109419594982e+01
1.563762002710688748e+01 1.547219702898634885e+01
1.582475838362497811e+01 1.570833761303240905e+01
1.604047488594774151e+01 1.581109413606657199e+01
1.622775787643816514e+01 1.604362329738376047e+01
1.641281938386348571e+01 1.625183394315798324e+01
1.659914195136716586e+01 1.644505571328151561e+01
1.679699612387586072e+01 1.658171344468758335e+01
1.698946927313178890e+01 1.675188130740013648e+01
1.717973247708286166e+01 1.698895195620183074e+01
1.736689858328875147e+01 1.721496134332780059e+01
1.754948075765940274e+01 1.739733317794436829e+01
1.775053858622295522e+01 1.763432590998111493e+01
1.793554391356985178e+01 1.775646077394071298e+01
1.814181519171318158e+01 1.789315987608084413e+01
1.832821310324715469e+01 1.818074541818863565e+01
1.853131022538928363e+01 1.839818507229148636e+01
1.872543693963139333e+01 1.853478974293162196e+01
1.891783269438414905e+01 1.874328906830401209e+01
1.912743578760887786e+01 1.887422725213288643e+01
1.929908342596325710e+01 1.909548070467385372e+01
1.952151265536809177e+01 1.920902963071356595e+01
1.972049100027257751e+01 1.936515855727018831e+01
1.989397395639357313e+01 1.969810365945329877e+01
