0.000000000000000000e+00 0.000000000000000000e+00
0.000000000000000000e+00 0.000000000000000000e+00
0.000000000000000000e+00 0.000000000000000000e+00
0.000000000000000000e+00 0.000000000000000000e+00
0.000000000000000000e+00 0.000000000000000000e+00
0.000000000000000000e+00 0.000000000000000000e+00
0.000000000000000000e+00 0.000000000000000000e+00
7.431150101397335228e-02 1.616816545944791850e+00
5.203786839573992795e-02 0.000000000000000000e+00
3.154640369414972056e+00 4.367602493207025205e+00
5.139812336923959002e+00 6.366450041468436183e+00
6.530453698390353168e+00 5.173249569359620104e+00
6.514925588789123978e+00 6.526881202019975348e+00
6.601329874555044164e+00 6.712218378899812876e+00
6.703657735246610017e+00 6.860766736301084023e+00
6.913217245590898230e+00 7.089306861011102079e+00
7.048684634318952646e+00 7.210960862858872389e+00
7.214475914674943979e+00 7.505513178680174313e+00
7.325015153348207519e+00 7.725269447318392046e+00
7.653948358330803003e+00 7.969195174732956133e+00
7.783915207980953710e+00 8.181465106949048050e+00
8.121103501993868434e+00 8.373014572078629314e+00
8.346789496965033806e+00 8.543718865978426891e+00
8.540121187680949078e+00 8.720917693005983296e+00
8.776524101551801849e+00 8.889192980896870822e+00
8.971336093322193506e+00 9.054127655885110926e+00
9.139408625554661825e+00 9.235646557851850957e+00
9.316391365179805817e+00 9.399494331328257957e+00
9.520034549406839020e+00 9.559952567299260906e+00
9.669398368973283198e+00 9.727289469108276521e+00
9.855558833823813814e+00 9.899382073928221004e+00
1.001512900221867142e+01 1.007343125874718659e+01
1.017786299421698182e+01 1.023860092975047209e+01
1.034106631893915029e+01 1.040299775037059860e+01
1.049440259913711770e+01 1.057192437910686600e+01
1.069588434749529604e+01 1.074096385643279383e+01
1.085064519301770858e+01 1.089933665545723862e+01
1.101959719487758704e+01 1.107670008590765853e+01
1.117942463218338212e+01 1.124321388660913534e+01
1.136678679925491942e+01 1.141658427388154884e+01
1.149736470474997674e+01 1.157601416618473245e+01
1.168668349427206898e+01 1.175155205265311409e+01
1.181986473859212339e+01 1.190862979730551530e+01
1.197265882700456707e+01 1.206735703339122878e+01
1.214163228154651009e+01 1.223159308970318548e+01
1.225347086022545895e+01 1.239439517956654768e+01
1.242126202484141473e+01 1.255099267674295405e+01
1.260756164359744247e+01 1.271440225794088086e+01
1.277448930047100006e+01 1.287559345824255175e+01
1.298985339249275306e+01 1.292197385309856905e+01
1.312084883065149832e+01 1.307136719724410234e+01
1.323496450264219781e+01 1.330047825975461429e+01
1.336669894979787898e+01 1.344733869597080655e+01
1.357306973216287638e+01 1.353461161161338033e+01
1.366142219632086174e+01 1.375933120010519772e+01
1.385237964025228230e+01 1.391261255429970589e+01
1.404175425711506797e+01 1.397670085727816591e+01
1.412511503275020708e+01 1.422089352181588318e+01
1.435602246752099020e+01 1.439024356197636223e+01
1.448033861605453687e+01 1.456329093164031896e+01
1.460915174840229191e+01 1.473527306658352032e+01
1.484579436243081929e+01 1.489572216234207147e+01
1.503529771671877135e+01 1.496293222336310080e+01
1.513288559744463413e+01 1.521976914244325485e+01
1.531461419325087903e+01 1.538107807522453641e+01
1.545734486756316173e+01 1.554966436393423024e+01
1.569652010152552180e+01 1.562305025905664380e+01
1.579278509545415332e+01 1.587076008289794515e+01
1.592296874218259006e+01 1.604314483747168651e+01
1.618051105137798373e+01 1.608163672201635563e+01
1.615564277098112811e+01 1.636345220063249783e+01
1.641106938443122587e+01 1.652278919629650034e+01
1.661154159366484606e+01 1.667439658598458863e+01
1.683348037599940383e+01 1.678169406750358306e+01
1.692228349579615809e+01 1.699674458422565237e+01
1.715940590103259922e+01 1.710905117345656379e+01
1.725283237156167715e+01 1.733715710070037730e+01
1.750039713453779200e+01 1.744638902592112473e+01
1.757358742029958165e+01 1.766319775627724198e+01
1.784036084787629761e+01 1.768080586977157154e+01
1.800809313299647130e+01 1.785367753125025558e+01
1.818103898216809000e+01 1.812347850020316642e+01
1.836209212298347282e+01 1.824944478846055418e+01
1.842539232537719940e+01 1.851207553560296049e+01
1.868910953611088743e+01 1.854024735470234475e+01
1.875944219244051325e+01 1.884873773501352545e+01
1.903700906373849833e+01 1.885748395727809168e+01
1.920749079171065432e+01 1.906500919999459143e+01
1.938129482441840779e+01 1.924862258735284826e+01
1.942235525786849948e+01 1.952990606652915773e+01
1.956919407453774795e+01 1.970817012465487039e+01
1.990064829077300601e+01 1.967663460736898173e+01
2.007291172324825723e+01 1.994652802189416718e+01
2.025201671126421488e+01 2.008970763116586866e+01
2.042199122241103026e+01 2.026800796868685950e+01
2.060681151440597247e+01 2.045440348676195086e+01
2.078843762516838822e+01 2.054552872480564929e+01
2.096926661305364092e+01 2.080790936872337937e+01
2.113851631283478483e+01 2.091161133816227746e+01
2.132100389268605056e+01 2.112463931894742331e+01
2.149764140009495605e+01 2.133042521570459371e+01
