0.000000000000000000e+00 0.000000000000000000e+00
0.000000000000000000e+00 0.000000000000000000e+00
0.000000000000000000e+00 0.000000000000000000e+00
0.000000000000000000e+00 0.000000000000000000e+00
0.000000000000000000e+00 0.000000000000000000e+00
0.000000000000000000e+00 0.000000000000000000e+00
0.000000000000000000e+00 0.000000000000000000e+00
0.000000000000000000e+00 0.000000000000000000e+00
0.000000000000000000e+00 0.000000000000000000e+00
0.000000000000000000e+00 0.000000000000000000e+00
5.662990043031603665e-02 0.000000000000000000e+00
2.214304777742861496e-01 1.014325765447438854e-01
2.948889616628480592e-01 5.633225478703507427e-02
4.491333666379061507e-01 7.406343991188682474e-02
4.912335128824162345e-01 4.020890972438518673e+00
3.105746532144292971e+00 5.685506819530742106e+00
6.012016760669693483e+00 6.004625371459171745e+00
5.909395592724630220e+00 5.956948948315639036e+00
5.875377141283902205e+00 5.986853362360776920e+00
6.094550366775268735e+00 6.124999983399106895e+00
6.215389976947189865e+00 6.301604780345108736e+00
6.380913745075272203e+00 6.400583092309673816e+00
6.483681720906135482e+00 6.579402983077595302e+00
6.616491571708340125e+00 6.728871868747466678e+00
6.733549515697651699e+00 6.944253048723566302e+00
6.872603929310519888e+00 7.154674451989793127e+00
7.059193668041413794e+00 7.307358878323370277e+00
7.315097796656668372e+00 7.490788168976403760e+00
7.578879376540575308e+00 7.511653282546698840e+00
7.657806988743933729e+00 7.835303948529212192e+00
7.813520346576368070e+00 7.998398942971912895e+00
7.958888662466484298e+00 8.160260194708225612e+00
8.145739224591341809e+00 8.300858680146163238e+00
8.294963081628418777e+00 8.453774491893884857e+00
8.501057124828976796e+00 8.602581761562298368e+00
8.659638329960966274e+00 8.750030603287004993e+00
8.899018202304464609e+00 8.794170070714464771e+00
9.046777595691047225e+00 8.930017337251401344e+00
9.198454229994402098e+00 9.074704590795814596e+00
9.205284129198265219e+00 9.345043687161277646e+00
9.508626522449658225e+00 9.391448873268418041e+00
9.670114665973770229e+00 9.545982671567250222e+00
9.821027344030904160e+00 9.700702330870928591e+00
9.985432838987943427e+00 9.857539099121188642e+00
1.015466853549872539e+01 1.004210321462273114e+01
1.031532386533021395e+01 1.019040399752659809e+01
1.048305169165619510e+01 1.034361628646378684e+01
1.064852701234933718e+01 1.051876399024900621e+01
1.081412232791641337e+01 1.070213245721140360e+01
1.098301474768304509e+01 1.088931101996534778e+01
1.114731978372215870e+01 1.105752143569869261e+01
1.131305257939351883e+01 1.115894630920893604e+01
1.148992113188278275e+01 1.137871304584404442e+01
1.165494377187533814e+01 1.156464667960849368e+01
1.182627034429736490e+01 1.172418350051489178e+01
1.200023346125740176e+01 1.189522690412271366e+01
1.217833342874014946e+01 1.208164703364327330e+01
1.235261295162868223e+01 1.225748466445883800e+01
1.251672915583913515e+01 1.232224638332843547e+01
1.269212905502294220e+01 1.259907564046246087e+01
1.286241291845741763e+01 1.275921373734958131e+01
1.303171079216881090e+01 1.296522976224085788e+01
1.320768040577673474e+01 1.313020223252566510e+01
1.339852658355864179e+01 1.332518597945982819e+01
1.358340284053953972e+01 1.346639898308720795e+01
1.377448654137653961e+01 1.358350941291750935e+01
1.395171404283684780e+01 1.385351519119226893e+01
1.413094755125729662e+01 1.403397722449265572e+01
1.433336373489124149e+01 1.419484735607629666e+01
1.452058015709487293e+01 1.431112313143879078e+01
1.470409769579876524e+01 1.455206135495556907e+01
1.488798702223912152e+01 1.471176360468390776e+01
1.506846177666158937e+01 1.492669377622286575e+01
1.526186834971364625e+01 1.511319797074403937e+01
1.544729614999890366e+01 1.525735249572857732e+01
1.564197438872575852e+01 1.544740048171227897e+01
1.583945881121278454e+01 1.560262380583739805e+01
1.602511354188680670e+01 1.582796782752246045e+01
1.621040353885870289e+01 1.603695979861242549e+01
1.639375619373487325e+01 1.618860496002216465e+01
1.657120953224203674e+01 1.633264837072643871e+01
1.675606310652997166e+01 1.655841172557346397e+01
1.695160572408432387e+01 1.676508317277691518e+01
1.714065390600321948e+01 1.689645981676764208e+01
1.732761500631080764e+01 1.707681029257003402e+01
1.751962149582301720e+01 1.728551952139630288e+01
1.771182398296064875e+01 1.748838481430974667e+01
1.790488110788748344e+01 1.765951825472753001e+01
1.808718231122169229e+01 1.785108327243816717e+01
1.827775538180407722e+01 1.799536392456275280e+01
1.846645486721767782e+01 1.823532010177576623e+01
1.866067837681936226e+01 1.842813937960423587e+01
1.885558536171982524e+01 1.866417462256221427e+01
1.904466589699963563e+01 1.874691685049493373e+01
1.923641498199965127e+01 1.894812311824790285e+01
1.943533823099303603e+01 1.914525362055841029e+01
1.963158383537312446e+01 1.929308078085980327e+01
1.980087902853076542e+01 1.959090681408390466e+01
2.000320252487829009e+01 1.975491198082277577e+01
2.019644594950498728e+01 1.990136370746697381e+01
2.037665164585586197e+01 2.011444424411182297e+01
