0.000000000000000000e+00 0.000000000000000000e+00
0.000000000000000000e+00 0.000000000000000000e+00
0.000000000000000000e+00 0.000000000000000000e+00
0.000000000000000000e+00 0.000000000000000000e+00
0.000000000000000000e+00 0.000000000000000000e+00
0.000000000000000000e+00 0.000000000000000000e+00
0.000000000000000000e+00 0.000000000000000000e+00
0.000000000000000000e+00 0.000000000000000000e+00
0.000000000000000000e+00 0.000000000000000000e+00
0.000000000000000000e+00 0.000000000000000000e+00
0.000000000000000000e+00 0.000000000000000000e+00
0.000000000000000000e+00 0.000000000000000000e+00
0.000000000000000000e+00 0.000000000000000000e+00
0.000000000000000000e+00 0.000000000000000000e+00
1.843299790039419628e-02 0.000000000000000000e+00
1.843299790039419628e-02 0.000000000000000000e+00
1.497564892275642101e-01 -8.394100249381698797e-02
8.759061129789601219e-02 6.452772116870426622e+00
5.966725983441761194e+00 6.344838252416002078e+00
6.167323444074062522e+00 6.454828286595715170e+00
6.564169733228470527e+00 6.546912103756925561e+00
6.711198125358884603e+00 6.745610816055074288e+00
6.790673567666944521e+00 6.777617704479817817e+00
6.871459643666943506e+00 7.009985882255165279e+00
7.023122436719136275e+00 7.114617937239383849e+00
7.196722523590032949e+00 7.305589698274264521e+00
7.383134918650564593e+00 7.327846663747601852e+00
7.466630465778876236e+00 7.635215749135849883e+00
7.651882434604869054e+00 7.777372010793325074e+00
7.815727763765549341e+00 7.942355071814007239e+00
7.960051631387863758e+00 8.082899773311883251e+00
8.099936211446395973e+00 8.222033607960218760e+00
8.272383516764115541e+00 8.370793391831270469e+00
8.430982267985836387e+00 8.515310086584650051e+00
8.648026897459693885e+00 8.565857523017355035e+00
8.725838507799229760e+00 8.804734204328530822e+00
8.877785624225278838e+00 8.942360386293104924e+00
9.090948167629901988e+00 9.015996467624265875e+00
9.246087734232153466e+00 9.185360250534507998e+00
9.405895414589847903e+00 9.351884386279721184e+00
9.562765490196417417e+00 9.469398383372773509e+00
9.719149338335281385e+00 9.625473776847215390e+00
9.877049284762039250e+00 9.791326816003833144e+00
1.004264016955037064e+01 9.912464227274455197e+00
1.020523520495984471e+01 1.008493997015039412e+01
1.036026347071178932e+01 1.025241276162435611e+01
1.053107794296990640e+01 1.037388071407493584e+01
1.068809458275475066e+01 1.060639131166271731e+01
1.086482733630796993e+01 1.072748980242887207e+01
1.103589526190453896e+01 1.092277410002106919e+01
1.119689739378178750e+01 1.107975048139554453e+01
1.137139668209634458e+01 1.123830350657255472e+01
1.154680468016364259e+01 1.141176547162556965e+01
1.173074384248662128e+01 1.157847732485522663e+01
1.190682993940659529e+01 1.177729792948023935e+01
1.206946208499484108e+01 1.193773052597349604e+01
1.225130658481933743e+01 1.208154401848910986e+01
1.242567525136356466e+01 1.227620108102453322e+01
1.260446925201906865e+01 1.248523050915678390e+01
1.278949627414690404e+01 1.265465385596196946e+01
1.296894572609857832e+01 1.286219250706866646e+01
1.315622518505314531e+01 1.302968147180858516e+01
1.332363680252181126e+01 1.316212917368093116e+01
1.350220205302945153e+01 1.335049608109825670e+01
1.367433183007914366e+01 1.350335872767251821e+01
1.386496061867200780e+01 1.367383939936439141e+01
1.403605806165276526e+01 1.386046307850618931e+01
1.422362005861471701e+01 1.401398653988280607e+01
1.439865434287678880e+01 1.425848002355239075e+01
1.457729279193155314e+01 1.433872959864571506e+01
1.475561539128097266e+01 1.451019659649299243e+01
1.494390605138957895e+01 1.479664304845978506e+01
1.512669413998250079e+01 1.499447323831671142e+01
1.530187509858453687e+01 1.510402304097550541e+01
1.549466859840362076e+01 1.530155783646549494e+01
1.568689369610305562e+01 1.542648926703861889e+01
1.586719571297393117e+01 1.567681399154333022e+01
1.604777587674225359e+01 1.591392681750977722e+01
1.623731503637360163e+01 1.600338695659175059e+01
1.642085475776402959e+01 1.624570349089445997e+01
1.659568850720248889e+01 1.638799121975497641e+01
1.678567580580999774e+01 1.646737220728390128e+01
1.698140223635675028e+01 1.670982499048315617e+01
1.718423568907047638e+01 1.695917062900154804e+01
1.735445113657302230e+01 1.704278928761612733e+01
1.754179997085491749e+01 1.721537850263617386e+01
1.773472043810529541e+01 1.736945303213736480e+01
1.793999109243651802e+01 1.762827189266931782e+01
1.812625868094866632e+01 1.782363706034256268e+01
1.830233374845367322e+01 1.805981726973132950e+01
1.849930989506205492e+01 1.811342805061250516e+01
1.868807058071604388e+01 1.836347306177687955e+01
1.887112588522887791e+01 1.858551863958253847e+01
1.905671669537830226e+01 1.874294742611269271e+01
1.925764915128825550e+01 1.891568608576076471e+01
1.942716449832053982e+01 1.912002193845331277e+01
1.963480676295066374e+01 1.927032663267797474e+01
1.982569294034665575e+01 1.936570325276072779e+01
2.000176323352715357e+01 1.965418353203475377e+01
2.019415060203849777e+01 1.985506355342232254e+01
2.037495665770718034e+01 2.006497415200257350e+01
