0.000000000000000000e+00 0.000000000000000000e+00
0.000000000000000000e+00 0.000000000000000000e+00
0.000000000000000000e+00 6.859671733005593408e-01
1.341118608239571408e+00 1.770308028003570566e+00
1.819637968285101159e+00 1.821527749063446056e+00
1.889531002481921851e+00 1.904313277419257489e+00
1.997511231672057130e+00 2.057720694232926473e+00
2.164071672273560676e+00 2.202619207465564610e+00
2.326198230929701349e+00 2.394381158511009744e+00
2.552663330024111055e+00 2.584240162530196283e+00
2.733731949027708552e+00 2.789553232181773978e+00
2.931525679734281464e+00 2.974190516490470948e+00
3.113348230153766494e+00 3.166703611096557847e+00
3.294910290199831504e+00 3.360543856152663711e+00
3.478764205851423430e+00 3.556978029526311147e+00
3.674019107686794960e+00 3.744637815338196063e+00
3.860745090963932036e+00 3.936364802426361997e+00
4.040445653455617681e+00 4.123953001779293359e+00
4.246625462625773118e+00 4.303296252966479329e+00
4.426487486634210100e+00 4.476973700519693899e+00
4.637890110920995568e+00 4.599228850133980195e+00
4.774618458007902078e+00 4.836547921712452514e+00
4.977671023664645311e+00 5.023435415247513802e+00
5.143307309336294431e+00 5.220273386660809756e+00
5.343958033123099582e+00 5.418140935519796031e+00
5.503708602541955486e+00 5.603948627168580998e+00
5.769582784445523416e+00 5.708586872992632344e+00
5.877494467847653503e+00 5.952866580742920632e+00
6.125416795087267552e+00 6.081980181386539286e+00
6.238429236260559563e+00 6.320950954455746285e+00
6.437005273530592930e+00 6.520608744047658334e+00
6.590368381491533256e+00 6.707680069361446229e+00
6.804610048246489740e+00 6.902270029660150463e+00
7.074801980511153943e+00 6.971288535617953031e+00
7.252078295960115106e+00 7.136068658610144055e+00
7.315326672239968353e+00 7.448641882934536440e+00
7.615128365173201352e+00 7.541176113298490691e+00
7.726344171984914411e+00 7.798621001423694743e+00
7.982514159264858300e+00 7.933434572136372154e+00
8.086549708151869353e+00 8.169636183130418061e+00
8.299654776146073942e+00 8.357430323795897564e+00
8.549884775644331469e+00 8.479145029303362335e+00
8.668667291364952732e+00 8.750613406447660836e+00
8.929092826663840299e+00 8.762674845333163987e+00
9.027652629564988374e+00 9.119048424854417689e+00
9.299256768893966907e+00 9.218518323313334761e+00
9.484903429708795741e+00 9.409137944148209698e+00
9.544429266813073909e+00 9.676826246870822601e+00
9.865273648483862345e+00 9.781123472470158120e+00
9.959922582176815808e+00 1.005104203270262708e+01
1.013483328895717506e+01 1.023523166402984863e+01
1.041858173071780946e+01 1.027748852702607607e+01
1.048968778390817391e+01 1.060199001292549958e+01
1.068344656158946115e+01 1.078803909842958220e+01
1.086889418174327204e+01 1.098430617024034284e+01
1.117213707851928284e+01 1.107548896145008932e+01
1.123347901421914230e+01 1.136434389230229058e+01
1.141919868545269701e+01 1.156511202624938228e+01
1.176546415416639135e+01 1.164978176299324986e+01
1.195736058417532099e+01 1.180499732327866802e+01
1.215437569359328407e+01 1.199523460716879697e+01
1.235789873328974942e+01 1.220211954770141993e+01
1.254630468481059857e+01 1.237735856626616204e+01
1.273613097070599132e+01 1.256240427723345654e+01
1.292284730039498797e+01 1.277918136944058780e+01
1.312322513360177290e+01 1.297088524175038238e+01
1.330437044964166837e+01 1.316963136356329045e+01
1.349808094106843193e+01 1.335552098988728176e+01
1.368579551658460858e+01 1.355472644456762055e+01
1.374876371988534807e+01 1.385766553586281979e+01
1.406763687252486683e+01 1.390740900662965274e+01
1.425529661525578540e+01 1.411460306745875748e+01
1.445320435891536448e+01 1.431165385108275601e+01
1.464020792847089325e+01 1.448171119230209491e+01
1.467304958272609028e+01 1.481477923420872145e+01
1.501815531136241333e+01 1.488168064498329990e+01
1.522379575858053435e+01 1.507997475293671030e+01
1.539511172839636366e+01 1.521143842140759794e+01
1.558358457634044569e+01 1.546037417601588082e+01
1.578708760333740457e+01 1.564416099668529725e+01
1.598957453016724095e+01 1.583653650280855096e+01
1.617756105404270528e+01 1.602992751012183703e+01
1.635344144902090946e+01 1.622410673364508682e+01
1.640433715382954105e+01 1.652610958371775141e+01
1.672649061343058108e+01 1.662622978156782949e+01
1.691544330182535205e+01 1.680382037797248529e+01
1.699806756951878128e+01 1.710259852326907648e+01
1.720392543286076048e+01 1.728036241842663046e+01
1.750198369061315162e+01 1.741005397748114802e+01
1.758933626562180308e+01 1.766678169083495931e+01
1.788637627433377375e+01 1.776121136806387923e+01
1.806161477055512421e+01 1.796619654535156130e+01
1.816975646791696519e+01 1.825007216626264395e+01
1.834197694673443380e+01 1.843378868220849398e+01
1.855850560540910621e+01 1.862614313133487798e+01
1.884343695062614898e+01 1.874115256787494488e+01
1.904980575798403564e+01 1.889305892062890635e+01
1.923860340576751682e+01 1.907218843550225884e+01
1.942468996764693756e+01 1.933552367205437506e+01
1.956680648201372819e+01 1.959273202740518727e+01
1.974897230930450220e+01 1.980255759526681558e+01
