0.000000000000000000e+00 0.000000000000000000e+00
0.000000000000000000e+00 0.000000000000000000e+00
0.000000000000000000e+00 0.000000000000000000e+00
0.000000000000000000e+00 0.000000000000000000e+00
0.000000000000000000e+00 0.000000000000000000e+00
0.000000000000000000e+00 0.000000000000000000e+00
0.000000000000000000e+00 0.000000000000000000e+00
0.000000000000000000e+00 0.000000000000000000e+00
0.000000000000000000e+00 0.000000000000000000e+00
0.000000000000000000e+00 0.000000000000000000e+00
0.000000000000000000e+00 0.000000000000000000e+00
0.000000000000000000e+00 0.000000000000000000e+00
0.000000000000000000e+00 0.000000000000000000e+00
0.000000000000000000e+00 0.000000000000000000e+00
0.000000000000000000e+00 0.000000000000000000e+00
0.000000000000000000e+00 0.000000000000000000e+00
0.000000000000000000e+00 0.000000000000000000e+00
2.097156821373922508e-01 0.000000000000000000e+00
0.000000000000000000e+00 0.000000000000000000e+00
2.775574113512376262e-01 -3.103564507027599048e-02
2.823124788904819993e-01 1.225828588720346835e+00
3.704825134664568309e-01 -6.087026131003209911e-02
3.141755909505685729e-01 5.472437330120476062e+00
4.030171887284085486e+00 7.132828923978180136e+00
4.779270300358953172e+00 7.274252491588995007e+00
7.217616448126510598e+00 7.420751823790946666e+00
7.346180936315221288e+00 7.549064354258131715e+00
7.592674205558440192e+00 7.685363344944624586e+00
7.791306189371694835e+00 7.697951820553006641e+00
7.860387423818994357e+00 7.948738186661035598e+00
8.066813937717572713e+00 7.960619901746416538e+00
8.203122041660268593e+00 8.142058440379168260e+00
8.300753268799164530e+00 8.369041863276471815e+00
8.498938106332781572e+00 8.484355380929851975e+00
8.636645801844862191e+00 8.652062124819401845e+00
8.796429418489035257e+00 8.786644723042842386e+00
8.946968962253862401e+00 8.938914107526267472e+00
9.099976220328967358e+00 9.090519074370071451e+00
9.245001576425899259e+00 9.225290699604444811e+00
9.410378917747372896e+00 9.384781404178305309e+00
9.558463118254627133e+00 9.543893674944644800e+00
9.715898699920391124e+00 9.697038742085835494e+00
9.885058054550279749e+00 9.867023225151829280e+00
1.004446678075304966e+01 1.003197594746398380e+01
1.021269353287856951e+01 1.018855095084505713e+01
1.036598405714214977e+01 1.036354514369898361e+01
1.053844530930452805e+01 1.051348342215507081e+01
1.070552677502748828e+01 1.069378901000292892e+01
1.087897959511743018e+01 1.081932414568988676e+01
1.104889490041392008e+01 1.100276841354241597e+01
1.121968819033736686e+01 1.117676138468921820e+01
1.137723934603354792e+01 1.127563442620234291e+01
1.154450681716589777e+01 1.154133801165187911e+01
1.173023829312199595e+01 1.166869035684857359e+01
1.190262859323439493e+01 1.189975533187098655e+01
1.208609743469848929e+01 1.202763610297879637e+01
1.225736839151951862e+01 1.212861354942602432e+01
1.243851693430125849e+01 1.232792977161057912e+01
1.262652646761854491e+01 1.258441327023372125e+01
1.280218014319706654e+01 1.270935860765919934e+01
1.298320994707467335e+01 1.285920728505764288e+01
1.315628286885506348e+01 1.300583441194917889e+01
1.334344870447331921e+01 1.322488522525188870e+01
1.353722011420733828e+01 1.339788401667155782e+01
1.371775531396566450e+01 1.356158669443020415e+01
1.390949124689739058e+01 1.373896380535095574e+01
1.408638987752353700e+01 1.390271233642119419e+01
1.428410391442210248e+01 1.408705132598465504e+01
1.446698455528685834e+01 1.422075578920139627e+01
1.464468233444491219e+01 1.436773809772240718e+01
1.481856959693045184e+01 1.457626171765157963e+01
1.500641479297612157e+01 1.484712079471036184e+01
1.518583291636030275e+01 1.497635491369949001e+01
1.538040637079236284e+01 1.507606182280076901e+01
1.556797904800117571e+01 1.536238531994479395e+01
1.575658170880685205e+01 1.542647013634973696e+01
1.594001342501740126e+01 1.567501490358794669e+01
1.612617234417657031e+01 1.579460787284140544e+01
1.631293437760722753e+01 1.604347504803171276e+01
1.649184324247891098e+01 1.611107806271514775e+01
1.668671624708482426e+01 1.636253512260028486e+01
1.686593553437234760e+01 1.654007831316915755e+01
1.704758566979053569e+01 1.669021732759833299e+01
1.723758034010088735e+01 1.687950325966109588e+01
1.742664312895655598e+01 1.706135375600142012e+01
1.760832200995520935e+01 1.724034224705189899e+01
1.780312372887907557e+01 1.737422566817561176e+01
1.799042997368970376e+01 1.755566799443356274e+01
1.816258247203645126e+01 1.776212658883958184e+01
1.835349154780334757e+01 1.799585691312216085e+01
1.854263832464193484e+01 1.815518332988273187e+01
1.873790577292597348e+01 1.826691941901403737e+01
1.892161725784864856e+01 1.848493619419540934e+01
1.911493103247435954e+01 1.870537826716664753e+01
1.930782359724296882e+01 1.885371267630572589e+01
1.949032319675433556e+01 1.901991507334583531e+01
1.968824499529314664e+01 1.917057207202401514e+01
1.986815021264551362e+01 1.939265860407255460e+01
2.006530539739046048e+01 1.958491629164682735e+01
2.025389739527443567e+01 1.969919169376085932e+01
2.044343923784130013e+01 1.994716294506865495e+01
