0.000000000000000000e+00 0.000000000000000000e+00
0.000000000000000000e+00 0.000000000000000000e+00
0.000000000000000000e+00 0.000000000000000000e+00
0.000000000000000000e+00 0.000000000000000000e+00
0.000000000000000000e+00 0.000000000000000000e+00
0.000000000000000000e+00 0.000000000000000000e+00
0.000000000000000000e+00 0.000000000000000000e+00
3.701436873397997984e-02 0.000000000000000000e+00
6.301522776421419891e-02 0.000000000000000000e+00
3.672817025781698053e-02 0.000000000000000000e+00
2.239437184408679671e-02 4.008388597348224280e+00
4.005695084780246162e+00 4.633188849159779465e+00
4.917846284470556384e+00 4.934234227345364765e+00
5.072201183504104094e+00 5.054499177568676949e+00
5.131650121004944332e+00 5.192951083889306041e+00
5.233649180017279967e+00 5.229731057581315845e+00
5.314815722207312021e+00 5.282156583732412258e+00
5.452490669321534256e+00 5.557490212558819920e+00
5.600699400432278097e+00 5.797387502716247809e+00
5.772084423574556311e+00 5.721086159182297237e+00
5.893244378192184385e+00 6.203811648120472810e+00
6.054647169735001278e+00 6.403896322126688467e+00
6.245014357675258587e+00 6.570922253812854663e+00
6.501983916914415573e+00 6.777472606282918477e+00
6.693996308312446963e+00 6.915519111767041593e+00
7.040304295594258299e+00 6.883120480342567404e+00
7.041694736744870120e+00 7.257222925968242144e+00
7.254455072960722894e+00 7.427620001940232974e+00
7.458386796393503992e+00 7.616019076356046469e+00
7.666509536104003431e+00 7.786338083552561962e+00
7.827493830307560962e+00 7.949394113414052221e+00
8.005115069443593967e+00 8.114888675275452101e+00
8.146676125435897475e+00 8.264070022340471056e+00
8.307510089180903279e+00 8.421327927381300427e+00
8.459742325859259893e+00 8.571488572957482788e+00
8.632652118558569398e+00 8.723024669264793474e+00
8.772799912887700557e+00 8.873442679563959601e+00
8.934763958518638916e+00 9.025788136672664663e+00
9.104729806396552050e+00 9.181944911154580780e+00
9.340102035288076365e+00 9.213510054385228187e+00
9.495007634148731057e+00 9.387477578835687453e+00
9.650496975234785779e+00 9.513350891154919609e+00
9.813707536556238509e+00 9.691864856239796211e+00
9.979245536636900837e+00 9.870853922248132406e+00
1.013769880367101806e+01 1.002014664471543171e+01
1.017495982814912381e+01 1.029023368511387382e+01
1.046650300829428559e+01 1.035360134103797947e+01
1.062701479978871433e+01 1.052264094668057481e+01
1.079361122591550703e+01 1.062664502387351817e+01
1.096403175354028647e+01 1.081802529310805383e+01
1.112035791120015737e+01 1.103911856686881166e+01
1.129588170317817486e+01 1.114431391594364129e+01
1.146259901859337482e+01 1.135763747457156825e+01
1.163665565199749885e+01 1.152259990127292077e+01
1.180507411933425921e+01 1.168858994546968511e+01
1.199736767139046201e+01 1.187229378163493720e+01
1.217628766987825806e+01 1.205391389601621377e+01
1.234414247780141238e+01 1.217834408435161819e+01
1.251983893528894676e+01 1.235456413826975108e+01
1.269570712124732736e+01 1.256928573697808815e+01
1.287466780881834794e+01 1.269253553127136058e+01
1.304621143194731125e+01 1.291954221604497377e+01
1.321745755401538247e+01 1.309439290671497247e+01
1.339870554324330065e+01 1.326226517894025925e+01
1.357669899720002427e+01 1.346381265461633348e+01
1.376128865906065002e+01 1.360282704814622434e+01
1.394763593194985596e+01 1.378768539602267573e+01
1.412986041765415379e+01 1.399811920038928648e+01
1.431827002900371149e+01 1.412683439626646731e+01
1.448301748092914920e+01 1.430492858150416247e+01
1.468864609011503042e+01 1.451803191632997070e+01
1.486748091953383444e+01 1.466487010070264319e+01
1.504773239150918940e+01 1.489186886277453326e+01
1.522933481263994793e+01 1.507988914883471843e+01
1.541543821776511614e+01 1.517537297364427396e+01
1.560477248511680948e+01 1.546835199922822390e+01
1.578503894086350989e+01 1.564643908110656056e+01
1.597322610180289892e+01 1.579955517524582298e+01
1.616435226291699223e+01 1.599663423236467352e+01
1.635118523877081742e+01 1.613549520622468236e+01
1.653368434850410651e+01 1.639389050854991581e+01
1.672583322026851960e+01 1.655219603293168262e+01
1.691371914116535535e+01 1.666827863780256180e+01
1.709975728808077022e+01 1.687493275788405001e+01
1.729564636625246621e+01 1.705509476947052860e+01
1.748175053961465863e+01 1.717905597253352568e+01
1.768850734136375280e+01 1.741435784715208968e+01
1.787746210905336497e+01 1.757890597790149556e+01
1.807021192257648323e+01 1.775708028677633266e+01
1.826467420978016776e+01 1.799338690816001574e+01
1.846553620267134832e+01 1.822361569857319807e+01
1.864258332821004771e+01 1.832412959207987768e+01
1.885358929007321649e+01 1.855384039184185596e+01
1.906237884216579559e+01 1.876716823390034250e+01
1.923693238808987971e+01 1.889144060111028978e+01
1.943630746669717269e+01 1.899101347197069956e+01
1.962130559768534610e+01 1.926472797214655230e+01
1.982999977276324444e+01 1.946878964166134907e+01
2.000666675581991427e+01 1.957484048847604186e+01
2.018352628301846607e+01 1.982270570254803843e+01
2.038820692401736068e+01 2.006286758831912920e+01
