0.000000000000000000e+00 0.000000000000000000e+00
1.111701927236500020e-01 9.480415523494944985e-02
3.577166408344504833e-01 3.184065125797223561e-01
5.530056037286357196e-01 5.726711851291239608e-01
7.729760040339217486e-01 7.657001582781434168e-01
9.778420693703750999e-01 9.636682010271906407e-01
1.159267185557355528e+00 1.172170148926613864e+00
1.355153949832823557e+00 1.360359794064436745e+00
1.564291788116643600e+00 1.549169749491838610e+00
1.767190671910077393e+00 1.742671848156414738e+00
1.937660490616038400e+00 1.966615167269723852e+00
2.169330894093920215e+00 2.133625045483352967e+00
2.358359520636622797e+00 2.330034397018287518e+00
2.527151456893692139e+00 2.559665720195119842e+00
2.750281464407736021e+00 2.712906827615219729e+00
2.952879669532485263e+00 2.921750708398481500e+00
3.158376442922946836e+00 3.109571757744101994e+00
3.357646407171524849e+00 3.319419678814183428e+00
3.512404794305632905e+00 3.554515386903799978e+00
3.753643661492798156e+00 3.706326831852713610e+00
3.889960764208995059e+00 3.945732345254339801e+00
4.140050111964991508e+00 4.104092276580043830e+00
4.296098438552458987e+00 4.336741941797058075e+00
4.536390426532983078e+00 4.477260476495005470e+00
4.681717437532212145e+00 4.728640122122069300e+00
4.926591328982405038e+00 4.864532406241141693e+00
5.114343551000424704e+00 5.075992094164453405e+00
5.316977161307133493e+00 5.271955989653921648e+00
5.467146526579599097e+00 5.516979220335872292e+00
5.719144545962372206e+00 5.675358121499507469e+00
5.861558840960080730e+00 5.914156113155278227e+00
6.108943622788210348e+00 6.052548748771851450e+00
6.295209040369493358e+00 6.258069738817567895e+00
6.494936549715219165e+00 6.437978904414578984e+00
6.684317426540564711e+00 6.626837701418563320e+00
6.880456120590139335e+00 6.829981963900479514e+00
7.014023542020052737e+00 7.083950914935194021e+00
7.224767168267492323e+00 7.274158819912134533e+00
7.402536038969326881e+00 7.489849364992262615e+00
7.671601265001192438e+00 7.620947334789753391e+00
7.873148833784248346e+00 7.814645854868111030e+00
8.078919012571427416e+00 8.010050898873465997e+00
8.283529954037446075e+00 8.199395257613380394e+00
8.475619199909306900e+00 8.407242910390776203e+00
8.680988665912080293e+00 8.598158089547251137e+00
8.876680588061407917e+00 8.801035216113355375e+00
8.986050945560652536e+00 9.069696928811229242e+00
9.263156007665072522e+00 9.191580724314238893e+00
9.461993415065579782e+00 9.390163035206500197e+00
9.647493618069914234e+00 9.595447284891569950e+00
9.844533163087275440e+00 9.783846989120451809e+00
9.968713811631806365e+00 1.003380232904248182e+01
1.018872975587608209e+01 1.022257898153700495e+01
1.038820226237681155e+01 1.041732112962576906e+01
1.058217015763404234e+01 1.061716258241742850e+01
1.082022582389192600e+01 1.075869198175591990e+01
1.100922777832163391e+01 1.097555637354353664e+01
1.113825278992356971e+01 1.120449444929186100e+01
1.132508419284406820e+01 1.139322108657995614e+01
1.155912681721972035e+01 1.159803594975463703e+01
1.179913174681970744e+01 1.176216026667417580e+01
1.199283033694782219e+01 1.197317780216031657e+01
1.219786901292469317e+01 1.213071548292528234e+01
1.239389607959505568e+01 1.232330852586248504e+01
1.259598313726903207e+01 1.251381216529907725e+01
1.278807352169405220e+01 1.268569212922524336e+01
1.294945417157556555e+01 1.298784039613674324e+01
1.315280960927024623e+01 1.318987731049143974e+01
1.332280555700006985e+01 1.339061277206322487e+01
1.350722712779885093e+01 1.357813714156026208e+01
1.371248136056092370e+01 1.378042549481043721e+01
1.397035211980753999e+01 1.389942743662295932e+01
1.417285839696508631e+01 1.408046980237113743e+01
1.437123711676393256e+01 1.427348508290473994e+01
1.457535511657870586e+01 1.449137093763095052e+01
1.476873147687985544e+01 1.468909639244187382e+01
1.496527228271860288e+01 1.487846554709882163e+01
1.518095954199128172e+01 1.498657651631518917e+01
1.537163323861837050e+01 1.525480039200327731e+01
1.548244792571808404e+01 1.558438728114113836e+01
1.566594452558926953e+01 1.578422257463894240e+01
1.583086830076612728e+01 1.598492458796763316e+01
1.606584991484865910e+01 1.618726478894015486e+01
1.626261395371942697e+01 1.638967868940119743e+01
1.658451744565658714e+01 1.646131477913210261e+01
1.660352552018267858e+01 1.677782085100452747e+01
1.688988469688989724e+01 1.698031572901093966e+01
1.718680643572046662e+01 1.702845526957861111e+01
1.726603814664924030e+01 1.736501358306471587e+01
1.746121248923038038e+01 1.756888534129754120e+01
1.775600225434918400e+01 1.767824827523813269e+01
1.796771495881818481e+01 1.784451183630590165e+01
1.804307634214574918e+01 1.817213657935694826e+01
1.824732575676685542e+01 1.835107805693418115e+01
1.854447402574973935e+01 1.841061108033442650e+01
1.864499849628894168e+01 1.874799555893700997e+01
1.883198618462116869e+01 1.892901428731049407e+01
1.894306133683071636e+01 1.912765623591880981e+01
1.917829105136886270e+01 1.931835601366972099e+01
1.939109151379208740e+01 1.953543201389217288e+01
1.971462269584808524e+01 1.964810686179481181e+01
