0.000000000000000000e+00 0.000000000000000000e+00
0.000000000000000000e+00 0.000000000000000000e+00
0.000000000000000000e+00 0.000000000000000000e+00
0.000000000000000000e+00 0.000000000000000000e+00
0.000000000000000000e+00 0.000000000000000000e+00
0.000000000000000000e+00 0.000000000000000000e+00
0.000000000000000000e+00 0.000000000000000000e+00
0.000000000000000000e+00 0.000000000000000000e+00
0.000000000000000000e+00 0.000000000000000000e+00
0.000000000000000000e+00 0.000000000000000000e+00
0.000000000000000000e+00 0.000000000000000000e+00
0.000000000000000000e+00 0.000000000000000000e+00
0.000000000000000000e+00 0.000000000000000000e+00
5.160065934736472043e-02 2.125497410487048322e-01
2.146848542206341859e-01 -1.992064435576574102e-02
2.414033255024035651e-01 1.345832800917683980e-01
2.063436359784683871e-01 3.287736232640197653e-01
4.040845223115540064e-01 1.869311770909934278e+00
5.227113185611066415e-01 1.915924319456065172e-01
7.442185771675975392e-01 0.000000000000000000e+00
7.296648142057138298e-01 2.987652633956805470e-02
1.157652333268943678e+00 3.308284555684909201e+00
5.143111878093509226e+00 7.068914622561507599e+00
6.141386015319551639e+00 7.071607149281151194e+00
6.737003405628795960e+00 7.144970673138256068e+00
7.273784601539556860e+00 7.217584642956529350e+00
7.374933967662396839e+00 7.376819079254306466e+00
7.500187018334777633e+00 7.553080794558118427e+00
7.625769080391576082e+00 7.653276799361772298e+00
7.787010655976868811e+00 7.934778436524148937e+00
7.950183795505234130e+00 8.102971867798189010e+00
8.106001567337189684e+00 8.240457166716817383e+00
8.298729447691856720e+00 8.384345753502019605e+00
8.518869751098709031e+00 8.450271360324627778e+00
8.581606746639540262e+00 8.690345106884207027e+00
8.818781737949690225e+00 8.745562666411808905e+00
8.897110469641514641e+00 8.965211182965425962e+00
9.116349033245064959e+00 9.051573862137596294e+00
9.198712225016599575e+00 9.275803903366433900e+00
9.419077746136908402e+00 9.359072330485325608e+00
9.582269355787817133e+00 9.530062132193792834e+00
9.733431347074645856e+00 9.662503853085963712e+00
9.899945318132845173e+00 9.829043346049267882e+00
1.005925979372932133e+01 9.970072629025700905e+00
1.020939978787540170e+01 1.014791755901832282e+01
1.038534298576343318e+01 1.030702438774312490e+01
1.054261477765110833e+01 1.048271066331514056e+01
1.070553429590212069e+01 1.063415986825299520e+01
1.087387716806292914e+01 1.080184403318135722e+01
1.104555490080405455e+01 1.091970958182180418e+01
1.120482609710091459e+01 1.104636364328795217e+01
1.138372376269260933e+01 1.129996207608112080e+01
1.155402694620817883e+01 1.147930117020831275e+01
1.172916645914069456e+01 1.160424353380255269e+01
1.190448158282869606e+01 1.176781262814303552e+01
1.206169244687858466e+01 1.199868576173614088e+01
1.224147923913936253e+01 1.213935316510750795e+01
1.242485641294635812e+01 1.229594712772449228e+01
1.259900513720606874e+01 1.252740616937792062e+01
1.276948042798964700e+01 1.267261104766973467e+01
1.294604535533949630e+01 1.287492195117051530e+01
1.312236918220863480e+01 1.300823665441314247e+01
1.331214255656331957e+01 1.314967098593333361e+01
1.348948138335233971e+01 1.333295722828506058e+01
1.367537663413982507e+01 1.355840569046024768e+01
1.385967075292583317e+01 1.366446124830540931e+01
1.403979154603131008e+01 1.386568007277433168e+01
1.421681515091260728e+01 1.402793421382513550e+01
1.439689531299414149e+01 1.417490391065192412e+01
1.459039463663932423e+01 1.440779540816467730e+01
1.476387759429964852e+01 1.454935326681830965e+01
1.496638923936439269e+01 1.476923487125093892e+01
1.515229471923585081e+01 1.493126706452471986e+01
1.533549705689561016e+01 1.512157503744170128e+01
1.552793555781771673e+01 1.522871457980907017e+01
1.570322253452989258e+01 1.536814718699751658e+01
1.590228908714232325e+01 1.562229063356083181e+01
1.607657136402732334e+01 1.574917452199893475e+01
1.627014524641522186e+01 1.601228328208868490e+01
1.643767259125307234e+01 1.614297109957506038e+01
1.662358535295255280e+01 1.636170768766493566e+01
1.682263405069929263e+01 1.649701594668870186e+01
1.699672252103998105e+01 1.674128719384117758e+01
1.717395202591310266e+01 1.687497611022770627e+01
1.737278614626920614e+01 1.710697952019021173e+01
1.756123792252837390e+01 1.730589898353159484e+01
1.776006506070862301e+01 1.736264055731950862e+01
1.793691508217957775e+01 1.758981126049837584e+01
1.813093479277531372e+01 1.775529225930225152e+01
1.832378704335761199e+01 1.797739993292760374e+01
1.849082253916890650e+01 1.816933514430512275e+01
1.868220146450150310e+01 1.835747152744059818e+01
1.886037499167546017e+01 1.852905064164999160e+01
1.905594308869373421e+01 1.877445151700489845e+01
1.924683235640359769e+01 1.884185391231476814e+01
1.944327652012237095e+01 1.904732281871051924e+01
1.963217606651643621e+01 1.933074046474789398e+01
1.980798433123944946e+01 1.936866965352991343e+01
2.002174134732878130e+01 1.958924212194340697e+01
2.022884165242285803e+01 1.986858907239086847e+01
2.039034028095846907e+01 1.989311377781950796e+01
