0.000000000000000000e+00 0.000000000000000000e+00
0.000000000000000000e+00 0.000000000000000000e+00
0.000000000000000000e+00 0.000000000000000000e+00
0.000000000000000000e+00 0.000000000000000000e+00
0.000000000000000000e+00 0.000000000000000000e+00
0.000000000000000000e+00 0.000000000000000000e+00
0.000000000000000000e+00 0.000000000000000000e+00
0.000000000000000000e+00 0.000000000000000000e+00
0.000000000000000000e+00 0.000000000000000000e+00
0.000000000000000000e+00 0.000000000000000000e+00
0.000000000000000000e+00 0.000000000000000000e+00
0.000000000000000000e+00 0.000000000000000000e+00
0.000000000000000000e+00 0.000000000000000000e+00
0.000000000000000000e+00 0.000000000000000000e+00
0.000000000000000000e+00 0.000000000000000000e+00
3.471901555689844709e-01 -3.860001813331373488e-02
1.109954388949205561e-01 0.000000000000000000e+00
1.134886907105485399e-01 0.000000000000000000e+00
1.626051610487134480e-01 5.092304390284019711e+00
3.140289642430670325e-01 6.519560387894625997e+00
5.117023244776309987e+00 6.601088464655476606e+00
6.649520869735051853e+00 6.695300343552335498e+00
6.783498781169000402e+00 6.782233869556369754e+00
6.888186846914996053e+00 6.984925173158900158e+00
7.026937667481954364e+00 7.152700463571486367e+00
7.183310909300073988e+00 7.273261150127836139e+00
7.376981708316621145e+00 7.322681984090167795e+00
7.466531700843789032e+00 7.615400024333887075e+00
7.646745804823388504e+00 7.773221744282568402e+00
7.826201232157568022e+00 7.916784614950318044e+00
7.961400020640329700e+00 8.054097256344677547e+00
8.181065569699860873e+00 8.090365529610490825e+00
8.277065570248105075e+00 8.357017698885695012e+00
8.457523013131142520e+00 8.495052487330578828e+00
8.614798468744419679e+00 8.641914914201150211e+00
8.784481052482730590e+00 8.766955585548259933e+00
8.912074904988216417e+00 8.943111468323134972e+00
9.087750404263106319e+00 9.072543186706637286e+00
9.240721390145706593e+00 9.218478425461592352e+00
9.390995474606720350e+00 9.375797024405526869e+00
9.550268563261823829e+00 9.530724646774345388e+00
9.696340007906082192e+00 9.687856364124471042e+00
9.861931884072586030e+00 9.818733096561567564e+00
1.002612662992341441e+01 1.000330705031722367e+01
1.018605388508530041e+01 1.017798867593830536e+01
1.035311117770520006e+01 1.032113103713022184e+01
1.052468070510246534e+01 1.047294502782476933e+01
1.070128169820242903e+01 1.065193808842768597e+01
1.086305294521994291e+01 1.080546810941590863e+01
1.103963722533806546e+01 1.100442695610239596e+01
1.120938114520549966e+01 1.112604540326847768e+01
1.139035897923788809e+01 1.132786391622547839e+01
1.155963029079072868e+01 1.147443044777132037e+01
1.173876812561763572e+01 1.168363503755366040e+01
1.191526349020544551e+01 1.182936260339389811e+01
1.207558539622076665e+01 1.198731975428114715e+01
1.226723216320169207e+01 1.216658896050982541e+01
1.244092262120774173e+01 1.236596471460465096e+01
1.262806447788859110e+01 1.247051767207628892e+01
1.280696773420160994e+01 1.271901526682522565e+01
1.298891893023830235e+01 1.278638432607288955e+01
1.316751576708145421e+01 1.304025134430676403e+01
1.334787738881057884e+01 1.312436341710023768e+01
1.352200539289358616e+01 1.329815096783436879e+01
1.372481719391959487e+01 1.354421937561648193e+01
1.389654887180897624e+01 1.377508859845519673e+01
1.409067355071204375e+01 1.388667840827538491e+01
1.427289205014160700e+01 1.406793147240202480e+01
1.446308467079708571e+01 1.422130457642247592e+01
1.466519825904630636e+01 1.441904308123835676e+01
1.482491545861221205e+01 1.457600878650409371e+01
1.500480932034411374e+01 1.474355557458753374e+01
1.518650268533631653e+01 1.491908545845181600e+01
1.536391704457569141e+01 1.518502684398433544e+01
1.554862641925810607e+01 1.539832505315928124e+01
1.573223613281644084e+01 1.548598238605642052e+01
1.590201848792311523e+01 1.564297189626486073e+01
1.608413455293381844e+01 1.582712835178652888e+01
1.627071374527995573e+01 1.606500709857908404e+01
1.646170775229779082e+01 1.625157218917187407e+01
1.663991182159477589e+01 1.644169543619812046e+01
1.682088783738494087e+01 1.660014353909299700e+01
1.700021073547029715e+01 1.683373508234356919e+01
1.719243986288724813e+01 1.695473724747209587e+01
1.737806530617696765e+01 1.709075995839493345e+01
1.755893535919667414e+01 1.727070686414826284e+01
1.774418414181039694e+01 1.749433250396749173e+01
1.794039485140334023e+01 1.765351353977112936e+01
1.811831549073496817e+01 1.784660387490124123e+01
1.832406709094269459e+01 1.803856746698771474e+01
1.850193907452321085e+01 1.824379442483978409e+01
1.869028334669569702e+01 1.839460356618385717e+01
1.887938861309112681e+01 1.855814112760598888e+01
1.908539746929189462e+01 1.873013692791340645e+01
1.925691029162862478e+01 1.893504316505105223e+01
1.946208052150468859e+01 1.917926231000376802e+01
1.963967513603233783e+01 1.929217870830324699e+01
1.984277858071582301e+01 1.949446624676790307e+01
2.002799010468676499e+01 1.967090254115598214e+01
2.023400465567454987e+01 1.991190491690754527e+01
2.041145541169870725e+01 2.009425987237248634e+01
