0.000000000000000000e+00 0.000000000000000000e+00
0.000000000000000000e+00 0.000000000000000000e+00
0.000000000000000000e+00 0.000000000000000000e+00
0.000000000000000000e+00 0.000000000000000000e+00
0.000000000000000000e+00 0.000000000000000000e+00
0.000000000000000000e+00 0.000000000000000000e+00
0.000000000000000000e+00 0.000000000000000000e+00
0.000000000000000000e+00 0.000000000000000000e+00
0.000000000000000000e+00 0.000000000000000000e+00
0.000000000000000000e+00 0.000000000000000000e+00
0.000000000000000000e+00 0.000000000000000000e+00
0.000000000000000000e+00 0.000000000000000000e+00
0.000000000000000000e+00 0.000000000000000000e+00
0.000000000000000000e+00 1.416511302501938518e-01
2.654531504181809609e-01 6.351033430343078212e-02
1.143361075637355229e-01 5.403836974027782070e+00
4.143996076646011772e+00 5.280857169395091866e+00
5.719973034472110029e+00 6.053436225486624522e+00
5.925680536137812204e+00 6.009516359879120806e+00
6.106519620908067658e+00 6.105944984050537094e+00
6.234605785380541221e+00 6.345336327297168566e+00
6.372147157202332046e+00 6.591967972658117958e+00
6.573008055010043371e+00 6.730195830155099479e+00
6.724184750710865188e+00 6.914868421821580569e+00
6.951676031859611804e+00 7.049758588864319719e+00
7.116178520732612256e+00 7.213905193657045523e+00
7.311205123482755752e+00 7.208111916151224818e+00
7.373254024138141460e+00 7.540362610712064040e+00
7.539858723015717246e+00 7.690079019698353946e+00
7.736270239327446951e+00 7.840222697786789041e+00
7.896050987010021061e+00 7.985076142993039028e+00
8.068550936325422640e+00 8.126126399761876229e+00
8.236711628425634757e+00 8.266453785458999448e+00
8.404767541202591730e+00 8.369141192540935137e+00
8.554836594099233693e+00 8.510619248358514355e+00
8.665192198408924185e+00 8.705168705988844735e+00
8.853151115321884035e+00 8.817033417336185508e+00
9.012191546201936632e+00 8.961008347474738400e+00
9.165106866479884928e+00 9.078063668329674485e+00
9.320007164318397486e+00 9.257812106986683887e+00
9.477339873217413668e+00 9.388286012709494699e+00
9.642440627638983131e+00 9.569246833113094652e+00
9.797810497841457078e+00 9.682954492749642483e+00
9.885683451526467991e+00 9.954563925439904537e+00
1.011925979335764580e+01 1.005310243535256198e+01
1.028205653598375235e+01 1.020585320916952554e+01
1.044205800240670357e+01 1.037509751203998576e+01
1.060973760976941271e+01 1.055109458870794192e+01
1.078656717165760170e+01 1.070009294494855823e+01
1.095257987136736233e+01 1.090123774795323186e+01
1.113934082996083141e+01 1.106767907167426479e+01
1.131599758058843186e+01 1.121927450348625932e+01
1.149110464328592762e+01 1.138869034420621240e+01
1.165790218813454615e+01 1.152444404959999780e+01
1.184314804910983376e+01 1.173232638320572363e+01
1.200980306513270968e+01 1.191632205347564977e+01
1.218660314849210913e+01 1.205781502969930408e+01
1.236813360272481610e+01 1.222281123112672141e+01
1.254840978310444299e+01 1.240470924737706504e+01
1.272157456407732035e+01 1.259463804044015234e+01
1.289741038308394572e+01 1.268912554897142186e+01
1.308747436692863531e+01 1.294477447287479954e+01
1.326614585176376693e+01 1.309499424490603126e+01
1.344810855756277768e+01 1.327075859492155274e+01
1.364166014568403007e+01 1.345303432997750548e+01
1.383099073463463391e+01 1.366258271976923133e+01
1.400347971472323216e+01 1.381874741180852872e+01
1.418714459914068904e+01 1.397086216275924819e+01
1.436649391997238112e+01 1.414435917986949498e+01
1.455308389993777318e+01 1.432763311932481010e+01
1.472997024855732917e+01 1.455036720902380054e+01
1.491557961121006848e+01 1.473580392060831201e+01
1.509044153754656392e+01 1.490646482213850987e+01
1.527810697530623862e+01 1.512236117753192843e+01
1.546407964782419064e+01 1.530645484102038800e+01
1.564159491067037244e+01 1.547804026803216004e+01
1.582305977025050048e+01 1.564183914409272624e+01
1.602371482311909290e+01 1.585009949070371604e+01
1.619860448263848340e+01 1.600930386874627942e+01
1.638879509419854230e+01 1.625551547338626790e+01
1.657885777800943572e+01 1.635087072197523739e+01
1.677384447853159699e+01 1.659084363314776667e+01
1.696610594948679207e+01 1.682174407319711662e+01
1.715177245002259809e+01 1.690322024190862393e+01
1.734066414348492557e+01 1.715398537046917937e+01
1.753940267332491487e+01 1.729405713667244626e+01
1.771357000494891309e+01 1.746040525665396004e+01
1.790515139844153936e+01 1.770492305219504559e+01
1.808752468205921105e+01 1.783734462551990063e+01
1.827850977597486448e+01 1.794117976123574465e+01
1.846772272093220835e+01 1.822592966764592148e+01
1.865943321121369536e+01 1.834200619220728612e+01
1.885669761652259879e+01 1.862450437241810164e+01
1.904709485956781734e+01 1.866879144441573501e+01
1.921104924964965832e+01 1.892661911043401446e+01
1.942353356428872146e+01 1.913375873777335201e+01
1.962269169923241208e+01 1.937760578813274037e+01
1.978854353606628180e+01 1.954571157380062729e+01
1.998525005598412463e+01 1.970463427298425785e+01
2.016625072696983523e+01 1.993247996778127984e+01
2.036968314380438017e+01 2.012835607802573890e+01
