0.000000000000000000e+00 0.000000000000000000e+00
0.000000000000000000e+00 0.000000000000000000e+00
0.000000000000000000e+00 0.000000000000000000e+00
0.000000000000000000e+00 0.000000000000000000e+00
0.000000000000000000e+00 0.000000000000000000e+00
0.000000000000000000e+00 0.000000000000000000e+00
0.000000000000000000e+00 0.000000000000000000e+00
0.000000000000000000e+00 0.000000000000000000e+00
0.000000000000000000e+00 0.000000000000000000e+00
0.000000000000000000e+00 0.000000000000000000e+00
0.000000000000000000e+00 0.000000000000000000e+00
5.592072047569701665e-02 0.000000000000000000e+00
5.084664419164522386e-02 0.000000000000000000e+00
5.529636278439378771e-02 0.000000000000000000e+00
3.870866037612412658e-01 8.916611432937245063e-02
2.087819778386395431e+00 3.072973464438322644e+00
4.045836312566178927e-01 5.996673142136001999e+00
5.389595180806145081e+00 6.471552943500492816e+00
6.587716348741572858e+00 6.679414740015631402e+00
6.855448426345599700e+00 6.879515291577380509e+00
6.932757896812590026e+00 6.946949345842648782e+00
7.116983048758052099e+00 7.122559116760117881e+00
7.244748084595983073e+00 7.278575903350851029e+00
7.364482636837221818e+00 7.419904507437966146e+00
7.584382944388498693e+00 7.773506092125057165e+00
7.795193135968938591e+00 8.060177250703359775e+00
7.927602670324071177e+00 8.329149631912050822e+00
8.264274238729393929e+00 8.548337715809740445e+00
8.528701388710762998e+00 8.796943837587198445e+00
8.757761029115034290e+00 8.999917866825452251e+00
8.938231648077122671e+00 9.192984209213122426e+00
9.193711595966938432e+00 9.377844042235786048e+00
9.433031900604941455e+00 9.566436964180368818e+00
9.633858741744186105e+00 9.749476984869822616e+00
9.837215629532863659e+00 9.925495092223505011e+00
1.002396942090168963e+01 1.009432260856724639e+01
1.020640330288767572e+01 1.027057324192536036e+01
1.042289175422357950e+01 1.038344386582639700e+01
1.052917099755075903e+01 1.065405750517123451e+01
1.073300184932650581e+01 1.084996096703791402e+01
1.096908423321633386e+01 1.104800342344562125e+01
1.114560925958266324e+01 1.123304688534797968e+01
1.132865684303199316e+01 1.142613116814905361e+01
1.154617217029300491e+01 1.161090867579222063e+01
1.179798975731548438e+01 1.170758228550213254e+01
1.183877538414210129e+01 1.198997898287210084e+01
1.216905625117166778e+01 1.208108163440887672e+01
1.235160084957411719e+01 1.227016406648025537e+01
1.239550960807445890e+01 1.255383440753050905e+01
1.258706621713327678e+01 1.273468535332184537e+01
1.292998437950187096e+01 1.282982718237380304e+01
1.299953211406104892e+01 1.312075631975819512e+01
1.320217252869145419e+01 1.331833327125684541e+01
1.351113795683727226e+01 1.337896234517978478e+01
1.370596023504642069e+01 1.360435260939600788e+01
1.380665071446366809e+01 1.390885137023082052e+01
1.412017888257929421e+01 1.394540677791648697e+01
1.432094358787633936e+01 1.415454016111306146e+01
1.452380921624120447e+01 1.437065528342964171e+01
1.458358372690480032e+01 1.470325062575901143e+01
1.492140797672663410e+01 1.479539527013766431e+01
1.513876577490837860e+01 1.499868667547572265e+01
1.534067064382078449e+01 1.516807337102861020e+01
1.554967889398660930e+01 1.540033706441161421e+01
1.576998243921923937e+01 1.557812173717532289e+01
1.596662158356819283e+01 1.581436412300158167e+01
1.618007059311460694e+01 1.601021279433252786e+01
1.639595310780214632e+01 1.622654390998631158e+01
1.643730251100510387e+01 1.656762718535906131e+01
1.680349680145529234e+01 1.665101099966392439e+01
1.700821134699135229e+01 1.685537356729027891e+01
1.723025543443655039e+01 1.703446318625176303e+01
1.744484698942446954e+01 1.725278910244093211e+01
1.765088891197459731e+01 1.745454516767608411e+01
1.786814854298130584e+01 1.765656140594141732e+01
1.808456507871135699e+01 1.786756986831463934e+01
1.830983010586128756e+01 1.809289628975111341e+01
1.851539017040684953e+01 1.829100398233086366e+01
1.872543057634092989e+01 1.848578724594898404e+01
1.894202023852819394e+01 1.874684246788831388e+01
1.916246663688258067e+01 1.895705488790003201e+01
1.938333547621267172e+01 1.917353010415153136e+01
1.960674506881830936e+01 1.938327860797660307e+01
1.983458695482275047e+01 1.962171387851090998e+01
2.005284297361101764e+01 1.984954759876408659e+01
2.027394976794751358e+01 2.004565599245075447e+01
2.050145090554696026e+01 2.021097484873683925e+01
2.072593366983395669e+01 2.044532200328253779e+01
2.096193369458935507e+01 2.064470354218455839e+01
2.118471335637863007e+01 2.090065868611667455e+01
2.139330050026594776e+01 2.113733541729849819e+01
2.163770850413895630e+01 2.128115093600547780e+01
2.185603250509708673e+01 2.155175014272984413e+01
2.207577983576414127e+01 2.178187083108083755e+01
2.229501316792637056e+01 2.194897473489028883e+01
2.250207550140886070e+01 2.220730380826665851e+01
2.273463435194888405e+01 2.235159701992598968e+01
2.295695913108961150e+01 2.262648983010491932e+01
2.316384801530072934e+01 2.284010861235556078e+01
2.338415478517661938e+01 2.306660137943726596e+01
2.361412789861499562e+01 2.333078429809600252e+01
