0.000000000000000000e+00 0.000000000000000000e+00
0.000000000000000000e+00 0.000000000000000000e+00
0.000000000000000000e+00 0.000000000000000000e+00
0.000000000000000000e+00 0.000000000000000000e+00
0.000000000000000000e+00 0.000000000000000000e+00
0.000000000000000000e+00 0.000000000000000000e+00
0.000000000000000000e+00 0.000000000000000000e+00
0.000000000000000000e+00 0.000000000000000000e+00
0.000000000000000000e+00 0.000000000000000000e+00
0.000000000000000000e+00 0.000000000000000000e+00
0.000000000000000000e+00 0.000000000000000000e+00
0.000000000000000000e+00 0.000000000000000000e+00
0.000000000000000000e+00 0.000000000000000000e+00
0.000000000000000000e+00 0.000000000000000000e+00
0.000000000000000000e+00 0.000000000000000000e+00
0.000000000000000000e+00 0.000000000000000000e+00
0.000000000000000000e+00 0.000000000000000000e+00
0.000000000000000000e+00 0.000000000000000000e+00
0.000000000000000000e+00 0.000000000000000000e+00
0.000000000000000000e+00 0.000000000000000000e+00
0.000000000000000000e+00 0.000000000000000000e+00
0.000000000000000000e+00 0.000000000000000000e+00
0.000000000000000000e+00 0.000000000000000000e+00
0.000000000000000000e+00 0.000000000000000000e+00
0.000000000000000000e+00 0.000000000000000000e+00
0.000000000000000000e+00 0.000000000000000000e+00
0.000000000000000000e+00 0.000000000000000000e+00
0.000000000000000000e+00 0.000000000000000000e+00
0.000000000000000000e+00 0.000000000000000000e+00
0.000000000000000000e+00 0.000000000000000000e+00
0.000000000000000000e+00 0.000000000000000000e+00
0.000000000000000000e+00 0.000000000000000000e+00
0.000000000000000000e+00 0.000000000000000000e+00
0.000000000000000000e+00 0.000000000000000000e+00
0.000000000000000000e+00 0.000000000000000000e+00
0.000000000000000000e+00 0.000000000000000000e+00
0.000000000000000000e+00 0.000000000000000000e+00
0.000000000000000000e+00 0.000000000000000000e+00
0.000000000000000000e+00 0.000000000000000000e+00
0.000000000000000000e+00 0.000000000000000000e+00
0.000000000000000000e+00 0.000000000000000000e+00
0.000000000000000000e+00 0.000000000000000000e+00
0.000000000000000000e+00 0.000000000000000000e+00
0.000000000000000000e+00 0.000000000000000000e+00
0.000000000000000000e+00 0.000000000000000000e+00
0.000000000000000000e+00 0.000000000000000000e+00
0.000000000000000000e+00 0.000000000000000000e+00
0.000000000000000000e+00 0.000000000000000000e+00
0.000000000000000000e+00 0.000000000000000000e+00
4.343997236916744553e-01 0.000000000000000000e+00
0.000000000000000000e+00 3.656778134036747119e+00
3.005770908872178016e+00 1.882845977081185174e+00
4.297027223745841340e+00 6.516869372931565429e+00
8.041283307421425164e+00 8.648766719188417440e+00
9.624758373357421348e+00 8.982612433995731394e+00
9.836994201478246325e+00 8.350935980759086164e+00
9.935062915595027633e+00 1.239333834918489607e+01
1.396933016912176839e+01 1.510472028647284581e+01
1.572306411829874939e+01 1.713221169157198176e+01
1.786042872752495825e+01 1.857707909579172068e+01
1.871514669850719415e+01 1.950530481599814081e+01
1.978598442570574889e+01 2.013787833331440069e+01
2.040640614923001905e+01 2.065658251441866966e+01
2.093809833717990898e+01 2.110443470051436066e+01
2.137354661026426328e+01 2.149572849352660597e+01
2.171980710766995770e+01 2.185741995429149398e+01
2.206456871148954946e+01 2.219351826752469492e+01
2.248224899069419536e+01 2.238527817636658312e+01
2.269396141335159811e+01 2.282296996352715013e+01
2.313938023249638931e+01 2.303790187303031800e+01
2.335049535891255346e+01 2.344152714499972134e+01
2.375988882811385494e+01 2.367626309561048714e+01
2.393362457855027614e+01 2.404187101191800480e+01
2.437633354381713602e+01 2.426795080972234331e+01
2.469957772920392358e+01 2.461239222055525389e+01
2.502930676445188496e+01 2.491268526045034193e+01
2.533548158254108884e+01 2.524059955840908387e+01
2.566162680210734592e+01 2.557885569152373506e+01
2.598972529898841088e+01 2.588912963000747069e+01
2.630379407779472345e+01 2.619733771818929213e+01
2.662206975944706855e+01 2.652354124661486168e+01
2.693944758475999990e+01 2.680963875181146250e+01
2.726157529692289927e+01 2.714530312813920787e+01
2.757805343882419891e+01 2.746474597365285319e+01
2.789496414669569546e+01 2.781943573274135062e+01
2.824129234294536772e+01 2.811487808967594404e+01
2.856309670348137431e+01 2.843587812599264808e+01
2.888697949847411550e+01 2.872550292451979814e+01
2.922920064363249537e+01 2.906809095286376987e+01
2.955438744549395835e+01 2.936959071610770877e+01
2.987711021210786910e+01 2.972236590018686186e+01
3.019788528158474961e+01 3.003000857429044146e+01
3.051703127393517434e+01 3.033518034038380051e+01
3.084948698124174982e+01 3.069385885268771119e+01
3.117921556865220722e+01 3.098140179123896232e+01
3.150896551710699356e+01 3.139839271773348983e+01
3.185397648456894260e+01 3.165605003672781947e+01
3.218292823729314023e+01 3.199332452218899903e+01
3.251382018922232220e+01 3.233309501573392453e+01
3.284331056476430888e+01 3.260871048241837400e+01
3.317214508566650721e+01 3.299610477280689480e+01
