0.000000000000000000e+00 -1.316005709815429650e-02
2.789174418171714784e-02 -4.813358457639648619e-02
1.862399636768322431e+00 1.923839180995879694e+00
1.918688562136064979e+00 1.918313206396243142e+00
1.932738243806890743e+00 1.931933445003081173e+00
1.955321952376909200e+00 1.942281118390579042e+00
2.016026241757314263e+00 2.015356138334560399e+00
2.198101457468891073e+00 2.272258193475965360e+00
2.339902474740256810e+00 2.442633588441800452e+00
2.526145377821884086e+00 2.692922878080876270e+00
2.684219103220630398e+00 2.880458050523233560e+00
2.906581524979486630e+00 3.047116392976671584e+00
3.021514229472805457e+00 3.192360419093922985e+00
3.211958247584943305e+00 3.351661356198368136e+00
3.343858822069920578e+00 3.501070501607486563e+00
3.513627795704837631e+00 3.640870763185346526e+00
3.664133702721584562e+00 3.767992693502089541e+00
3.817820139257191325e+00 3.912820690510705024e+00
3.952190332872769218e+00 4.050963567024830958e+00
4.088422110585863578e+00 4.180719381459581996e+00
4.211395876961472773e+00 4.313005928965411684e+00
4.434520714494987637e+00 4.339587593379956587e+00
4.449424092288562171e+00 4.575189225096369938e+00
4.580118846915602226e+00 4.715182610230695737e+00
4.838917576350318051e+00 4.747633008109338526e+00
4.962900512301467337e+00 4.870206608210253307e+00
4.962394534158995896e+00 5.104292062949689956e+00
5.227279490359137526e+00 5.108735235631612248e+00
5.365773266504906935e+00 5.274595695476253177e+00
5.494578195477657800e+00 5.368002305808181163e+00
5.629904762974085486e+00 5.512017672063245222e+00
5.654185941579518371e+00 5.771582850711119761e+00
5.911046244112648118e+00 5.792230377340264802e+00
6.046881308507943587e+00 5.941046500854704426e+00
6.190374377997916788e+00 6.066470249806322990e+00
6.205161494715301096e+00 6.338833461931490554e+00
6.469619202221633891e+00 6.349504111404221440e+00
6.501299245028542728e+00 6.608973134609398947e+00
6.756304213654404478e+00 6.652752343864500872e+00
6.898775401285085707e+00 6.781297513985053094e+00
7.043813098327798450e+00 6.903517411912928559e+00
7.060573116859183429e+00 7.171199679705352992e+00
7.328286084821774793e+00 7.214847696294410362e+00
7.474293163679758045e+00 7.359782832585092471e+00
7.610200149918535217e+00 7.496976296156034891e+00
7.762547876260307511e+00 7.648327197261031607e+00
7.913239271738859770e+00 7.808422781015209146e+00
8.068496327517804545e+00 7.960083827656735167e+00
8.212622437112077733e+00 8.114934987496974728e+00
8.367445607879460567e+00 8.266891124846070582e+00
8.412521161060618979e+00 8.480871350663100827e+00
8.656101416927155512e+00 8.548012219834534520e+00
8.805787202763244892e+00 8.713974552981840205e+00
8.950795870547816335e+00 8.860515255360384757e+00
9.105699571670045955e+00 9.003654536291932686e+00
9.255242580625731463e+00 9.151526909533815868e+00
9.409171759089199227e+00 9.311632723377597287e+00
9.557285587085225131e+00 9.445764871389217276e+00
9.701223898273219959e+00 9.592433610797865384e+00
9.851165915640695658e+00 9.747610358300583755e+00
9.997843622825852705e+00 9.901223879252222915e+00
1.016154068091088902e+01 1.007582733944403230e+01
1.031449798102736892e+01 1.021672808254274400e+01
1.045135184637388370e+01 1.032102891225601482e+01
1.060827275387581103e+01 1.050008864331808311e+01
1.075210641415882407e+01 1.066878875884654398e+01
1.090810456297823094e+01 1.082257955211897560e+01
1.105822822999727961e+01 1.097154085413876246e+01
1.120369854258062858e+01 1.112589569087902319e+01
1.135697893571534678e+01 1.127212686573336775e+01
1.151696907787037283e+01 1.141369983104507568e+01
1.167738886102507045e+01 1.155927248981377176e+01
1.183320865512168574e+01 1.164826534107238842e+01
1.197586266737148541e+01 1.182846080193899674e+01
1.211740259035831357e+01 1.202382385077134153e+01
1.227473092209046257e+01 1.214599378867018942e+01
1.244153279251093913e+01 1.229803844979979743e+01
1.259479326444645508e+01 1.239918969788640801e+01
1.275010199327177318e+01 1.263975406524612133e+01
1.290557143424157793e+01 1.275153002228882571e+01
1.305857348273039342e+01 1.288567067516353504e+01
1.320561786380190306e+01 1.306039124715181643e+01
1.335960580961661570e+01 1.323004652124272695e+01
1.351354642216700874e+01 1.342459782507012100e+01
1.367697141646841175e+01 1.354757841769081672e+01
1.381691550098823917e+01 1.360820317829085901e+01
1.382297644278273907e+01 1.390694127426764126e+01
1.412608283247451979e+01 1.397554533629281970e+01
1.427121672416031650e+01 1.414548826081175115e+01
1.424260120988409284e+01 1.434823639910827353e+01
1.458155090954749866e+01 1.441468909920950736e+01
1.474541175442243457e+01 1.456715398556963414e+01
1.487411592947177219e+01 1.466620797950449528e+01
1.502627126781917788e+01 1.485391797554803262e+01
1.518441996015584117e+01 1.501469239815240719e+01
1.533989598187904413e+01 1.520933833219056908e+01
1.549606614973965257e+01 1.533515502245259654e+01
1.565126393454732678e+01 1.555931607890293300e+01
1.582510039798247625e+01 1.571473149510448408e+01
1.598557908735956445e+01 1.578357968225757801e+01
1.612623674125064355e+01 1.598784223215516498e+01
