0.000000000000000000e+00 0.000000000000000000e+00
0.000000000000000000e+00 0.000000000000000000e+00
2.493300550050175923e-02 9.644156000952642804e-01
1.078593902254407488e-01 1.843927357704347347e+00
6.441163594899472766e-01 2.585652542455536995e+00
2.460494503343157113e+00 2.627540958439439134e+00
2.765648163303358054e+00 2.734753936176404832e+00
2.816800546045665765e+00 2.766047117436198466e+00
2.899215568163426848e+00 2.926453382683716242e+00
3.001609348028869473e+00 3.092611956461193135e+00
3.170857500283134733e+00 3.230072562847492001e+00
3.323836343202276833e+00 3.495481482219763070e+00
3.462868697480876889e+00 3.698535143782159640e+00
3.672112710383837353e+00 3.883204625438627211e+00
3.857898410240879983e+00 4.055105130447921979e+00
4.082664876980593327e+00 4.241428413935984132e+00
4.221910218608850407e+00 4.402053517801694404e+00
4.369085914444161389e+00 4.576461052512809324e+00
4.542969148680972680e+00 4.737875916002742827e+00
4.708845721352414415e+00 4.898722230302277936e+00
4.858809521075484028e+00 5.058365066712354086e+00
5.029113045662306547e+00 5.220250875643471566e+00
5.171076493887944103e+00 5.372726645289378489e+00
5.352622544741058697e+00 5.527784800011803945e+00
5.519292224745031561e+00 5.680937008632179541e+00
5.692553626244323262e+00 5.825974712015416834e+00
5.833938456918464688e+00 5.965977882916162933e+00
6.006489482458226448e+00 6.113432381243142366e+00
6.160430193170184587e+00 6.266007563974071992e+00
6.328370390116000443e+00 6.418587972037023803e+00
6.433853730731441622e+00 6.563954149136134397e+00
6.607549495493781677e+00 6.714494284169363780e+00
6.734844927993138164e+00 6.856304186733147787e+00
6.887153968194698272e+00 7.006650487736821198e+00
7.149794792331756632e+00 7.011049923401142969e+00
7.298406246638787565e+00 7.103082353480310474e+00
7.445376496812315281e+00 7.214657806375958771e+00
7.591003914784889339e+00 7.348304119567333537e+00
7.526243423325058579e+00 7.741109280011438720e+00
7.896656040777514818e+00 7.685240566834528941e+00
8.053499597854582248e+00 7.819915542479166426e+00
8.203843747133509723e+00 7.964119989957480605e+00
8.153458974156620798e+00 8.334950299461771905e+00
8.505619944374130270e+00 8.292413990964945469e+00
8.654590994720878783e+00 8.432914774193838170e+00
8.822103877697831109e+00 8.592143731005736029e+00
8.735912834503857027e+00 8.952936648099790062e+00
8.926171565856764190e+00 9.101081643750982053e+00
9.277267720995276079e+00 9.077547787830301473e+00
9.424810396781843735e+00 9.192275237851035286e+00
9.588912729058780116e+00 9.378262820129558364e+00
9.751900827790951354e+00 9.536820370643370737e+00
9.911339307257016173e+00 9.689281480205398367e+00
1.006350543701287847e+01 9.851599551354947693e+00
1.022193026105387936e+01 1.004029445866198778e+01
1.039317265348009300e+01 1.021011656268235157e+01
1.055865021835824535e+01 1.032845342465600069e+01
1.053185649854566108e+01 1.067323799779488880e+01
1.087015630596602556e+01 1.063851227612540917e+01
1.101663443964320344e+01 1.085621740162904203e+01
1.118443818141649260e+01 1.098725020176123301e+01
1.133569914835813286e+01 1.118665550343529524e+01
1.150046325409771519e+01 1.133729684920680292e+01
1.166541733584207741e+01 1.151618511298130798e+01
1.182186722253930355e+01 1.167876663870552889e+01
1.199881656501634630e+01 1.182559118625025185e+01
1.216216011854997170e+01 1.194126614674429732e+01
1.233008664151718037e+01 1.217470819050505071e+01
1.249239298745169613e+01 1.227624600889112294e+01
1.264727821583389122e+01 1.246244783890686847e+01
1.282907471123600907e+01 1.265002733711848393e+01
1.298073449905498578e+01 1.280991697280489916e+01
1.293646838391071263e+01 1.309952162413374666e+01
1.329844471116917326e+01 1.311798145010189209e+01
1.345931083605386469e+01 1.327710722161472745e+01
1.361982862323681331e+01 1.343945214503692576e+01
1.379273216689310289e+01 1.362143654948275540e+01
1.394095300437464147e+01 1.382874159368295608e+01
1.411436561996749006e+01 1.397689509804208896e+01
1.427058478607199277e+01 1.412828177186672818e+01
1.444890869474495254e+01 1.430346190218350522e+01
1.460590062115937293e+01 1.447424914181775435e+01
1.477884732312904958e+01 1.462123689425688156e+01
1.493831707025387168e+01 1.474016086862574149e+01
1.510472569233890283e+01 1.492302842098190574e+01
1.527493372618378942e+01 1.510026367037505857e+01
1.544117856392885457e+01 1.521541363057546015e+01
1.561286424856260879e+01 1.544502306370932665e+01
1.577768820422824980e+01 1.561116884241595670e+01
1.594917204462563909e+01 1.580838989453357080e+01
1.612183181981567159e+01 1.588069839608425937e+01
1.628346658278859138e+01 1.614184845737148777e+01
1.645172405234737667e+01 1.627542406863050672e+01
1.662841250490239986e+01 1.647175365832476857e+01
1.679634631525410526e+01 1.669181366612555451e+01
1.694988808916761514e+01 1.672358147734407652e+01
1.714556055473500962e+01 1.691675993959709956e+01
1.731350941955058786e+01 1.708541641422373303e+01
1.747116179048008533e+01 1.732109217923481026e+01
1.766221096610235364e+01 1.742937253054040170e+01
1.781607697489326370e+01 1.770912242865139419e+01
