0.000000000000000000e+00 0.000000000000000000e+00
0.000000000000000000e+00 0.000000000000000000e+00
0.000000000000000000e+00 0.000000000000000000e+00
0.000000000000000000e+00 0.000000000000000000e+00
0.000000000000000000e+00 0.000000000000000000e+00
0.000000000000000000e+00 1.156211729864490556e-01
5.666982509368368587e-02 0.000000000000000000e+00
2.145715811670817708e+00 5.946475812175927800e+00
7.671509626630497181e+00 8.210428520971481348e+00
8.298797898058284161e+00 8.300206946407078235e+00
8.343964952187207018e+00 8.339453418128259798e+00
8.352592747571772946e+00 8.359112910790470252e+00
8.378341216104580269e+00 8.374959351288756793e+00
8.413636656852903073e+00 8.412353411655976387e+00
8.521921596772418894e+00 8.580257735888205062e+00
8.682037898395465803e+00 8.864577614447796350e+00
8.801511206563455758e+00 9.286794246821960641e+00
9.160047091809902398e+00 9.649958688838282228e+00
9.440495731722538864e+00 9.903546587778073729e+00
9.844798739597703019e+00 1.021837959380460248e+01
1.010009312961613759e+01 1.052082697041021042e+01
1.028497849775751227e+01 1.074286346087651900e+01
1.064403451468565187e+01 1.098637394007844570e+01
1.086154624183846451e+01 1.122029714178025728e+01
1.106020853319559727e+01 1.141169941078014283e+01
1.133540299250146788e+01 1.161961169552618145e+01
1.158419322978240729e+01 1.181232301791579431e+01
1.184518528064941023e+01 1.201990810702283952e+01
1.200586221413613330e+01 1.222493367026789812e+01
1.226222872919747076e+01 1.242669556424143629e+01
1.246166941676767337e+01 1.261651650880293829e+01
1.266624625593771647e+01 1.280977662224703906e+01
1.288165842017025398e+01 1.299206155195675905e+01
1.310492559512001343e+01 1.318878618803608127e+01
1.328044700261301969e+01 1.335275210974368676e+01
1.351017033493070230e+01 1.341374733837394650e+01
1.351214019422531720e+01 1.371709100393922220e+01
1.386678765918434308e+01 1.371356224617382047e+01
1.389133369086248138e+01 1.408660914913208018e+01
1.399052792226245678e+01 1.427788502817459282e+01
1.427342438583795570e+01 1.446485039998477617e+01
1.464466691726530101e+01 1.444169600318556590e+01
1.457534198691557847e+01 1.485977055340461384e+01
1.481358648783646181e+01 1.504797624047783877e+01
1.522860877143115310e+01 1.494984729205966900e+01
1.511209935838174268e+01 1.542756934914125289e+01
1.561719520190112576e+01 1.531253420824684497e+01
1.581468968025273192e+01 1.551997560865466497e+01
1.564324794762640636e+01 1.601136216935896073e+01
1.619912335175594720e+01 1.593327734171514720e+01
1.606717168931562512e+01 1.639550839518559044e+01
1.629503039226396410e+01 1.659087646679113703e+01
1.677937394504997215e+01 1.647822970627126082e+01
1.666788172892554698e+01 1.697592811987880879e+01
1.718005322924024014e+01 1.694708996288238012e+01
1.701615382255148390e+01 1.737295043367319280e+01
1.757000562853855996e+01 1.722664920043133563e+01
1.776834013285699498e+01 1.749036344021698142e+01
1.797560399661444919e+01 1.771968858485208287e+01
1.787539606553346871e+01 1.816190921593002017e+01
1.837673139897157526e+01 1.810087980977683841e+01
1.855769445480886759e+01 1.831717153317000779e+01
1.878616566250731879e+01 1.852156890499827213e+01
1.868487607207471513e+01 1.895495135095093175e+01
1.918551288991774939e+01 1.892857777169270150e+01
1.939786047361995003e+01 1.908879791672243087e+01
1.959886752243788166e+01 1.927461914028059553e+01
1.952088970943101387e+01 1.976912298125896683e+01
2.001548768525796973e+01 1.977046806070303475e+01
2.021981052731784345e+01 1.995204510228625239e+01
2.042237994320714733e+01 2.023369119522150683e+01
2.063326556838101666e+01 2.038648464111368597e+01
2.085973482473330165e+01 2.065880509556719957e+01
2.109014316348553919e+01 2.085773306220791312e+01
2.104121287054848821e+01 2.125467035942659777e+01
2.124935303008672705e+01 2.146496648538311547e+01
2.170913240268086852e+01 2.150632058210362629e+01
2.191660521306447507e+01 2.169223241685467585e+01
2.213470845176068735e+01 2.189363549954958543e+01
2.237605443559948881e+01 2.215826720582585097e+01
2.259327305937793540e+01 2.239154148401568278e+01
2.280264278152534274e+01 2.256939832517525346e+01
2.278073900722514011e+01 2.294181935450120591e+01
2.323065023249710848e+01 2.299193079660232897e+01
2.344023934453473146e+01 2.321814831015610991e+01
2.366503186049030205e+01 2.342461879925098955e+01
2.387464462428596690e+01 2.363160430422541580e+01
2.410304221717966300e+01 2.387210496704771856e+01
2.432456830227146227e+01 2.406899186556779568e+01
2.455261293928473521e+01 2.431841689324597056e+01
2.478190278633322308e+01 2.461712034985566788e+01
2.499419406862212512e+01 2.481912381718303351e+01
2.521972657655454952e+01 2.502361560186260192e+01
2.544578289870774768e+01 2.525759398575268477e+01
2.566425355686820353e+01 2.546035810251775544e+01
2.590029021844277679e+01 2.568814911386068900e+01
2.611595412322360588e+01 2.590407443400770404e+01
2.636008934626507738e+01 2.615110103838345168e+01
2.658914067538454873e+01 2.645422462104864536e+01
2.654760279276829849e+01 2.669802814976194583e+01
2.703833505647441982e+01 2.688779554463102528e+01
