0.000000000000000000e+00 0.000000000000000000e+00
0.000000000000000000e+00 0.000000000000000000e+00
0.000000000000000000e+00 0.000000000000000000e+00
0.000000000000000000e+00 0.000000000000000000e+00
0.000000000000000000e+00 0.000000000000000000e+00
0.000000000000000000e+00 0.000000000000000000e+00
4.974419314494113453e-02 0.000000000000000000e+00
9.120078353249491676e-02 3.800928230466556368e+00
1.667389899311030182e-02 3.508637713020921645e+00
4.858274601202936083e+00 5.386183118834321881e+00
5.253396279873565611e+00 5.436610866906649520e+00
5.615486487544062655e+00 5.696208632677931760e+00
5.796749000623214521e+00 5.839995488811831947e+00
5.891081452604074897e+00 5.910042966893763960e+00
5.984148493159263005e+00 5.977781231797319350e+00
6.090338374118144493e+00 6.249053698195691453e+00
6.286637198982048425e+00 6.541352730267953497e+00
6.528251740539062098e+00 6.829998063299265176e+00
6.816024887986142033e+00 7.126407844488771737e+00
7.074507084944702484e+00 7.383604699264639137e+00
7.360220608596144132e+00 7.615887555618130911e+00
7.526839175679973515e+00 7.823523987165032167e+00
7.736200992124566689e+00 8.033244569985466654e+00
7.959488792704157767e+00 8.253244107365206972e+00
8.145396580061751379e+00 8.464749566836042405e+00
8.378314830305690464e+00 8.634614883867239854e+00
8.621881767460545021e+00 8.818009753031716969e+00
8.824674065586970428e+00 9.010851735616112634e+00
9.017987365056344018e+00 9.196677135210579834e+00
9.204155662066783705e+00 9.387909127204217441e+00
9.389447359310516106e+00 9.556836383581689631e+00
9.571023012035535515e+00 9.738226491262436113e+00
9.806008640861451298e+00 9.917041823247034316e+00
9.979212854210471662e+00 1.008165767635925825e+01
1.015403262752704983e+01 1.025415903306972965e+01
1.029557363689074556e+01 1.041893300684005474e+01
1.056824491588913340e+01 1.047508758366648962e+01
1.063242090384884442e+01 1.076009884098826852e+01
1.092193863025805634e+01 1.078541067216607097e+01
1.082486597485191382e+01 1.110356117522940522e+01
1.127122257342165135e+01 1.108558747587058946e+01
1.145161038192643232e+01 1.120754451977131261e+01
1.134221654606449547e+01 1.163221385987865908e+01
1.158421984249263481e+01 1.180267864581598047e+01
1.197067650395433525e+01 1.174461286241568736e+01
1.214905628180885699e+01 1.190965242002150326e+01
1.210981197738403736e+01 1.232440749548898751e+01
1.250855833034314912e+01 1.226391217681541690e+01
1.242631405134069311e+01 1.268313334458759911e+01
1.286650401305497837e+01 1.266442427397607950e+01
1.305181549397426899e+01 1.277988520867438815e+01
1.296475088679943255e+01 1.323115435797923212e+01
1.319251034685941626e+01 1.340207410150242673e+01
1.338472773181285191e+01 1.358508122533943485e+01
1.378117554752729212e+01 1.357434194647662373e+01
1.396532444526078010e+01 1.373450226028830201e+01
1.416193492123869646e+01 1.390988719180521649e+01
1.435841448821066457e+01 1.406410805645945494e+01
1.454776630246363034e+01 1.432679906102634604e+01
1.474061736405336909e+01 1.443020156571862245e+01
1.492056866322261222e+01 1.467624984079260031e+01
1.512635943403729399e+01 1.481708568659415981e+01
1.532497369927998321e+01 1.501466573324506193e+01
1.551181122699300019e+01 1.514351814889221259e+01
1.571718146906454727e+01 1.542845764883134230e+01
1.592075327302746679e+01 1.562022285910644825e+01
1.613148896500409535e+01 1.582494363413882610e+01
1.602516999444904400e+01 1.627808542012796167e+01
1.651652549033241257e+01 1.622918469125725593e+01
1.643793994014316340e+01 1.666999858132298229e+01
1.689928971501328192e+01 1.658893703174834755e+01
1.708871175951922439e+01 1.677702747226430091e+01
1.729698425735609391e+01 1.696392512719030776e+01
1.748940051647519667e+01 1.717070261937785602e+01
1.769854603133501669e+01 1.745759407033390787e+01
1.760307156887311208e+01 1.785349789706584644e+01
1.808853489548194560e+01 1.782201491503473534e+01
1.828317519649572986e+01 1.802091091336127704e+01
1.847291896021975077e+01 1.822987949617794357e+01
1.868247049770620194e+01 1.841953437715671882e+01
1.888006867835396818e+01 1.862840787338099346e+01
1.909303951648986342e+01 1.879117104048431841e+01
1.929374064960889612e+01 1.899319996278445899e+01
1.948870649074014949e+01 1.920511609351546056e+01
1.967645515196162975e+01 1.941253928938528972e+01
1.990801387616509643e+01 1.965456371562626359e+01
2.010014717731106160e+01 1.981359031633893863e+01
2.032012886952425745e+01 2.007412424100356674e+01
2.050769500959450298e+01 2.024544474148028428e+01
2.043251009956362907e+01 2.062802968160721306e+01
2.089915888938690713e+01 2.064471015823875177e+01
2.110250672245662429e+01 2.083507302805972827e+01
2.129342916286054788e+01 2.102959790853524780e+01
2.150892079674485302e+01 2.120881592110883673e+01
2.169988715789850886e+01 2.134011582948647856e+01
2.192015322751547401e+01 2.162953721080583591e+01
2.213004031426042317e+01 2.186494349018089522e+01
2.233440426404827761e+01 2.203822421281303079e+01
2.254019883279175218e+01 2.223392687744618357e+01
2.274178212117720221e+01 2.249270263102651057e+01
2.295803588573335574e+01 2.271898070898236810e+01
