0.000000000000000000e+00 0.000000000000000000e+00
6.089549565639787269e-04 0.000000000000000000e+00
1.624594273231779601e-02 0.000000000000000000e+00
1.099883710536103398e-01 4.811192089078016607e-04
2.614927142394977699e-01 2.171947357088731961e-02
1.558292973329319930e-01 4.163260057043963736e-01
5.212440734778354123e-01 4.695194287537216571e-01
6.251606551041061222e-01 5.717710221858599562e-01
7.236124877229086483e-01 6.745857304347938621e-01
8.170175784261208829e-01 7.745181621949314144e-01
9.110367860323788092e-01 8.727650421432264771e-01
1.005382956881046175e+00 9.853296562005859904e-01
1.098103058252981601e+00 1.072239081960581375e+00
1.187420682164109786e+00 1.140983063197439806e+00
1.281702854747001741e+00 1.258440465277473441e+00
1.374942641100972196e+00 1.336164113298733191e+00
1.469967929387659078e+00 1.430916556345846136e+00
1.560110355522941417e+00 1.517974261408613801e+00
1.656482057462387969e+00 1.595122197598004776e+00
1.748859321348769980e+00 1.702324968930526428e+00
1.839006310745767925e+00 1.803346297156517508e+00
1.929543962356641273e+00 1.888192261767863478e+00
2.019146457615058399e+00 1.969270588883391904e+00
2.114732555861372987e+00 2.060311065507930639e+00
2.202089064397896312e+00 2.165470958195031770e+00
2.293344791244801506e+00 2.247116139247856470e+00
2.384223982009166409e+00 2.344761302747784271e+00
2.478566247130096212e+00 2.424298236952365571e+00
2.569347603742926811e+00 2.522290644795725623e+00
2.659097646474147147e+00 2.605081543810491507e+00
2.747856126536617261e+00 2.711774538508848753e+00
2.839918666580504958e+00 2.796037536030685722e+00
2.931922734816522436e+00 2.880359240479943850e+00
3.024888927804479266e+00 2.957149377898482978e+00
3.118427891905620974e+00 3.056237088645106681e+00
3.209473645756411919e+00 3.148713726158714366e+00
3.300512744185698288e+00 3.249184243271263650e+00
3.392540954713035628e+00 3.319845573811457395e+00
3.484791033766454937e+00 3.412128565083202503e+00
3.572019853901499786e+00 3.511577633227791928e+00
3.666869250400945024e+00 3.583646055001524555e+00
3.758181874480285511e+00 3.682305212800220939e+00
3.850456149220544688e+00 3.767632738545565019e+00
3.944596191572310673e+00 3.875869170101167605e+00
4.037309601223346256e+00 3.962280452863397695e+00
4.126264154454985622e+00 4.032338414419249339e+00
4.215884960435074547e+00 4.137178690272611092e+00
4.307061894461450713e+00 4.229058940085454132e+00
4.399232039182781939e+00 4.326098930253107433e+00
4.489643279778999130e+00 4.406786252213106714e+00
4.582515912417846060e+00 4.508465568424271375e+00
4.673807184054099118e+00 4.627688965955692346e+00
4.768353703913677855e+00 4.711652839306229801e+00
4.860736173603717347e+00 4.780565743383477617e+00
4.945464535452167354e+00 4.901803518927226655e+00
5.037123605004114602e+00 4.967040036982145246e+00
5.134080720685532562e+00 5.005057095891144670e+00
5.228969748677367413e+00 5.146313092530565569e+00
5.316658491969155520e+00 5.247147498896379325e+00
5.412261395139648990e+00 5.320992910089546335e+00
5.504308061476839598e+00 5.393562086314751092e+00
5.596400686599433349e+00 5.456629771662562689e+00
5.683312401577614636e+00 5.600914607667799139e+00
5.781360555481678709e+00 5.657859684899586128e+00
5.875271528754594463e+00 5.759524041537668282e+00
5.958359830431078308e+00 5.848027391866077451e+00
6.044669541023173664e+00 5.944950603691921742e+00
6.138583803705814468e+00 6.046863251460674604e+00
6.233035608770334690e+00 6.139815032688476393e+00
6.322428803889532212e+00 6.210520942352168561e+00
6.413532855867162930e+00 6.327570404983410057e+00
6.504181303966383609e+00 6.425274077875045009e+00
6.592800923991992690e+00 6.490934069524457506e+00
6.688052465183278450e+00 6.618580944543961841e+00
6.776628571771282417e+00 6.701897680866912843e+00
6.871398807659719665e+00 6.790789736008425947e+00
6.963275234747848152e+00 6.829720882771196599e+00
7.054950254930120401e+00 6.924371098430523119e+00
7.143887051571899072e+00 7.070939680096434365e+00
7.237704557963624552e+00 7.160520297277179758e+00
7.338071176131529150e+00 7.205958980013797976e+00
7.429533360615304893e+00 7.368995447691698786e+00
7.517916395939924001e+00 7.386684939247905035e+00
7.610734905454966892e+00 7.538005438862562357e+00
7.703440405752197684e+00 7.586448673261022790e+00
7.796363524928222155e+00 7.682382667835129020e+00
7.886431571278463615e+00 7.751248050180794102e+00
7.973922275679215410e+00 7.867758240300299022e+00
8.068404299548333825e+00 7.977199789490331483e+00
8.167250673929556726e+00 8.054640536153655717e+00
8.253386089902722489e+00 8.133666544779368124e+00
8.348842246114106302e+00 8.249799773212908249e+00
8.438105853632235309e+00 8.351919492330992512e+00
8.528677110568235520e+00 8.427974372067156494e+00
8.623162981141009098e+00 8.479985357988031325e+00
8.706849970997399879e+00 8.609691430372659937e+00
8.799495846440850144e+00 8.701542752322088958e+00
8.897068307348462213e+00 8.759191976118652079e+00
8.980943295826333994e+00 8.873344808195259503e+00
9.079846764054225972e+00 8.948954059899699942e+00
9.167383364421931802e+00 9.041177767960970613e+00
