0.000000000000000000e+00 0.000000000000000000e+00
1.790537297743121856e-03 0.000000000000000000e+00
2.714478140678511925e-02 -6.970337160225443217e-04
5.660328747394526711e-02 1.827076302256743900e-03
1.769792556400268391e-01 3.784310899898487689e-03
3.302348194893811040e-01 6.384448935334105513e-02
2.587066047435770400e-01 5.342692207127672788e-01
6.160466218458577892e-01 6.433230148659921932e-01
7.496807769224015372e-01 7.263800793756501895e-01
8.573312273337435618e-01 8.280819915127888287e-01
9.550464634081460291e-01 9.198775551490939728e-01
1.054514578221510179e+00 1.023729353560886013e+00
1.154033363504834098e+00 1.114762580691494032e+00
1.246189513240304914e+00 1.219540445312018440e+00
1.344418233680030550e+00 1.311670653241774787e+00
1.445333136207959113e+00 1.401076420425627411e+00
1.540562910932905760e+00 1.495974414854291945e+00
1.636804032550065457e+00 1.603207216783193889e+00
1.734795615918168998e+00 1.712458790421288013e+00
1.833134706180509665e+00 1.795768555171989744e+00
1.928516979905719575e+00 1.913486870559509168e+00
2.026308252453412173e+00 1.989128024357143198e+00
2.123778886495939044e+00 2.080502999379843398e+00
2.221329406629513059e+00 2.182846187119339643e+00
2.318237760469845643e+00 2.265712465255953934e+00
2.414365744699841887e+00 2.385414665888880403e+00
2.507443860420439208e+00 2.471717719858473217e+00
2.604790337651440968e+00 2.566574085088416890e+00
2.700018121319332831e+00 2.649552907261598200e+00
2.798445209483474638e+00 2.760524830147430553e+00
2.896426943166721113e+00 2.852510723487315047e+00
2.995758619261550404e+00 2.945290347966079025e+00
3.088651820236095080e+00 3.039000170362942566e+00
3.185742536626597232e+00 3.150654504087723407e+00
3.283726385709389906e+00 3.225075265090631582e+00
3.376334091193461617e+00 3.322930340408813965e+00
3.475935225839521081e+00 3.426890903353671636e+00
3.568272031708826120e+00 3.528364460098189159e+00
3.657993354822427268e+00 3.599860406067347807e+00
3.757928001228662662e+00 3.701092957894420721e+00
3.855097277401313249e+00 3.801020016321879691e+00
3.947450167076806515e+00 3.891133433017753163e+00
4.051220720457020086e+00 4.014824919895381150e+00
4.148122541225321314e+00 4.084229989849696096e+00
4.251002135938227511e+00 4.178830312361230703e+00
4.348407314590470030e+00 4.286160449744729206e+00
4.446895124957456424e+00 4.368339033946607053e+00
4.547676239909901774e+00 4.454719973625330454e+00
4.643976300499040200e+00 4.563852732785174560e+00
4.733510723925751229e+00 4.670082868321055791e+00
4.834225948001210860e+00 4.760919715457400336e+00
4.934770476963549868e+00 4.857017156323442997e+00
5.031587802265424791e+00 4.956040490829098033e+00
5.123515150270120166e+00 5.046704237816800998e+00
5.214148914643164545e+00 5.137688199649312004e+00
5.313749961550453982e+00 5.229204457177629273e+00
5.407678751368761638e+00 5.319545215497949897e+00
5.507176856739608439e+00 5.426104309928468261e+00
5.609229823682827742e+00 5.516292897071886081e+00
5.705272780352233397e+00 5.634273789800579912e+00
5.798615795450698940e+00 5.695003762381282364e+00
5.893509907662310532e+00 5.801587999017066899e+00
5.990455259274320987e+00 5.907600521603534105e+00
6.085508265322401300e+00 5.991141039550815783e+00
6.190744160677585484e+00 6.095820817697570781e+00
6.282171703733672175e+00 6.193020971051996781e+00
6.381130038595228093e+00 6.269517805910485464e+00
6.483689976412408740e+00 6.369989978208378645e+00
6.573245263124849025e+00 6.465293819994113456e+00
6.670379772906817273e+00 6.544697412722412899e+00
6.762749120922189050e+00 6.634045521764445397e+00
6.859857884110803994e+00 6.768235775267807064e+00
6.960999133678408057e+00 6.840929027335800328e+00
7.053409533484794380e+00 6.934422247321806232e+00
7.149798214039586597e+00 7.031596364304881774e+00
7.251252463349779021e+00 7.137614737276794408e+00
7.347365412367405924e+00 7.219402562577448279e+00
7.442311945888040903e+00 7.325003639812998735e+00
7.545634137095532878e+00 7.402078159474679175e+00
7.636102184307590690e+00 7.527396779133867177e+00
7.732066473807881479e+00 7.615653129677149025e+00
7.828038627891479528e+00 7.720349567988293416e+00
7.920824459070768597e+00 7.796622823739909336e+00
8.019578216203701260e+00 7.886994908466317789e+00
8.114456077715164639e+00 7.992595972799937165e+00
8.212336446108762900e+00 8.108038910896086193e+00
8.307017586276506549e+00 8.212331522577589027e+00
8.405158254525129990e+00 8.269972715209199521e+00
8.499291708720807748e+00 8.359279100562252651e+00
8.594946600330532149e+00 8.493896153337054500e+00
8.693646692187032343e+00 8.549404740226114185e+00
8.783989250505138457e+00 8.679702373702223639e+00
8.889476931963395501e+00 8.772962787101310056e+00
8.984774839450514250e+00 8.856714262861361320e+00
9.078763477629571810e+00 8.965462821952034034e+00
9.173198540300587567e+00 9.083848596629426453e+00
9.275971640292175024e+00 9.139981636458122338e+00
9.362480355079423333e+00 9.230079651812092223e+00
9.460237093186396606e+00 9.317157920739251864e+00
9.560133118347650338e+00 9.430902650088778927e+00
9.656767663664840740e+00 9.551915773491259642e+00
