0.000000000000000000e+00 0.000000000000000000e+00
0.000000000000000000e+00 0.000000000000000000e+00
0.000000000000000000e+00 0.000000000000000000e+00
0.000000000000000000e+00 0.000000000000000000e+00
0.000000000000000000e+00 0.000000000000000000e+00
0.000000000000000000e+00 0.000000000000000000e+00
1.712819105781674955e-01 3.476666319133387972e+00
3.018176370923721930e-01 1.003576795283791512e+01
1.292972298001462406e+01 1.352486011878115413e+01
1.211388718861250169e+01 1.420678085213848263e+01
1.434631899464540261e+01 1.434437785626921880e+01
1.437131886559235738e+01 1.434786920661246867e+01
1.435923633325075244e+01 1.435263677815036232e+01
1.437762883007376580e+01 1.436832787128766853e+01
1.437870812650021257e+01 1.437664974544753704e+01
1.443205446764109112e+01 1.451364900180948325e+01
1.451249897034628589e+01 1.482246863933953840e+01
1.467576158156349209e+01 1.517885727379591287e+01
1.497722520749295505e+01 1.550215377851821685e+01
1.529131568323925094e+01 1.590054735476833869e+01
1.571903145925469758e+01 1.624884387051426415e+01
1.611013582914940656e+01 1.656919607517561133e+01
1.645168569319460516e+01 1.687190647936897037e+01
1.667927900364445648e+01 1.713387028702936021e+01
1.701718017827910501e+01 1.740766684250691654e+01
1.721716765317748710e+01 1.765223490477675838e+01
1.754967785302390482e+01 1.790730782557134759e+01
1.788807406207815731e+01 1.814800898125774964e+01
1.810891614741357714e+01 1.838804008564466841e+01
1.842733921001041963e+01 1.863609849037697330e+01
1.862947032700239802e+01 1.886313419378003431e+01
1.888424315766170736e+01 1.908272020170605998e+01
1.910435902848546874e+01 1.931328595550798966e+01
1.933046455666897856e+01 1.951937536231897141e+01
1.953753098823579748e+01 1.973499377168749191e+01
1.975403115266065868e+01 1.995507442590610125e+01
1.993875787563321111e+01 2.017589498048806362e+01
2.016861302280652524e+01 2.039325160958832228e+01
2.039124150758286547e+01 2.060411028599916250e+01
2.060515621732707103e+01 2.082475893927431798e+01
2.082295829979120683e+01 2.103251255786079454e+01
2.097698544125854525e+01 2.123773440403602208e+01
2.140903225523053166e+01 2.116787455984317035e+01
2.161907671127864106e+01 2.128316618919699366e+01
2.141408506326083483e+01 2.184799439282877032e+01
2.173055604804680385e+01 2.206342390314551238e+01
2.195251370551825332e+01 2.228416218841874041e+01
2.212639804647454511e+01 2.247848971690815389e+01
2.266660687374185201e+01 2.234439984269874557e+01
2.247856735681638085e+01 2.289405568194743168e+01
2.277144326213543124e+01 2.310234237731894780e+01
2.330419180442441274e+01 2.288958749475125032e+01
2.352126913468941538e+01 2.310853494272774000e+01
2.371850428775741193e+01 2.329846107380465270e+01
2.346944920654264877e+01 2.394393326667308131e+01
2.363141917763530131e+01 2.416497586612590354e+01
2.397763042637053132e+01 2.437746540188276256e+01
2.410615122059893523e+01 2.459239217227009888e+01
2.480917713783252410e+01 2.437375378889991140e+01
2.501703496638049984e+01 2.463552417865785671e+01
2.524462049481547510e+01 2.477629808173545456e+01
2.546939361560451331e+01 2.497379640287056191e+01
2.568592757956712447e+01 2.520431569927518467e+01
2.591160664897705246e+01 2.539333439699264972e+01
2.614773806710437043e+01 2.558827742083560253e+01
2.635321790186241131e+01 2.589109326501791841e+01
2.608686780043292686e+01 2.656331197000303135e+01
2.627732660523063757e+01 2.678115183418066181e+01
2.653579881795030460e+01 2.699247031510011041e+01
2.680359533220836710e+01 2.721111934695748147e+01
2.746165057988345026e+01 2.702715942785615866e+01
2.769024653883793619e+01 2.718896774599613408e+01
2.791504566371229856e+01 2.743704236731767665e+01
2.815852911648820367e+01 2.772754772463922279e+01
2.839578664490318616e+01 2.784642777926856638e+01
2.863971284764988923e+01 2.823905691871915380e+01
2.889949468250340558e+01 2.828566192197050100e+01
2.857976076143615884e+01 2.907291059742995998e+01
2.935294256128230828e+01 2.885615684194859298e+01
2.957621513601095131e+01 2.910121167957227328e+01
2.980720869655133143e+01 2.937640147848011196e+01
2.956572277613958022e+01 3.000467607759613387e+01
2.983785381306486073e+01 3.022452642150678059e+01
3.049761474981628950e+01 2.998501297808234156e+01
3.073070890889034246e+01 3.023506854853073733e+01
3.098821392069629255e+01 3.046859240753282450e+01
3.123682165871182903e+01 3.070672698670618317e+01
3.149779499866841093e+01 3.096477316259479196e+01
3.172789190957059446e+01 3.122696880671505681e+01
3.197752467564518142e+01 3.151004048015083114e+01
3.223434646199955722e+01 3.166510749723389040e+01
3.247724874404668327e+01 3.197113026755784659e+01
3.272074194738215169e+01 3.219158859136422279e+01
3.296270651583615319e+01 3.239087184892496651e+01
3.320945281083656653e+01 3.265513224387289881e+01
3.344898224150995958e+01 3.288799870654943902e+01
3.370151501606630262e+01 3.314656545939246257e+01
3.397278535595183513e+01 3.339447110564555032e+01
3.418965661797964373e+01 3.352687719570327829e+01
3.444633786581201917e+01 3.390411327357065119e+01
3.471868143872359269e+01 3.420149688530845822e+01
