0.000000000000000000e+00 0.000000000000000000e+00
0.000000000000000000e+00 0.000000000000000000e+00
0.000000000000000000e+00 0.000000000000000000e+00
0.000000000000000000e+00 0.000000000000000000e+00
0.000000000000000000e+00 0.000000000000000000e+00
1.809126203417210643e-01 -9.154693914086979925e-03
7.609797639278632619e-01 1.879134287152397498e+00
2.042305807425593756e+00 1.114253809829069297e+00
2.409210353497811319e+00 2.518067138464176402e+00
2.764136592390478153e+00 2.779002645736336596e+00
2.914387373158481953e+00 2.976008838030632653e+00
3.071899754602605892e+00 3.044404704601793021e+00
3.243606915861227513e+00 3.263093903422510156e+00
3.376474622843298246e+00 3.430526281008129175e+00
3.551477067629384532e+00 3.701249196924794038e+00
3.749269452875408248e+00 3.967590747375161708e+00
3.964093614331267723e+00 4.159809071350307974e+00
4.160176759001012137e+00 4.323550845876297011e+00
4.414576375568421085e+00 4.484825180732052274e+00
4.591895446199266040e+00 4.655787368123015746e+00
4.781528657503700153e+00 4.816529736003750450e+00
4.949660767228673208e+00 4.986592137429634697e+00
5.122309796783503621e+00 5.160764012901601916e+00
5.323817618440843447e+00 5.290336354297069832e+00
5.479491609336325730e+00 5.465004383799302978e+00
5.653598524081532517e+00 5.617664724314630043e+00
5.790228044936449159e+00 5.833547753058484275e+00
6.002358051719212995e+00 5.953514606384193719e+00
6.185298321930773113e+00 6.080978490585674301e+00
6.365495246267308893e+00 6.299242186007855793e+00
6.527453233047581627e+00 6.457008753671094503e+00
6.626955792385717636e+00 6.696388970923957018e+00
6.875811318434207564e+00 6.800401329383972460e+00
7.063007058418145689e+00 6.973473267380788876e+00
7.246128731409007706e+00 7.158381607106524491e+00
7.430956190057949051e+00 7.332944051518830442e+00
7.605712309932859405e+00 7.528386221381060395e+00
7.790194814433382575e+00 7.678593614103895959e+00
7.874950039738513041e+00 7.942863150405846895e+00
8.138211867406532463e+00 8.074647284002429259e+00
8.331510162299959887e+00 8.227929080292401665e+00
8.526346834702691169e+00 8.403612444376436841e+00
8.724156952128755194e+00 8.579095706095268170e+00
8.902869884224051233e+00 8.790350384799200611e+00
9.103071800247681367e+00 8.961273654996650961e+00
9.285985855982920256e+00 9.154718000740119876e+00
9.481395017202835618e+00 9.317174424798732701e+00
9.667295418557952047e+00 9.496629544323981875e+00
9.859343125876314673e+00 9.677891660993422462e+00
1.004289234424974175e+01 9.888924491972083786e+00
1.025056872671451558e+01 1.005268434916124498e+01
1.043523693622404203e+01 1.021838780333609265e+01
1.062326090402641121e+01 1.045559075306426777e+01
1.080457563590035086e+01 1.062478275180636800e+01
1.100340920803281719e+01 1.076406828638921453e+01
1.100340372322245663e+01 1.112323618442360029e+01
1.134939695506035129e+01 1.114942116580903253e+01
1.153312310204009705e+01 1.139026757563221004e+01
1.173749373595247469e+01 1.156039691485906040e+01
1.191413131882167775e+01 1.176250182834038327e+01
1.210884058036618427e+01 1.194996784837204196e+01
1.229810124640807700e+01 1.214316462613581571e+01
1.249202917975144089e+01 1.232978880253470066e+01
1.266577962366683074e+01 1.256371334845020549e+01
1.286610897761095629e+01 1.269236913423969604e+01
1.305850324711961363e+01 1.292046377673307234e+01
1.324391229533215686e+01 1.310984647299838812e+01
1.343630778332763498e+01 1.333676425503652219e+01
1.362762874097331789e+01 1.344946243316858059e+01
1.381040175253735569e+01 1.365748140805670197e+01
1.400470752435010624e+01 1.387048926743661070e+01
1.420717820184222902e+01 1.405810201234138823e+01
1.439309499795415981e+01 1.426227097061441640e+01
1.458192098817430526e+01 1.441630425116900405e+01
1.478460658287230345e+01 1.464281918189144882e+01
1.497157921715849582e+01 1.479752780117481414e+01
1.517382333575912057e+01 1.502705255462927347e+01
1.536417202374408575e+01 1.516330060283639014e+01
1.555308064288010605e+01 1.538103648719063976e+01
1.573798993330545670e+01 1.562976846359913097e+01
1.594625551814467102e+01 1.577323008136111326e+01
1.613094806605893439e+01 1.589918713331855393e+01
1.631878179834124509e+01 1.617215190705954342e+01
1.651384281164177992e+01 1.630249345755827761e+01
1.670907312354849594e+01 1.652972314229213069e+01
1.689832734775489342e+01 1.668927117909717595e+01
1.710078197302675562e+01 1.688628235704609182e+01
1.729054243289308701e+01 1.710338400036315321e+01
1.749255248778795391e+01 1.724846916926955487e+01
1.768456624466644556e+01 1.743762559809651691e+01
1.787338275805224441e+01 1.766449017550470302e+01
1.807493377480535202e+01 1.787771488024934285e+01
1.826342033785082819e+01 1.807111434197230082e+01
1.846433935945634630e+01 1.830021457514760286e+01
1.866433501007718121e+01 1.848619449306199058e+01
1.884485866960411116e+01 1.866600015455159323e+01
1.904357502675388503e+01 1.887331312357882496e+01
1.924593192064468283e+01 1.909892789032116411e+01
1.943895919405293427e+01 1.929624723799985020e+01
1.964387929514636966e+01 1.937920665542172927e+01
1.984231957976494343e+01 1.966664485048578470e+01
