0.000000000000000000e+00 0.000000000000000000e+00
0.000000000000000000e+00 0.000000000000000000e+00
0.000000000000000000e+00 0.000000000000000000e+00
0.000000000000000000e+00 0.000000000000000000e+00
0.000000000000000000e+00 0.000000000000000000e+00
2.134728965631137176e-01 0.000000000000000000e+00
9.034894669556892133e-02 0.000000000000000000e+00
5.080252762533160604e-02 0.000000000000000000e+00
2.869271148912405089e-01 1.898727895921586417e-01
1.937453746894471029e+00 3.201732738955677338e+00
4.025631184505761517e+00 4.239364683149349666e+00
4.639240513875646954e+00 5.024695781624376245e+00
5.112860861813635971e+00 5.115210797396464670e+00
5.175227859369012862e+00 5.176456446586218618e+00
5.387466087002028559e+00 5.570191000547889182e+00
5.581798726755081042e+00 5.674807009940493252e+00
5.733261521340021538e+00 6.000159366272013628e+00
5.859262060598795507e+00 6.191872912605240309e+00
6.147291310720015112e+00 6.420835374352599878e+00
6.353832565861983639e+00 6.629609147149041704e+00
6.588786835183434221e+00 6.847880880309213936e+00
6.711025754670749244e+00 7.036595507319751697e+00
6.875244332673595693e+00 7.220345695628233251e+00
7.126894669060724219e+00 7.408235184376890103e+00
7.335089877380348788e+00 7.590525448163736755e+00
7.483146763632849918e+00 7.756645475802885770e+00
7.755629436610487204e+00 7.919771307447646791e+00
7.965508484578373682e+00 8.087986378680920296e+00
8.140571032529164697e+00 8.257652688688169818e+00
8.284801536715999504e+00 8.426641976172577486e+00
8.431674524368084178e+00 8.584386308525060016e+00
8.625463389591851993e+00 8.753795196620595576e+00
8.781905505149865121e+00 8.915640945821238006e+00
8.950044882275475899e+00 9.067200594114284584e+00
9.097411835447223538e+00 9.239511748879440489e+00
9.284228121491382879e+00 9.396307925732228838e+00
9.437145207627350985e+00 9.555079779012181973e+00
9.616878817119852485e+00 9.723514748716967304e+00
9.758623473161859962e+00 9.885654226997441896e+00
9.920960963509511288e+00 1.005099805643298616e+01
1.006482517403326149e+01 1.020970890806272990e+01
1.021286483220114683e+01 1.036317178434783948e+01
1.036278052826662588e+01 1.052814859376267620e+01
1.066437890738518668e+01 1.053849921852386728e+01
1.081470351379579498e+01 1.064872868275635476e+01
1.079435639733417496e+01 1.098426615450589949e+01
1.093465256361894511e+01 1.113730883433402497e+01
1.129312164888529146e+01 1.109351928436240975e+01
1.125441450693758583e+01 1.146276442069511603e+01
1.161470162496065228e+01 1.144647286523766461e+01
1.177099157216470537e+01 1.161797727544174030e+01
1.172640002822932992e+01 1.193754418054254529e+01
1.209311471280506467e+01 1.193419219419777200e+01
1.207186313398516475e+01 1.226509234537804360e+01
1.242178588414533991e+01 1.224216629551882285e+01
1.258815884125892204e+01 1.241722154409110424e+01
1.260623638261017376e+01 1.274915857934756858e+01
1.274937606600836126e+01 1.291693537569750561e+01
1.293330881984837788e+01 1.309307085341103694e+01
1.326023439300568363e+01 1.309544269220964807e+01
1.323636921719046278e+01 1.342109236982252973e+01
1.358780596173995825e+01 1.342524765250276531e+01
1.359290504938145006e+01 1.374713093375152084e+01
1.392830461095477901e+01 1.376426922831841537e+01
1.410756097262910203e+01 1.392168941059893683e+01
1.427707659322532585e+01 1.411450771855730224e+01
1.445535396198204481e+01 1.429468152883778309e+01
1.463180327925612723e+01 1.442455512714327170e+01
1.480844065182822433e+01 1.458697769305382508e+01
1.497438055491429054e+01 1.476612305202966802e+01
1.514864016707342032e+01 1.502430433419572786e+01
1.516071319527465988e+01 1.529124943075055576e+01
1.549111083647124687e+01 1.533038507909580694e+01
1.565461351112584332e+01 1.547663838947009651e+01
1.583443911869051490e+01 1.559741579498303743e+01
1.602266265614541041e+01 1.584650364388615529e+01
1.619733385798087255e+01 1.604934663281400731e+01
1.638269885566536033e+01 1.621996389883562273e+01
1.654807293586767614e+01 1.641629390944915912e+01
1.674096262901476351e+01 1.657396046261880329e+01
1.692718280390118224e+01 1.677849422750112396e+01
1.709677726271507225e+01 1.696491072358733732e+01
1.727687658032236584e+01 1.708196462736921006e+01
1.747040707234655343e+01 1.722805914650799863e+01
1.740753314882369551e+01 1.757476642056282756e+01
1.780317815574397500e+01 1.764458199261679638e+01
1.782728051503222488e+01 1.793791977239513713e+01
1.815929158283131528e+01 1.805583675664805554e+01
1.834845442414295036e+01 1.823562428419033665e+01
1.852530513625086428e+01 1.830767000581222703e+01
1.872493109130862621e+01 1.856447594613238650e+01
1.890988521496638697e+01 1.868057974397530430e+01
1.910063638561010180e+01 1.891261984153384645e+01
1.928660581110364447e+01 1.912171849416543878e+01
1.945955787367482870e+01 1.927858507752104700e+01
1.965138778018549459e+01 1.943780552777990067e+01
1.983775303452791761e+01 1.970200640520218727e+01
2.002770555170944178e+01 1.985965090565265712e+01
2.021552451051864452e+01 1.997515671405523818e+01
2.040083486383653266e+01 2.018935799137530296e+01
2.059665526455911433e+01 2.037632963771309491e+01
