0.000000000000000000e+00 0.000000000000000000e+00
0.000000000000000000e+00 0.000000000000000000e+00
0.000000000000000000e+00 0.000000000000000000e+00
9.077335826780132816e-03 0.000000000000000000e+00
1.627436057117053608e-02 0.000000000000000000e+00
9.202141352793621887e-02 0.000000000000000000e+00
2.654286565837506440e-01 -2.292573745039675273e-02
1.145323537672390479e+00 1.623722751701644373e+00
1.847979220452039550e+00 1.991853501159808193e+00
2.149859140615505204e+00 2.318825610836283690e+00
2.407611763496316115e+00 2.538491907437824935e+00
2.604895223788727066e+00 2.754031683098694838e+00
2.785969571784387089e+00 2.941834101983951122e+00
3.017361247186281403e+00 3.101924126015718208e+00
3.257276955279458264e+00 3.209262764434454684e+00
3.386737587126312565e+00 3.450954077837933287e+00
3.552768173954170994e+00 3.623401991073468054e+00
3.735075599492041043e+00 3.809305372615007013e+00
3.897346235472645581e+00 3.983180835687349930e+00
4.160010089910103126e+00 4.108551997449720439e+00
4.265279059442998566e+00 4.330041603921076288e+00
4.520614395479408465e+00 4.465584562025574300e+00
4.693620388885027417e+00 4.623877494895179296e+00
4.870873516282948401e+00 4.791291869402800607e+00
5.052336444575386665e+00 4.977763337014915912e+00
5.236673935865417739e+00 5.166034587176125292e+00
5.428363971230398377e+00 5.353506613096697286e+00
5.610640035959577610e+00 5.522698274617845016e+00
5.795669331906687205e+00 5.717752247474559901e+00
5.981242142181287136e+00 5.920183444073598089e+00
6.175193002205842774e+00 6.082336894170624397e+00
6.361870282012112021e+00 6.252404393417937634e+00
6.550820067726887963e+00 6.444355725023707571e+00
6.741420759282932273e+00 6.618214259398109256e+00
6.931817232879226687e+00 6.795438318769227770e+00
7.113722691973704215e+00 7.034448640658158780e+00
7.311491438658776154e+00 7.194499436975395845e+00
7.500801069226902484e+00 7.371529027360634423e+00
7.689952460001888035e+00 7.566553511204145543e+00
7.877013676586407165e+00 7.770633726114933637e+00
8.053698657954392104e+00 7.951045199757067472e+00
8.256493945733980766e+00 8.129139161046449402e+00
8.438869247697603271e+00 8.339773969312334501e+00
8.633584983972848903e+00 8.517409918475596697e+00
8.837566038042472982e+00 8.727154141747130112e+00
9.018977859229382332e+00 8.894142662476774319e+00
9.218813009372873069e+00 9.089472781562372816e+00
9.404150373834010423e+00 9.311720102654968301e+00
9.601288324258570483e+00 9.440842555136260472e+00
9.799717252087921437e+00 9.689289263881423864e+00
9.980811121358788895e+00 9.848994928422557749e+00
1.017509147231685418e+01 1.000639387902401012e+01
1.037182684270449329e+01 1.019246197627617256e+01
1.056141492019936834e+01 1.038689140592503612e+01
1.075144616030723732e+01 1.064100835967727221e+01
1.094750600431471632e+01 1.082806668093832769e+01
1.114684376072576200e+01 1.102688003382114168e+01
1.133560438061926590e+01 1.116691463452960598e+01
1.153631297719669924e+01 1.144075778776407937e+01
1.172072564056480637e+01 1.160369526542394780e+01
1.192129776211782932e+01 1.175999844635827429e+01
1.210431911724790233e+01 1.201287839893256582e+01
1.231613442522921176e+01 1.215744290275687867e+01
1.250560995786530327e+01 1.236144445983023310e+01
1.269381536199763616e+01 1.255602062377893802e+01
1.290723657029359650e+01 1.277353546037964627e+01
1.310531614667063138e+01 1.292429107244861441e+01
1.330422216470736352e+01 1.314676989756684833e+01
1.349853877095877586e+01 1.328981326818731823e+01
1.368987320357294557e+01 1.355109348656274904e+01
1.388843856671517862e+01 1.372602108988400182e+01
1.408526269467897762e+01 1.394119251417754768e+01
1.427459212126819210e+01 1.407356768466546804e+01
1.447336624644592185e+01 1.423283060748140372e+01
1.467037377531689657e+01 1.450389473772765747e+01
1.486154014848181504e+01 1.465823147157605710e+01
1.506429447501957064e+01 1.490364148601969774e+01
1.525113951710474325e+01 1.507632845652646303e+01
1.544324399537054937e+01 1.515510643773317057e+01
1.565252453477391903e+01 1.538247031576639223e+01
1.585490561587757163e+01 1.569069461947785804e+01
1.604688784140104119e+01 1.585497119799588361e+01
1.623978901284850807e+01 1.604876608504565638e+01
1.642977038176183413e+01 1.624033942355785953e+01
1.663345776071088267e+01 1.645571870450293162e+01
1.683054577409160757e+01 1.654590347695178920e+01
1.703048149431967317e+01 1.679983277391090013e+01
1.722794801574305623e+01 1.693680639450727554e+01
1.741474144349522035e+01 1.713229899062290329e+01
1.762360477991412111e+01 1.731981770596839709e+01
1.781463901444383779e+01 1.753601959942397315e+01
1.801357805024205661e+01 1.772896029851324329e+01
1.821279391520277713e+01 1.784741961927003473e+01
1.841481666753858804e+01 1.794791699902392779e+01
1.861420721075775475e+01 1.826227987212462622e+01
1.880492577236502427e+01 1.849323927636086751e+01
1.900060699211835669e+01 1.871566234369179682e+01
1.920942456873571658e+01 1.887118528296398878e+01
1.938943808150610337e+01 1.900900308087373602e+01
1.957511237256430547e+01 1.918055260449535737e+01
1.978518297075292764e+01 1.954980191735100803e+01
