0.000000000000000000e+00 0.000000000000000000e+00
0.000000000000000000e+00 0.000000000000000000e+00
0.000000000000000000e+00 0.000000000000000000e+00
0.000000000000000000e+00 0.000000000000000000e+00
0.000000000000000000e+00 0.000000000000000000e+00
0.000000000000000000e+00 0.000000000000000000e+00
0.000000000000000000e+00 0.000000000000000000e+00
1.239130778901393823e-02 9.584777991421788990e-01
1.078846350804832932e+00 2.831122648657053986e+00
2.944652878876443669e+00 3.090210437343302363e+00
3.255480106309654786e+00 3.260381362206106637e+00
3.418228849309364659e+00 3.430327601202947996e+00
3.494576090155503856e+00 3.556434584650630004e+00
3.649403675657650670e+00 3.735924397110172546e+00
3.811563095824074487e+00 3.912218033956085250e+00
4.023366290206351614e+00 3.985972077877165898e+00
4.178352706441852860e+00 4.396811269024659907e+00
4.394607787330110149e+00 4.623560676967720440e+00
4.577883973838156706e+00 4.811957251868962615e+00
4.824132627157946551e+00 4.994935280289680257e+00
5.024639795758638172e+00 5.166700709882572795e+00
5.234273396850020355e+00 5.322274860547363318e+00
5.399919188895888844e+00 5.478337563709121838e+00
5.628106990796406528e+00 5.555912113779608141e+00
5.698803359691561710e+00 5.796767029305322616e+00
5.950530489610470042e+00 5.864715050539873964e+00
6.017425340520094146e+00 6.127721861274130433e+00
6.287565046607442198e+00 6.197520285249698446e+00
6.378996297847979946e+00 6.452937948307603477e+00
6.572436466404066202e+00 6.613121728845561265e+00
6.778044027020722062e+00 6.731639910772349467e+00
6.898061779584764075e+00 6.943096052670012952e+00
7.047176480030157286e+00 7.126114400384542691e+00
7.297348743323513354e+00 7.217212634072698307e+00
7.470459752132152964e+00 7.374230674516781825e+00
7.645571121579913587e+00 7.543256495452932420e+00
7.836784578608222418e+00 7.714534304993026836e+00
8.021467673060394432e+00 7.879405400757374167e+00
8.199827335770230263e+00 8.063989973210579976e+00
8.383484650119951809e+00 8.231675016265176836e+00
8.573038688890658676e+00 8.437404099973269567e+00
8.752855241326340519e+00 8.616029733327323470e+00
8.939156850679257360e+00 8.790549424930318878e+00
8.963765884391012406e+00 9.096231034828656803e+00
9.293767417005541986e+00 9.147251836585486018e+00
9.473757088401610460e+00 9.322758503747087033e+00
9.651335547198714337e+00 9.504235681552691162e+00
9.827656646145793928e+00 9.684054643860585898e+00
1.001397157983442732e+01 9.865824444969687690e+00
1.019868451193131165e+01 1.008409361954243089e+01
1.037963120863305733e+01 1.027936286911852903e+01
1.058459452075143048e+01 1.043944825603485782e+01
1.076853561862698427e+01 1.062147793311854826e+01
1.095992988375602195e+01 1.079188208461449427e+01
1.114256841156438860e+01 1.096886539558153295e+01
1.133099416131693182e+01 1.114740026631412206e+01
1.152530085008035421e+01 1.133053308703742701e+01
1.171508982602908411e+01 1.150166468527015695e+01
1.189846091945731388e+01 1.170961624769646825e+01
1.208155887163091258e+01 1.191628854268874171e+01
1.227273706048892521e+01 1.210790605899638628e+01
1.246397678665115194e+01 1.229749666962951338e+01
1.264600406106620767e+01 1.254430754481945698e+01
1.283500103941607939e+01 1.270445742886214013e+01
1.304182826384149685e+01 1.292282032412190418e+01
1.322650955568443187e+01 1.307656812920523670e+01
1.341588600711784629e+01 1.326590798990673825e+01
1.361366882866301964e+01 1.342074565801516250e+01
1.382059798270372752e+01 1.364440563558841291e+01
1.401744083431793086e+01 1.382232194229709954e+01
1.420383713828515226e+01 1.401754663331126061e+01
1.439903678887737470e+01 1.421184511526760730e+01
1.461050534246853161e+01 1.431878550310997689e+01
1.480185906413914765e+01 1.457039725749870307e+01
1.498359606981244063e+01 1.470032983838983043e+01
1.517678069282642106e+01 1.500770926944569794e+01
1.536853162143330209e+01 1.511061449275907087e+01
1.555246411934295914e+01 1.541879528832613566e+01
1.574234022011735235e+01 1.547723155132722717e+01
1.593182838883055119e+01 1.565320826133982557e+01
1.612813420978221757e+01 1.591108781355857182e+01
1.631561895600347256e+01 1.604253588144856124e+01
1.651405686294809882e+01 1.629391566607765185e+01
1.669548341680805237e+01 1.649774167087626608e+01
1.688409701093666726e+01 1.667371260886348594e+01
1.708252796516154604e+01 1.685943138721009760e+01
1.727138958665539192e+01 1.698364004992445686e+01
1.746636122234818345e+01 1.720639187202073828e+01
1.765692620322101192e+01 1.737747395430457686e+01
1.784093357629729582e+01 1.761241519566440772e+01
1.803852766443504407e+01 1.773515776177804781e+01
1.824709571680433839e+01 1.797606373642340927e+01
1.842886914224412465e+01 1.817188341198369272e+01
1.861622757318178145e+01 1.834853612189582250e+01
1.881482439283106700e+01 1.848269098530305499e+01
1.900633433967766805e+01 1.872236619990500728e+01
1.920704870872301839e+01 1.890121742530985571e+01
1.939611155203591153e+01 1.914058029737842404e+01
1.958963587709354925e+01 1.932797404352610471e+01
1.978431902476416582e+01 1.954667397113388816e+01
1.997920624934700484e+01 1.983207885564147333e+01
