0.000000000000000000e+00 0.000000000000000000e+00
0.000000000000000000e+00 0.000000000000000000e+00
0.000000000000000000e+00 0.000000000000000000e+00
0.000000000000000000e+00 0.000000000000000000e+00
0.000000000000000000e+00 0.000000000000000000e+00
0.000000000000000000e+00 0.000000000000000000e+00
0.000000000000000000e+00 0.000000000000000000e+00
0.000000000000000000e+00 0.000000000000000000e+00
0.000000000000000000e+00 0.000000000000000000e+00
6.151164336939922705e+00 6.633684008653189856e+00
6.328992140077923878e+00 6.358976866062945099e+00
6.337949780860533622e+00 6.320135532618309959e+00
6.297115295996503548e+00 6.272271287493346392e+00
6.282418064803505509e+00 6.282595878637577513e+00
6.330183729135571369e+00 6.395000277193456206e+00
6.375547238358953983e+00 6.507540615792622773e+00
6.634371961811565299e+00 6.836654156182410347e+00
6.803839363545903574e+00 7.058101228080038148e+00
6.983626676531951460e+00 7.274736917585318707e+00
7.240609583923421688e+00 7.569050279427981032e+00
7.436299503727571647e+00 7.763844898362465941e+00
7.651598369774149866e+00 7.951811998378781610e+00
7.819435179469388153e+00 8.138588630883544894e+00
8.050284067433262081e+00 8.319020379424369338e+00
8.294546562588893224e+00 8.506186618767653584e+00
8.500139510248018837e+00 8.683408406019903936e+00
8.672138212413649683e+00 8.845259467964794453e+00
8.866787984745627682e+00 9.001446555371588332e+00
9.032572573955265582e+00 9.169205348483968621e+00
9.245089062509075362e+00 9.333875332678696068e+00
9.395608264501772666e+00 9.504115517523192835e+00
9.563384689156888996e+00 9.661524849602422194e+00
9.744477186414451708e+00 9.824854014535643998e+00
9.866944255157672927e+00 9.987113172571627118e+00
1.008288067810290833e+01 1.015107918991611058e+01
1.022522842569497925e+01 1.030770184398283362e+01
1.037794406017999549e+01 1.047369864195220046e+01
1.052560357288750659e+01 1.063948399028188874e+01
1.069862253241265826e+01 1.079237999018869942e+01
1.083968077495927851e+01 1.096270373067342341e+01
1.101523011925972639e+01 1.112513413595583067e+01
1.117589168851128001e+01 1.127821875350993253e+01
1.136267776411973252e+01 1.143956403948671863e+01
1.150994988260221596e+01 1.160170003074870415e+01
1.166465130861251431e+01 1.176469136559225426e+01
1.182479132057163440e+01 1.191477555259837473e+01
1.202477283077173809e+01 1.194054851653160121e+01
1.211028492244349763e+01 1.219806659890737066e+01
1.231069414000711149e+01 1.222513938157076296e+01
1.233007820352724515e+01 1.248562806049844021e+01
1.251681760712299685e+01 1.265920137418993718e+01
1.271866788308840235e+01 1.281730090270781020e+01
1.289042543999267032e+01 1.298023940813417099e+01
1.304820507579350597e+01 1.315848132936388204e+01
1.322522627529067663e+01 1.330974854098049853e+01
1.344964392700906863e+01 1.335522794813934588e+01
1.351257522474694461e+01 1.363869097531441099e+01
1.369259487190209512e+01 1.380180027779415397e+01
1.384397845767626656e+01 1.396506947004044719e+01
1.401312512631978358e+01 1.413695145176212264e+01
1.428313206666152979e+01 1.415099935667917030e+01
1.432906836132812600e+01 1.446364976689459247e+01
1.461027877885563164e+01 1.443787376632312380e+01
1.462731563670844004e+01 1.477753543303746753e+01
1.480212085460798654e+01 1.494200538943658785e+01
1.511044150665419217e+01 1.499276657386362110e+01
1.526904173714555490e+01 1.513939051920711165e+01
1.543866209139553369e+01 1.528500112449560078e+01
1.546913079458568951e+01 1.559935317350328354e+01
1.576588229942291086e+01 1.558990385954651892e+01
1.591880338580456034e+01 1.576171243054253068e+01
1.593193550329382902e+01 1.609000012636789023e+01
1.609982653601507607e+01 1.625580689908788301e+01
1.632276165579828486e+01 1.640034237931932637e+01
1.643982844093691043e+01 1.657747920124465679e+01
1.673827137369199392e+01 1.656553939537870690e+01
1.676753402855970165e+01 1.689569610899899743e+01
1.706318930880619789e+01 1.692143667108434002e+01
1.723580232234169074e+01 1.707428675731783230e+01
1.739919411522970805e+01 1.727484385133919176e+01
1.755950356562631498e+01 1.747652699227841566e+01
1.774424026462902404e+01 1.762520388172614005e+01
1.791244651648968755e+01 1.776936307500373502e+01
1.792166195356414704e+01 1.806651458433101354e+01
1.827419070794471168e+01 1.816404273203886177e+01
1.844484975459909748e+01 1.829572293382587844e+01
1.861198332482637596e+01 1.847739883431722063e+01
1.863337948583043513e+01 1.875512879108962494e+01
1.896555129709589238e+01 1.883751140313784234e+01
1.915257569202063692e+01 1.898104386957542999e+01
1.933312889871598728e+01 1.919361814369756303e+01
1.952138357651716305e+01 1.932639504095379479e+01
1.957862040170604701e+01 1.965685344860709094e+01
1.987520705955780898e+01 1.967671044118783641e+01
2.005145422525716725e+01 1.986422439688909591e+01
2.023309887220607450e+01 1.999457141664106530e+01
2.026039293459455592e+01 2.036557081705148065e+01
2.040207933485204350e+01 2.053933835908301475e+01
2.076062101029519980e+01 2.055842347344684740e+01
2.092749670599994616e+01 2.072901090385126821e+01
2.110138808699239021e+01 2.091955557113613295e+01
