0.000000000000000000e+00 0.000000000000000000e+00
0.000000000000000000e+00 0.000000000000000000e+00
0.000000000000000000e+00 0.000000000000000000e+00
0.000000000000000000e+00 0.000000000000000000e+00
0.000000000000000000e+00 0.000000000000000000e+00
0.000000000000000000e+00 0.000000000000000000e+00
0.000000000000000000e+00 0.000000000000000000e+00
0.000000000000000000e+00 5.648045873678912976e+00
5.902701627400293999e-02 9.145012185821908446e+00
3.201317613978751364e-01 7.918738433684328726e+00
6.831385909533457479e+00 7.793677313873668133e+00
7.477192259028331733e+00 7.756136610488360894e+00
7.691510810745513460e+00 7.690820762185712312e+00
7.618379544354555222e+00 7.619810055518693837e+00
7.665969506308022652e+00 7.675612007826479122e+00
7.780701232829814629e+00 8.075443482970282361e+00
7.954878700920396284e+00 8.170979784296354964e+00
8.206420967627902741e+00 8.410718271278485147e+00
8.371989351717290972e+00 8.652431503665914292e+00
8.595928050828648637e+00 8.869516171179050446e+00
8.824599019080350715e+00 9.096255693656134511e+00
9.035498463775056166e+00 9.264013424730421775e+00
9.237144472195875977e+00 9.441694513856957016e+00
9.475401314468562930e+00 9.609938717605057690e+00
9.653427001039659672e+00 9.796300712854902670e+00
9.812538229133027201e+00 9.960464578933882152e+00
9.999478050355389058e+00 1.012600607189051694e+01
1.017350284883979050e+01 1.028892808963580130e+01
1.032314793251358331e+01 1.045901103145325628e+01
1.048700231672051153e+01 1.063247282020785356e+01
1.066549740040201755e+01 1.079961838442289412e+01
1.084247946001153551e+01 1.095079890723742189e+01
1.099721488731747243e+01 1.112709383034815147e+01
1.117356128373944379e+01 1.128698603551987922e+01
1.131678777219543441e+01 1.145264830402857115e+01
1.153168778676771034e+01 1.161782919821884619e+01
1.166943412616855724e+01 1.177678020026321448e+01
1.182973904488123296e+01 1.193921061128966876e+01
1.199258975173277442e+01 1.209866354108116049e+01
1.213202545502065099e+01 1.225960875251686133e+01
1.230345749591151261e+01 1.242648353060056898e+01
1.247779522889731929e+01 1.259893485919013933e+01
1.263856763413705409e+01 1.276922727217118592e+01
1.276820661351159103e+01 1.292824542028120405e+01
1.298457790091160113e+01 1.309597533374534351e+01
1.313356835978163240e+01 1.326517307982896021e+01
1.329717396119155914e+01 1.342737362594994721e+01
1.344488355175753647e+01 1.358735323451846000e+01
1.361022058173544735e+01 1.374444690778523182e+01
1.376991788517789495e+01 1.390998054151916996e+01
1.394326393214716830e+01 1.407672212377612198e+01
1.412993062323879556e+01 1.423843249831278257e+01
1.427989407095802221e+01 1.440736976913615486e+01
1.443689890712074941e+01 1.456785570268930918e+01
1.461875470919510889e+01 1.473526783725629308e+01
1.476225947124578752e+01 1.490047539327624904e+01
1.492560744727025224e+01 1.506782534339443025e+01
1.506779259152937733e+01 1.523746639683706050e+01
1.527685368116861042e+01 1.539313437103006699e+01
1.538799274134174944e+01 1.555985294233465588e+01
1.556494446772300755e+01 1.573100354213416807e+01
1.570213182410708086e+01 1.588927016423946803e+01
1.587769060381825170e+01 1.605038559423713806e+01
1.596409549975470199e+01 1.621883340823136166e+01
1.612107879016037160e+01 1.637316598832230241e+01
1.648958241027792226e+01 1.635400167760464285e+01
1.646892847745319699e+01 1.666799065011143099e+01
1.678496270034982629e+01 1.658388845796673650e+01
1.680053886250641426e+01 1.696668679812581004e+01
1.708063504666776211e+01 1.692634359468034333e+01
1.710096060841641474e+01 1.726401714110829033e+01
1.731332721679438080e+01 1.742011439521678895e+01
1.738288857048543790e+01 1.758406629456333903e+01
1.773495160651345515e+01 1.747847798326973745e+01
1.778246254735972087e+01 1.791368977046580468e+01
1.805050154680642294e+01 1.793073716070361456e+01
1.800960504931950368e+01 1.823758884746957420e+01
1.838257054349082509e+01 1.826411654996526224e+01
1.830500158402091770e+01 1.855977352447638040e+01
1.870744701154688983e+01 1.859216142712071473e+01
1.885251186238097532e+01 1.864382405492641936e+01
1.902326994186847031e+01 1.877117185840535996e+01
1.918190910047452391e+01 1.899534074221011792e+01
1.914025692880561280e+01 1.935548587792564845e+01
1.950879640328918541e+01 1.931254509373649952e+01
1.957283462921420281e+01 1.968146629508193612e+01
1.966798570474724528e+01 1.984879855200864540e+01
2.000439353097896245e+01 1.983065830961575671e+01
2.001761653553776910e+01 2.017724359188363792e+01
2.018716945339809499e+01 2.032871002129645177e+01
2.033628807555238183e+01 2.049695693460322587e+01
2.066129998047841809e+01 2.051808685759177209e+01
2.082845919284210368e+01 2.068248071031693414e+01
2.086545426459280606e+01 2.098872155569983633e+01
2.095153016346596431e+01 2.115131953039405843e+01
2.132841055814221320e+01 2.116874793849029146e+01
2.136873951751979206e+01 2.147913280249153800e+01
2.146533071409749027e+01 2.162890213437115250e+01
2.181679374162654028e+01 2.157534555130919429e+01
2.186531722044524173e+01 2.197796586502610339e+01
2.215988615412081941e+01 2.206383637548677257e+01
