0.000000000000000000e+00 0.000000000000000000e+00
1.469313475802254182e-04 0.000000000000000000e+00
2.482589905597849204e-03 0.000000000000000000e+00
2.105072344806410353e-02 1.232764677358467618e-03
2.267417113391138328e-01 -3.249164977382032471e-02
3.453437644305793475e-01 -3.958788023320572447e-03
8.333804779392823825e-01 9.513458326815414923e-01
1.214118849668442746e+00 1.281463747640001261e+00
1.452036039287725400e+00 1.487944123225651838e+00
1.652710366328823843e+00 1.697483030821451244e+00
1.901172134041043460e+00 1.882324529998863349e+00
2.104986546032950212e+00 2.052717890618029450e+00
2.302155245522687910e+00 2.243064855809243863e+00
2.515763654060991339e+00 2.471837351407342620e+00
2.712278935517009604e+00 2.660496616528578162e+00
2.914812641021577999e+00 2.838621853798830585e+00
3.110375488353787965e+00 3.056437656145347237e+00
3.312490142608675026e+00 3.244441663155505307e+00
3.517373269164325578e+00 3.447629706927397564e+00
3.715083465238422811e+00 3.647822414540395908e+00
3.925886019734164734e+00 3.824168271326229274e+00
4.126331996164859461e+00 4.057270819930180572e+00
4.315044313631243966e+00 4.261054364315216780e+00
4.504437154333256643e+00 4.424004419788486686e+00
4.700562811114026296e+00 4.604255095450110247e+00
4.901162861128649517e+00 4.768914311055019617e+00
5.091102252488631130e+00 5.022606482817255191e+00
5.296274236902598354e+00 5.209843076171890353e+00
5.492992897276978148e+00 5.353332757775256745e+00
5.683804299202503074e+00 5.573279400648901927e+00
5.888636515014845862e+00 5.799048329951095759e+00
6.090819098699242318e+00 6.002220628366541355e+00
6.277959692575511674e+00 6.185300921160768794e+00
6.475253341390598827e+00 6.391958098690868617e+00
6.674861575251482826e+00 6.572202853635395137e+00
6.872965265781119548e+00 6.727195216344642681e+00
7.067027593266007379e+00 6.964227602706435150e+00
7.276614724132760337e+00 7.200943838694294996e+00
7.474463498992216515e+00 7.295336626087558507e+00
7.677280123670668921e+00 7.564468342455938910e+00
7.878990493535892981e+00 7.733894244251800387e+00
8.070787183210942572e+00 7.900356561848445480e+00
8.269045142707136975e+00 8.116965896621413989e+00
8.465398752897005608e+00 8.270254651801892010e+00
8.669773517619098868e+00 8.477383504019805116e+00
8.863259184764348930e+00 8.666199721810935230e+00
9.059974903618408959e+00 8.881762710185942211e+00
9.261374285492879110e+00 9.065175535062914847e+00
9.463571893142821878e+00 9.253758912836445916e+00
9.669593685815062400e+00 9.475597357350695304e+00
9.866633069768214526e+00 9.698260275929222018e+00
1.005782132792067785e+01 9.902816187867722775e+00
1.024858551173304910e+01 1.000284223059238364e+01
1.044425147008622190e+01 1.027798438759961996e+01
1.064215984016913730e+01 1.044518968401679437e+01
1.084342238262867930e+01 1.064034520037629861e+01
1.103896115452298154e+01 1.078456347136516769e+01
1.125061383144766047e+01 1.098260373764689568e+01
1.145759779435751113e+01 1.120024733396388150e+01
1.165273933374288262e+01 1.141848563500694880e+01
1.186045328436460267e+01 1.148095178328106947e+01
1.205256100638909622e+01 1.179840784084114524e+01
1.225544234746217143e+01 1.192566161515986423e+01
1.245132865831846658e+01 1.214925974753120208e+01
1.265688836599873035e+01 1.237728720429436713e+01
1.283720177811602170e+01 1.250941086526715473e+01
1.303575580651247101e+01 1.273585619914454625e+01
1.322248483284671750e+01 1.291315928535714086e+01
1.342724708569018865e+01 1.307840910958521619e+01
1.361104992803440794e+01 1.326375691229544529e+01
1.381936175829341806e+01 1.349557953488829476e+01
1.401249570848004566e+01 1.365740449840548898e+01
1.421404576852160773e+01 1.388682428870655094e+01
1.441091147029843178e+01 1.406159690481768010e+01
1.460546370762883406e+01 1.429960245605147229e+01
1.478415986342682942e+01 1.441880437920162805e+01
1.499172782891913691e+01 1.466748925122016800e+01
1.519615894822270263e+01 1.482467942952546025e+01
1.538399104861460032e+01 1.503881575418103012e+01
1.558958171376873914e+01 1.523225188541583108e+01
1.577256103567042445e+01 1.547980261057090168e+01
1.597591317407817613e+01 1.561772165650084965e+01
1.617294854031191065e+01 1.584680614079233862e+01
1.635643970199155106e+01 1.608643989347393344e+01
1.653895450913255871e+01 1.624421152491240861e+01
1.674485553684464989e+01 1.641997383953419742e+01
1.692890881484548160e+01 1.671330999415154750e+01
1.713009820164978336e+01 1.679599902818044654e+01
1.733578142814565837e+01 1.700287576668729272e+01
1.752403818761928633e+01 1.725281642600426935e+01
1.773119010670166773e+01 1.744800810480915132e+01
1.794192123293859353e+01 1.753106669452121480e+01
1.814397637692761833e+01 1.772715190126955065e+01
1.833710430856164919e+01 1.802492650471048563e+01
1.853278364085689844e+01 1.815051218389695364e+01
1.874679384114496017e+01 1.844160234572422752e+01
1.894466435648069336e+01 1.845978846366591597e+01
1.912488768722372612e+01 1.873816355078970730e+01
1.933209475329514859e+01 1.889446318513639511e+01
1.950387768264261723e+01 1.912911881343515930e+01
1.971692664979724086e+01 1.944184430498808069e+01
