0.000000000000000000e+00 0.000000000000000000e+00
0.000000000000000000e+00 0.000000000000000000e+00
0.000000000000000000e+00 0.000000000000000000e+00
0.000000000000000000e+00 0.000000000000000000e+00
0.000000000000000000e+00 0.000000000000000000e+00
0.000000000000000000e+00 0.000000000000000000e+00
0.000000000000000000e+00 0.000000000000000000e+00
0.000000000000000000e+00 0.000000000000000000e+00
0.000000000000000000e+00 0.000000000000000000e+00
0.000000000000000000e+00 0.000000000000000000e+00
0.000000000000000000e+00 0.000000000000000000e+00
0.000000000000000000e+00 0.000000000000000000e+00
0.000000000000000000e+00 0.000000000000000000e+00
0.000000000000000000e+00 0.000000000000000000e+00
0.000000000000000000e+00 0.000000000000000000e+00
0.000000000000000000e+00 0.000000000000000000e+00
0.000000000000000000e+00 0.000000000000000000e+00
0.000000000000000000e+00 0.000000000000000000e+00
0.000000000000000000e+00 0.000000000000000000e+00
0.000000000000000000e+00 0.000000000000000000e+00
0.000000000000000000e+00 0.000000000000000000e+00
0.000000000000000000e+00 0.000000000000000000e+00
0.000000000000000000e+00 0.000000000000000000e+00
0.000000000000000000e+00 0.000000000000000000e+00
0.000000000000000000e+00 0.000000000000000000e+00
0.000000000000000000e+00 0.000000000000000000e+00
0.000000000000000000e+00 0.000000000000000000e+00
0.000000000000000000e+00 0.000000000000000000e+00
0.000000000000000000e+00 0.000000000000000000e+00
0.000000000000000000e+00 0.000000000000000000e+00
0.000000000000000000e+00 0.000000000000000000e+00
0.000000000000000000e+00 0.000000000000000000e+00
0.000000000000000000e+00 0.000000000000000000e+00
0.000000000000000000e+00 0.000000000000000000e+00
0.000000000000000000e+00 0.000000000000000000e+00
0.000000000000000000e+00 0.000000000000000000e+00
0.000000000000000000e+00 0.000000000000000000e+00
2.149910061521575766e-01 0.000000000000000000e+00
6.097384768001505861e-01 0.000000000000000000e+00
2.395555553088956346e-01 0.000000000000000000e+00
1.550836328351365978e+00 5.676819430656655091e-02
5.737861497839429337e-01 3.129864110530843124e+00
5.152346083241627461e+00 6.469968647916304327e+00
9.244238654018463563e+00 1.059230584823077592e+01
1.108493195098836637e+01 1.176724826641056509e+01
1.228480296686706019e+01 1.317675452938358305e+01
1.395463520253803580e+01 1.433015123059937501e+01
1.474836110521663279e+01 1.514909427250274199e+01
1.540638100957933432e+01 1.575264940233508781e+01
1.587605674585158866e+01 1.618713260893650840e+01
1.628394541571704224e+01 1.655553244491190767e+01
1.661847977307921909e+01 1.693800566492945592e+01
1.689754801546339635e+01 1.725331358891164157e+01
1.723773979111174981e+01 1.756053059487171453e+01
1.757891482519435300e+01 1.782858515707757263e+01
1.784522285856187906e+01 1.809800650581809833e+01
1.815077947532798319e+01 1.833230537758356249e+01
1.856438099087745996e+01 1.841576563953709922e+01
1.880564482752736666e+01 1.866362295608160338e+01
1.890297113560252384e+01 1.907397735710051379e+01
1.919241555697517043e+01 1.931992260164266284e+01
1.955844929181337122e+01 1.944511669618926675e+01
1.983918335214645978e+01 1.969492399309075026e+01
2.010025434106152176e+01 1.996603054367695762e+01
2.036110090651136773e+01 2.020295718397157358e+01
2.061423042111374571e+01 2.049833287522996983e+01
2.089489783415689317e+01 2.075399205886245824e+01
2.115305238807716393e+01 2.103879599598009520e+01
2.141896955016112969e+01 2.128825803992458887e+01
2.168910382129623571e+01 2.156545463044900046e+01
2.196709905726573098e+01 2.184270195032993556e+01
2.224783785966539540e+01 2.211976836298306281e+01
2.252734067114008809e+01 2.234398455760349123e+01
2.280310040875040301e+01 2.265909085879416907e+01
2.308897508485368277e+01 2.294319492526704707e+01
2.336866389088677209e+01 2.327614555597527968e+01
2.365004321436261492e+01 2.351637194919971918e+01
2.392437803874884494e+01 2.376452821690150685e+01
2.421223003796774265e+01 2.408175436900031485e+01
2.449470177236832669e+01 2.436397315346376757e+01
2.479186912573296908e+01 2.465091445322575225e+01
2.507026156366288561e+01 2.491067388165694396e+01
2.535720369321558820e+01 2.521643740747099116e+01
2.566359709364617814e+01 2.548778200016348450e+01
2.596760829847216812e+01 2.574050882544003116e+01
2.626918330616117814e+01 2.605642598502276996e+01
2.655416749350069949e+01 2.628349832928018515e+01
2.685928003635774175e+01 2.666885828667315295e+01
2.715105681423368011e+01 2.690208363146523496e+01
2.744846506962391430e+01 2.721726324593134549e+01
2.773699948382708769e+01 2.748836647036642944e+01
2.804192357245515765e+01 2.779012375813659474e+01
2.833335707435347572e+01 2.807656499353297974e+01
2.863456217638225709e+01 2.837607580771886617e+01
2.890947562255096770e+01 2.866824543777266854e+01
2.919477769458620386e+01 2.898724148822559954e+01
2.949889079892993138e+01 2.925352222492264076e+01
2.979188288436474963e+01 2.959066905133917302e+01
3.009368747279879486e+01 2.984120297736500405e+01
3.038822585957368716e+01 3.014274848328073020e+01
3.070516684161519549e+01 3.043396615224638424e+01
