0.000000000000000000e+00 0.000000000000000000e+00
0.000000000000000000e+00 0.000000000000000000e+00
0.000000000000000000e+00 0.000000000000000000e+00
0.000000000000000000e+00 0.000000000000000000e+00
0.000000000000000000e+00 0.000000000000000000e+00
0.000000000000000000e+00 0.000000000000000000e+00
0.000000000000000000e+00 0.000000000000000000e+00
0.000000000000000000e+00 0.000000000000000000e+00
0.000000000000000000e+00 0.000000000000000000e+00
0.000000000000000000e+00 0.000000000000000000e+00
0.000000000000000000e+00 0.000000000000000000e+00
0.000000000000000000e+00 0.000000000000000000e+00
0.000000000000000000e+00 0.000000000000000000e+00
0.000000000000000000e+00 0.000000000000000000e+00
0.000000000000000000e+00 0.000000000000000000e+00
0.000000000000000000e+00 0.000000000000000000e+00
0.000000000000000000e+00 0.000000000000000000e+00
0.000000000000000000e+00 0.000000000000000000e+00
0.000000000000000000e+00 0.000000000000000000e+00
0.000000000000000000e+00 0.000000000000000000e+00
0.000000000000000000e+00 0.000000000000000000e+00
0.000000000000000000e+00 0.000000000000000000e+00
0.000000000000000000e+00 0.000000000000000000e+00
0.000000000000000000e+00 0.000000000000000000e+00
0.000000000000000000e+00 0.000000000000000000e+00
0.000000000000000000e+00 0.000000000000000000e+00
0.000000000000000000e+00 0.000000000000000000e+00
0.000000000000000000e+00 0.000000000000000000e+00
0.000000000000000000e+00 0.000000000000000000e+00
0.000000000000000000e+00 0.000000000000000000e+00
0.000000000000000000e+00 0.000000000000000000e+00
0.000000000000000000e+00 0.000000000000000000e+00
0.000000000000000000e+00 0.000000000000000000e+00
0.000000000000000000e+00 0.000000000000000000e+00
0.000000000000000000e+00 0.000000000000000000e+00
0.000000000000000000e+00 0.000000000000000000e+00
0.000000000000000000e+00 0.000000000000000000e+00
0.000000000000000000e+00 0.000000000000000000e+00
0.000000000000000000e+00 0.000000000000000000e+00
0.000000000000000000e+00 0.000000000000000000e+00
0.000000000000000000e+00 0.000000000000000000e+00
0.000000000000000000e+00 0.000000000000000000e+00
0.000000000000000000e+00 0.000000000000000000e+00
0.000000000000000000e+00 0.000000000000000000e+00
0.000000000000000000e+00 0.000000000000000000e+00
0.000000000000000000e+00 0.000000000000000000e+00
0.000000000000000000e+00 0.000000000000000000e+00
0.000000000000000000e+00 0.000000000000000000e+00
0.000000000000000000e+00 0.000000000000000000e+00
0.000000000000000000e+00 0.000000000000000000e+00
0.000000000000000000e+00 0.000000000000000000e+00
0.000000000000000000e+00 0.000000000000000000e+00
0.000000000000000000e+00 0.000000000000000000e+00
0.000000000000000000e+00 0.000000000000000000e+00
0.000000000000000000e+00 0.000000000000000000e+00
0.000000000000000000e+00 0.000000000000000000e+00
0.000000000000000000e+00 0.000000000000000000e+00
0.000000000000000000e+00 0.000000000000000000e+00
0.000000000000000000e+00 0.000000000000000000e+00
0.000000000000000000e+00 0.000000000000000000e+00
0.000000000000000000e+00 0.000000000000000000e+00
0.000000000000000000e+00 0.000000000000000000e+00
0.000000000000000000e+00 0.000000000000000000e+00
0.000000000000000000e+00 0.000000000000000000e+00
1.328164601605612283e-01 0.000000000000000000e+00
1.328164601605612283e-01 0.000000000000000000e+00
3.514141911003745289e-01 0.000000000000000000e+00
1.253941650762233628e+00 4.064665270123729357e+00
6.883320833431891828e+00 4.863260007081349201e+00
7.050417152993211367e+00 9.122478399566160689e+00
1.421748078475637378e+01 1.532124603122492346e+01
2.019381678050891793e+01 2.127851844076553434e+01
2.267908583707465198e+01 2.353746010886665019e+01
2.444917739429110526e+01 2.478657795201027270e+01
2.543496935618613009e+01 2.561513967954008919e+01
2.611801276802079030e+01 2.626952220831470441e+01
2.664742511929695112e+01 2.677289391049568223e+01
2.712409913701097963e+01 2.724464756398521104e+01
2.767434756323545741e+01 2.759372782860830853e+01
2.809923879100178468e+01 2.798400015236124361e+01
2.851085843880338899e+01 2.842346800848885024e+01
2.892335224006967564e+01 2.883281918693616319e+01
2.934303882526894824e+01 2.925188843438965591e+01
2.973897410627828464e+01 2.966511808437790876e+01
3.014867668299133641e+01 3.003760775061257959e+01
3.055526202435181204e+01 3.042960483413132877e+01
3.094089942822182593e+01 3.084627869756259955e+01
3.134457611912636921e+01 3.124489025601370429e+01
3.171528188811234372e+01 3.162607167572069145e+01
3.209067473409674420e+01 3.198395719113339908e+01
3.246350140503118098e+01 3.235989201304544594e+01
3.283433359630939208e+01 3.273714924001069448e+01
3.321755937851136053e+01 3.310315524869711368e+01
3.358977584253786830e+01 3.345272037356680528e+01
3.397465407517429270e+01 3.389091571159939065e+01
3.434174449021212183e+01 3.422285213923142067e+01
3.471431880168682937e+01 3.460248869513248593e+01
3.506198398143961725e+01 3.498952337439306604e+01
3.545320511212323566e+01 3.535441287143506628e+01
3.583433839709651636e+01 3.571634584404757362e+01
3.621271166382810947e+01 3.607601497657902456e+01
