0.000000000000000000e+00 0.000000000000000000e+00
1.562940679528143986e-02 0.000000000000000000e+00
5.173378277648330720e-03 0.000000000000000000e+00
1.107301658579172621e+00 1.842444989841342196e+00
1.967556010204863259e+00 1.838068985118520127e+00
2.131800562252343045e+00 2.132724079202612533e+00
2.313176761468253240e+00 2.387266114770182135e+00
2.415638845222477293e+00 2.535142160140217094e+00
2.563670564515396322e+00 2.747934265228587858e+00
2.740553556285922898e+00 2.968012868953801675e+00
2.909577766457117409e+00 3.110712244741242305e+00
3.077340734696993430e+00 3.276224605756420605e+00
3.281038348365157731e+00 3.455774531016076345e+00
3.450059818462335226e+00 3.630897614547032415e+00
3.596668078527407442e+00 3.795480723455369354e+00
3.762143169227674555e+00 3.962162578655831435e+00
3.901132426550796506e+00 4.109422341116027333e+00
4.073384228280853669e+00 4.258491767943546336e+00
4.247336915228869358e+00 4.411592860901330404e+00
4.406003049223066625e+00 4.544609264394551928e+00
4.554878021090862816e+00 4.690989500371872900e+00
4.728293906662602630e+00 4.833770263644015408e+00
4.857998422151344364e+00 4.972787871680465877e+00
5.023764849295784707e+00 5.117069378112012679e+00
5.183591057817645620e+00 5.252426818936013042e+00
5.312754815112829654e+00 5.391411985757233793e+00
5.522774457930154313e+00 5.406908880730329159e+00
5.511266980789343961e+00 5.669320826206828201e+00
5.800595667982141990e+00 5.640274724353253610e+00
5.932629067505943432e+00 5.772169304633855802e+00
5.859342500490843264e+00 6.069726406414251763e+00
6.212570345075103084e+00 6.044348723969359405e+00
6.200393016917982614e+00 6.366422729870045316e+00
6.510876672601909831e+00 6.335016476828296383e+00
6.478094095818714315e+00 6.655273441282889557e+00
6.801659169529271409e+00 6.639717769740057562e+00
6.808562923646723775e+00 6.940542653790312322e+00
6.956952286908578920e+00 7.089119425984444334e+00
7.243145598036949018e+00 7.104090153971418964e+00
7.375627282700864207e+00 7.216782849928804033e+00
7.534317307955880949e+00 7.385365769493107635e+00
7.521901923397412482e+00 7.677025897793318343e+00
7.825618139466123502e+00 7.645361152472916366e+00
7.830675914671083149e+00 7.972158986996775276e+00
8.122861818055564953e+00 7.959710119414772578e+00
8.275578378730068962e+00 8.106737339607819948e+00
8.410722653432223694e+00 8.299147237941594923e+00
8.573798081924792314e+00 8.410464784123687920e+00
8.716608766679296849e+00 8.586731997184902099e+00
8.865906015361996850e+00 8.724964937997439662e+00
9.011518004766832846e+00 8.885142540527121824e+00
9.173132946004001198e+00 9.057775331195157875e+00
9.314495013500883047e+00 9.193444266241698415e+00
9.466936306798690026e+00 9.366894909949534664e+00
9.633569188803141614e+00 9.534047845994416903e+00
9.780236945826144890e+00 9.633470108068076243e+00
9.936468195818084936e+00 9.822960576023231027e+00
1.009026363771574175e+01 9.945664156336370354e+00
1.024584036771006446e+01 1.012810344406109309e+01
1.039544935265099568e+01 1.024143584823201891e+01
1.054741896385441713e+01 1.043475622395386893e+01
1.070031496150361328e+01 1.058400638244100556e+01
1.084478203839757526e+01 1.072066935809296773e+01
1.101745965610283484e+01 1.084413192873485698e+01
1.115859560992176824e+01 1.105386871413013417e+01
1.132717355318584396e+01 1.117421810299048346e+01
1.148051953667357594e+01 1.138609531681721165e+01
1.163364353603598644e+01 1.144062252814803848e+01
1.179569504792826251e+01 1.158471524224951033e+01
1.195599865256741445e+01 1.178971438349219092e+01
1.212332214864337132e+01 1.200247953741761187e+01
1.229054648672389938e+01 1.213445326150117864e+01
1.244041523171055630e+01 1.232807073438808665e+01
1.260398878555728785e+01 1.247855183506178633e+01
1.260119952105523211e+01 1.270096757497421613e+01
1.291436669896804545e+01 1.270131184091435372e+01
1.307401052145218934e+01 1.295372480417359817e+01
1.324572899833042605e+01 1.309175835313981651e+01
1.325834446199267624e+01 1.334398094383185196e+01
1.336869522606409966e+01 1.348558733253420705e+01
1.371419939619321759e+01 1.356906998273851173e+01
1.384755513159444007e+01 1.367852892426534872e+01
1.400619347419425509e+01 1.387894910647513846e+01
1.419055307465620430e+01 1.399864979614709881e+01
1.434851003195796082e+01 1.411587221570432682e+01
1.450662554281341166e+01 1.430732415361190490e+01
1.466842225411429013e+01 1.447629242102042291e+01
1.484567282242612407e+01 1.465382876310926008e+01
1.499504106204767417e+01 1.483005549909930032e+01
1.516494152473661217e+01 1.497377651620542593e+01
1.532642665071412402e+01 1.512243154711400983e+01
1.547833878922743267e+01 1.526607867882800029e+01
1.565616406561131058e+01 1.539779737022074535e+01
1.581647559288422222e+01 1.565178574920758514e+01
1.596058127076101130e+01 1.577030632350738770e+01
1.613877730644733077e+01 1.587183742723641089e+01
1.630344348887123473e+01 1.609691567561409542e+01
1.647779926830042285e+01 1.628627692711474140e+01
1.662757775181253805e+01 1.639833028936302384e+01
1.649340919409590001e+01 1.669251220795215929e+01
1.694437493420437235e+01 1.668705002897489109e+01
