0.000000000000000000e+00 0.000000000000000000e+00
4.301165835832991557e-02 -3.470833967011625887e-02
4.558916989402079026e-03 2.108231840753548969e+00
2.161537684450682839e+00 2.158647545893283226e+00
2.155720426698408243e+00 2.155890071357863036e+00
2.152859326344848778e+00 2.134104115015963643e+00
2.194156069258786257e+00 2.211868373622196238e+00
2.245392416872876495e+00 2.401591690349495156e+00
2.415094047967769608e+00 2.573350541951653359e+00
2.604592517505092353e+00 2.727155059196344045e+00
2.734911684901535356e+00 2.910122629016493434e+00
2.915723214164702703e+00 3.094102607493483870e+00
3.044442292811910367e+00 3.254024340854569708e+00
3.205621852474640043e+00 3.398674618148734172e+00
3.394079736223232224e+00 3.552976498519031523e+00
3.534972287468991503e+00 3.692509522396023591e+00
3.707464936190347338e+00 3.835122538359930111e+00
3.870911699990390087e+00 3.968897233684503867e+00
4.010998388450926377e+00 4.109403818304342870e+00
4.168553033254001505e+00 4.242528503895030667e+00
4.314521704486074860e+00 4.373731950243905153e+00
4.440753907306173254e+00 4.500787603609281540e+00
4.582371858502968465e+00 4.633241345383495080e+00
4.753747421637411819e+00 4.682480689324533429e+00
4.819496364790948562e+00 4.897440057174013539e+00
4.917242002455919803e+00 5.038355242064281647e+00
5.164280436912978445e+00 5.096077735051341762e+00
5.168770188301146540e+00 5.309104981789486644e+00
5.444356406845328067e+00 5.307892818139702484e+00
5.434628826723422179e+00 5.586665908887796128e+00
5.562781170531779118e+00 5.737176968407074362e+00
5.714213327785269136e+00 5.873414076040472942e+00
5.897318936115801158e+00 6.012155392153751166e+00
6.160653075417391378e+00 6.013624490585309346e+00
6.296098944614795023e+00 6.110808318587886312e+00
6.434603722840758877e+00 6.247399351074416352e+00
6.571958865435157726e+00 6.441522861733961491e+00
6.715241743664043028e+00 6.568499003840067019e+00
6.853085404521346291e+00 6.669123760010967850e+00
6.994066681929232310e+00 6.814788273064432467e+00
7.121674842190764743e+00 6.931109309635745674e+00
7.266674804953479949e+00 7.110171167576268658e+00
7.415145241057079950e+00 7.223972726796054289e+00
7.546695651312722575e+00 7.417486418543846050e+00
7.697807417830691001e+00 7.505636621766633709e+00
7.843141443748710806e+00 7.645680871348830010e+00
7.802222582042269927e+00 7.971607928022391931e+00
8.136431059571874513e+00 7.975832893876702911e+00
8.119923549855817768e+00 8.259845601800643422e+00
8.416013060105052901e+00 8.261857254378536908e+00
8.571593589808674807e+00 8.422713821640684273e+00
8.709505939718271250e+00 8.543464589832236555e+00
8.719070634625699867e+00 8.848023210708712227e+00
9.009238815644309284e+00 8.839665743407596921e+00
9.150947929383105972e+00 8.991840067021396266e+00
9.293156626977461698e+00 9.144307549650962486e+00
9.453998277121151261e+00 9.286584227379714562e+00
9.600336494136138654e+00 9.452084774804589529e+00
9.745725316489750156e+00 9.580829162852497305e+00
9.899435493524647356e+00 9.711919091653401281e+00
1.004595966502873416e+01 9.883036102463641726e+00
1.019521803987527164e+01 1.003415678681289336e+01
1.034782945159700951e+01 1.012751302194642378e+01
1.035470278806911359e+01 1.045136506021644784e+01
1.063700749711287052e+01 1.048329264532607397e+01
1.077849665186735351e+01 1.061194217826684039e+01
1.093833847446872021e+01 1.081219634694589793e+01
1.107951214765334491e+01 1.092161563092339982e+01
1.124037512145521234e+01 1.108484122272866834e+01
1.139223572243936466e+01 1.123329849606833974e+01
1.153738410288054439e+01 1.135969301984587077e+01
1.169756259962273148e+01 1.155663431043549849e+01
1.184860186833839357e+01 1.165345444773982564e+01
1.183740623326609764e+01 1.196095742031915776e+01
1.199483627355275139e+01 1.209920382764259905e+01
1.229232730094030046e+01 1.214477788345721621e+01
1.244101495050453465e+01 1.229322207426652902e+01
1.259131219024441251e+01 1.245793523111041345e+01
1.274202827123821358e+01 1.260799622057671243e+01
1.289147944656946621e+01 1.279353547278257075e+01
1.304422795558591019e+01 1.291447427472538934e+01
1.318584283380405253e+01 1.306886787315966814e+01
1.334971572381394189e+01 1.324631238145684620e+01
1.349259149318572248e+01 1.340134962362344950e+01
1.366493668157515629e+01 1.355612109978344648e+01
1.381799524033579374e+01 1.367902034100475817e+01
1.395308471136558204e+01 1.382311298075344297e+01
1.412545058493454597e+01 1.400118210792455642e+01
1.426386352025457960e+01 1.415278350931385454e+01
1.444540318821456992e+01 1.428808481127368601e+01
1.458955847113077020e+01 1.447044780381128781e+01
1.474388144945744195e+01 1.461296545062812946e+01
1.490314219202818613e+01 1.469734966082113381e+01
1.506162547012010400e+01 1.488574339953527925e+01
1.521225149364011386e+01 1.506560256588988977e+01
1.535200589802670201e+01 1.515483695802017472e+01
1.552234762760976672e+01 1.540232628360819689e+01
1.568310566837868159e+01 1.549246223726162697e+01
1.582127828097556588e+01 1.566248821036471384e+01
1.599791067146255763e+01 1.581243275552519023e+01
1.614199824447243969e+01 1.603785249354494269e+01
