0.000000000000000000e+00 0.000000000000000000e+00
0.000000000000000000e+00 0.000000000000000000e+00
0.000000000000000000e+00 0.000000000000000000e+00
0.000000000000000000e+00 0.000000000000000000e+00
1.560191753526200875e+00 3.422683309991700007e+00
3.347701928687020434e+00 3.405643872961541696e+00
3.411358507217581604e+00 3.407821172362131001e+00
3.419512613556185965e+00 3.414090656331097762e+00
3.421909842042863747e+00 3.421423576821057466e+00
3.462404920574404521e+00 3.437084437752063959e+00
3.534089479277795487e+00 3.502386721276067316e+00
3.598823794831907286e+00 3.684588131383326637e+00
3.726197756047692433e+00 3.874630061145181159e+00
3.920022910923377513e+00 4.079664978999091751e+00
4.085289995080582770e+00 4.319634311140625016e+00
4.277588520229448577e+00 4.509630951219810058e+00
4.456842717054492198e+00 4.692650376667915069e+00
4.697450816519833872e+00 4.866698629361684958e+00
4.907475540241259537e+00 5.037841216219832496e+00
5.084853912273452181e+00 5.208584784444285631e+00
5.239064112743911927e+00 5.372930620508305388e+00
5.409579660728815576e+00 5.545883874444125894e+00
5.545955062580627093e+00 5.700696432353699272e+00
5.714470898856612635e+00 5.854005906518588098e+00
5.859387491191005104e+00 6.002076110466260772e+00
6.016563847423077149e+00 6.164208911891026155e+00
6.161279875967351494e+00 6.313084135252022833e+00
6.335253579730502516e+00 6.457641887428482441e+00
6.477436086016657768e+00 6.609738403268501372e+00
6.739393295126006933e+00 6.647297989099572035e+00
6.745460072866998225e+00 6.918211221423125501e+00
6.907163128818743836e+00 7.076906186570880664e+00
7.071786894492827713e+00 7.244834995756989748e+00
7.232177457175585467e+00 7.401996323687947132e+00
7.405628794367866696e+00 7.550392859221333630e+00
7.549024067840424124e+00 7.706691485295525723e+00
7.856644519012426109e+00 7.705520634812691227e+00
8.016967171215036103e+00 7.853553411159047926e+00
8.159393155116134722e+00 7.926621992172888653e+00
8.153195479929051359e+00 8.325831526946501526e+00
8.478291738982218106e+00 8.299205042957675360e+00
8.633244542727871007e+00 8.493732883282119062e+00
8.787025840805778643e+00 8.603563723709191535e+00
8.940933441099835122e+00 8.750598294669355681e+00
9.100911238620888355e+00 8.896660714710833417e+00
9.115034698649443712e+00 9.252346817527477896e+00
9.416687266930601652e+00 9.288950138159101755e+00
9.577770055131033189e+00 9.425999199307478094e+00
9.747660377168328338e+00 9.555990796432134005e+00
9.911778105379577042e+00 9.728835198537986173e+00
9.892000104293833473e+00 1.005915955999380884e+01
1.006658720290300479e+01 1.021921487690070052e+01
1.037881596742364820e+01 1.023110919080231795e+01
1.054269223170243741e+01 1.039534328539375885e+01
1.056491497478899255e+01 1.068612610305782695e+01
1.086317564505886857e+01 1.070572430120560981e+01
1.103597526515171268e+01 1.089238795145208272e+01
1.120428711048737469e+01 1.108745505350440119e+01
1.136331272765019840e+01 1.119421822227141483e+01
1.135526576516891417e+01 1.150270036816243113e+01
1.168135566220884591e+01 1.160051753328465907e+01
1.186679131853473557e+01 1.174999956979024596e+01
1.204623092053693334e+01 1.189732176633537897e+01
1.221901729875925824e+01 1.204711739364038792e+01
1.238095681945060456e+01 1.219324320565776709e+01
1.256143498015530469e+01 1.245266130751505429e+01
1.273786067101860731e+01 1.258027950929741223e+01
1.290507297843502066e+01 1.272551972988659941e+01
1.308117788366165257e+01 1.293077871505105314e+01
1.325753461038595837e+01 1.304288768786966557e+01
1.343167875678679835e+01 1.325402809060846998e+01
1.359888083485328991e+01 1.342574705252126144e+01
1.378668486845992014e+01 1.362928123730818619e+01
1.396790890971629295e+01 1.379075296613076951e+01
1.413135344538808091e+01 1.393327976070280450e+01
1.431309463011338678e+01 1.414688023645211956e+01
1.448449180249060575e+01 1.432335531722805655e+01
1.466088101767912910e+01 1.449715954540289431e+01
1.483218512301116121e+01 1.462620424570465971e+01
1.500864612507999496e+01 1.483483100670225596e+01
1.518307501386889413e+01 1.500287489358762549e+01
1.535107628031171778e+01 1.513794283535876062e+01
1.552734414878502278e+01 1.529197814128634114e+01
1.570873145737838428e+01 1.542647606795195614e+01
1.588374755405787297e+01 1.565698753302659618e+01
1.605761278815828064e+01 1.580256066980832230e+01
1.624979166531817754e+01 1.610209895225392174e+01
1.643388370666408704e+01 1.619481533433559761e+01
1.660790631408844575e+01 1.633480387610214635e+01
1.678867828951211649e+01 1.654198233109420713e+01
1.697410354209605288e+01 1.669530529696822896e+01
1.713812573956679230e+01 1.682985730812166025e+01
1.732458364160404329e+01 1.696525164038238032e+01
1.749156873008459101e+01 1.725783880317633390e+01
1.767631565674455629e+01 1.731605711602212949e+01
1.784231720906451457e+01 1.752169912284626108e+01
1.803475946418860332e+01 1.776452669759500225e+01
1.818427373727835317e+01 1.786048034578293908e+01
1.837391498903958009e+01 1.814702061384992859e+01
1.826023225172348674e+01 1.842320783139478024e+01
1.871876948761954296e+01 1.854845388930366212e+01
