0.000000000000000000e+00 0.000000000000000000e+00
0.000000000000000000e+00 0.000000000000000000e+00
0.000000000000000000e+00 0.000000000000000000e+00
0.000000000000000000e+00 0.000000000000000000e+00
0.000000000000000000e+00 0.000000000000000000e+00
0.000000000000000000e+00 0.000000000000000000e+00
0.000000000000000000e+00 0.000000000000000000e+00
0.000000000000000000e+00 0.000000000000000000e+00
0.000000000000000000e+00 0.000000000000000000e+00
0.000000000000000000e+00 0.000000000000000000e+00
0.000000000000000000e+00 0.000000000000000000e+00
0.000000000000000000e+00 0.000000000000000000e+00
0.000000000000000000e+00 0.000000000000000000e+00
0.000000000000000000e+00 0.000000000000000000e+00
0.000000000000000000e+00 0.000000000000000000e+00
0.000000000000000000e+00 0.000000000000000000e+00
0.000000000000000000e+00 0.000000000000000000e+00
0.000000000000000000e+00 0.000000000000000000e+00
0.000000000000000000e+00 0.000000000000000000e+00
0.000000000000000000e+00 0.000000000000000000e+00
0.000000000000000000e+00 0.000000000000000000e+00
0.000000000000000000e+00 0.000000000000000000e+00
0.000000000000000000e+00 0.000000000000000000e+00
0.000000000000000000e+00 0.000000000000000000e+00
0.000000000000000000e+00 0.000000000000000000e+00
0.000000000000000000e+00 0.000000000000000000e+00
0.000000000000000000e+00 0.000000000000000000e+00
0.000000000000000000e+00 0.000000000000000000e+00
0.000000000000000000e+00 0.000000000000000000e+00
0.000000000000000000e+00 0.000000000000000000e+00
0.000000000000000000e+00 0.000000000000000000e+00
0.000000000000000000e+00 0.000000000000000000e+00
0.000000000000000000e+00 0.000000000000000000e+00
0.000000000000000000e+00 0.000000000000000000e+00
0.000000000000000000e+00 0.000000000000000000e+00
0.000000000000000000e+00 0.000000000000000000e+00
0.000000000000000000e+00 0.000000000000000000e+00
0.000000000000000000e+00 0.000000000000000000e+00
0.000000000000000000e+00 0.000000000000000000e+00
0.000000000000000000e+00 0.000000000000000000e+00
0.000000000000000000e+00 0.000000000000000000e+00
0.000000000000000000e+00 0.000000000000000000e+00
0.000000000000000000e+00 0.000000000000000000e+00
0.000000000000000000e+00 0.000000000000000000e+00
0.000000000000000000e+00 0.000000000000000000e+00
0.000000000000000000e+00 0.000000000000000000e+00
0.000000000000000000e+00 5.912891964405417866e-01
3.714433209114353929e-01 0.000000000000000000e+00
0.000000000000000000e+00 2.054089778489401885e-01
1.276695204940771378e+00 4.656882497275171007e-01
9.053220093214269237e-01 2.165121658407747895e-01
1.218994960191111199e+00 1.210033348695204736e-01
2.831312937917824235e-01 1.870641320895367832e+00
1.405375271179395424e+00 2.609868192379536378e+00
2.472621500798483307e+00 1.106468886478241487e+00
4.730385750379410226e+00 7.352032907354624669e+00
9.491541030887029606e+00 1.048407104997740369e+01
1.220100264308569038e+01 1.321325802224150081e+01
1.334809373948749922e+01 1.528503699169705321e+01
1.536030997864227388e+01 1.730366189731337201e+01
1.656805719342554184e+01 1.854895197802820661e+01
1.834737238044351315e+01 1.952607362987242468e+01
1.920120632871833877e+01 2.023439178007568273e+01
2.025546876039127042e+01 2.080335232942780976e+01
2.095823620462872938e+01 2.123975644637178561e+01
2.142011825103739753e+01 2.161336857470227457e+01
2.192373692787737127e+01 2.183293927755220309e+01
2.217354344925600529e+01 2.230052189832322895e+01
2.262449403600808395e+01 2.249892290358602054e+01
2.293609260424459251e+01 2.284922302857458831e+01
2.326711749636013593e+01 2.315141146770329783e+01
2.359986854642832910e+01 2.350905638759808269e+01
2.381497419055595799e+01 2.391127314451956565e+01
2.423540058889541626e+01 2.415979580848730635e+01
2.458241464329049464e+01 2.447882102840300078e+01
2.490080433505631774e+01 2.481739420967639376e+01
2.522169119186637332e+01 2.512249792983975993e+01
2.555328987970655774e+01 2.548095991339969046e+01
2.588730721793858081e+01 2.582314845767951184e+01
2.623685961781393061e+01 2.613785192720013129e+01
2.656365261062943262e+01 2.646570382509637653e+01
2.689768728612383697e+01 2.681112303444334799e+01
2.723237423162489534e+01 2.708963469123552414e+01
2.754039642680534783e+01 2.741482757563327155e+01
2.786776980960954120e+01 2.776299536342963847e+01
2.820188000475475576e+01 2.806678925690114568e+01
2.852800594434016546e+01 2.834539955670460287e+01
2.884370177242344369e+01 2.871117437817373741e+01
2.918553512858763099e+01 2.902140696148273236e+01
2.952248065480336336e+01 2.937362415700915363e+01
2.986272057198813457e+01 2.969807194490873314e+01
3.018767741557321571e+01 2.998564634752066382e+01
3.054023726627365320e+01 3.034112434863865815e+01
3.085482788166970991e+01 3.063853543434942495e+01
3.118978739117366672e+01 3.099376573386148337e+01
3.152838105880918462e+01 3.129184223907704876e+01
3.186582058117072336e+01 3.163522479924813524e+01
3.217208711088964179e+01 3.196989771307863037e+01
3.249919747513226298e+01 3.229277659572072423e+01
3.282694995992402198e+01 3.262569173469763228e+01
3.314904804974426611e+01 3.294741721351218899e+01
