0.000000000000000000e+00 0.000000000000000000e+00
0.000000000000000000e+00 0.000000000000000000e+00
1.185991129504326003e-01 0.000000000000000000e+00
1.414337134992688538e+00 2.306409174851241417e+00
2.305140856118742754e+00 2.302699620394757840e+00
2.340354444898999020e+00 2.340085565902108922e+00
2.379418534436004151e+00 2.379852304564013199e+00
2.426617426027573909e+00 2.423636694555493243e+00
2.575920606682632563e+00 2.682539653171066352e+00
2.732875242712486052e+00 2.784029538362239542e+00
2.898383331840662880e+00 3.004328456116271528e+00
3.030160436710835903e+00 3.234957880104263328e+00
3.256727954144181592e+00 3.404459677626383129e+00
3.419598803447035706e+00 3.590407467012803888e+00
3.611806106152370965e+00 3.773446294131895140e+00
3.774217398448515670e+00 3.941709630790162233e+00
3.900520518809207804e+00 4.091252668873367249e+00
4.039948321279000609e+00 4.250011800417114571e+00
4.195181952518062474e+00 4.411348452424169508e+00
4.360305598652261416e+00 4.559825965584425767e+00
4.545148747450700633e+00 4.713891392341118980e+00
4.689683982102036630e+00 4.859745215533712859e+00
4.850832312097448806e+00 5.003542058364089939e+00
4.994236680712086596e+00 5.147199314295779260e+00
5.160930670004688636e+00 5.286043225733795481e+00
5.291785603714462383e+00 5.429516082158405865e+00
5.438779056799949885e+00 5.568069381963481668e+00
5.593432932788741319e+00 5.706005507657951448e+00
5.730711001494315227e+00 5.843490220784240741e+00
5.882102040971381562e+00 5.982016141693869749e+00
6.037547259829145752e+00 6.130332610576382457e+00
6.271796508403566506e+00 6.120492706091123836e+00
6.411637758920152308e+00 6.236451161960394174e+00
6.555952265312011029e+00 6.383144011967452514e+00
6.692535386838295075e+00 6.521044310580015768e+00
6.829742272533561476e+00 6.672257852718871618e+00
6.783269973600525304e+00 6.975024865852124556e+00
7.116554381578088950e+00 6.945526110568217781e+00
7.267353344188682840e+00 7.081495224536861421e+00
7.421563974882277037e+00 7.224887963575927330e+00
7.361623769071847789e+00 7.559930744646781164e+00
7.717113753132550436e+00 7.517796762896221452e+00
7.862510184241989997e+00 7.675412686142897734e+00
8.017085666555534118e+00 7.837326606360837111e+00
8.160661229978050102e+00 8.000827365372456867e+00
8.126482890419817195e+00 8.301764201793549347e+00
8.460486592174506271e+00 8.295424498939000912e+00
8.403500554668202227e+00 8.591233279280716673e+00
8.756140933348095956e+00 8.556379508514794452e+00
8.910806922058394974e+00 8.727941465973268365e+00
9.064057398643257102e+00 8.874923184396775966e+00
9.209158051472533302e+00 9.024544433012133382e+00
9.361859492487194956e+00 9.196148617422698734e+00
9.518193372846200262e+00 9.351031206687911990e+00
9.680179957544735814e+00 9.468515254382948498e+00
9.843340702313907897e+00 9.586836027678796057e+00
9.989832271143949782e+00 9.755943088976486877e+00
1.016087926255939777e+01 9.931954719460296843e+00
1.005560173697008608e+01 1.027067944966929325e+01
1.025348212216386656e+01 1.042946300980459462e+01
1.058890620849862607e+01 1.034812533956753278e+01
1.074631415683995783e+01 1.055540647817966970e+01
1.090080192520478342e+01 1.068881689665845869e+01
1.105171467699784849e+01 1.079030235096782420e+01
1.098358496857983013e+01 1.115239919531038204e+01
1.132938275066386424e+01 1.118883370632361896e+01
1.148517334134947809e+01 1.131534060500917427e+01
1.163990393142775837e+01 1.147207458119348544e+01
1.178890886932908977e+01 1.161021309120484446e+01
1.179019032665184419e+01 1.189382359820484147e+01
1.209515469440731295e+01 1.195338855468076922e+01
1.225677584847692358e+01 1.212252112226561174e+01
1.240504199090360160e+01 1.227370446675710980e+01
1.257399646436542540e+01 1.240497618555319015e+01
1.273147645268334749e+01 1.259889052970865819e+01
1.288892249172540261e+01 1.272634374795172896e+01
1.305534984438320656e+01 1.287296440819340759e+01
1.321535383150215637e+01 1.302546486254097857e+01
1.338337242471459554e+01 1.318290188901854521e+01
1.354756733629602294e+01 1.336722083184528920e+01
1.352902184502026728e+01 1.363554952899184514e+01
1.384362739870194758e+01 1.365733568702989231e+01
1.400966405190150432e+01 1.381100960704429959e+01
1.414921845598182415e+01 1.401071111816599490e+01
1.432655264768212788e+01 1.412967464618233748e+01
1.448536362215129714e+01 1.431435823092244952e+01
1.463907784911348031e+01 1.448892398787676683e+01
1.481955520957137296e+01 1.462843895745540301e+01
1.496753978765686632e+01 1.476565216566609351e+01
1.514325194581453182e+01 1.496089849551051998e+01
1.531362404037329483e+01 1.517201017495106541e+01
1.547070929939745554e+01 1.527684988008162215e+01
1.563660087701112644e+01 1.546940428616456309e+01
1.579526125951704074e+01 1.561564415246852811e+01
1.595856847317256388e+01 1.578815898651683014e+01
1.614067099712438846e+01 1.593637928340361398e+01
1.628470834237332099e+01 1.610768682179103806e+01
1.645403977719010769e+01 1.630394863346130307e+01
1.658874558981345260e+01 1.645028933351644795e+01
1.676773371741270324e+01 1.661178701268198665e+01
1.693186085462976465e+01 1.673661230914466458e+01
