0.000000000000000000e+00 6.315729370882987581e-01
9.599328899818024841e-01 1.216439310747668312e+00
1.198002048050738733e+00 1.259935044594100884e+00
1.329856330392397590e+00 1.366041252766319491e+00
1.416826517504381711e+00 1.443736111593428628e+00
1.514607147050267333e+00 1.577962035762468629e+00
1.633334813547534958e+00 1.774300074850382325e+00
1.818282907071648635e+00 1.963615076466169285e+00
1.937316140758756466e+00 2.148525549096429899e+00
2.134919612495579599e+00 2.322930390761257069e+00
2.285096476109930386e+00 2.484770282689883647e+00
2.459706466348013265e+00 2.619429535551654809e+00
2.608905922846008529e+00 2.764204086830376994e+00
2.768202452968420157e+00 2.898532429677468159e+00
2.908292779254756599e+00 3.027928387155422563e+00
3.033687927838589538e+00 3.167722396597095535e+00
3.170178636247173110e+00 3.299423668632043061e+00
3.312210240084313639e+00 3.433092189258089011e+00
3.431646284609529918e+00 3.554152001088186630e+00
3.569978921236206748e+00 3.681288096171037694e+00
3.702003502105388755e+00 3.801449696906198827e+00
3.814635704345817668e+00 3.925716114384012023e+00
4.046860887721008382e+00 3.947605574098647985e+00
4.172898716326233881e+00 4.062435423243967669e+00
4.292498243601608365e+00 4.161005057874270108e+00
4.288404119494458655e+00 4.414077753134282744e+00
4.541281768532161145e+00 4.420006921616583817e+00
4.535902779735555335e+00 4.673618602833303548e+00
4.805985477636055769e+00 4.663038439608386376e+00
4.938274399417670324e+00 4.811664789690795807e+00
4.937149285846949454e+00 5.056656171760171681e+00
5.191535744037993005e+00 5.035701437672631897e+00
5.209299665994393536e+00 5.318693601011275085e+00
5.451059015524115203e+00 5.325403191779093603e+00
5.579847135023501714e+00 5.443680072352394816e+00
5.713331066723520202e+00 5.585955873053953802e+00
5.751805237154952621e+00 5.830391418143731741e+00
5.969368266492234731e+00 5.820349790182650196e+00
6.099193441233584423e+00 5.968992707365617711e+00
6.226653797573580285e+00 6.131475619849179992e+00
6.360857646299860946e+00 6.261310876002426085e+00
6.497354140390827482e+00 6.415203831294629566e+00
6.556709486747005933e+00 6.606905617448477486e+00
6.757085446643846360e+00 6.664394325577511324e+00
6.887998993208677589e+00 6.820062623407211255e+00
6.941857844124901256e+00 6.999587277811381902e+00
7.162856661671040293e+00 7.041543302830856277e+00
7.302073197194863141e+00 7.214783123274884247e+00
7.437926527902931184e+00 7.327425740296274803e+00
7.458695944353489260e+00 7.548935871882933135e+00
7.711611665222187106e+00 7.574556711371076112e+00
7.841714844802690543e+00 7.744152865494112525e+00
7.989891455213671279e+00 7.857317944984024471e+00
8.124082387125985960e+00 7.994199554186625534e+00
8.271098000458453114e+00 8.183704149236730174e+00
8.414326261676743357e+00 8.281050145528331186e+00
8.451046870377449949e+00 8.521514482817245550e+00
8.694455876056997212e+00 8.505224207336633313e+00
8.700281079889768066e+00 8.787092341264084894e+00
8.960477968736983101e+00 8.832987966669746172e+00
9.097372344239770925e+00 8.903515982319914812e+00
9.239148739889287754e+00 9.062455265917837011e+00
9.375588701970759331e+00 9.227999863481414877e+00
9.392060659762631047e+00 9.484328278604914786e+00
9.655560939018592137e+00 9.506418357022573318e+00
9.788419503463385851e+00 9.659526252845063610e+00
9.931131028596521304e+00 9.777189071417934585e+00
1.006478406122233871e+01 9.923766679506865529e+00
1.022159879135030991e+01 1.007645432603794866e+01
1.035703732039961800e+01 1.019045847538529159e+01
1.048968718977693548e+01 1.034282648238576563e+01
1.064072078685422440e+01 1.048213745748119408e+01
1.077209546779557492e+01 1.062158943413936107e+01
1.092198365079401867e+01 1.073792682368973495e+01
1.106136230871150872e+01 1.094865657497471823e+01
1.120494970609526852e+01 1.106200688862121417e+01
1.134620370114670429e+01 1.120125096352728278e+01
1.149611159626721602e+01 1.133546836373712630e+01
1.162989506421102703e+01 1.151298032791774695e+01
1.177792008706095395e+01 1.163312711315187542e+01
1.192472224586554219e+01 1.174264807559996804e+01
1.207603977743622892e+01 1.187000963697430223e+01
1.220792644628572710e+01 1.205355509265891989e+01
1.235918318900805346e+01 1.217036357887318410e+01
1.249570167923803510e+01 1.234222353021686125e+01
1.263837568284800739e+01 1.243561972955543204e+01
1.278370248795949315e+01 1.261239964239112332e+01
1.273096502972597222e+01 1.285831950024349268e+01
1.306519884888696126e+01 1.291891789370716381e+01
1.318726283519249165e+01 1.299326587413496092e+01
1.331999411465072214e+01 1.316276665314291172e+01
1.347123930750552390e+01 1.324135950345320545e+01
1.361888672054390703e+01 1.344913316052676677e+01
1.374825027602242855e+01 1.353184950728591396e+01
1.389767113288752221e+01 1.371310396691202982e+01
1.403166186860528164e+01 1.390398353996953595e+01
1.418134147381511845e+01 1.404554598573916024e+01
1.429962784201000048e+01 1.411928518627139972e+01
1.446361041288157345e+01 1.429046686134336852e+01
1.456766472180992267e+01 1.446485083565466923e+01
1.473496047214147531e+01 1.464400815416501089e+01
