0.000000000000000000e+00 0.000000000000000000e+00
0.000000000000000000e+00 0.000000000000000000e+00
0.000000000000000000e+00 0.000000000000000000e+00
0.000000000000000000e+00 0.000000000000000000e+00
0.000000000000000000e+00 0.000000000000000000e+00
4.036993453523857189e-02 1.404588284850510731e-02
1.131058657888927427e-01 6.584239983332576540e-02
2.951425794635539335e-01 3.459822445467262281e-02
3.564334609159740541e+00 3.827707759206477434e+00
3.887499612008860517e+00 3.879920902755815248e+00
3.940863201714708719e+00 3.923610840444573089e+00
4.068811056394936898e+00 4.098236029095797761e+00
4.181593832215567019e+00 4.193490058563900114e+00
4.249019462575431838e+00 4.305546384460674503e+00
4.403158483828069514e+00 4.548280970224834796e+00
4.547618460439286636e+00 4.762181977885624029e+00
4.698588548646998042e+00 5.033809206644317413e+00
4.935034324775388725e+00 5.252250398616088667e+00
5.227969704137193752e+00 5.452800024695369174e+00
5.437390593556648888e+00 5.629934631578247028e+00
5.616229266029804990e+00 5.821477867275469897e+00
5.832776316205232625e+00 5.991190343716898958e+00
5.992873811714683363e+00 6.163201349293961684e+00
6.185144213233860100e+00 6.329135296590879811e+00
6.344652437972053249e+00 6.508925190968104957e+00
6.507884207494655904e+00 6.678676312627225720e+00
6.679413775704509781e+00 6.831780990985246049e+00
6.864548806697754912e+00 6.996696988549786056e+00
7.017493915441653130e+00 7.171162759001191489e+00
7.164814662396935319e+00 7.324348689900950227e+00
7.365574482438363546e+00 7.494877305738888218e+00
7.530475608538873544e+00 7.651954450862761270e+00
7.683405962448127902e+00 7.810085501627010984e+00
7.838804717046390813e+00 7.957732693455884743e+00
8.004326753998102006e+00 8.115437642777084903e+00
8.263819215834121934e+00 8.137375495462514152e+00
8.293881316096747724e+00 8.429125815296414359e+00
8.576791470812960227e+00 8.460399801690911659e+00
8.731216777259042772e+00 8.560304889786293003e+00
8.887314894019137768e+00 8.758929417912810322e+00
9.041755655423171945e+00 8.878109953316378977e+00
9.058306955668451010e+00 9.214439526752641996e+00
9.372291307720120201e+00 9.247648169185580969e+00
9.399963506287113191e+00 9.533628016356942680e+00
9.706199577448490601e+00 9.567826525591843989e+00
9.708134009564195921e+00 9.872269905942598456e+00
9.897661992649572582e+00 1.002719728181576464e+01
1.019746935864338866e+01 1.006953147051092401e+01
1.036767738280271267e+01 1.019408176264154164e+01
1.033952978526231803e+01 1.053827144446746544e+01
1.071165757921453121e+01 1.054586167266379881e+01
1.088439306493216030e+01 1.076910794733131027e+01
1.093499418877011209e+01 1.103167864412495902e+01
1.121816768565839340e+01 1.110813987211308174e+01
1.139503636974460399e+01 1.124159408052154774e+01
1.156608491918708204e+01 1.143894996072559955e+01
1.173438945571217573e+01 1.162211619848410571e+01
1.191745128498565620e+01 1.177320473501293030e+01
1.209196977059513500e+01 1.194781000413754413e+01
1.226977404202524724e+01 1.212714522252563754e+01
1.243632967319801175e+01 1.230819210802112451e+01
1.261702187093496796e+01 1.248492812085211412e+01
1.278978979724210774e+01 1.264298518899484591e+01
1.297444092070215582e+01 1.284098158472465379e+01
1.314908760731543325e+01 1.300331169535006026e+01
1.333465331923244079e+01 1.322964897757323754e+01
1.351001463971000049e+01 1.332040201739245511e+01
1.368574490949127664e+01 1.353008731493223671e+01
1.387648316945843341e+01 1.371544006971098284e+01
1.405687338745506842e+01 1.388122252752926400e+01
1.424016551593726376e+01 1.407678062066922742e+01
1.441734258080158249e+01 1.425188150246938790e+01
1.460393132541881478e+01 1.445093387893164660e+01
1.480446388594241647e+01 1.460054631368369371e+01
1.498169095705378950e+01 1.479585044835951813e+01
1.494255165704964483e+01 1.510157746490630970e+01
1.532899688742788413e+01 1.511855085307900914e+01
1.551057875254371687e+01 1.532232280532146618e+01
1.569656472658121693e+01 1.546800728503568223e+01
1.588504513303880827e+01 1.561359529290297843e+01
1.606956259455918357e+01 1.582864818531824902e+01
1.625500629740244918e+01 1.601643521448588459e+01
1.643839185804228364e+01 1.626733698255125304e+01
1.663604833837707631e+01 1.638390852058500258e+01
1.681309606406820478e+01 1.663499305038050480e+01
1.700896518484375619e+01 1.675385100866864363e+01
1.717485759830950087e+01 1.701114285071814081e+01
1.737282645736703657e+01 1.715646256873197828e+01
1.755592563905233305e+01 1.734194453016942816e+01
1.774453841504546858e+01 1.756631285517338625e+01
1.792138877341612968e+01 1.773342426094823665e+01
1.811956367024519210e+01 1.788153623660574354e+01
1.830235413747271167e+01 1.811636262169811928e+01
1.849533944939686592e+01 1.823684028529534373e+01
1.867523855471702632e+01 1.839566819404215536e+01
1.887464610679615973e+01 1.865670625854440701e+01
1.905719716242163386e+01 1.876023555764466622e+01
1.924594293712023330e+01 1.897701918021598999e+01
1.941969250546691939e+01 1.921845174188692340e+01
1.959514131184591434e+01 1.938157074545455316e+01
1.980373979652816985e+01 1.958132645774375646e+01
