0.000000000000000000e+00 0.000000000000000000e+00
0.000000000000000000e+00 0.000000000000000000e+00
0.000000000000000000e+00 0.000000000000000000e+00
0.000000000000000000e+00 0.000000000000000000e+00
0.000000000000000000e+00 0.000000000000000000e+00
0.000000000000000000e+00 0.000000000000000000e+00
0.000000000000000000e+00 0.000000000000000000e+00
0.000000000000000000e+00 0.000000000000000000e+00
0.000000000000000000e+00 0.000000000000000000e+00
0.000000000000000000e+00 0.000000000000000000e+00
0.000000000000000000e+00 0.000000000000000000e+00
0.000000000000000000e+00 0.000000000000000000e+00
0.000000000000000000e+00 0.000000000000000000e+00
0.000000000000000000e+00 0.000000000000000000e+00
0.000000000000000000e+00 0.000000000000000000e+00
0.000000000000000000e+00 0.000000000000000000e+00
0.000000000000000000e+00 0.000000000000000000e+00
0.000000000000000000e+00 0.000000000000000000e+00
0.000000000000000000e+00 0.000000000000000000e+00
0.000000000000000000e+00 0.000000000000000000e+00
0.000000000000000000e+00 0.000000000000000000e+00
0.000000000000000000e+00 0.000000000000000000e+00
0.000000000000000000e+00 0.000000000000000000e+00
0.000000000000000000e+00 0.000000000000000000e+00
0.000000000000000000e+00 0.000000000000000000e+00
0.000000000000000000e+00 0.000000000000000000e+00
0.000000000000000000e+00 0.000000000000000000e+00
0.000000000000000000e+00 0.000000000000000000e+00
0.000000000000000000e+00 0.000000000000000000e+00
0.000000000000000000e+00 0.000000000000000000e+00
0.000000000000000000e+00 0.000000000000000000e+00
0.000000000000000000e+00 0.000000000000000000e+00
0.000000000000000000e+00 2.463553184418908193e-01
4.177619829286240427e-01 0.000000000000000000e+00
1.719309004391003648e-01 0.000000000000000000e+00
0.000000000000000000e+00 0.000000000000000000e+00
2.669821264659709703e-01 2.307374984043209787e-01
6.186540587225941579e-01 0.000000000000000000e+00
4.735786329529442229e-01 0.000000000000000000e+00
7.794657528552022541e-01 5.329005191996015744e-01
1.397656951152420168e+00 4.110717138809200755e+00
3.548348764993248583e+00 1.963805007539320080e+00
2.521713825427795985e+00 6.365274998635644721e+00
7.633029956541085959e+00 7.618889759953402674e+00
1.054771692857751297e+01 1.154381122848950625e+01
1.238769842964940615e+01 1.337005801301159202e+01
1.401463240598119064e+01 1.472705718707965872e+01
1.499239198268302431e+01 1.534013871992731559e+01
1.565365443122022704e+01 1.589344946320516883e+01
1.612335333520184122e+01 1.636498050536242488e+01
1.655948265934857488e+01 1.675003749240685025e+01
1.693535215156397200e+01 1.708880970438071500e+01
1.719782652767214870e+01 1.738156009768605159e+01
1.752437209692496367e+01 1.764527034479926471e+01
1.779089737985918163e+01 1.791065035045148335e+01
1.805345130855929625e+01 1.816591900333300202e+01
1.833246369980957624e+01 1.840764640743454095e+01
1.863123336187746304e+01 1.856616720044186053e+01
1.881798354850759125e+01 1.888174557353065808e+01
1.913082475308148034e+01 1.905965108946950792e+01
1.938760404366601264e+01 1.931592766100250458e+01
1.956383214880408161e+01 1.964409776973194255e+01
1.990284101115995341e+01 1.981715865583013780e+01
2.015732095800650470e+01 2.007055553789160030e+01
2.032739698831698405e+01 2.041223296713194557e+01
2.067670747548703147e+01 2.058698690838155088e+01
2.094397700276980956e+01 2.081617252772162985e+01
2.120476238068382102e+01 2.108123751602118645e+01
2.148876603331556367e+01 2.137471207543898188e+01
2.174193233602001740e+01 2.163673486224227815e+01
2.201607714130375726e+01 2.195958305297286373e+01
2.229645937804521338e+01 2.219155699982608354e+01
2.258407264280167936e+01 2.247703578859676554e+01
2.284855625802993373e+01 2.276475845647105700e+01
2.313633982533418276e+01 2.300207902509171731e+01
2.341638900101535370e+01 2.329325793858063776e+01
2.371289938241577389e+01 2.360210276533708651e+01
2.398777215721899125e+01 2.386609081979304037e+01
2.427057647592518208e+01 2.415847901611265058e+01
2.456030036874658862e+01 2.438305698013060052e+01
2.484799969611784931e+01 2.471921789465029207e+01
2.514535320332062440e+01 2.499431675739662140e+01
2.543404443227924716e+01 2.526860683632627769e+01
2.571581986684648413e+01 2.555188758049184372e+01
2.600547885644036583e+01 2.582125508370273081e+01
2.629785761646551023e+01 2.612715586919228272e+01
2.659591211147021284e+01 2.646280654569126156e+01
2.689265090710648565e+01 2.674935443733201623e+01
2.718631534906155522e+01 2.700602068515160781e+01
2.748959848301256415e+01 2.729404688160330039e+01
2.777774415057538349e+01 2.756139149115627873e+01
2.807967505046768508e+01 2.787033634313868546e+01
2.837718674860718338e+01 2.815594512083529466e+01
2.864428327961855558e+01 2.848561939790310404e+01
2.894496979243895396e+01 2.874351110953443111e+01
2.923356999534084721e+01 2.903797076299763091e+01
2.953534760300231099e+01 2.929077608020781298e+01
2.983981724120256018e+01 2.959075928505675535e+01
3.014164835722294100e+01 2.984488223820726205e+01
3.043860109193804320e+01 3.020209474084654744e+01
3.073236749194495587e+01 3.061871124599330685e+01
