8.912522105604676614e-01 8.902375153720522016e-01
7.923588533007673851e-01 7.475442851393820920e-01
8.333966594918500448e-01 8.402421773223868184e-01
9.145244148396314277e-01 9.481030923743299921e-01
1.010234443092315582e+00 1.115971605583617077e+00
1.136796068835934426e+00 1.275415938859507881e+00
1.282342825428928634e+00 1.418615047882860081e+00
1.453684396398693845e+00 1.554758843142761693e+00
1.562268171059264077e+00 1.694931512878840696e+00
1.687317364600438463e+00 1.819911563228879814e+00
1.814349431400193557e+00 1.936198472290095562e+00
1.946207766568863740e+00 2.050969667843900002e+00
2.070370971134881444e+00 2.166379402603788140e+00
2.237276181993878676e+00 2.282584058978704533e+00
2.346443751425976387e+00 2.391858098785177411e+00
2.456578172097578339e+00 2.505276661429076679e+00
2.569636767961029467e+00 2.622106470308951831e+00
2.734708851237209082e+00 2.657744205152935191e+00
2.850172481095877508e+00 2.756355015448279655e+00
2.969709315032321495e+00 2.845567628296563623e+00
3.085469244995363347e+00 2.969596195072904177e+00
3.203650257676984303e+00 3.088559511463474738e+00
3.314492681511363337e+00 3.195509421874525025e+00
3.435442880743129646e+00 3.328738622433739636e+00
3.553426957759506344e+00 3.427520982784832526e+00
3.671819563334941083e+00 3.558350032079223624e+00
3.790250914962803641e+00 3.699435811733937651e+00
3.914575929943663990e+00 3.810792339598543244e+00
4.029059688609330614e+00 3.950134161866275750e+00
4.153221779963291560e+00 4.058713475845159735e+00
4.274536356471501541e+00 4.140818946803169531e+00
4.280908036823846352e+00 4.382737385475292236e+00
4.508947344573476457e+00 4.415616780809551223e+00
4.626351767467057563e+00 4.502548045033524460e+00
4.752689300881503875e+00 4.644107684174715089e+00
4.864369885034332874e+00 4.771319924554386027e+00
4.982596683609359367e+00 4.901489222777777321e+00
4.991719926403549223e+00 5.093386598838739232e+00
5.226841976918362498e+00 5.140302341260994723e+00
5.347736508725339455e+00 5.270430638835569503e+00
5.364009436122323393e+00 5.446625277161017742e+00
5.594283716750985569e+00 5.493217593324942527e+00
5.703307338505369195e+00 5.645685657634722077e+00
5.834013217124777384e+00 5.731821578252069393e+00
5.956371292674134565e+00 5.849850611735032402e+00
6.075706330256466003e+00 5.968983721263973585e+00
6.207108830701267621e+00 6.126894335899178756e+00
6.326892944334094437e+00 6.245981489491892802e+00
6.460192107096751180e+00 6.347625649265131287e+00
6.575753101030438863e+00 6.494267455993253613e+00
6.620875217029616344e+00 6.657728923270582300e+00
6.810648566847991248e+00 6.761730196596284159e+00
6.938368795363476060e+00 6.839083144290107441e+00
7.061202549945510221e+00 6.988371542590654961e+00
7.188700628416610172e+00 7.143257409224768928e+00
7.324167651136500368e+00 7.236602970615392927e+00
7.444463247919381743e+00 7.404205261586103148e+00
7.572971033047412703e+00 7.489648140818306210e+00
7.697800491027286363e+00 7.588580642960907952e+00
7.822859469989984049e+00 7.747132991774318356e+00
7.955504903141301654e+00 7.888734044307517124e+00
8.077804629077846243e+00 8.001603983359608208e+00
8.206454830477456497e+00 8.093330549994186995e+00
8.324303763793626132e+00 8.268283033537052518e+00
8.446833240987539071e+00 8.374424883842150891e+00
8.568172558102737923e+00 8.500419431013963134e+00
8.702356928702961625e+00 8.613660227666695590e+00
8.826623558664229208e+00 8.738444748381473559e+00
8.953188977669098492e+00 8.892322389856810005e+00
9.085129005789253753e+00 9.008298559253708149e+00
9.212347672556200351e+00 9.117151071181220701e+00
9.330468083372416288e+00 9.220953634243914010e+00
9.459637003826365742e+00 9.330986652869091458e+00
9.593636611662445191e+00 9.486215492813299122e+00
9.706367251824845610e+00 9.604535981393848232e+00
9.846080080815429625e+00 9.693103523792375498e+00
9.972132677549506496e+00 9.849989322860960073e+00
1.010492468986300807e+01 9.989755754485074135e+00
1.022075939023509328e+01 1.010401065136373688e+01
1.034275141476013893e+01 1.028411818078152784e+01
1.047374385386711104e+01 1.040251635804062680e+01
1.060463377409435992e+01 1.048302826425033096e+01
1.073028668002575614e+01 1.061759988938298882e+01
1.085604483921942709e+01 1.075337754431685866e+01
1.097814879453668624e+01 1.084910137401862507e+01
1.110490562858284136e+01 1.098323654847208708e+01
1.123784139235182700e+01 1.114593128836723857e+01
1.135431630953110727e+01 1.123763295152491182e+01
1.149618018238902906e+01 1.126650733521151082e+01
1.162824167087236837e+01 1.148584477265922921e+01
1.174448142946366325e+01 1.165576315462430124e+01
1.186544385654271672e+01 1.172535658397430147e+01
1.200446178960992683e+01 1.189148684360203490e+01
1.213620670979894811e+01 1.194265673928355120e+01
1.226366437254243991e+01 1.216638442373495366e+01
1.239997820659449879e+01 1.222962749413500383e+01
1.252566320427749247e+01 1.239014631757583729e+01
1.265552437967826016e+01 1.257330405668789020e+01
1.277147958220912827e+01 1.262843347264066551e+01
1.291487264959510739e+01 1.276783980218170100e+01
1.303556862849542597e+01 1.295584127712078093e+01
