0.000000000000000000e+00 0.000000000000000000e+00
0.000000000000000000e+00 0.000000000000000000e+00
0.000000000000000000e+00 0.000000000000000000e+00
0.000000000000000000e+00 0.000000000000000000e+00
0.000000000000000000e+00 0.000000000000000000e+00
0.000000000000000000e+00 0.000000000000000000e+00
0.000000000000000000e+00 0.000000000000000000e+00
0.000000000000000000e+00 0.000000000000000000e+00
0.000000000000000000e+00 0.000000000000000000e+00
4.753555621815662158e-01 2.971093668249221165e-01
5.473852552531954796e-01 3.242648840950278277e+00
3.701818860228127672e+00 4.551376976426849907e+00
4.585923938466807570e+00 4.771806621948061711e+00
4.899961027537611535e+00 4.948238455770385791e+00
4.936542020951675269e+00 4.962320331570182930e+00
5.069860982869085930e+00 5.086437290730401628e+00
5.202880777781839328e+00 5.346027321950820976e+00
5.378345128548882137e+00 5.565424657141220699e+00
5.522843528659545420e+00 5.813303792917881019e+00
5.826275667114594548e+00 6.048501194927062841e+00
6.070367285063147378e+00 6.256004301491418396e+00
6.208987963143372646e+00 6.429315856081902147e+00
6.514837660607817327e+00 6.637172794605946891e+00
6.689304990140006346e+00 6.815084712157477576e+00
6.890509389178923527e+00 6.993977544577260730e+00
7.064892096846914882e+00 7.159107771220269534e+00
7.252951213050702783e+00 7.319601488164409808e+00
7.418995827604012661e+00 7.492623354081111131e+00
7.601441960400197040e+00 7.655048990427315125e+00
7.768062433697878966e+00 7.816199009027581468e+00
7.934416394321964994e+00 7.971335756028921082e+00
8.100116477483505051e+00 8.129653916252683743e+00
8.272759210632214533e+00 8.244968238611507516e+00
8.435223737711377012e+00 8.396779589082671080e+00
8.596357247570242777e+00 8.530287463638126511e+00
8.699271211287703309e+00 8.783100385182155634e+00
8.879873508467646559e+00 8.957804305977880688e+00
9.037586712311989956e+00 9.133428835734120455e+00
9.219437678708809258e+00 9.299684915800867202e+00
9.403929833888508227e+00 9.468467068138593845e+00
9.632566216424821803e+00 9.535669233636912878e+00
9.711303358736110170e+00 9.814308485635940826e+00
9.979329157642725434e+00 9.890262195286945612e+00
1.007803383786020213e+01 1.015830055964465473e+01
1.032690091795351961e+01 1.020187879311731827e+01
1.050299590210572731e+01 1.038900194120893339e+01
1.067625489867405086e+01 1.056754018143749185e+01
1.086062415517585222e+01 1.075922498644978909e+01
1.103653761156869706e+01 1.094488934530759749e+01
1.121667183251187794e+01 1.113335161376329907e+01
1.140693941096541408e+01 1.129181622825865894e+01
1.157456317670396118e+01 1.145300478085061613e+01
1.176175587945062340e+01 1.167245860363695620e+01
1.180942672430637508e+01 1.193434093656615858e+01
1.211961233056988974e+01 1.205300543126975654e+01
1.221499375975288260e+01 1.228276900462445376e+01
1.248102605898226791e+01 1.237761419197457258e+01
1.267491605091686679e+01 1.259781972759111390e+01
1.285709986851760966e+01 1.277125725080461471e+01
1.304427584231782866e+01 1.293399060263068812e+01
1.324313287228972236e+01 1.311498910476941404e+01
1.325789506997510081e+01 1.339389530873010514e+01
1.359662229106158549e+01 1.343441970494636273e+01
1.379664551410099271e+01 1.365728255393114665e+01
1.398781952149779784e+01 1.385049537479045334e+01
1.418157382114824827e+01 1.400477670497289928e+01
1.437910795913666639e+01 1.422074499816878657e+01
1.456361022282514028e+01 1.444280626064923467e+01
1.476795077145814439e+01 1.458106720024360925e+01
1.495321582889406287e+01 1.478753910542872774e+01
1.514060903387788315e+01 1.501663847954589848e+01
1.534647130873604581e+01 1.521314068932533914e+01
1.553085211388085263e+01 1.534298238017488103e+01
1.572890340715110113e+01 1.557851387077076843e+01
1.591601534865624856e+01 1.572375385909453449e+01
1.610641081840811495e+01 1.593943140672253556e+01
1.631088120743617154e+01 1.614676839066462932e+01
1.650083217361789067e+01 1.632842262494951413e+01
1.669739979594594459e+01 1.654837581036541749e+01
1.688506307925798566e+01 1.672914065044756171e+01
1.708754392638054398e+01 1.686709913535580441e+01
1.728415473169771843e+01 1.712903993556052384e+01
1.749450808290906068e+01 1.736419460020857741e+01
1.767893512300978287e+01 1.743368990358707293e+01
1.788623583826095853e+01 1.771317764410192197e+01
1.807604267477351456e+01 1.784842407723800761e+01
1.827979198549351381e+01 1.803729340083129173e+01
1.847677817869338313e+01 1.827496759871183585e+01
1.866533483824724726e+01 1.847907923241482209e+01
1.886356545856347466e+01 1.867741219213332116e+01
1.907549985704699935e+01 1.883563884763289664e+01
1.926025550879517212e+01 1.900538557843615806e+01
1.946492386362188753e+01 1.924024763536840155e+01
1.966134036421192377e+01 1.942345081345478519e+01
1.986771112443528509e+01 1.961188164159863945e+01
2.007415905808341350e+01 1.975639745207483244e+01
2.028261097855732586e+01 1.999119868464019234e+01
2.048481970285555676e+01 2.016109964637408325e+01
2.066517711556792491e+01 2.035736478446089848e+01
2.087524433777430488e+01 2.053531000274076845e+01
2.108699006336516035e+01 2.081508996591376359e+01
