0.000000000000000000e+00 0.000000000000000000e+00
0.000000000000000000e+00 0.000000000000000000e+00
0.000000000000000000e+00 0.000000000000000000e+00
0.000000000000000000e+00 0.000000000000000000e+00
0.000000000000000000e+00 0.000000000000000000e+00
5.381394255634280865e-02 0.000000000000000000e+00
1.800272266146838926e-02 0.000000000000000000e+00
2.330987682036103625e-01 3.109011466398053924e-02
7.275723707418318753e+00 1.201460756753808745e+01
1.116927033628113897e+01 1.094468896753710929e+01
1.349611478386465535e+01 1.383533586780705349e+01
1.398087859394646237e+01 1.399432725047384984e+01
1.403059044878243888e+01 1.403104227208413946e+01
1.408150369971783178e+01 1.408819433295787071e+01
1.411996884490713633e+01 1.418166962768167316e+01
1.423353086428639713e+01 1.431508862893248235e+01
1.441475656886280454e+01 1.453283951720011480e+01
1.465481415619136918e+01 1.506966697344094364e+01
1.492722530292252792e+01 1.548070756565970107e+01
1.523955251863548810e+01 1.588154844333397619e+01
1.574464451983509328e+01 1.619972540920204906e+01
1.600872998420899407e+01 1.651742719096237977e+01
1.626587729475746968e+01 1.677886320842030088e+01
1.660402349771277386e+01 1.705465423862846919e+01
1.687588091470968621e+01 1.733907374448582317e+01
1.717732178965533762e+01 1.757937799826494896e+01
1.749146141688776979e+01 1.782658428991916821e+01
1.773076403742878782e+01 1.806683167047303584e+01
1.799513533326285142e+01 1.829862836903499712e+01
1.827114247460461272e+01 1.852403770064387700e+01
1.854408344913173323e+01 1.876108201736471415e+01
1.876607101813490885e+01 1.898597087197899924e+01
1.898937923544929518e+01 1.920746503098722258e+01
1.923760236608212892e+01 1.943803562133790663e+01
1.946547886321715737e+01 1.966455015741019707e+01
1.969766870199125819e+01 1.988051321780677583e+01
1.989521443657404376e+01 2.009840128039587981e+01
2.014181315718750653e+01 2.032882644748919176e+01
2.037116589195859007e+01 2.055212628558874144e+01
2.055431300524986682e+01 2.076895634445532934e+01
2.074608598102213364e+01 2.099026842998157250e+01
2.096861166996028203e+01 2.118398444513613654e+01
2.136384677844835878e+01 2.103100481691591028e+01
2.156594301886796572e+01 2.108647343059690371e+01
2.132496491517319726e+01 2.179620918385431949e+01
2.197296963168978934e+01 2.153674154888235392e+01
2.159570035634365937e+01 2.221031474147909535e+01
2.203548308176829451e+01 2.241244166126008253e+01
2.222318565996510031e+01 2.261720808099000024e+01
2.281045165794595775e+01 2.227673010580625501e+01
2.254765995458051719e+01 2.304176585494711560e+01
2.324349323354018182e+01 2.272798507582317740e+01
2.296870057329736525e+01 2.347143634561961534e+01
2.366366153473478917e+01 2.310876211923165613e+01
2.387478952326956971e+01 2.323066877909957029e+01
2.409457917467926791e+01 2.346514691733198887e+01
2.431492419513694614e+01 2.370541620756760182e+01
2.400139546777614896e+01 2.454268120804752584e+01
2.418012408646909250e+01 2.473681435435110387e+01
2.496979641064439903e+01 2.438710445687138062e+01
2.519248158059141218e+01 2.461961513283147340e+01
2.476876005769039324e+01 2.540880864099919023e+01
2.565222746112322483e+01 2.499518152129110504e+01
2.584548136713324951e+01 2.523605573868085727e+01
2.548656456679405480e+01 2.608639617177469816e+01
2.633190412562919391e+01 2.569499928182203874e+01
2.597217422284048283e+01 2.653185346413114942e+01
2.619191524283252193e+01 2.676710173925279435e+01
2.634728561948592329e+01 2.697354381663438616e+01
2.723575555255913372e+01 2.656178692921966444e+01
2.747510361327426764e+01 2.679894331867951252e+01
2.768777519611477445e+01 2.694655527198952072e+01
2.792066428755760299e+01 2.726406188078024329e+01
2.817615910089964260e+01 2.744041868922460736e+01
2.767841777875135278e+01 2.839394284285849679e+01
2.865784083731334064e+01 2.796010900273300237e+01
2.889603326640909486e+01 2.818189014924816149e+01
2.914495615156177166e+01 2.844345119849869619e+01
2.867735985226946127e+01 2.934211676035142347e+01
2.963232213124372549e+01 2.893851974307000674e+01
2.985345082750901469e+01 2.912960997787336836e+01
2.932980205870860146e+01 3.004164799501765160e+01
3.032878287008489337e+01 2.959740229261648992e+01
3.058544935407545395e+01 2.988232022911352459e+01
3.080578145561943160e+01 3.008674599881544864e+01
3.106443750176330454e+01 3.037938333746778596e+01
3.131158798109417418e+01 3.057433391408005718e+01
3.154515825391404604e+01 3.085436157552424064e+01
3.180895466934487814e+01 3.107588916516963806e+01
3.203047354961965709e+01 3.122926647965755720e+01
3.226890816238053361e+01 3.147530826645562740e+01
3.250790950386607392e+01 3.159528351480830466e+01
3.276633987728838804e+01 3.197389134895951202e+01
3.299925655969178706e+01 3.218701959623698627e+01
3.323694263500094337e+01 3.250745820109606399e+01
3.272181438749252180e+01 3.341009565592181474e+01
3.299489726943678392e+01 3.361477010780203045e+01
3.392098248023658158e+01 3.320465534290497089e+01
3.414790278024933201e+01 3.341214443896159025e+01
3.434675234051329085e+01 3.365459123641151962e+01
3.464039021311842959e+01 3.399047803954114499e+01
