0.000000000000000000e+00 0.000000000000000000e+00
1.428474788667236550e-04 0.000000000000000000e+00
1.305114607011551280e-03 0.000000000000000000e+00
1.519799609935468081e-02 0.000000000000000000e+00
4.089426366187137729e-02 -5.138115116810025584e-05
7.933514038524346057e-02 0.000000000000000000e+00
9.049052104094947035e-02 6.115561090780997633e-01
5.918526786780476945e-01 7.534704370329153855e-01
8.434491302377404853e-01 8.721588129247840326e-01
9.778113261846166360e-01 9.600469770074160358e-01
1.085890849935793323e+00 1.058383132290158901e+00
1.194937226867842428e+00 1.173516564431523079e+00
1.300266694587880245e+00 1.280916264731313481e+00
1.403783966684981399e+00 1.395238339206396505e+00
1.519151508434314346e+00 1.493726759816060623e+00
1.625511740887116030e+00 1.603215049054548036e+00
1.729048637243065567e+00 1.709851574991085421e+00
1.835739794494829047e+00 1.820588123202965480e+00
1.945104175378320921e+00 1.926356840902581746e+00
2.055307514011341485e+00 2.028063491075886127e+00
2.165561522176102649e+00 2.140004503599042263e+00
2.272173526802983012e+00 2.245176908737254173e+00
2.381349594685491677e+00 2.327012428961561241e+00
2.492498545071371030e+00 2.452068553232455539e+00
2.597465968587380658e+00 2.575119218102305929e+00
2.707067209352546300e+00 2.688216050613689401e+00
2.817444983227382682e+00 2.775608032894102184e+00
2.919177540225555312e+00 2.896919155044709537e+00
3.024815219147900081e+00 2.966092549875471107e+00
3.129447912799639298e+00 3.089415455252523035e+00
3.235513374963351119e+00 3.157782066342307736e+00
3.348235356876479329e+00 3.306804371100352302e+00
3.455759521406724488e+00 3.404847915423952376e+00
3.567514303287231403e+00 3.526068718945290392e+00
3.678634536752881878e+00 3.627990777508421694e+00
3.786180524793978819e+00 3.736713961768075798e+00
3.895615131908344964e+00 3.814218116752022159e+00
4.010095332022223680e+00 3.954369925631382898e+00
4.116292039240708078e+00 4.039631212493902446e+00
4.222406914348734830e+00 4.139377925653652923e+00
4.328226920603902350e+00 4.239426522460844282e+00
4.433096573353583203e+00 4.346174542411003650e+00
4.548117783948562476e+00 4.490755353392363425e+00
4.655486783871235268e+00 4.568505795153263271e+00
4.765889548502074469e+00 4.679011621350190886e+00
4.874199127711848156e+00 4.795347572959197890e+00
4.978361561659825796e+00 4.895846955730378092e+00
5.090524174219654086e+00 5.003613399841608356e+00
5.191604579783685836e+00 5.128751445182606616e+00
5.301858672865864541e+00 5.207766940899142050e+00
5.413294321795188324e+00 5.342709072274178794e+00
5.524683876110947800e+00 5.438135134433978557e+00
5.639047704376610959e+00 5.527072574559252160e+00
5.745552919830981153e+00 5.673049165747684697e+00
5.846537913941274311e+00 5.775870631769020491e+00
5.961360616524403078e+00 5.880760848769878812e+00
6.063125624100091926e+00 5.952481777163541210e+00
6.171774913487006131e+00 6.100395779153688025e+00
6.280595576997556329e+00 6.191752409472909946e+00
6.388848256096262723e+00 6.264959789806565205e+00
6.500269096431740223e+00 6.408100762464933986e+00
6.604593167666923392e+00 6.507875209730429766e+00
6.721312549410322745e+00 6.609960969920878782e+00
6.816754331166977821e+00 6.740569039098241788e+00
6.926208745143033418e+00 6.823565925041128466e+00
7.031553480226079955e+00 6.946237457684102168e+00
7.135180356677018665e+00 7.030628336738466544e+00
7.238244735714325806e+00 7.139952037617494973e+00
7.348726979399826220e+00 7.272419914969061594e+00
7.453064100592292185e+00 7.334369903227962340e+00
7.556613540180635802e+00 7.462474517234685578e+00
7.671913542969327260e+00 7.573230987056904340e+00
7.782098473085228285e+00 7.719645930398531419e+00
7.888256134370692507e+00 7.793341125880933973e+00
7.989625261148035840e+00 7.900723306458235840e+00
8.100241631637700834e+00 7.959400548420666688e+00
8.224874565368187618e+00 8.124472799793606370e+00
8.328653859829710626e+00 8.197441481553482845e+00
8.437196933071275495e+00 8.330847618319097592e+00
8.546054774178545088e+00 8.441501225214640414e+00
8.654863781082511309e+00 8.537336995170178966e+00
8.766475111322206359e+00 8.662752472641038537e+00
8.877099292839504940e+00 8.792152315156629427e+00
8.982740985973437731e+00 8.863892625154511151e+00
9.093843216128398410e+00 9.013109426996141593e+00
9.200337959702300950e+00 9.064482515048087663e+00
9.314240053795169061e+00 9.194700001360192942e+00
9.419442798115616355e+00 9.306952775027793834e+00
9.526009053671565141e+00 9.372812709077145144e+00
9.635575871150280136e+00 9.513416481655132984e+00
9.747643691171404612e+00 9.608113707233425060e+00
9.851235649477430911e+00 9.734642967893252674e+00
9.960300240060083965e+00 9.820752465340726545e+00
1.006321719415341143e+01 9.912127611671607497e+00
1.017212561952529803e+01 1.001532391846422598e+01
1.027949115590318563e+01 1.014381819581462985e+01
1.038614228845374754e+01 1.023399682171430669e+01
1.048673795639969875e+01 1.034047464489602675e+01
1.059435821661746324e+01 1.048760769126408121e+01
1.070265007916261979e+01 1.054915847061833212e+01
1.081519383987522076e+01 1.070999788611541348e+01
