0.000000000000000000e+00 0.000000000000000000e+00
2.931603172944997806e-03 0.000000000000000000e+00
4.400941653696147093e-02 1.623767873463750552e-02
1.349462885133676793e-01 7.045130402110577617e-03
2.751172930753486012e-01 1.069868922770957076e-01
4.085249613182307948e-01 2.289581238491385506e-01
5.219228850046088164e-01 3.478867939162065270e-01
5.596993359658254397e-01 6.409621234030578041e-01
7.478910900099918768e-01 7.214883073658299173e-01
8.544122922506656170e-01 8.233953447012657412e-01
9.554285165691207560e-01 9.307119152847528332e-01
1.059171798182550805e+00 1.023444396327591210e+00
1.156525580214588844e+00 1.134604621550979076e+00
1.259597617896109023e+00 1.225559747146560463e+00
1.351537569954590623e+00 1.327597262705747516e+00
1.447443436397001237e+00 1.410897496528082939e+00
1.545071547662669076e+00 1.502943896667898516e+00
1.640047816354531118e+00 1.608245210190595964e+00
1.737993317193486931e+00 1.704783952285003901e+00
1.835156204016707537e+00 1.802514701560099519e+00
1.934015886302806519e+00 1.890468234584174567e+00
2.029698735255882180e+00 1.998783719557993832e+00
2.126747450194082845e+00 2.084474899896892275e+00
2.221337571266870814e+00 2.181350517003287415e+00
2.318229420610396385e+00 2.277464213347397237e+00
2.410088900219961250e+00 2.371200118065933893e+00
2.507482075491791473e+00 2.462874259970659452e+00
2.609210668981342796e+00 2.557894577742937159e+00
2.704377137758651184e+00 2.656031664797083636e+00
2.803176918012757479e+00 2.762935950737514634e+00
2.898854325966354839e+00 2.813996422907701245e+00
2.990390314214861789e+00 2.942420938545895925e+00
3.087654948384977782e+00 3.023989210765345437e+00
3.186424735608917924e+00 3.128048839923410096e+00
3.283774541445440676e+00 3.213056132420960331e+00
3.381993903612970698e+00 3.321335513951339635e+00
3.477158184696095944e+00 3.416508810897616932e+00
3.577176178982420129e+00 3.509246530067700487e+00
3.672909606664144455e+00 3.621405150993386890e+00
3.770148774473610853e+00 3.707295163290983186e+00
3.865923861665858663e+00 3.799697217198207522e+00
3.957445867316131238e+00 3.909917320183122325e+00
4.051812700535712963e+00 3.974371625415459963e+00
4.149030272639345540e+00 4.098500924316645921e+00
4.246028237166593833e+00 4.191486958071879876e+00
4.340944449487134982e+00 4.268342201943947423e+00
4.443551479061362386e+00 4.399240420073304847e+00
4.535628123542696066e+00 4.484623872301352954e+00
4.631516084567668834e+00 4.564749335222015425e+00
4.729815435967935855e+00 4.649380295504930594e+00
4.830354628020346652e+00 4.760091464110540294e+00
4.922853543843647373e+00 4.830153052241375811e+00
5.024872247446046103e+00 4.944441207939413552e+00
5.119702404589747680e+00 5.044268859011736161e+00
5.214254994612642413e+00 5.145314771302915702e+00
5.313067779355206355e+00 5.254819346283902348e+00
5.408147959148228878e+00 5.330774787679175120e+00
5.505517331411184934e+00 5.465608636809942134e+00
5.597557534313023275e+00 5.530032556661845788e+00
5.692931547339238563e+00 5.622407013340866122e+00
5.786838500181129774e+00 5.721897275784979975e+00
5.883167547125352392e+00 5.820720861203916741e+00
5.972466508248726491e+00 5.907508307151842608e+00
6.076284904441546786e+00 5.975281730575821015e+00
6.177413142417074177e+00 6.077859826171085444e+00
6.269008722649091148e+00 6.179565918026806770e+00
6.372054818532927101e+00 6.324266551862116614e+00
6.471334349491592697e+00 6.412511275677561073e+00
6.568186192208635532e+00 6.486317917907991948e+00
6.664041971022647282e+00 6.556948172091217053e+00
6.760755411084963917e+00 6.675047608546526234e+00
6.861265458040002763e+00 6.752201918329507002e+00
6.961562530873410815e+00 6.883646329330588287e+00
7.048916757759353224e+00 6.978701811545723999e+00
7.148984847046370383e+00 7.056619251921177671e+00
7.245911798383479763e+00 7.118981763164456744e+00
7.338897152903421706e+00 7.256056529707276326e+00
7.432939670938596421e+00 7.330116687915139373e+00
7.530806420462829998e+00 7.416861580593321790e+00
7.635557465461925375e+00 7.518974532865339455e+00
7.729768203164262275e+00 7.612040698973027375e+00
7.821175224847371155e+00 7.732767751196744754e+00
7.915093166329020491e+00 7.834072191747646130e+00
8.022035918512425923e+00 7.874481383967477655e+00
8.112368797629891048e+00 8.006734254867355460e+00
8.200281556120648574e+00 8.093171705357731227e+00
8.303201895181578251e+00 8.192487991156355065e+00
8.398982467870848012e+00 8.237355218629179632e+00
8.498793103422613626e+00 8.392699511892397268e+00
8.595960514391011387e+00 8.501680928218570799e+00
8.688241273467333770e+00 8.617383619377159576e+00
8.787784351358055801e+00 8.649435247996700937e+00
8.887584462318770306e+00 8.798257855628275337e+00
8.980236266210626539e+00 8.846081053385475457e+00
9.081715846096106048e+00 8.972327707452716794e+00
9.178975761555033586e+00 9.052806719429479898e+00
9.274898439348749690e+00 9.155268641575444732e+00
9.368739768956602987e+00 9.241370306345293884e+00
9.469246814379271626e+00 9.343480428250293457e+00
9.571906666070773895e+00 9.458869007672575435e+00
9.659175315528983674e+00 9.560258035248818231e+00
