0.000000000000000000e+00 0.000000000000000000e+00
0.000000000000000000e+00 0.000000000000000000e+00
0.000000000000000000e+00 0.000000000000000000e+00
0.000000000000000000e+00 0.000000000000000000e+00
0.000000000000000000e+00 0.000000000000000000e+00
4.278143920986184068e-02 0.000000000000000000e+00
7.132101334001676729e-02 2.802450307982399802e-01
1.413769397885606370e-02 1.256121958790778148e+00
1.331838646799403891e+00 1.474708160044620353e+00
1.505998488465202012e+00 1.585076921887980106e+00
1.657143913875018804e+00 1.696724209926331772e+00
1.811565045731456713e+00 1.780498684159069089e+00
1.893641165180396602e+00 1.926369990839705615e+00
2.038479653946396741e+00 2.014452619219814000e+00
2.158525786872159014e+00 2.139781065443103536e+00
2.272223171170940859e+00 2.325777337199226302e+00
2.430036241399022412e+00 2.400456494573480981e+00
2.563160661444150445e+00 2.657742044019166361e+00
2.703474653982939735e+00 2.812023121112525725e+00
2.851971364723538738e+00 2.946629294162073975e+00
2.998121057383257959e+00 3.084755539461687679e+00
3.148666889645958200e+00 3.206694951808171101e+00
3.328995990453931242e+00 3.289960472675289793e+00
3.406716376777276345e+00 3.463000605869469783e+00
3.582666502693931054e+00 3.518712200242517074e+00
3.648794543507900556e+00 3.720991432795774045e+00
3.847670186419202221e+00 3.810846328209047673e+00
3.982296399548317378e+00 3.911288554206850954e+00
4.107291083381560348e+00 4.061365074633723538e+00
4.182981025516046891e+00 4.235163520135302839e+00
4.375266227786970497e+00 4.324286732843525272e+00
4.506369793685657044e+00 4.432223301553698036e+00
4.566516875589555546e+00 4.629841523078558119e+00
4.775002679410118134e+00 4.709045521358584452e+00
4.910419674440424487e+00 4.845173430659326819e+00
5.043150356512674293e+00 4.962151438073939325e+00
5.181807807800794308e+00 5.107428604916596449e+00
5.317158253585528627e+00 5.242101523526487838e+00
5.450519867512086059e+00 5.361199793219273424e+00
5.593067194774649309e+00 5.510571651211725985e+00
5.729271381719150291e+00 5.655805360247655678e+00
5.863842394756432874e+00 5.778940810968475894e+00
6.002076965374596895e+00 5.927767571813547853e+00
6.135100208215814810e+00 6.068778558155302427e+00
6.283443436657750070e+00 6.158363804216141268e+00
6.421766129835795311e+00 6.329390811012489237e+00
6.564247053213154715e+00 6.456571832030276070e+00
6.709386541285016214e+00 6.597722735181147158e+00
6.841176797438504487e+00 6.698913762602257904e+00
6.977811914200150234e+00 6.884746425743032638e+00
7.128199568865479563e+00 6.947917752737041930e+00
7.270816836488549484e+00 7.153046184393959450e+00
7.408002910767863547e+00 7.305601558700367981e+00
7.549954878998319963e+00 7.435470863939526609e+00
7.686144624447755369e+00 7.588291220364592249e+00
7.834243887851976673e+00 7.702593626241111657e+00
7.969278877368494385e+00 7.816919818787513741e+00
8.112660415281952808e+00 7.979429314123683170e+00
8.244634276385269800e+00 8.111703488243993121e+00
8.387038829928970429e+00 8.284301580314727076e+00
8.527437422999021521e+00 8.391616263124298314e+00
8.659876290887973838e+00 8.526628829039273327e+00
8.804271880969000819e+00 8.669444025564144951e+00
8.938774170711093703e+00 8.799220035678535723e+00
9.074443441112851616e+00 8.942674254414892943e+00
9.221452943721288875e+00 9.034073576177242160e+00
9.360828771783886282e+00 9.181855717201509393e+00
9.496484883741800331e+00 9.338401358719307765e+00
9.492479631257252137e+00 9.572155853492731126e+00
9.754408429667039471e+00 9.638499735107647126e+00
9.887943772642771023e+00 9.708039505527244373e+00
1.002436936181868177e+01 9.927655966943731869e+00
1.016516577378503783e+01 1.001548893545645136e+01
1.031124510515229886e+01 1.017176222558990517e+01
1.044980581343643244e+01 1.029115303873302523e+01
1.058723334729282328e+01 1.046250711853402571e+01
1.071390580748632360e+01 1.056142330857969469e+01
1.085937009106568141e+01 1.073408294965694409e+01
1.099459158754229016e+01 1.084078690311193505e+01
1.114082797524466883e+01 1.100722633286692798e+01
1.128033395162981734e+01 1.113969139273281428e+01
1.141778671332434492e+01 1.128234722521221478e+01
1.156281491358833335e+01 1.142842892929245835e+01
1.169364477458975138e+01 1.156304803587063645e+01
1.184267510148572455e+01 1.171278319715449001e+01
1.198263486182989901e+01 1.186984727138142048e+01
1.212803965615990620e+01 1.199321481178884241e+01
1.227391752253092783e+01 1.214464078509024247e+01
1.242318877528079391e+01 1.220915443166137315e+01
1.255963958950419368e+01 1.243050210440467929e+01
1.269925531970625698e+01 1.254268228440705357e+01
1.283643227531158360e+01 1.267334755156313975e+01
1.298078074714843488e+01 1.283662758505376011e+01
1.312753994203151287e+01 1.294251331504300140e+01
1.326434360705849258e+01 1.311638292317837617e+01
1.340526069438470813e+01 1.325489073073696566e+01
1.353896378880416762e+01 1.336947141245046389e+01
1.369225335551368161e+01 1.352309023391185683e+01
1.383695311518819260e+01 1.363474872049182096e+01
1.398090711397054342e+01 1.379211537182062131e+01
1.411843402607316911e+01 1.395566555878171044e+01
