0.000000000000000000e+00 0.000000000000000000e+00
0.000000000000000000e+00 0.000000000000000000e+00
4.457892619130836009e-01 1.407636418109311727e+00
2.075346460953882755e+00 2.369253248146336421e+00
2.291778176932383282e+00 2.317799981903293283e+00
2.354197359525316280e+00 2.352910058840006258e+00
2.382061019266667579e+00 2.381978764708950980e+00
2.452240742967294107e+00 2.419825267335040220e+00
2.564294712817406729e+00 2.765266815807446044e+00
2.825034109335163190e+00 2.952767811369758633e+00
2.963803812027255180e+00 3.108204123815657915e+00
3.106107218486518828e+00 3.260087836655785498e+00
3.270304831461303241e+00 3.417113643136365120e+00
3.445728331474802175e+00 3.577350082873759440e+00
3.565848142001494914e+00 3.758098461126772261e+00
3.701808282589444055e+00 3.925399426122125668e+00
3.868753191754727094e+00 4.072325940684849321e+00
4.027130673912781234e+00 4.222224491434849014e+00
4.192710968072839606e+00 4.362224818805333193e+00
4.351404329157571915e+00 4.508988786702043505e+00
4.515705759961315735e+00 4.646608485839681002e+00
4.654169022847366222e+00 4.790414209266478984e+00
4.816940632817458656e+00 4.925018038362901862e+00
5.045489577548152305e+00 4.954479361198308673e+00
5.066111134869833776e+00 5.200130033513392647e+00
5.219941469650416721e+00 5.336359429285120193e+00
5.463453219801797545e+00 5.351837366265336904e+00
5.597436618994359847e+00 5.492541651301379169e+00
5.637085709381054244e+00 5.750391443331405839e+00
5.800311240354750097e+00 5.892484681304443583e+00
6.024389168004704587e+00 5.934339923259425831e+00
6.165864246122991332e+00 6.061775501253706899e+00
6.302488105735971402e+00 6.192108731046237935e+00
6.327390710672248453e+00 6.451759721001627312e+00
6.497695233093701894e+00 6.607291613586666834e+00
6.630006340542401233e+00 6.746936130404725063e+00
6.767786104727620433e+00 6.899919886950524273e+00
6.955284024801705378e+00 7.045034450580287100e+00
7.186860781714205615e+00 7.049495836865934173e+00
7.333519660836484100e+00 7.200664297591726992e+00
7.490598430169412403e+00 7.326789736133240361e+00
7.643942170893891941e+00 7.506443935809993917e+00
7.782153260587667098e+00 7.687134889266811655e+00
7.934743199893189214e+00 7.824657625749582124e+00
8.088147788342338274e+00 7.954601644869536692e+00
8.090868223247946744e+00 8.224147825724509531e+00
8.391020806548171507e+00 8.243958905448328878e+00
8.542232615639825610e+00 8.453489334434557634e+00
8.691320224402648620e+00 8.585019800998610506e+00
8.696848783469770083e+00 8.829874019215331771e+00
8.993494475383931430e+00 8.850035195132635479e+00
9.141801830718316424e+00 8.982798625401949622e+00
9.310576692965252477e+00 9.175505649911876560e+00
9.333123228871311738e+00 9.417399852890634193e+00
9.444369469302310804e+00 9.577274124871848926e+00
9.746290041169169527e+00 9.608288631066733032e+00
9.899944192115997410e+00 9.795268501374804870e+00
1.006538695921891602e+01 9.938850682007217330e+00
1.021445545583554981e+01 1.006082056276771830e+01
1.037429387963929450e+01 1.023770579174969875e+01
1.053510129326236822e+01 1.039769183128429830e+01
1.068660875622352968e+01 1.055408432166791144e+01
1.084695151323893292e+01 1.071263968718545811e+01
1.100333059343925868e+01 1.084569694592906508e+01
1.116211162221478581e+01 1.100969622080240384e+01
1.132494127301690412e+01 1.114512240581102276e+01
1.148108538318876981e+01 1.132809455763378459e+01
1.164586398993655081e+01 1.151363631421436295e+01
1.180239913594631673e+01 1.162699845180465630e+01
1.196735027678761298e+01 1.180382007272663181e+01
1.212984493321683743e+01 1.197750558696713874e+01
1.227844895768226152e+01 1.213606567952753856e+01
1.244737118557576316e+01 1.231040497196485184e+01
1.260424015070584858e+01 1.246862964751668201e+01
1.276344292145965120e+01 1.258489234375411847e+01
1.292843575538181611e+01 1.277311000728536960e+01
1.307966123207004827e+01 1.293841050674710225e+01
1.325161598081134962e+01 1.310068933160957272e+01
1.342045951385796521e+01 1.327768411161361151e+01
1.355637569605862680e+01 1.340801848670131768e+01
1.373655115827223483e+01 1.360333484006008220e+01
1.389460009465046042e+01 1.372074119327547059e+01
1.406473044053783639e+01 1.388017411700314696e+01
1.422559792865117601e+01 1.401972864997428658e+01
1.437017301900940502e+01 1.419279216402776811e+01
1.453211108732872248e+01 1.440035739778482871e+01
1.469572126073754958e+01 1.454382210845440859e+01
1.466890027255346318e+01 1.479246448972450345e+01
1.501087437273041481e+01 1.481674395677237577e+01
1.517070532116830250e+01 1.500113613288837477e+01
1.532470658908785488e+01 1.518660694535943634e+01
1.548509804104046772e+01 1.535964177212698623e+01
1.565533618447706132e+01 1.553604180700619608e+01
1.581567349130105882e+01 1.569333325899426157e+01
1.598874105853616179e+01 1.579225791260237699e+01
1.614993637141456162e+01 1.588991024098833016e+01
1.630325144270222637e+01 1.608564539693622564e+01
1.646780230617349616e+01 1.632206773203578365e+01
1.662270895006339089e+01 1.643237516182028912e+01
1.678612776636274617e+01 1.655174541378515585e+01
1.695479332434980435e+01 1.681451554148841510e+01
