0.000000000000000000e+00 0.000000000000000000e+00
0.000000000000000000e+00 0.000000000000000000e+00
0.000000000000000000e+00 0.000000000000000000e+00
0.000000000000000000e+00 0.000000000000000000e+00
0.000000000000000000e+00 0.000000000000000000e+00
0.000000000000000000e+00 0.000000000000000000e+00
0.000000000000000000e+00 0.000000000000000000e+00
0.000000000000000000e+00 0.000000000000000000e+00
0.000000000000000000e+00 0.000000000000000000e+00
0.000000000000000000e+00 0.000000000000000000e+00
0.000000000000000000e+00 0.000000000000000000e+00
0.000000000000000000e+00 0.000000000000000000e+00
0.000000000000000000e+00 0.000000000000000000e+00
0.000000000000000000e+00 0.000000000000000000e+00
0.000000000000000000e+00 0.000000000000000000e+00
0.000000000000000000e+00 0.000000000000000000e+00
0.000000000000000000e+00 0.000000000000000000e+00
0.000000000000000000e+00 0.000000000000000000e+00
0.000000000000000000e+00 0.000000000000000000e+00
0.000000000000000000e+00 0.000000000000000000e+00
0.000000000000000000e+00 0.000000000000000000e+00
0.000000000000000000e+00 0.000000000000000000e+00
0.000000000000000000e+00 0.000000000000000000e+00
0.000000000000000000e+00 0.000000000000000000e+00
0.000000000000000000e+00 0.000000000000000000e+00
0.000000000000000000e+00 0.000000000000000000e+00
0.000000000000000000e+00 0.000000000000000000e+00
0.000000000000000000e+00 0.000000000000000000e+00
0.000000000000000000e+00 0.000000000000000000e+00
0.000000000000000000e+00 0.000000000000000000e+00
0.000000000000000000e+00 0.000000000000000000e+00
0.000000000000000000e+00 0.000000000000000000e+00
4.166548529941661583e-01 5.931659003845806133e+00
1.676708326891769074e+00 7.737648952492070187e+00
7.838619101302780834e+00 9.203887105509252820e+00
9.504306541854985468e+00 1.030625787500743584e+01
1.048275376745077558e+01 1.145163910107319438e+01
1.183950383024586372e+01 1.212885210352911436e+01
1.181152094883339387e+01 1.266428224295307281e+01
1.259748757388052987e+01 1.303863371228498558e+01
1.297940367867796674e+01 1.340965619019120325e+01
1.324370152631475506e+01 1.369430629107526620e+01
1.362585181307022708e+01 1.399290436540129257e+01
1.398365326810520770e+01 1.421956156725346432e+01
1.420494265177307547e+01 1.448956942137305326e+01
1.455237304575762280e+01 1.472256157555808009e+01
1.477772016089498663e+01 1.495593577213257319e+01
1.503459288697536778e+01 1.517394002242033046e+01
1.521263503782884818e+01 1.539737832867571932e+01
1.544434888701906949e+01 1.561634367046923444e+01
1.580992364525527272e+01 1.566328338883383964e+01
1.587497721584947996e+01 1.604733848010943831e+01
1.609475310005819182e+01 1.627325800901991215e+01
1.634522001117190015e+01 1.648787235082347635e+01
1.671613708774468421e+01 1.656955905807415164e+01
1.693564414240260518e+01 1.678003307447660220e+01
1.702556570898629928e+01 1.718349871158022779e+01
1.724630087035257375e+01 1.741206290358772080e+01
1.763403514147161388e+01 1.749192458096763048e+01
1.786407029038907979e+01 1.772708314576026467e+01
1.809231336368841170e+01 1.793554901900867904e+01
1.820659246533091391e+01 1.832628627376593755e+01
1.845318585305765424e+01 1.853895410283084999e+01
1.878878697040368806e+01 1.868208498073123991e+01
1.902837880536658943e+01 1.891899092040620900e+01
1.927213033313615398e+01 1.918501346992049150e+01
1.951860190842709741e+01 1.942482423629170896e+01
1.978303374272726245e+01 1.963789996689817130e+01
2.004323405200252495e+01 1.988662834976233285e+01
2.028871182562937392e+01 2.017136349250280247e+01
2.054379375024597465e+01 2.040406167207637012e+01
2.079575520896511875e+01 2.064603997345368569e+01
2.104714695045862172e+01 2.093417340015186667e+01
2.131174949190869583e+01 2.119277795809458453e+01
2.156302468857284893e+01 2.141890429779490646e+01
2.182644239861429725e+01 2.162632235844904471e+01
2.208646376358555941e+01 2.189482091074772185e+01
2.234422907544729853e+01 2.220892772636679879e+01
2.260249142858727112e+01 2.243182035322695711e+01
2.285589987315720961e+01 2.272856524332976846e+01
2.313351422963172155e+01 2.296476915324002732e+01
2.339211269271335070e+01 2.320536485850779940e+01
2.364960878044222881e+01 2.351647430301965969e+01
2.391828545592604272e+01 2.369380594231741810e+01
2.419448128561138489e+01 2.403607151823614885e+01
2.421162903712734504e+01 2.436396452104558463e+01
2.468304479623905223e+01 2.449679047445935964e+01
2.496657493700181618e+01 2.478370415585093767e+01
2.523441051613043484e+01 2.494468255283284819e+01
2.551222095476177287e+01 2.528583053250370583e+01
2.577683169577712619e+01 2.548985105621390090e+01
2.604395497885853317e+01 2.579842814242214288e+01
2.632076323405135199e+01 2.607350931637595437e+01
2.660320250408899767e+01 2.640896002383479413e+01
2.689069496864787112e+01 2.664880044869880749e+01
2.717435656064003524e+01 2.685015435239297688e+01
2.745562898536216778e+01 2.715782445222914632e+01
2.773171274030507405e+01 2.741197971871897821e+01
2.801453281938020012e+01 2.768810183224353594e+01
2.830055663135055255e+01 2.795759736366004944e+01
2.858358389361216823e+01 2.827314247955860438e+01
