0.000000000000000000e+00 0.000000000000000000e+00
0.000000000000000000e+00 0.000000000000000000e+00
0.000000000000000000e+00 0.000000000000000000e+00
4.966431102126521446e-02 -2.441680333823220694e-02
1.977348180781437925e+00 2.304800313271375245e+00
2.583891864398784488e+00 2.661738209146407463e+00
2.715979315057106991e+00 2.718354226356460401e+00
2.797531293203388003e+00 2.828671793139494017e+00
2.865676726561517285e+00 2.860569580336127071e+00
2.962141294117475621e+00 2.960551251999146150e+00
3.162522742634976236e+00 3.210058919734569471e+00
3.312157286142963564e+00 3.457823993944679319e+00
3.391753993775235010e+00 3.664843789901772730e+00
3.633496030187628456e+00 3.883852343460102219e+00
3.775807154548147082e+00 4.077749452625041293e+00
4.043894349933323973e+00 4.278844705910201718e+00
4.189436821156097501e+00 4.447278643920117069e+00
4.426483926317350992e+00 4.607562182165020559e+00
4.561914539202486907e+00 4.760894223411169079e+00
4.727095294736554543e+00 4.903476628551031169e+00
4.903705305999687347e+00 5.057848123252139061e+00
5.072775077762452511e+00 5.204564256824951940e+00
5.243188772615656745e+00 5.355861836298920764e+00
5.403679344878900004e+00 5.505439074797601862e+00
5.563626795782063539e+00 5.649337263814437016e+00
5.666265811564213273e+00 5.795366759781163779e+00
5.825149011473488514e+00 5.925389020232496584e+00
6.055137234673295232e+00 5.961509752405207863e+00
6.196898480444157364e+00 6.067993912405134083e+00
6.202531267940377013e+00 6.344583783219092332e+00
6.345647216260785761e+00 6.508903377763368248e+00
6.642160819282873163e+00 6.484839178838135432e+00
6.784763707885307582e+00 6.654042048166738610e+00
6.788159236659907059e+00 6.946275692235228227e+00
7.088629667336287632e+00 6.950270697195536584e+00
7.094445080645427559e+00 7.241671147393257790e+00
7.390525393769139306e+00 7.258875482687920488e+00
7.400385890960656354e+00 7.533621190090737052e+00
7.547669577709021915e+00 7.683551630789683173e+00
7.716752514204213043e+00 7.833570716733318839e+00
7.984006764501065945e+00 7.859239984384330135e+00
8.144257667270379031e+00 7.991795032703957524e+00
8.295582419907594485e+00 8.185267540499792105e+00
8.460134201169482893e+00 8.325622631655608785e+00
8.616254855358715048e+00 8.490284036295660641e+00
8.775037297430927197e+00 8.636323948128623584e+00
8.929921622186860475e+00 8.804772548498792872e+00
9.077744697933658458e+00 8.967719216676309557e+00
9.240595759131927878e+00 9.138136160092360072e+00
9.291878644031809742e+00 9.379671913008063910e+00
9.552026683001178853e+00 9.412658622733589553e+00
9.598241715215589664e+00 9.707392798779016729e+00
9.881983811378816540e+00 9.747335110948833758e+00
1.003492005001278287e+01 9.859329204909005995e+00
1.019989296127581646e+01 1.004618225277507548e+01
1.019284405798306814e+01 1.033104597428833138e+01
1.035583182512984735e+01 1.047796370061246662e+01
1.065785068275485514e+01 1.049547755177695230e+01
1.081270438214486873e+01 1.069736459852296306e+01
1.097676422901113824e+01 1.081623675479548830e+01
1.112989925878136965e+01 1.095867572369012422e+01
1.129392893761562888e+01 1.117873878398641097e+01
1.144520903610675688e+01 1.130555602087896716e+01
1.161336495542691871e+01 1.147271452134267022e+01
1.177624399086958284e+01 1.165119282110293675e+01
1.194056110092619249e+01 1.175035180177432892e+01
1.210207443305317199e+01 1.197058320999449066e+01
1.226622784541084243e+01 1.220976444659233628e+01
1.242657642134583540e+01 1.226604080283945386e+01
1.259056712150886170e+01 1.247447188470450996e+01
1.275235034230164111e+01 1.265402378068590394e+01
1.291344112882372563e+01 1.276612962082147007e+01
1.298299760277587467e+01 1.304215884366534439e+01
1.323955197389966720e+01 1.309022772292443015e+01
1.341525748142485597e+01 1.330774344387006280e+01
1.357794186040816342e+01 1.345133573211991163e+01
1.374416022842444107e+01 1.363813274508791018e+01
1.392565159166303701e+01 1.386087139651399802e+01
1.408786314443179499e+01 1.397425533018046018e+01
1.426816665104920290e+01 1.411259318615126190e+01
1.443676580338380866e+01 1.430598989995213621e+01
1.450873506939350399e+01 1.453992285080868996e+01
1.477308762121904806e+01 1.462693988576342541e+01
1.493902528925968376e+01 1.475970238167577619e+01
1.511112910048639613e+01 1.491626922689601109e+01
1.527174364170699583e+01 1.515606535521838794e+01
1.545708001349435889e+01 1.525882160458402659e+01
1.541041008795435197e+01 1.553922631093448992e+01
1.557796064477233600e+01 1.569445466054229144e+01
1.592303268563020424e+01 1.574450903075099006e+01
1.608008600245275588e+01 1.596588039604185205e+01
1.624763547998561819e+01 1.609419538744173650e+01
1.641745556348244506e+01 1.619489093887626296e+01
1.659169484691006957e+01 1.643456630748976721e+01
1.676699939401780171e+01 1.656583851692101561e+01
1.693810365250321226e+01 1.676809279320985979e+01
1.709705690736769057e+01 1.694893646397838438e+01
1.728175716121147332e+01 1.706993019518463939e+01
1.747628888458273622e+01 1.725328313586571483e+01
1.763898034391551306e+01 1.747394981261876978e+01
1.781115609491799390e+01 1.761601572090340184e+01
