8.211634381175120234e-01 7.955611166551090907e-01
7.273150326595806403e-01 7.266689023730726893e-01
7.732953259440945581e-01 8.180182742231247861e-01
8.635108397931087199e-01 8.834047263782217607e-01
9.793523800782031330e-01 1.115018385101063103e+00
1.126123170974625110e+00 1.277682383825686774e+00
1.269755570710584314e+00 1.434325179889668789e+00
1.405092408864018649e+00 1.564001386939194660e+00
1.557407586036225311e+00 1.689086909497805822e+00
1.705214277479023544e+00 1.804421715322187980e+00
1.836351914837868859e+00 1.912005333740917079e+00
1.965586704923397265e+00 2.021091670472818347e+00
2.095430065317733348e+00 2.134854592395271311e+00
2.240785177871537304e+00 2.213024772863668943e+00
2.328959128487693153e+00 2.363725687757310734e+00
2.430613582600866796e+00 2.475014845002502906e+00
2.585573956362627435e+00 2.524485893992988395e+00
2.703781783679503725e+00 2.600192737265834886e+00
2.816866337099322770e+00 2.704844872047531990e+00
2.929186405223556111e+00 2.824772586546675068e+00
3.045343605831797529e+00 2.943933297945103167e+00
3.052766125828943800e+00 3.166340162150492077e+00
3.286840312341205106e+00 3.182865654339325445e+00
3.406764353861484906e+00 3.262056227368869354e+00
3.521131287963445988e+00 3.414767946004285015e+00
3.645102656107001682e+00 3.536505678479167525e+00
3.772009467605742294e+00 3.675461359692471230e+00
3.892183044877913556e+00 3.788134688965250074e+00
4.016503272136567659e+00 3.864621200899565512e+00
4.139145668937684874e+00 3.990163061753632334e+00
4.262416341157331701e+00 4.135882327551689386e+00
4.382081941859727436e+00 4.234437423691749913e+00
4.505990459952503357e+00 4.375041215204359624e+00
4.623498752328640826e+00 4.489052205130565909e+00
4.619061599386532713e+00 4.729622177810820283e+00
4.864359766434017018e+00 4.739881052969002084e+00
4.987484604627764107e+00 4.850815785715871797e+00
5.103870461031459804e+00 4.960830462114386386e+00
5.229741370113135446e+00 5.100335011603892355e+00
5.351643326581543292e+00 5.211082682459712956e+00
5.344949702793680757e+00 5.452947500969257177e+00
5.586523491479801429e+00 5.474391217277996269e+00
5.708235436176720690e+00 5.602166344966295064e+00
5.829979625265832688e+00 5.679685150666925253e+00
5.963219122307568121e+00 5.851400008907774009e+00
6.086965853186270259e+00 5.936818976544734561e+00
6.214731912759353882e+00 6.113090079304328128e+00
6.340707657006490194e+00 6.207970375108111227e+00
6.470694393254870391e+00 6.372529134629605352e+00
6.426063037428631830e+00 6.555363177294011301e+00
6.703717039958280388e+00 6.578831789322189927e+00
6.833690233477049958e+00 6.712065103227957685e+00
6.940568946394882310e+00 6.818507455422084362e+00
7.077505739387436989e+00 6.928731870997687281e+00
7.214325087560642835e+00 7.071029758744128202e+00
7.327380261172113052e+00 7.217366664875637383e+00
7.451778522593798471e+00 7.316342000654610267e+00
7.579526195616603346e+00 7.416354966689516104e+00
7.701624230326740594e+00 7.565011077116734484e+00
7.812480316605033615e+00 7.716019199814200036e+00
7.955598417387886201e+00 7.838454678522449370e+00
8.073203859131652393e+00 7.930281783646819349e+00
8.205292829657484077e+00 8.099118962143847966e+00
8.318752203632996611e+00 8.196073788961751205e+00
8.456979283432682237e+00 8.320594952095568431e+00
8.577001610765606188e+00 8.460908581748540769e+00
8.697334694536435151e+00 8.566311980311422047e+00
8.832569885108666696e+00 8.702699090545438665e+00
8.953291235808928050e+00 8.850128406334206943e+00
9.080336911823357227e+00 8.954881011010117575e+00
9.211724028443610379e+00 9.026446582162913401e+00
9.325604190970079088e+00 9.192288539537422309e+00
9.450388094822081086e+00 9.343762291765703054e+00
9.567276485578796397e+00 9.437673027489312361e+00
9.690971726079403936e+00 9.546645397558698676e+00
9.819616209819038488e+00 9.659239060808534560e+00
9.947501743598744284e+00 9.757268465240681365e+00
1.006236007830904633e+01 9.928219583625532252e+00
1.019694598820038856e+01 1.004160173300061842e+01
1.030267263146063605e+01 1.017886113555400129e+01
1.044960334979344552e+01 1.028663838459554825e+01
1.057644253947054835e+01 1.049288963654817231e+01
1.069646682885562683e+01 1.055481958834690204e+01
1.082296361225624004e+01 1.072779526834337460e+01
1.094864726318423820e+01 1.081280435853240185e+01
1.106864646201930746e+01 1.092595170595295073e+01
1.121004334612360687e+01 1.102710118708206544e+01
1.134800746019392825e+01 1.119570537614955619e+01
1.147251133599237427e+01 1.127681689837814183e+01
1.160514287040089698e+01 1.147077763706420939e+01
1.171364579888744473e+01 1.158779074205876825e+01
1.185275463477628932e+01 1.173544160130681746e+01
1.196618739429736245e+01 1.182257940647562400e+01
1.211898452852596009e+01 1.195118747566951534e+01
1.224099032971149548e+01 1.213319153997826305e+01
1.235686981022540110e+01 1.223805758832877544e+01
1.248402385020789218e+01 1.228884488108671569e+01
1.259898842344041192e+01 1.250351330072098754e+01
1.271401074258130315e+01 1.245815032327791805e+01
1.286419797865558401e+01 1.267021101778369463e+01
1.300396632502145167e+01 1.285475655733811706e+01
