0.000000000000000000e+00 0.000000000000000000e+00
0.000000000000000000e+00 0.000000000000000000e+00
0.000000000000000000e+00 0.000000000000000000e+00
0.000000000000000000e+00 0.000000000000000000e+00
0.000000000000000000e+00 0.000000000000000000e+00
0.000000000000000000e+00 0.000000000000000000e+00
0.000000000000000000e+00 0.000000000000000000e+00
0.000000000000000000e+00 0.000000000000000000e+00
0.000000000000000000e+00 0.000000000000000000e+00
0.000000000000000000e+00 0.000000000000000000e+00
0.000000000000000000e+00 0.000000000000000000e+00
0.000000000000000000e+00 0.000000000000000000e+00
0.000000000000000000e+00 0.000000000000000000e+00
0.000000000000000000e+00 0.000000000000000000e+00
0.000000000000000000e+00 0.000000000000000000e+00
0.000000000000000000e+00 0.000000000000000000e+00
0.000000000000000000e+00 0.000000000000000000e+00
0.000000000000000000e+00 0.000000000000000000e+00
0.000000000000000000e+00 0.000000000000000000e+00
0.000000000000000000e+00 0.000000000000000000e+00
0.000000000000000000e+00 0.000000000000000000e+00
0.000000000000000000e+00 0.000000000000000000e+00
0.000000000000000000e+00 0.000000000000000000e+00
0.000000000000000000e+00 0.000000000000000000e+00
1.940958039830246729e-01 2.939412152017305546e-01
5.356850033685962575e-01 1.597028842609589105e+00
2.998660460812569983e+00 4.920954789206789748e+00
5.108734091337834293e+00 5.522887074869633039e+00
6.883920352581156088e+00 8.663009616901851118e+00
9.144948332723389584e+00 9.464375744507806942e+00
9.923083632650925523e+00 1.010723223765424450e+01
1.014939091882655475e+01 1.036675181348730490e+01
1.049240329002833683e+01 1.080025491846562424e+01
1.076938426974416174e+01 1.109429533193125472e+01
1.097904230299169903e+01 1.132543577435226645e+01
1.126040932953734419e+01 1.153623147449759045e+01
1.153274944894496024e+01 1.177007930281366654e+01
1.180719560311231042e+01 1.200318436835776481e+01
1.205058605349114487e+01 1.222241552553576405e+01
1.228562566568456660e+01 1.243948066253752849e+01
1.247784862088816915e+01 1.264567904859082681e+01
1.271564129679627619e+01 1.284150428913921616e+01
1.290811957304716806e+01 1.302656943028970637e+01
1.319864868885020748e+01 1.313328991743484053e+01
1.329281652360464427e+01 1.346076399134803836e+01
1.354397936886020481e+01 1.368645596542916820e+01
1.377642002568546431e+01 1.388764335962295071e+01
1.396148108988667147e+01 1.408834112669601879e+01
1.428357067165664951e+01 1.417728691594397894e+01
1.447436403540868888e+01 1.435336896646226990e+01
1.453047517142779377e+01 1.468239615775496532e+01
1.478745085587402031e+01 1.490154914462028302e+01
1.509943458335284916e+01 1.497080002411201072e+01
1.519151227574039531e+01 1.533536315463349986e+01
1.541590635597707148e+01 1.555707837140431060e+01
1.566448636505027103e+01 1.577677479438004227e+01
1.588815766635838855e+01 1.599198107450168571e+01
1.621088102061121816e+01 1.612644546498984610e+01
1.645081404952076198e+01 1.626437591703096786e+01
1.667043287585223865e+01 1.652221061025095850e+01
1.691859810839269684e+01 1.669615700263921809e+01
1.714723535590274395e+01 1.694610863887854890e+01
1.737386429195673188e+01 1.722746012968339713e+01
1.759528390734329406e+01 1.745308612014596150e+01
1.782388490092530731e+01 1.765346603571688533e+01
1.784793219937423103e+01 1.802063192999777286e+01
1.828688221822061877e+01 1.809275918987213672e+01
1.851159933662816215e+01 1.833863945006472207e+01
1.852973590454312358e+01 1.872223644777062290e+01
1.898216817869693784e+01 1.880705166656554539e+01
1.922777908092746557e+01 1.905904487850180118e+01
1.947306467210212944e+01 1.930840802006897405e+01
1.971859031919231597e+01 1.952095598739784066e+01
1.997030821013762392e+01 1.976499118352343132e+01
2.019927111385302965e+01 1.998994900046238854e+01
2.044673083628340393e+01 2.021047437153563564e+01
2.069328821294806176e+01 2.050570517090399036e+01
2.092253807512076946e+01 2.070078022335317769e+01
2.116318973104186085e+01 2.094978815355890234e+01
2.138961300645864227e+01 2.123823706573527659e+01
2.164208594390744977e+01 2.147792975662816417e+01
2.189275674049364540e+01 2.166288292342467869e+01
2.213421038819737063e+01 2.189064817199563606e+01
2.238361676725196858e+01 2.217962301983268958e+01
2.263834468944012102e+01 2.246447935420469832e+01
2.287642177961728507e+01 2.262368608872187181e+01
2.313480172735202700e+01 2.290807579169130292e+01
2.337264002129111162e+01 2.313554595435384442e+01
2.364933029370624951e+01 2.340640956293512076e+01
2.389012196318151737e+01 2.365294610035701339e+01
2.415711244906437827e+01 2.393958814226669674e+01
2.440136253702094393e+01 2.418505185601368623e+01
2.465318546631395691e+01 2.437854685938131993e+01
2.489135744045879406e+01 2.458952991638360075e+01
2.516623382820164778e+01 2.490641184399186159e+01
2.541615734089586809e+01 2.515258375268558311e+01
2.568828207083845072e+01 2.541249565975419600e+01
2.593929966230659900e+01 2.557607853329893999e+01
2.618906046064773108e+01 2.587897110141310364e+01
2.642494780273154831e+01 2.609003478483118954e+01
2.669026193607528796e+01 2.646889347333829079e+01
