0.000000000000000000e+00 0.000000000000000000e+00
0.000000000000000000e+00 0.000000000000000000e+00
1.899240410770144244e-02 0.000000000000000000e+00
1.568813534188883210e-02 0.000000000000000000e+00
4.092625054750433783e-02 4.100694905467885780e-03
1.501168872140711708e+00 2.986473088794736608e+00
3.357475760224058803e+00 3.387497378405610160e+00
3.392025293138287267e+00 3.408343383934036019e+00
3.452812841342090433e+00 3.457902356850173664e+00
3.500369566572340663e+00 3.502288931477355316e+00
3.563005311792023733e+00 3.557862845622765224e+00
3.665754210979619288e+00 3.735876952304870713e+00
3.781041848355960244e+00 3.995391138912641971e+00
3.954367656452644653e+00 4.158743397683325682e+00
4.155514810271603743e+00 4.338673943424820934e+00
4.343191903471711690e+00 4.479764188085657572e+00
4.483017398367003636e+00 4.673255361022366827e+00
4.680265799043384689e+00 4.878913579635430153e+00
4.823438736009739713e+00 5.068252258340070426e+00
4.975927820327432194e+00 5.247432476680477187e+00
5.122931363852965880e+00 5.406034023098279739e+00
5.308218085805038733e+00 5.569603364630020259e+00
5.503569051174618032e+00 5.725127931921224267e+00
5.667700359495863260e+00 5.890652414065667308e+00
5.877718630678691270e+00 6.044951173332589356e+00
6.034093989076355413e+00 6.197913729771384439e+00
6.191393693236339146e+00 6.355819937536149489e+00
6.380953710018874681e+00 6.513622602132047135e+00
6.567011825561690941e+00 6.668566719565711232e+00
6.716545710243264189e+00 6.822717153883632868e+00
6.879539200519114495e+00 6.982668181982663924e+00
7.005241319033557623e+00 7.123613582446036041e+00
7.265339897250793655e+00 7.171322375773067748e+00
7.301290269149607326e+00 7.425766218834770171e+00
7.570640698991296880e+00 7.482706898700704379e+00
7.714731715518222011e+00 7.597451040222078511e+00
7.712996895714810286e+00 7.871010413392076188e+00
8.021635751696789995e+00 7.825332719031592887e+00
8.042051180180077807e+00 8.187371215188655071e+00
8.209370789766280652e+00 8.347718121041554085e+00
8.502747791971952296e+00 8.355389558419098250e+00
8.666101781011363414e+00 8.485898936500015921e+00
8.826715153831512950e+00 8.619211551793394932e+00
8.992746902560078581e+00 8.773943518993171153e+00
9.151508187979622733e+00 8.990176190609567186e+00
9.141422423016841492e+00 9.298521324500532259e+00
9.271581148341187628e+00 9.458511576560360012e+00
9.617801709312949754e+00 9.499372643387619775e+00
9.618983298926607972e+00 9.761940657564380786e+00
9.936632592739954362e+00 9.737871474540785499e+00
1.009671052423006543e+01 9.907075568537266008e+00
1.024817024243918517e+01 1.003710223929558509e+01
1.040649374107726288e+01 1.019857941632681886e+01
1.058441477804697506e+01 1.044130737919260632e+01
1.074095503918228012e+01 1.061684800995192468e+01
1.091221448135582861e+01 1.074779333873922482e+01
1.108282542009602345e+01 1.095784349443324679e+01
1.124437513368185648e+01 1.108836684605566703e+01
1.143000262809218270e+01 1.129900729096564760e+01
1.158836441748417023e+01 1.144540819704900692e+01
1.176436978607480910e+01 1.164674327603632875e+01
1.193949879881479248e+01 1.180989518813522920e+01
1.196737629387723523e+01 1.208876184099476880e+01
1.227204870272455395e+01 1.208364168966617669e+01
1.244496281314104635e+01 1.228047106794864796e+01
1.247872406830347636e+01 1.256907383240548626e+01
1.277051312844422704e+01 1.260462454280689748e+01
1.293744656697144002e+01 1.277710234902625785e+01
1.310820194794676397e+01 1.298884704316495053e+01
1.328246290689178011e+01 1.311943429744312972e+01
1.345150388177689038e+01 1.334636292061211016e+01
1.362760830703773784e+01 1.352457810862646603e+01
1.380569948431337757e+01 1.371679523493168062e+01
1.397836727644383181e+01 1.382528399908648531e+01
1.414581997899975541e+01 1.401752773671152497e+01
1.434151419666484628e+01 1.416139518497900518e+01
1.450655034925917874e+01 1.435324755521698137e+01
1.467753981844435529e+01 1.450392206019095909e+01
1.485531756320258268e+01 1.466876128434665638e+01
1.502871274270022361e+01 1.486331073309950845e+01
1.502877607061891219e+01 1.514046165451338410e+01
1.536563966191940089e+01 1.521510037039922736e+01
1.552177701875448790e+01 1.536071163050912425e+01
1.572240680692366510e+01 1.551187111003266139e+01
1.589657009171336988e+01 1.570172213620025836e+01
1.607178992234714343e+01 1.585283623367754480e+01
1.625589961397078298e+01 1.610536867016758222e+01
1.642778902871168611e+01 1.623291858765562168e+01
1.660324258920190843e+01 1.644778280813223148e+01
1.679727445668070729e+01 1.656932106327764842e+01
1.697510541476625434e+01 1.678295661655699789e+01
1.712749536197129174e+01 1.696232179348751856e+01
1.733624893686695501e+01 1.711522040149342772e+01
1.751304743983044432e+01 1.729201245103843476e+01
1.769100703457849377e+01 1.742662628373541622e+01
1.786306237034501976e+01 1.766617357311061554e+01
1.805419034388811994e+01 1.780620699095932480e+01
1.823270698068773044e+01 1.803309814251941035e+01
1.840533985850216681e+01 1.819172571999182253e+01
1.855742748312219703e+01 1.831824340005850971e+01
1.877047010868822241e+01 1.855072547308499509e+01
