0.000000000000000000e+00 0.000000000000000000e+00
8.969255579318530236e-01 9.567775996078521361e-01
9.609352702491735787e-01 1.005014655788832867e+00
1.066526517408037833e+00 1.081904144509944654e+00
1.154709780861728374e+00 1.236867174157513460e+00
1.241379115028145241e+00 1.390910694742570453e+00
1.390104908521519800e+00 1.524841923400706456e+00
1.556974085318386214e+00 1.678400711427020298e+00
1.719920230510034953e+00 1.815965043560886283e+00
1.846741004794060892e+00 1.939592187506254062e+00
1.962203209740994048e+00 2.060786806188017461e+00
2.094485555379961284e+00 2.174854133532277523e+00
2.273111324394320398e+00 2.221055390471534885e+00
2.318028503397668860e+00 2.431578921171161589e+00
2.443860080807858548e+00 2.555639055118854586e+00
2.590212990465777576e+00 2.678721560093087817e+00
2.719036486538639608e+00 2.806428065315168752e+00
2.845124999965583434e+00 2.922833239372422121e+00
2.964180226938741836e+00 3.043814140343568564e+00
3.108558842219335983e+00 3.162285823299986198e+00
3.283365137273423606e+00 3.211765231975811208e+00
3.325371925927140815e+00 3.403274229428278730e+00
3.451641754502024817e+00 3.521774463402208344e+00
3.648165983192901418e+00 3.557691387865764554e+00
3.760785401097469727e+00 3.680877331286614318e+00
3.821140930714038042e+00 3.882569968726701681e+00
4.001286236209048219e+00 3.944192936836219854e+00
4.122564801867980577e+00 4.039099591755218377e+00
4.250718986799681964e+00 4.160584036514652695e+00
4.376096701739387029e+00 4.302523642126559800e+00
4.512489248942237907e+00 4.401754382136261690e+00
4.622541441063315659e+00 4.523665175196933674e+00
4.751605667654820842e+00 4.662414453811924098e+00
4.888801171595568817e+00 4.786506908119362969e+00
4.998796155382402517e+00 4.898837647907387627e+00
5.132215692021854458e+00 5.047263259732103435e+00
5.250504411335425559e+00 5.144626989654816462e+00
5.375506042193864964e+00 5.279929754466386349e+00
5.499363012995371669e+00 5.419152681917486447e+00
5.496109584181497532e+00 5.601132209827078157e+00
5.746168143684833751e+00 5.659441630700928982e+00
5.870127784965888829e+00 5.786334878432579210e+00
5.998423127916360897e+00 5.920904175893288546e+00
6.134255588368419332e+00 6.013149023294551476e+00
6.250299435066343001e+00 6.123980261774272904e+00
6.396065060487262421e+00 6.270293348152242707e+00
6.523744283163449786e+00 6.409518211004718857e+00
6.652787308630461638e+00 6.498980720641847064e+00
6.775675481815897960e+00 6.627679576184855925e+00
6.918173774256614728e+00 6.742099597925423460e+00
7.032943526924772648e+00 6.896409966359476229e+00
7.159625692786165452e+00 7.025550215931027687e+00
7.292642662586088953e+00 7.179044901386465227e+00
7.424476952337621505e+00 7.269746678266688633e+00
7.551738959055165346e+00 7.397471680212210465e+00
7.680510685568911811e+00 7.567559706687953636e+00
7.820768024818478104e+00 7.692928497528344067e+00
7.936163801010975405e+00 7.871918539855308872e+00
8.071855734315255049e+00 7.909535312312648614e+00
8.207141962456288908e+00 8.068863873554622757e+00
8.333695792366210497e+00 8.215171674255820733e+00
8.305266038762514569e+00 8.417733702781806215e+00
8.585761856462072572e+00 8.420336151096174504e+00
8.707244543121566593e+00 8.616517502213412172e+00
8.844012670223449391e+00 8.729050858422960246e+00
8.972136966124040214e+00 8.846739228292172186e+00
9.113045778786403872e+00 8.984685361786478808e+00
9.247467888451565088e+00 9.117894187681521601e+00
9.358048105377182679e+00 9.256162236106831642e+00
9.507886027442847166e+00 9.355035894399769347e+00
9.637290044815499002e+00 9.498648354760598878e+00
9.624511210796391936e+00 9.705964198524021924e+00
9.893807308363738784e+00 9.750630239766644891e+00
1.001093440286804359e+01 9.888118489476218187e+00
1.013880746767665109e+01 1.000945644179256711e+01
1.027576786670889852e+01 1.015923836162913041e+01
1.040874547529858241e+01 1.022764860290211608e+01
1.053804629788303515e+01 1.038509741163396072e+01
1.044661908300821906e+01 1.060653609863854108e+01
1.079141157748485647e+01 1.064172680056305076e+01
1.092178474254365561e+01 1.072189084875272158e+01
1.104307035791921443e+01 1.092507505259259126e+01
1.118428733387034590e+01 1.102539358425782900e+01
1.129484007365092424e+01 1.120678086930886330e+01
1.143386070302475233e+01 1.129570196085130185e+01
1.158369623818507144e+01 1.142956385152845122e+01
1.170853841435504883e+01 1.159570222420782848e+01
1.185527362597607670e+01 1.171533407555548223e+01
1.198120488015740115e+01 1.181270150575153366e+01
1.210486004739411214e+01 1.191848848025865060e+01
1.224928629018909909e+01 1.209734388194937971e+01
1.238373625859239091e+01 1.225620117130886300e+01
1.251520270179293171e+01 1.236331793567843107e+01
1.264796073568076018e+01 1.251743983979301511e+01
1.278065559185106892e+01 1.262724343855796327e+01
1.291554073427286831e+01 1.275366118359871948e+01
1.304107702499819688e+01 1.289339385239854074e+01
1.315991433843976210e+01 1.297587758252074153e+01
1.332351474661899537e+01 1.307275252594069315e+01
1.345220277067750381e+01 1.315686283924688027e+01
1.358093482247037009e+01 1.341276752055570221e+01
