0.000000000000000000e+00 0.000000000000000000e+00
0.000000000000000000e+00 0.000000000000000000e+00
0.000000000000000000e+00 0.000000000000000000e+00
0.000000000000000000e+00 0.000000000000000000e+00
0.000000000000000000e+00 0.000000000000000000e+00
0.000000000000000000e+00 0.000000000000000000e+00
0.000000000000000000e+00 0.000000000000000000e+00
0.000000000000000000e+00 0.000000000000000000e+00
0.000000000000000000e+00 0.000000000000000000e+00
0.000000000000000000e+00 0.000000000000000000e+00
0.000000000000000000e+00 0.000000000000000000e+00
0.000000000000000000e+00 0.000000000000000000e+00
0.000000000000000000e+00 0.000000000000000000e+00
0.000000000000000000e+00 0.000000000000000000e+00
0.000000000000000000e+00 0.000000000000000000e+00
0.000000000000000000e+00 0.000000000000000000e+00
0.000000000000000000e+00 0.000000000000000000e+00
2.835485980143858872e-02 8.033196319469683433e-02
1.334139700337589607e-01 1.446307066235767991e+00
8.864342326498360070e-01 4.184131107739251232e-01
8.817144838064866486e-01 3.802367741146744251e+00
4.747020632241800264e+00 5.371525595534851760e+00
6.757138290038459338e+00 6.819894758778076493e+00
7.548757203234803370e+00 7.761036763154113061e+00
7.976307428567316116e+00 8.157769188608794408e+00
8.309899136988974533e+00 8.547973721986556583e+00
8.482400223112151139e+00 8.816566008117360909e+00
8.679334109583725976e+00 9.024863870263407861e+00
8.939192618462534767e+00 9.291130671913711225e+00
9.286932379694702533e+00 9.575508756492526530e+00
9.608632081931128610e+00 9.845283237454996339e+00
9.834414210798268385e+00 1.006735066059214923e+01
1.012803652847242653e+01 1.026915228533684221e+01
1.029475999216775506e+01 1.047653176753117243e+01
1.051911990499679384e+01 1.068796844654167089e+01
1.074149824169781731e+01 1.088113149914844691e+01
1.095952003789317253e+01 1.108065656262727572e+01
1.114159792293832751e+01 1.128883965792634569e+01
1.130264572898275155e+01 1.148752169330035144e+01
1.152116792538536316e+01 1.168046239299985345e+01
1.175173741788062820e+01 1.187932731329463287e+01
1.196150338104409272e+01 1.207626682624400871e+01
1.217824755332796727e+01 1.226592555549003905e+01
1.237219238409172917e+01 1.246211112057166837e+01
1.257073633206297814e+01 1.266707292814362162e+01
1.278272102563873602e+01 1.285834771395960452e+01
1.303616066184356903e+01 1.293955392500362933e+01
1.323155672651840753e+01 1.304789541504530170e+01
1.342093639106526659e+01 1.327378943067434491e+01
1.361861690044337792e+01 1.346910018894111438e+01
1.382009779988333520e+01 1.366498412366056314e+01
1.383495972779673622e+01 1.403118040875162009e+01
1.423441380505015452e+01 1.406576995788219264e+01
1.443711725466895679e+01 1.419756095629480974e+01
1.463585086228360588e+01 1.445085472927840264e+01
1.483922290048148263e+01 1.464684974191907152e+01
1.505763657467054628e+01 1.485890089816154713e+01
1.525975748494819761e+01 1.508232624919837761e+01
1.548673906956576474e+01 1.525128923270644599e+01
1.569052872073539895e+01 1.550778892877884907e+01
1.570794489401051663e+01 1.588398637323061280e+01
1.592881182931747119e+01 1.608902873975402770e+01
1.631554146642480063e+01 1.615006658976865594e+01
1.652922255119126049e+01 1.632851920784561273e+01
1.674978713645889172e+01 1.660034070168870102e+01
1.697531000074243224e+01 1.679023349160460654e+01
1.719876441621221730e+01 1.698232314861386172e+01
1.742123172481638349e+01 1.723506289523354695e+01
1.765291948196480121e+01 1.743860305288115953e+01
1.786946170197880690e+01 1.766945780304064684e+01
1.787707648614937384e+01 1.805976507127680364e+01
1.829358468080266675e+01 1.808346605626005754e+01
1.851025139700830735e+01 1.830983538332785798e+01
1.874002853621632170e+01 1.856022300457423668e+01
1.880081517071284836e+01 1.890579916120461590e+01
1.914764260370197491e+01 1.894549086117650205e+01
1.937796348719673389e+01 1.918175537017916099e+01
1.960599023243358019e+01 1.940434491712388976e+01
1.983980164348929875e+01 1.961824079819636779e+01
2.007868537046089941e+01 1.988223373611013756e+01
2.030282352249917110e+01 2.011944257447012774e+01
2.052578514266198439e+01 2.037172844583381348e+01
2.077228841629360190e+01 2.057758273888656930e+01
2.099457334977605072e+01 2.079794389813033462e+01
2.123250484460650966e+01 2.102191298584822476e+01
2.147601714411483442e+01 2.130003324032921341e+01
2.170944323275315213e+01 2.148912801464985733e+01
2.192514450967326312e+01 2.172447585845807794e+01
2.217588592583381057e+01 2.194249443544089928e+01
2.240846338295450479e+01 2.220388891643725060e+01
2.265311933272593947e+01 2.240979584733541685e+01
2.287200275737668775e+01 2.258471323065650793e+01
2.311400277174143270e+01 2.291782891043703785e+01
2.336140437763980771e+01 2.311462318558916706e+01
2.359033153787946802e+01 2.328673679662492901e+01
2.382769614499467181e+01 2.353948361856759774e+01
2.406366690072139747e+01 2.385098728451107775e+01
2.431307652872027347e+01 2.407383033418990337e+01
2.455375070315166042e+01 2.421413889817385723e+01
2.478860903793787074e+01 2.451703904251847277e+01
2.502540171984651352e+01 2.476070551536111353e+01
