0.000000000000000000e+00 0.000000000000000000e+00
0.000000000000000000e+00 0.000000000000000000e+00
0.000000000000000000e+00 0.000000000000000000e+00
0.000000000000000000e+00 0.000000000000000000e+00
0.000000000000000000e+00 0.000000000000000000e+00
0.000000000000000000e+00 0.000000000000000000e+00
0.000000000000000000e+00 0.000000000000000000e+00
0.000000000000000000e+00 0.000000000000000000e+00
0.000000000000000000e+00 0.000000000000000000e+00
0.000000000000000000e+00 0.000000000000000000e+00
0.000000000000000000e+00 0.000000000000000000e+00
0.000000000000000000e+00 0.000000000000000000e+00
0.000000000000000000e+00 0.000000000000000000e+00
0.000000000000000000e+00 0.000000000000000000e+00
0.000000000000000000e+00 0.000000000000000000e+00
0.000000000000000000e+00 0.000000000000000000e+00
0.000000000000000000e+00 0.000000000000000000e+00
0.000000000000000000e+00 0.000000000000000000e+00
0.000000000000000000e+00 0.000000000000000000e+00
0.000000000000000000e+00 0.000000000000000000e+00
0.000000000000000000e+00 0.000000000000000000e+00
0.000000000000000000e+00 0.000000000000000000e+00
0.000000000000000000e+00 0.000000000000000000e+00
0.000000000000000000e+00 0.000000000000000000e+00
0.000000000000000000e+00 0.000000000000000000e+00
0.000000000000000000e+00 0.000000000000000000e+00
0.000000000000000000e+00 2.356441049821136891e-01
0.000000000000000000e+00 2.356441049821136891e-01
2.509012543934124317e-01 0.000000000000000000e+00
2.017016455174844014e-01 0.000000000000000000e+00
0.000000000000000000e+00 1.054158392452180015e+00
1.523321172773618448e+00 1.927390235541460495e+00
2.235768282717869315e+00 1.445027128785195236e+00
3.973224468002887200e+00 6.454537518300313970e+00
6.676459625997986258e+00 9.334966783620908259e+00
9.537847990219420424e+00 1.097030667091036982e+01
1.086902040344836173e+01 1.163472070152831783e+01
1.171162357299980528e+01 1.208101216611940742e+01
1.218538867917729540e+01 1.252265383482938610e+01
1.273891074483859498e+01 1.293134354037796996e+01
1.308837211419356095e+01 1.323174670516843321e+01
1.334671514847501861e+01 1.356227828223809517e+01
1.356956828675504489e+01 1.383464427955775911e+01
1.387168726718498846e+01 1.413906148793103768e+01
1.409871182171829140e+01 1.440989527271010751e+01
1.434081906896776815e+01 1.469076820270396233e+01
1.463435188831832612e+01 1.493664047348418045e+01
1.490612759976155033e+01 1.518495785052442493e+01
1.517694867029388206e+01 1.543800483221865960e+01
1.546985199629630081e+01 1.567164049343015719e+01
1.575807819713339164e+01 1.589567575335708405e+01
1.599155728789284936e+01 1.611876782504551286e+01
1.623620155284973166e+01 1.636094846163407013e+01
1.647471415666682759e+01 1.657038376584121053e+01
1.678777417699724595e+01 1.670920749096618962e+01
1.691905078962596320e+01 1.701152632495992734e+01
1.716515788097771278e+01 1.723425177085096749e+01
1.746113798925866334e+01 1.738439653398456386e+01
1.768460336114753773e+01 1.752060333715473917e+01
1.791464155186768181e+01 1.778402101074248876e+01
1.814988759148253195e+01 1.800024372339797907e+01
1.839683167228556826e+01 1.825150129300639534e+01
1.848117026510370309e+01 1.862900143794842478e+01
1.887462784784598213e+01 1.871293493073130421e+01
1.912364731815615571e+01 1.896364023298254153e+01
1.937928023636741059e+01 1.922443943911236275e+01
1.963402284609036030e+01 1.943860998922119521e+01
1.988150880737633486e+01 1.966055131107470899e+01
2.012321437394976442e+01 1.995139185409032478e+01
2.036540995102879137e+01 2.016944468101758403e+01
2.062526474016117461e+01 2.041556145523392374e+01
2.087872346003105761e+01 2.068055218668149209e+01
2.113438699233135765e+01 2.090288317555675590e+01
2.139582340747654143e+01 2.117576879079971874e+01
2.165228597880087236e+01 2.144399076025660733e+01
2.190912648850563826e+01 2.168147426654098453e+01
2.217413629570758360e+01 2.196886627095796740e+01
2.243300991855917914e+01 2.220106539598851114e+01
2.268609626313349281e+01 2.243512608031339894e+01
2.295407412039616446e+01 2.267501854680909545e+01
2.322229508798664099e+01 2.295841639971295578e+01
2.348871589423256268e+01 2.327351163518384425e+01
2.373718541946809779e+01 2.349842209887015443e+01
2.401075459195661921e+01 2.379646854917812959e+01
2.426944089610757160e+01 2.405819963532479377e+01
2.452965720405788375e+01 2.431533984678188887e+01
2.480193603553480486e+01 2.458312761308586758e+01
2.507751299494509567e+01 2.490209470953136162e+01
2.534538969635475425e+01 2.516503605884337347e+01
2.562098230207143601e+01 2.533964090004637626e+01
2.588585122009578399e+01 2.564626736671088736e+01
2.615981804367402574e+01 2.593355150249088581e+01
2.642632963430168758e+01 2.616916690052367400e+01
2.669331640604045575e+01 2.641478208329174038e+01
2.695906855046116846e+01 2.674636463002724796e+01
2.723042408051552243e+01 2.702365064166367858e+01
2.749530992241820471e+01 2.725540642047948836e+01
2.775487444651557212e+01 2.748715382334150092e+01
2.804064296452223815e+01 2.780697374829982849e+01
2.831293155641483494e+01 2.807743904034753513e+01
2.857555727027098058e+01 2.838313472883784527e+01
