0.000000000000000000e+00 0.000000000000000000e+00
0.000000000000000000e+00 0.000000000000000000e+00
0.000000000000000000e+00 0.000000000000000000e+00
0.000000000000000000e+00 0.000000000000000000e+00
0.000000000000000000e+00 0.000000000000000000e+00
0.000000000000000000e+00 0.000000000000000000e+00
0.000000000000000000e+00 0.000000000000000000e+00
0.000000000000000000e+00 0.000000000000000000e+00
7.893763390463437446e-02 0.000000000000000000e+00
1.287161186600620510e+00 1.202620333339359471e+00
1.672488341434136938e+00 6.620468964574465209e-01
1.715575429871800006e+00 3.939678850611107119e+00
4.104922068441725358e+00 4.676372093606608438e+00
4.598767454339067307e+00 4.709501544662312078e+00
4.819823833470021412e+00 4.882676814764442597e+00
4.970114647640073713e+00 5.035969707335296697e+00
5.133771689030576013e+00 5.226455353619458677e+00
5.335492810931533825e+00 5.543176324809448552e+00
5.482167177681964709e+00 5.774182797977037929e+00
5.741953124306158784e+00 6.010786021584714867e+00
5.932062804079404117e+00 6.216924503393265411e+00
6.286752291723507469e+00 6.448521277288667974e+00
6.471720314838041332e+00 6.644807339549995362e+00
6.614574838103616905e+00 6.838224707688993043e+00
6.773281808498012424e+00 7.033718293969926094e+00
6.958329984507653165e+00 7.214052255749781928e+00
7.155170761621405973e+00 7.390882644341135510e+00
7.337422971475511702e+00 7.563569726309379959e+00
7.596988466683559871e+00 7.718987559759739270e+00
7.745848834775684644e+00 7.893728673520698180e+00
7.965849001571746690e+00 8.072031302443406275e+00
8.137617928777473253e+00 8.233169978109813769e+00
8.297431554420331423e+00 8.403504186195345227e+00
8.469549615767524742e+00 8.576652696702053547e+00
8.640450243683281073e+00 8.740157863427002738e+00
8.786604383704450072e+00 8.918995929278464629e+00
8.922363466822286426e+00 9.084096517882487731e+00
9.236506763958240995e+00 9.118601568943049074e+00
9.397282078025403607e+00 9.234376858345980210e+00
9.553183630663053094e+00 9.426631451358892022e+00
9.705082635743078612e+00 9.590215965770875428e+00
9.744385458642796038e+00 9.881699654594122251e+00
1.004069011924827315e+01 9.952221731319049525e+00
1.021062963653510991e+01 1.011016965693662151e+01
1.027494528154595343e+01 1.038573346180899648e+01
1.055959274528788150e+01 1.046067023964831222e+01
1.072776090951120231e+01 1.059023276134951175e+01
1.091069061610516933e+01 1.079925190361211307e+01
1.107829488693372966e+01 1.099113087628349916e+01
1.125776395547363329e+01 1.115543920170205006e+01
1.142903549669422958e+01 1.134960053255179524e+01
1.161491225426243545e+01 1.152894791134690600e+01
1.179089879222920700e+01 1.166642839308320490e+01
1.197560867454902578e+01 1.190835117811842281e+01
1.214949152064051141e+01 1.203064035419839328e+01
1.233921649177213986e+01 1.226957657364764387e+01
1.251928284045340511e+01 1.241682208980290092e+01
1.270912594512928706e+01 1.259883561886028325e+01
1.289718599646581865e+01 1.281606448157478617e+01
1.307829876581728001e+01 1.298806065725479719e+01
1.327402302069710238e+01 1.319846368760485333e+01
1.345801876645437822e+01 1.337198059795088767e+01
1.355415692923391724e+01 1.361657811963900677e+01
1.382946348567963746e+01 1.369819991718475194e+01
1.402445824183616097e+01 1.393549887683293065e+01
1.420323959842808037e+01 1.410734678192828540e+01
1.441004575924375075e+01 1.429558810821041881e+01
1.460659001014873937e+01 1.446410983067873346e+01
1.480790887054024729e+01 1.469796625473059670e+01
1.499566109006230441e+01 1.484553456796976434e+01
1.518598109413710517e+01 1.508287178334961887e+01
1.538277855608912148e+01 1.522812801695334883e+01
1.558594790117791007e+01 1.545542817594249563e+01
1.578054245351427554e+01 1.560934100977357630e+01
1.580938734337066798e+01 1.592245399381475224e+01
1.615112479288439928e+01 1.601199315432117842e+01
1.633056574145346573e+01 1.612866240261292461e+01
1.653743574100922586e+01 1.635063857523383746e+01
1.673298527337205144e+01 1.652511906579212209e+01
1.692447226149344175e+01 1.674713564725115234e+01
1.712984673047996864e+01 1.684950161898258614e+01
1.732406091615854749e+01 1.713672923971238404e+01
1.752019683938609163e+01 1.727107010360283823e+01
1.770998667176698049e+01 1.748116077081072461e+01
1.791831214160315255e+01 1.772928474742292693e+01
1.810977826835070914e+01 1.787319658129026934e+01
1.829604883019080930e+01 1.799155507215694527e+01
1.849561641544886470e+01 1.822280690089965205e+01
1.870249989344153718e+01 1.845729226993543293e+01
1.862385279185872022e+01 1.880688020612521072e+01
1.908224386985214593e+01 1.877285481683441404e+01
1.926239831873860453e+01 1.899724868503498598e+01
1.945865193837181195e+01 1.918993455104059365e+01
1.967533356569504832e+01 1.935862678277701932e+01
1.985529721694892658e+01 1.952046688583086365e+01
2.006046424877973422e+01 1.978931983850668885e+01
2.026382437735207631e+01 1.989856694554884697e+01
2.047124176542194007e+01 2.018177352367507993e+01
2.065461035283458813e+01 2.036943000992840069e+01
2.085841348121699212e+01 2.061294393284061499e+01
2.105776237870686174e+01 2.082580111086173247e+01
