0.000000000000000000e+00 0.000000000000000000e+00
0.000000000000000000e+00 0.000000000000000000e+00
0.000000000000000000e+00 0.000000000000000000e+00
0.000000000000000000e+00 0.000000000000000000e+00
0.000000000000000000e+00 0.000000000000000000e+00
0.000000000000000000e+00 0.000000000000000000e+00
0.000000000000000000e+00 0.000000000000000000e+00
0.000000000000000000e+00 0.000000000000000000e+00
0.000000000000000000e+00 0.000000000000000000e+00
0.000000000000000000e+00 0.000000000000000000e+00
0.000000000000000000e+00 0.000000000000000000e+00
0.000000000000000000e+00 0.000000000000000000e+00
0.000000000000000000e+00 0.000000000000000000e+00
0.000000000000000000e+00 0.000000000000000000e+00
0.000000000000000000e+00 0.000000000000000000e+00
0.000000000000000000e+00 0.000000000000000000e+00
0.000000000000000000e+00 0.000000000000000000e+00
0.000000000000000000e+00 0.000000000000000000e+00
0.000000000000000000e+00 0.000000000000000000e+00
0.000000000000000000e+00 0.000000000000000000e+00
0.000000000000000000e+00 0.000000000000000000e+00
0.000000000000000000e+00 0.000000000000000000e+00
0.000000000000000000e+00 1.392377413508511241e-01
4.844230823065860669e-02 0.000000000000000000e+00
2.152024706469560789e-01 2.289088346096682436e+00
1.270933100941177951e+00 2.408962646493081117e+00
3.561277029070169853e+00 6.038105499041090951e+00
5.991249134798246168e+00 7.853323798121868649e+00
8.447550731379099176e+00 8.882387092953013763e+00
8.800975395680271873e+00 9.502769754056060947e+00
9.708240332593305766e+00 9.955202058972959733e+00
1.016480074033953862e+01 1.034705475095150540e+01
1.054303001132771023e+01 1.072082885834821475e+01
1.078096436030511285e+01 1.092907115364556070e+01
1.101877055295866370e+01 1.124120638729659127e+01
1.124768884256622847e+01 1.151160573388091279e+01
1.149848718350961185e+01 1.176669360802256570e+01
1.177064654894403795e+01 1.200482069472860402e+01
1.203209528939937201e+01 1.224135842438184696e+01
1.229351312033042198e+01 1.245588668385974351e+01
1.250669652825233946e+01 1.266892854092772858e+01
1.276478848454203607e+01 1.288222206211101906e+01
1.299113262479153619e+01 1.309431292557584747e+01
1.317479505767652626e+01 1.329225641867715346e+01
1.337464362789678418e+01 1.347708770047707283e+01
1.365961492971104896e+01 1.358943279555979444e+01
1.384953652704375315e+01 1.375527836919485658e+01
1.398616539320837759e+01 1.405557538408024421e+01
1.426057172855841060e+01 1.419680092472038524e+01
1.437851420447330320e+01 1.446530787325670708e+01
1.466415216924692011e+01 1.462384193772830088e+01
1.486511984101205819e+01 1.478000529522074302e+01
1.507802413572679257e+01 1.503251775279216140e+01
1.523726026374551523e+01 1.529420838225904511e+01
1.546334983617804149e+01 1.550816473089861169e+01
1.573063972411408606e+01 1.567350963629337102e+01
1.595795244812918767e+01 1.587440702757266919e+01
1.617379206092066468e+01 1.614444626110487135e+01
1.640519078073764447e+01 1.632825543651262734e+01
1.663229736069541076e+01 1.657780739060150665e+01
1.686601221870104794e+01 1.682716743781192648e+01
1.709225225230672862e+01 1.700073341988672126e+01
1.732816761378851922e+01 1.725753390536931420e+01
1.755724886021318909e+01 1.751319548435336060e+01
1.778181078104152135e+01 1.772681422015280361e+01
1.791363189724308924e+01 1.799969710261169453e+01
1.824652565406967852e+01 1.818104422502682738e+01
1.848411292403046247e+01 1.840017766471583371e+01
1.872701580319916559e+01 1.862330045844272064e+01
1.897694613105468875e+01 1.883114452291864183e+01
1.922616713593967575e+01 1.911061504443443937e+01
1.946642417886938858e+01 1.924606016739566883e+01
1.972120846345313083e+01 1.953580061138431034e+01
1.995993562541715249e+01 1.979221496010313430e+01
2.022002407297944515e+01 2.006123517025152836e+01
2.045008979905158952e+01 2.029453994508580550e+01
2.069715595712670719e+01 2.053095541537430790e+01
2.075251243088255038e+01 2.086939008182087107e+01
2.115733944239124753e+01 2.097198628146518473e+01
2.139877448897540191e+01 2.123107256915468710e+01
2.163961146427739379e+01 2.147663171925312753e+01
2.188605857708404301e+01 2.168589729711144187e+01
2.212878730849628184e+01 2.189010244875996847e+01
2.238156249995349611e+01 2.220083692002629761e+01
2.262481733828062502e+01 2.245062232974565219e+01
2.288337942066576147e+01 2.266441015011376692e+01
2.313767661230599870e+01 2.292932054363873107e+01
2.337594231761612562e+01 2.315328097573919308e+01
2.364322124800417768e+01 2.345025284602900584e+01
2.390639050679022048e+01 2.369702271781934755e+01
2.415264107900087254e+01 2.390049524925724356e+01
2.439723994752434777e+01 2.417679914721446366e+01
2.464650019224090371e+01 2.441789567636122626e+01
2.490642623960888002e+01 2.467730468827848611e+01
2.517038605500285442e+01 2.495492443485672140e+01
2.542733801909624347e+01 2.516481058571870832e+01
2.567360792116213020e+01 2.544717974341271471e+01
2.591561292506396441e+01 2.574385691573314361e+01
2.616299965940692118e+01 2.596970864621745889e+01
2.641304691720870323e+01 2.623160194984035343e+01
2.667272271056780752e+01 2.647659761623988928e+01
