0.000000000000000000e+00 0.000000000000000000e+00
1.249450221431656294e+00 1.422990091274840996e+00
1.370693375817265691e+00 1.377350912112552006e+00
1.368763449675305166e+00 1.360458600117413930e+00
1.430007244248358012e+00 1.532047193389433959e+00
1.589915698057255522e+00 1.686671087578705430e+00
1.739377284441300464e+00 1.803500881588050886e+00
1.850279159889691050e+00 2.001035384640793779e+00
1.965515801569507115e+00 2.184631532161015688e+00
2.093099595498986165e+00 2.363009129496037364e+00
2.271439789752323080e+00 2.494427253414739809e+00
2.448552715614648712e+00 2.631621706546074968e+00
2.646787647910894492e+00 2.767824120187131420e+00
2.818469666952855945e+00 2.896864282163543081e+00
2.967461836656279495e+00 3.020952187318497462e+00
3.094343577093167319e+00 3.149013518150853841e+00
3.211486146855881518e+00 3.272538391531914392e+00
3.344810416357284044e+00 3.399351148070271833e+00
3.470862245688110637e+00 3.521689133209815470e+00
3.635061997993923377e+00 3.596557028209353746e+00
3.714304563814530891e+00 3.779129798592333778e+00
3.828013318314659852e+00 3.894580237775146614e+00
4.019890961270298213e+00 3.957928894380357665e+00
4.092497704360993360e+00 4.144556397373913015e+00
4.270820829938156038e+00 4.211958932982244441e+00
4.392265258545185347e+00 4.336707212321203819e+00
4.519064728986026402e+00 4.475604662066801076e+00
4.643011809141381008e+00 4.576483803446839360e+00
4.772205257288845814e+00 4.672653282988490808e+00
4.832339106426674746e+00 4.905119925897059474e+00
4.930027273182980174e+00 5.032712597863190140e+00
5.087573754643388568e+00 5.165995561782357193e+00
5.302121013928158710e+00 5.215792504931718199e+00
5.427544893871916187e+00 5.344161392686560319e+00
5.572045342564638126e+00 5.458785799698378405e+00
5.609854012495682163e+00 5.702859895132653456e+00
5.834122269630134916e+00 5.727745114680402594e+00
5.967830228119306746e+00 5.916779135118136246e+00
6.100158990892330380e+00 5.996705662328848163e+00
6.134644216645460446e+00 6.225633517271126571e+00
6.373148201581510186e+00 6.271167367649246316e+00
6.506775850759929369e+00 6.426208111078191898e+00
6.649336363184050747e+00 6.562914217483319490e+00
6.786515987677169015e+00 6.663797217263913275e+00
6.925121769583463482e+00 6.833853570355997498e+00
7.060943248542555395e+00 6.939893493149939196e+00
7.197618329304052764e+00 7.071749848956345730e+00
7.336537370178420225e+00 7.171313940416113475e+00
7.478457006034838095e+00 7.295381905700787151e+00
7.607213549821366882e+00 7.476418386760125934e+00
7.759927682174843966e+00 7.595345106151017767e+00
7.889029609513766417e+00 7.741549632690105653e+00
8.028963444344590528e+00 7.879895544030052434e+00
7.995685870302492226e+00 8.128305596814968226e+00
8.293198960331118030e+00 8.167143184366880249e+00
8.280409091885585937e+00 8.387848268944859242e+00
8.387187952020395798e+00 8.515094014387921462e+00
8.669189074341051793e+00 8.566857664547953277e+00
8.818624299010700440e+00 8.699527697717490682e+00
8.948658299585481757e+00 8.804758545877456655e+00
9.089532434433818864e+00 8.967739643056431120e+00
9.236129659423344407e+00 9.096855602741179325e+00
9.378058168953803175e+00 9.244249531550501331e+00
9.532093627668505320e+00 9.335048989790051266e+00
9.674978979999339757e+00 9.471983550796842621e+00
9.823825173614689987e+00 9.651437136100430081e+00
9.969391542516103044e+00 9.793664180892704962e+00
1.010365481414228661e+01 9.964838028615105259e+00
1.026059253637575885e+01 1.006216054588167097e+01
1.040058046051858298e+01 1.017603338506764388e+01
1.053831917607872626e+01 1.032744727233828996e+01
1.067599089726370565e+01 1.048573746437791954e+01
1.081269839019297940e+01 1.059610474348848008e+01
1.094342427826149766e+01 1.072458681502005362e+01
1.110029927729607557e+01 1.092788749617690769e+01
1.123144804604965685e+01 1.098632037726384603e+01
1.138543537578256171e+01 1.117047624799362637e+01
1.152469334042054605e+01 1.131145594186124015e+01
1.145053606385199885e+01 1.159927697352284603e+01
1.179958114113046364e+01 1.158402624661235158e+01
1.194277754105137923e+01 1.175626398351868040e+01
1.207119414380194833e+01 1.190498909789499749e+01
1.220353889154487526e+01 1.199392014041846721e+01
1.219922719910000808e+01 1.227504117645393933e+01
1.248759477968733655e+01 1.229892424796034511e+01
1.260634218939045681e+01 1.246334640877795152e+01
1.274591346097145994e+01 1.265454990924274981e+01
1.289281265788765474e+01 1.274544474688568840e+01
1.302786416477610665e+01 1.287812001601804113e+01
1.317423196141432662e+01 1.300726055481770516e+01
1.331251806742970345e+01 1.319459706139986999e+01
1.345537293172150406e+01 1.328430008800868833e+01
1.360465926187450947e+01 1.344255231041378806e+01
1.375125377690446449e+01 1.352482702470893727e+01
1.389453898394861042e+01 1.371989725909302749e+01
1.392162009841731241e+01 1.393527879744577724e+01
1.417134620354758923e+01 1.398402048581779056e+01
1.429386240615720816e+01 1.416609748662941115e+01
1.445048317447402297e+01 1.428070455191684474e+01
1.458128874241918105e+01 1.440461486315179940e+01
1.471798397043227880e+01 1.457436956807318928e+01
