0.000000000000000000e+00 0.000000000000000000e+00
1.293801899773710856e-03 0.000000000000000000e+00
1.028939260255669515e-02 0.000000000000000000e+00
2.095291719298347441e-02 -2.405017859734683364e-02
2.700411093436586724e-02 6.393923015433339296e-02
4.121716765620236228e-02 0.000000000000000000e+00
7.649493075082923477e-02 1.390452445744041921e+00
1.384433952495264686e+00 1.628379971530671710e+00
1.770316497738498196e+00 1.811021472779272834e+00
1.986051707147310941e+00 1.978902230286822439e+00
2.170804274864504890e+00 2.155814230350405314e+00
2.326736190025739504e+00 2.348770284552140986e+00
2.534597686622588775e+00 2.513913432334421660e+00
2.723599811203369025e+00 2.695722351760144964e+00
2.908260202591897770e+00 2.877104627478758392e+00
3.093876501023193004e+00 3.066077042025910693e+00
3.282235093297164674e+00 3.262839085487933222e+00
3.469455580910817627e+00 3.449913099428698171e+00
3.664429064501663280e+00 3.633601698448081674e+00
3.855750741353323185e+00 3.824601896021045722e+00
4.049501723909980200e+00 4.017931451858341774e+00
4.248275360132231171e+00 4.201392043154276834e+00
4.430954142915976668e+00 4.392605567873748562e+00
4.630763831154363075e+00 4.540702071459991274e+00
4.821435334689661012e+00 4.738271776477660069e+00
5.016761387300412878e+00 4.947420091851987500e+00
5.207619407683140800e+00 5.160500948172314750e+00
5.408342082246705651e+00 5.347493325978786238e+00
5.606347415905032605e+00 5.546378756891106931e+00
5.797650312308998188e+00 5.729276534764123241e+00
5.988051836184348886e+00 5.883020740695567241e+00
6.183928946573685970e+00 6.085793336713583024e+00
6.381337207661962552e+00 6.294801530541684897e+00
6.571799834990882161e+00 6.458175866871193271e+00
6.777950819517418957e+00 6.669140459149123679e+00
6.967713301052426367e+00 6.853524902500772953e+00
7.169498212428432993e+00 7.044431692898901254e+00
7.355064257681109829e+00 7.215239740586214978e+00
7.562487306372692508e+00 7.458245644614021508e+00
7.757726997631761989e+00 7.619588143918618606e+00
7.959446575252241196e+00 7.787011834339332417e+00
8.159220103089385390e+00 7.958059922350929405e+00
8.349749594791488150e+00 8.159688138186854900e+00
8.541702040930870155e+00 8.360144739739565622e+00
8.720350084367114007e+00 8.526597947972227587e+00
8.921640017795217759e+00 8.733951685034154977e+00
9.115697929804900568e+00 8.971369302561839731e+00
9.297938903124222776e+00 9.126340220856087981e+00
9.509131986061685637e+00 9.340505462725111840e+00
9.712278803862112397e+00 9.538095872278296028e+00
9.901629346703863632e+00 9.723604839130262079e+00
1.009827166027005241e+01 9.912835437511519743e+00
1.030265863784320501e+01 1.008179202979694722e+01
1.049550990996871214e+01 1.030000173499512961e+01
1.068238847439684136e+01 1.051608159820270849e+01
1.087599240872976303e+01 1.068968134178254203e+01
1.108977363092757784e+01 1.085170228915403356e+01
1.128147504743739127e+01 1.102925835313500968e+01
1.146437674367608217e+01 1.127475698640053459e+01
1.166540889609984610e+01 1.145573424403795393e+01
1.185644475951433385e+01 1.166157988025270242e+01
1.204709099553861407e+01 1.184664737498908593e+01
1.225020300485967795e+01 1.200654168192017224e+01
1.245507979565137013e+01 1.222170213123421867e+01
1.264255272644357575e+01 1.239826815894869760e+01
1.284370174651550833e+01 1.260009738374873756e+01
1.302064562697393590e+01 1.284650674291866146e+01
1.323125098996612969e+01 1.295234758475582915e+01
1.342257508793992038e+01 1.312156008958633002e+01
1.360500030427257556e+01 1.343381715086189132e+01
1.379246495619496393e+01 1.359843623525033607e+01
1.398634829234594612e+01 1.373147797259924552e+01
1.418192166735248705e+01 1.394503534644263176e+01
1.437911362683693817e+01 1.418737711447151995e+01
1.458097649279386410e+01 1.437703149838676175e+01
1.476130031177458690e+01 1.463463140197325885e+01
1.496085034265501257e+01 1.478692690028479717e+01
1.515695443145128785e+01 1.500072839543595649e+01
1.535137551535939693e+01 1.514207456668488838e+01
1.554896191472581002e+01 1.534058212783229180e+01
1.574633537752609946e+01 1.560789401039958157e+01
1.593790393466299271e+01 1.572898548319617618e+01
1.614777915468568281e+01 1.587287663668026205e+01
1.633930260740443074e+01 1.616342824746112328e+01
1.654488210955942051e+01 1.636380753654945153e+01
1.674110406756757286e+01 1.646701225197651297e+01
1.693909682514876991e+01 1.677708459368691862e+01
1.714356820840794526e+01 1.691017918901080819e+01
1.732733491194152009e+01 1.709785271293457498e+01
1.751837290838572514e+01 1.727775876757542761e+01
1.771259564890177529e+01 1.743798244008650045e+01
1.790789576979741327e+01 1.772585720632539719e+01
1.810420384914096203e+01 1.788523982379790311e+01
1.829403328482881719e+01 1.813430611269620485e+01
1.849263904060404684e+01 1.829192950845125054e+01
1.869650481785574669e+01 1.840469904042487315e+01
1.889853033431866436e+01 1.859612282314460430e+01
1.908990511316038052e+01 1.888797543317194894e+01
1.925932560727939702e+01 1.894184634252177091e+01
1.946877504651516233e+01 1.924050633436304025e+01
1.965706032106490042e+01 1.948488014961976944e+01
