0.000000000000000000e+00 0.000000000000000000e+00
0.000000000000000000e+00 0.000000000000000000e+00
0.000000000000000000e+00 0.000000000000000000e+00
0.000000000000000000e+00 0.000000000000000000e+00
0.000000000000000000e+00 0.000000000000000000e+00
0.000000000000000000e+00 0.000000000000000000e+00
0.000000000000000000e+00 0.000000000000000000e+00
0.000000000000000000e+00 0.000000000000000000e+00
0.000000000000000000e+00 0.000000000000000000e+00
0.000000000000000000e+00 7.763671080436138072e-02
3.799980424271769408e+00 6.687312476503129766e+00
8.016625539661326627e+00 8.101510905440951760e+00
8.077882791088775605e+00 8.077795253286682353e+00
8.007699550369489216e+00 8.001792198323082417e+00
7.935394260082826889e+00 8.088759848791097440e+00
7.952956913834141162e+00 8.281028291019000065e+00
8.293617758121197170e+00 8.662713823642910427e+00
8.437259579140940602e+00 8.871989702309019066e+00
8.812961638942402587e+00 9.093835086377303867e+00
9.025480077989282535e+00 9.357277087414335170e+00
9.278011270392346077e+00 9.567759362788825328e+00
9.498512074208107947e+00 9.760267307991412622e+00
9.728286514560185338e+00 9.935949309257789963e+00
9.868057586749232613e+00 1.010292591552634001e+01
1.007121323476479979e+01 1.027166938138415553e+01
1.023701602099549035e+01 1.045165656762376294e+01
1.042835062623845310e+01 1.061528354529415452e+01
1.060992104798275726e+01 1.076657187769552593e+01
1.076931122979201483e+01 1.092684625484269745e+01
1.096522172994445299e+01 1.109475487756637513e+01
1.114074201932608155e+01 1.125972244176099579e+01
1.130866612238282265e+01 1.141324114599156303e+01
1.147129302367418013e+01 1.157948650278215119e+01
1.160460351720127292e+01 1.174928015319277819e+01
1.179798253639041050e+01 1.191606896059919940e+01
1.193600631085439723e+01 1.208474821838190572e+01
1.209972296976757988e+01 1.224559441406227478e+01
1.229720178161676891e+01 1.240407760906711943e+01
1.247620917590655765e+01 1.256637200552625622e+01
1.259969910564432638e+01 1.273277073241252033e+01
1.280725270516076364e+01 1.290009373043756113e+01
1.294307992898573723e+01 1.306976519158991579e+01
1.307434467866094607e+01 1.324138902975650645e+01
1.324305257129530489e+01 1.341434618293344094e+01
1.338878292065278508e+01 1.358372252327330898e+01
1.354516012610734599e+01 1.374385162921663195e+01
1.369024586561058854e+01 1.391323888335225334e+01
1.392554598425125967e+01 1.407380943565043019e+01
1.406863682969196105e+01 1.423588317862594721e+01
1.421890638713228050e+01 1.440607825743041914e+01
1.439833468575547037e+01 1.456918234177500260e+01
1.454069975875475329e+01 1.473727863923813075e+01
1.466386834904283454e+01 1.489944105289328391e+01
1.488534284049911705e+01 1.506174152898400109e+01
1.496142237404848174e+01 1.521975136109606019e+01
1.516117907168640677e+01 1.538484640572339224e+01
1.526351749376934919e+01 1.555284806593552993e+01
1.546769894082288666e+01 1.570606848192332983e+01
1.562520133266423983e+01 1.586460192972420735e+01
1.575651504691306215e+01 1.602436732428039790e+01
1.611231920332576806e+01 1.593814234624771586e+01
1.607078850380572987e+01 1.629552423488073032e+01
1.638758869058330347e+01 1.619325688688591214e+01
1.643135693336321523e+01 1.657840708870316604e+01
1.648706847205547632e+01 1.673764188695993838e+01
1.664179189920764657e+01 1.690753078658890018e+01
1.700181883193653221e+01 1.685911006959478087e+01
1.703980445291857038e+01 1.719776944624678094e+01
1.716735813606273808e+01 1.735667582249156027e+01
1.731795554521522362e+01 1.751646074935203501e+01
1.742154761626197157e+01 1.768271896407251731e+01
1.761999137623588751e+01 1.784631467403605853e+01
1.775577787138096753e+01 1.802310870479011484e+01
1.795308758192178189e+01 1.818943117411564714e+01
1.811534097472103255e+01 1.835327299507673615e+01
1.824204878931775298e+01 1.852451085407742681e+01
1.865136459434639349e+01 1.846885564272026414e+01
1.881401906954785730e+01 1.861152618299308514e+01
1.877383076595463152e+01 1.898083181709598932e+01
1.893803663313864050e+01 1.914832443346053736e+01
1.927689408195231735e+01 1.908458503780225968e+01
1.941908562407035177e+01 1.925284176568452210e+01
1.958566233150031621e+01 1.937834491659820202e+01
1.958500681272903066e+01 1.976151394957921781e+01
1.989716437953245531e+01 1.971857698188135544e+01
1.985945223759587464e+01 2.007788353685495153e+01
2.021304521916232844e+01 2.003213356972836223e+01
2.027032251232552085e+01 2.039351952250196476e+01
2.041512643281859596e+01 2.055353378103166406e+01
2.057080499440703392e+01 2.072019746636805593e+01
2.070847559999422316e+01 2.087263545440202606e+01
2.080590116054071714e+01 2.104050775066379586e+01
2.119167036080547817e+01 2.107311321916676761e+01
2.120220513337197588e+01 2.137223056524948461e+01
2.153690126850217723e+01 2.136384000027656427e+01
2.154871168880661614e+01 2.170520336098659442e+01
2.170698367500349590e+01 2.188854135590345962e+01
2.189064167046715070e+01 2.205061517715089536e+01
2.204893025095896419e+01 2.222271588297444112e+01
2.219707792484502917e+01 2.237695341241979108e+01
2.241011831030171564e+01 2.254028342709159460e+01
