0.000000000000000000e+00 0.000000000000000000e+00
0.000000000000000000e+00 0.000000000000000000e+00
0.000000000000000000e+00 0.000000000000000000e+00
0.000000000000000000e+00 0.000000000000000000e+00
8.339425605260701721e-04 0.000000000000000000e+00
1.256007340572896230e-02 3.647821334585657493e-01
8.401259539966995926e-02 1.141013549181240760e+00
1.280610723337845425e+00 1.402699251497096622e+00
1.560297583155920931e+00 1.619745916314326628e+00
1.767043589392072178e+00 1.811418401192305128e+00
2.008921165656254892e+00 1.974224287808834744e+00
2.216345038078323171e+00 2.135393923391506465e+00
2.395216049756325738e+00 2.332115317922116571e+00
2.599308932948658946e+00 2.541839873010975470e+00
2.793205981586109665e+00 2.685970790070221437e+00
2.975437824003456466e+00 2.901857316163052758e+00
3.174750042832421570e+00 3.053386977577138950e+00
3.367652553254074643e+00 3.247045750027926836e+00
3.560255835898184174e+00 3.468413660956611633e+00
3.754135543689562482e+00 3.652631525033410487e+00
3.946175759766183067e+00 3.845721335036309974e+00
4.146496327566465467e+00 4.062926737793188359e+00
4.342915486141798453e+00 4.240041557661148097e+00
4.530253877147910835e+00 4.460079647682108295e+00
4.740277401915554023e+00 4.645538302424921717e+00
4.926856779478888448e+00 4.845918196205836637e+00
5.126912903072581074e+00 5.056111271421999120e+00
5.332227795088511080e+00 5.224148325432119933e+00
5.538411993379978249e+00 5.444145130340450223e+00
5.740703315390838668e+00 5.592484958443360021e+00
5.934661505552871752e+00 5.785307031766049768e+00
6.116479428948623287e+00 6.030754933702753284e+00
6.313203126759201034e+00 6.195959351740532028e+00
6.515660630612209125e+00 6.440146524496863201e+00
6.701140057157301655e+00 6.609570671114053830e+00
6.895331043056149412e+00 6.753789933636579867e+00
7.088773492491659667e+00 6.999989426990949504e+00
7.285251657234460332e+00 7.155549911864071078e+00
7.477495889870609425e+00 7.368592170019049981e+00
7.683652718731321940e+00 7.539743863669865043e+00
7.874780665473188002e+00 7.728564748979685817e+00
8.082485200146228621e+00 7.925583763343870380e+00
8.272346509871036702e+00 8.155735127102348159e+00
8.473528647884215559e+00 8.260643161702903470e+00
8.660930597033900114e+00 8.453945652909084174e+00
8.864981446971997414e+00 8.663396355082209510e+00
9.061523877270698080e+00 8.884747732750811977e+00
9.249784770647137222e+00 9.094612931922394949e+00
9.447241778161247439e+00 9.239191538372864443e+00
9.641123712983972638e+00 9.459818995528062047e+00
9.835112910034213840e+00 9.653394763701808046e+00
1.005522662349706131e+01 9.850068854509803629e+00
1.023946241327448448e+01 1.000279698492341396e+01
1.043626456173877060e+01 1.021324564710863747e+01
1.063905185674001430e+01 1.044783470255125657e+01
1.083927463349919229e+01 1.062549746626452496e+01
1.103164646318897368e+01 1.088420405843629801e+01
1.122328775434516857e+01 1.097234342252874839e+01
1.143153357816515481e+01 1.120542816383495577e+01
1.162293684872985544e+01 1.139050330552807111e+01
1.182158867692981730e+01 1.157794352530964055e+01
1.202451455498695054e+01 1.175657231296976590e+01
1.221043880308121388e+01 1.192935925287463128e+01
1.240474961086689554e+01 1.213472419200214070e+01
1.260824461460541102e+01 1.233818348996544323e+01
1.281309959320881653e+01 1.251558520849360079e+01
1.300032493021078039e+01 1.279952642490924752e+01
1.322141091891064768e+01 1.292052247003857524e+01
1.341063205286737414e+01 1.311522131410659853e+01
1.360853115700812488e+01 1.327126934680595838e+01
1.381350272461797957e+01 1.346224269765205506e+01
1.400705374199884368e+01 1.363197895220885769e+01
1.419178331503331059e+01 1.393715931719522416e+01
1.438467812100281051e+01 1.403597657821660682e+01
1.459438671252884845e+01 1.422445967495073482e+01
1.478925519335662031e+01 1.451711676904431059e+01
1.499183537710963243e+01 1.461868953600528620e+01
1.517557961986137549e+01 1.480640983748108752e+01
1.536507179487220043e+01 1.504049769182485008e+01
1.557552169205488823e+01 1.514828897298815669e+01
1.577838217951406286e+01 1.546514544840686689e+01
1.597369900975946067e+01 1.556664775705655934e+01
1.618173527269426870e+01 1.579558125216051856e+01
1.636667982509528230e+01 1.594882678699535283e+01
1.657080891487926522e+01 1.613454535543124635e+01
1.677992582683565104e+01 1.635608990582593592e+01
1.696440118475780778e+01 1.653065402066598821e+01
1.715150429769331453e+01 1.671849906605323000e+01
1.734941402248107778e+01 1.699731670892984425e+01
1.754330686727360700e+01 1.715318884286173073e+01
1.772953581788796384e+01 1.739291172794968787e+01
1.791584301133668689e+01 1.756690564200667382e+01
1.811640230793898354e+01 1.784696916476457318e+01
1.833203821322526750e+01 1.790831742155527451e+01
1.851729762391234857e+01 1.816004706387464296e+01
1.871230899915659762e+01 1.830604163624614245e+01
1.891443991215457743e+01 1.858798883095537491e+01
1.910740420564902919e+01 1.870809029674465762e+01
1.930757651260270080e+01 1.889261199965697102e+01
1.951584173869616023e+01 1.908900515414984866e+01
1.970188558264720058e+01 1.941743070091794721e+01
