0.000000000000000000e+00 0.000000000000000000e+00
0.000000000000000000e+00 0.000000000000000000e+00
0.000000000000000000e+00 0.000000000000000000e+00
0.000000000000000000e+00 0.000000000000000000e+00
0.000000000000000000e+00 0.000000000000000000e+00
0.000000000000000000e+00 0.000000000000000000e+00
0.000000000000000000e+00 0.000000000000000000e+00
5.716805378186776143e-02 3.811203585457850762e-02
0.000000000000000000e+00 6.989758978612581330e+00
5.323449628305444215e+00 8.193169376885235167e+00
7.490388583524589805e+00 7.355265611086255539e+00
7.371934022541336340e+00 7.334257184732726031e+00
7.225967802651219074e+00 7.226642313156954600e+00
7.197293488754981539e+00 7.198828340686382887e+00
7.203753983512073411e+00 7.317926944979934234e+00
7.296234471828047852e+00 7.492406247292336730e+00
7.486198047791983612e+00 7.758304734149823467e+00
7.788631076306899104e+00 7.863287180760925033e+00
7.965157198834726060e+00 8.089507662900251361e+00
8.051913782583518753e+00 8.273644045571359129e+00
8.221204364529809183e+00 8.547860186655574566e+00
8.459056311657205285e+00 8.766516470039382725e+00
8.664632592512578668e+00 8.987413195426107393e+00
8.925099807741100122e+00 9.181743833243773523e+00
9.105313886631989817e+00 9.358438025612016986e+00
9.280080866604494716e+00 9.520441270871435435e+00
9.484590319147196524e+00 9.692472702125781936e+00
9.727945912112158311e+00 9.863528319903315023e+00
9.917704097256969220e+00 1.003082217433079926e+01
1.011108630087422711e+01 1.019262737896299065e+01
1.026932693110944328e+01 1.035814476634019421e+01
1.042556776715161249e+01 1.051634320783566778e+01
1.060072500867397949e+01 1.068424010392118539e+01
1.076350450882580922e+01 1.085522110613977986e+01
1.090964828331429182e+01 1.101487079245873169e+01
1.109346668063078489e+01 1.117184442789877608e+01
1.122449416036888081e+01 1.133802116764583445e+01
1.140964102707152605e+01 1.149951732850821706e+01
1.156323212411732015e+01 1.166845053465218740e+01
1.173592958678649545e+01 1.182168392638701704e+01
1.191741643767780801e+01 1.198811837635833299e+01
1.207391212833554128e+01 1.215242186683728143e+01
1.221019586369392407e+01 1.231863223873967073e+01
1.234743154638567830e+01 1.247900435227243854e+01
1.254727577287731854e+01 1.263901086088498893e+01
1.268813854482601045e+01 1.281296179104587551e+01
1.286274045818461609e+01 1.296547279997658464e+01
1.298668773192308734e+01 1.313303216788612993e+01
1.316433744513452275e+01 1.328482898278651270e+01
1.328925450048829937e+01 1.344653350070751330e+01
1.348743352459728939e+01 1.362081738103208473e+01
1.366841948373784099e+01 1.378206532379068072e+01
1.378999943266305195e+01 1.394941038617958640e+01
1.392289170733000248e+01 1.410944026910132720e+01
1.411015728443709349e+01 1.427011998179704477e+01
1.426864607094217874e+01 1.442767041108550607e+01
1.453252422093371798e+01 1.442189738861538473e+01
1.461235528487617152e+01 1.472030337669646549e+01
1.474519884338109854e+01 1.488120935724893990e+01
1.499727868622347238e+01 1.489528877715607713e+01
1.501773671092468554e+01 1.518774464559869131e+01
1.516471046177096937e+01 1.534547989359068865e+01
1.532087424726968550e+01 1.552724154522681665e+01
1.554480131362978135e+01 1.567874557252076428e+01
1.567460868106865846e+01 1.585750813198164977e+01
1.581406782040652281e+01 1.602319097869007791e+01
1.599851354385426383e+01 1.618781532339971818e+01
1.613990707299783622e+01 1.635859890547986950e+01
1.649770939661218705e+01 1.628592439800968350e+01
1.646490228110626930e+01 1.668216462693436597e+01
1.656444094475824969e+01 1.683432126613410773e+01
1.698361635027328020e+01 1.684313076253062391e+01
1.713919326218867312e+01 1.694399651346846625e+01
1.707834029128860109e+01 1.731761395752492305e+01
1.745945858160709818e+01 1.729272577900358954e+01
1.744390132862608667e+01 1.763904180818825296e+01
1.752731141195645748e+01 1.779370675622491760e+01
1.782670371740706017e+01 1.796187444372646880e+01
1.797852193144862909e+01 1.811784707115285542e+01
1.826903033661775311e+01 1.805613310678480588e+01
1.843384289793712583e+01 1.827668317884776172e+01
1.859265293325521284e+01 1.843284975986505003e+01
1.862867927010627156e+01 1.877955200467047092e+01
1.892918103067816915e+01 1.875148776079735669e+01
1.909420627211741461e+01 1.889146937398685111e+01
1.926305911238230095e+01 1.903031739777918929e+01
1.928129242070967919e+01 1.942090869020276145e+01
1.959337437911521462e+01 1.942475413861241762e+01
1.976295064908597254e+01 1.950706355201261744e+01
1.992586702688316436e+01 1.968208355870807935e+01
2.010635394558972422e+01 1.993118372347482392e+01
2.028137317399182393e+01 2.010930390461563277e+01
2.045252686815802790e+01 2.021890702883605329e+01
2.063907889351188629e+01 2.049846705960978355e+01
2.078494956001508598e+01 2.057078214528732474e+01
2.099138260822006785e+01 2.069492134931672922e+01
2.116422316980359852e+01 2.093662239913725642e+01
2.133719428676417351e+01 2.105829976622390731e+01
2.129659641023434702e+01 2.149207895756017805e+01
2.168380028981499663e+01 2.140022559353954890e+01
2.184881076134038835e+01 2.165442724788981721e+01
