0.000000000000000000e+00 0.000000000000000000e+00
0.000000000000000000e+00 0.000000000000000000e+00
0.000000000000000000e+00 0.000000000000000000e+00
0.000000000000000000e+00 0.000000000000000000e+00
0.000000000000000000e+00 0.000000000000000000e+00
0.000000000000000000e+00 0.000000000000000000e+00
0.000000000000000000e+00 0.000000000000000000e+00
0.000000000000000000e+00 0.000000000000000000e+00
0.000000000000000000e+00 0.000000000000000000e+00
2.004640811092376074e-01 6.343883215979491119e+00
5.769320556607436146e+00 6.537048962710144906e+00
6.508436468326517677e+00 6.498658282444086609e+00
6.506252652556162808e+00 6.607217716622425741e+00
6.479609867380763610e+00 6.471419339896081979e+00
6.516518171912759172e+00 6.909141414707356432e+00
6.746900216920534099e+00 7.170116887578410925e+00
7.088964324125814009e+00 7.300704941843952689e+00
7.319074957405526050e+00 7.616230761532720273e+00
7.544423569342284530e+00 7.802563170745361987e+00
7.775927518566907892e+00 8.029080773162865725e+00
7.928479704645869042e+00 8.218475679977331083e+00
8.175794773627854894e+00 8.410134339776552892e+00
8.361646615127979132e+00 8.574611717869368377e+00
8.574243814407068953e+00 8.740824463170703496e+00
8.741579162993927454e+00 8.908402051735645699e+00
8.963924184396503847e+00 9.078701559391049614e+00
9.125228599148259789e+00 9.255827047055769086e+00
9.289915445524206561e+00 9.423764856050476979e+00
9.443531964891203501e+00 9.585529783312665586e+00
9.608531007149739622e+00 9.751202813231861555e+00
9.795647730455815605e+00 9.916426007616406579e+00
9.957534404034769082e+00 1.008656566389444897e+01
1.013865510090444211e+01 1.025233991379571741e+01
1.029616447302080040e+01 1.041083531556100894e+01
1.045317928145638042e+01 1.057651337957543980e+01
1.064357982791420909e+01 1.074702981158600679e+01
1.079896984328316911e+01 1.091620619763311772e+01
1.098399361024520005e+01 1.107480363788596911e+01
1.114515484123514355e+01 1.124017566076321550e+01
1.130668690791284980e+01 1.140712056944157560e+01
1.145446670491473107e+01 1.157380618503836089e+01
1.162361529603581722e+01 1.173532859434855347e+01
1.177198371754743178e+01 1.189982468598017817e+01
1.194970748201492583e+01 1.206766680423739757e+01
1.207721202876537525e+01 1.222857166099565873e+01
1.228582289117635717e+01 1.238858797328500394e+01
1.243324213992556260e+01 1.255168525994340278e+01
1.260672721946311903e+01 1.270605171033941438e+01
1.273929858542078009e+01 1.285761202075863707e+01
1.286388875454332492e+01 1.300621230550278717e+01
1.312572183393034564e+01 1.302764287704288648e+01
1.325831343170072074e+01 1.316947179539214652e+01
1.330147008581727874e+01 1.344770479947414721e+01
1.355693056798741480e+01 1.345284710907065318e+01
1.362480864449128681e+01 1.374966055427976031e+01
1.378109352853156544e+01 1.390125432383596049e+01
1.403049591786373540e+01 1.392769561445942905e+01
1.406286794400916840e+01 1.421697802224026930e+01
1.423317262707366204e+01 1.436444314165800940e+01
1.448908576004086513e+01 1.441312701471675517e+01
1.455810633919501562e+01 1.467495640686132674e+01
1.473244922045650185e+01 1.482974589322665260e+01
1.497042416114636332e+01 1.489462625026408382e+01
1.501040267991012733e+01 1.515137472379243100e+01
1.518651546160165999e+01 1.532176602730770121e+01
1.546687938313999489e+01 1.535712819998330403e+01
1.562632351967753408e+01 1.549131802755507792e+01
1.559958008818580311e+01 1.580751072122638057e+01
1.595486073918687531e+01 1.580632650204464795e+01
1.597328305288763595e+01 1.613834353309743719e+01
1.628928862643626374e+01 1.610818256720788355e+01
1.644706435787024645e+01 1.633539870790789195e+01
1.660784010639397223e+01 1.649416192410553350e+01
1.663399381403690214e+01 1.678572582100766297e+01
1.694062865881637592e+01 1.682608542969875032e+01
1.712590217271942805e+01 1.688937679836267591e+01
1.728630978231344528e+01 1.708789020375289169e+01
1.725140940215767316e+01 1.746214688544653981e+01
1.740987390471387641e+01 1.762634134939244035e+01
1.762496443329850848e+01 1.778390638549984004e+01
1.795638388828065501e+01 1.772539465587416174e+01
1.814185432740055148e+01 1.795654246001859988e+01
1.830829338900879577e+01 1.815539031469128162e+01
1.848463456595472820e+01 1.822164530654307768e+01
1.866154204541602724e+01 1.844452026552902879e+01
1.863788982497356628e+01 1.881521964958498216e+01
1.900464907935228709e+01 1.881667665480495089e+01
1.917716186610892848e+01 1.901223956123779857e+01
1.935388729336288449e+01 1.910181061452379936e+01
1.953925553406437388e+01 1.924829176409136267e+01
1.969691654127825586e+01 1.945190471763382689e+01
1.987315376880057372e+01 1.963598712445011785e+01
2.006277561541311272e+01 1.984865542474236477e+01
2.022656600031634966e+01 2.004515058122215621e+01
2.023017960685123384e+01 2.037597765472606071e+01
2.057645535179732477e+01 2.035288663879736504e+01
2.074850146486885549e+01 2.052419387107766013e+01
2.091226135098707672e+01 2.071537169053056360e+01
2.110999461258890619e+01 2.082839857625978297e+01
2.126611204078328754e+01 2.099788149470761311e+01
2.145308231069628135e+01 2.131134569705708159e+01
