0.000000000000000000e+00 -2.570460570067861425e-02
1.909733815840501756e-03 -2.313414513061075317e-02
2.570460570067861078e-03 0.000000000000000000e+00
2.215241091554255928e-02 0.000000000000000000e+00
7.711381710203583234e-03 0.000000000000000000e+00
1.047949754412600687e-01 0.000000000000000000e+00
1.236892063145031556e-01 0.000000000000000000e+00
6.843978960400989298e-01 1.565415607434627487e+00
1.610906133004940566e+00 1.803225077760380435e+00
1.887210724810910900e+00 1.900485656806111257e+00
2.003859532944374688e+00 2.018013552499778207e+00
2.097520033803212058e+00 2.171319846016197985e+00
2.222183501790786497e+00 2.306928753881903660e+00
2.358152774452378253e+00 2.460365633837240384e+00
2.525155340563802309e+00 2.636945799022465842e+00
2.634015146089831116e+00 2.789367027193264903e+00
2.861685169388250571e+00 2.941235897937779065e+00
2.985146713613846536e+00 3.081797366495738100e+00
3.153887645366725501e+00 3.213495037474618954e+00
3.269876967232318687e+00 3.334649062114972473e+00
3.454963361752485085e+00 3.414513866606071701e+00
3.541363727015560681e+00 3.606506145919798012e+00
3.685495827285511172e+00 3.730966929921390118e+00
3.856357939003746793e+00 3.833669209079872520e+00
3.954969356598602825e+00 4.003216847317554006e+00
4.132798567848833926e+00 4.090376430382026918e+00
4.263282899408896043e+00 4.227420840229787480e+00
4.400708050446458408e+00 4.327855518359378983e+00
4.479976200672033393e+00 4.557767913849979813e+00
4.630596113020486015e+00 4.691042911272641724e+00
4.832537032357021367e+00 4.777412221895513511e+00
4.972773869931812918e+00 4.915320618751318094e+00
5.036383649317702549e+00 5.108302651281031892e+00
5.246674275672423171e+00 5.182332232960020768e+00
5.381667302004364828e+00 5.311094604761087190e+00
5.524322485230776181e+00 5.454885933031828671e+00
5.663270286421186128e+00 5.561674618563996475e+00
5.801254099866986813e+00 5.733870252476652496e+00
5.948345557189627542e+00 5.873474722453604357e+00
6.093841193040376858e+00 6.017398569115616880e+00
6.241572294199928095e+00 6.142737742161736847e+00
6.389938324957543436e+00 6.311458739867836343e+00
6.534577475978907479e+00 6.429818108051859937e+00
6.685447287350599233e+00 6.623442587678895599e+00
6.830220171090193304e+00 6.775458888258924617e+00
6.975090781233308057e+00 6.885882923512641085e+00
7.122136264196559097e+00 7.036422279078384356e+00
7.283347164304862176e+00 7.197539999487807982e+00
7.427452187963062613e+00 7.314789031333780223e+00
7.473611691369018040e+00 7.544283942144573096e+00
7.708321014109225544e+00 7.627269370644682134e+00
7.857692237207665187e+00 7.782144274262979167e+00
8.002308245387974139e+00 7.914654670086511246e+00
8.161344619926675037e+00 8.033237778268555118e+00
8.310090890045948697e+00 8.200074531346341900e+00
8.455071820557677142e+00 8.380199681374852716e+00
8.608062018250549841e+00 8.503413365910491351e+00
8.740410691038020374e+00 8.629477928673509268e+00
8.892538055380430961e+00 8.817847270113260194e+00
9.052478821328643122e+00 8.961171425995246409e+00
9.193920757507306973e+00 9.093397918212778208e+00
9.347694967194353666e+00 9.264850527258039037e+00
9.493708653656074858e+00 9.417901879074570104e+00
9.654413224756821066e+00 9.538968304994369873e+00
9.792091921235737573e+00 9.718633174039299050e+00
9.943051486870015054e+00 9.850044360316170255e+00
1.008924558805665939e+01 1.000351195516997649e+01
1.024287018393648374e+01 1.015534786227805242e+01
1.039237059445393108e+01 1.032251496285017822e+01
1.054469904039432393e+01 1.045638751577947545e+01
1.069523291466637716e+01 1.058282341210457567e+01
1.085208232538009199e+01 1.069507883638862999e+01
1.098978547459782185e+01 1.085646480282086124e+01
1.113995377442991241e+01 1.105676202660871432e+01
1.129183880871961065e+01 1.116104370214530661e+01
1.144196851267828130e+01 1.125232911186746243e+01
1.159830812394390342e+01 1.146375718256890153e+01
1.174347241218477933e+01 1.161022954803133800e+01
1.189291972006015286e+01 1.173467422920920988e+01
1.204294254429844990e+01 1.191744180286132782e+01
1.219085908292341891e+01 1.210627050739894095e+01
1.234165929352322699e+01 1.223166033068018521e+01
1.249406068249491852e+01 1.230741028222478839e+01
1.264576144833962701e+01 1.244922862845587730e+01
1.279131860258675601e+01 1.263192093039521957e+01
1.294116082557757963e+01 1.275536248921848603e+01
1.309168041698900176e+01 1.300424844083574349e+01
1.324547946105725238e+01 1.312468332565598139e+01
1.339071099939625853e+01 1.326728207892588074e+01
1.355572520664967051e+01 1.342884987585530787e+01
1.370179349495301224e+01 1.356071944987201228e+01
1.384912842558192558e+01 1.370209212419342748e+01
1.401307648849611454e+01 1.383173906300817357e+01
1.417157777766132476e+01 1.393648647105234240e+01
1.431619080127769905e+01 1.409497966128276225e+01
1.447921028232697260e+01 1.422062947110291375e+01
1.463158791146484461e+01 1.444911172092764673e+01
1.478267747560958512e+01 1.464621657108903641e+01
1.494209136182004549e+01 1.476307020696781080e+01
1.509634739157981009e+01 1.486679608319800927e+01
1.524034792298397711e+01 1.510687521468216943e+01
