0.000000000000000000e+00 0.000000000000000000e+00
2.189816340018911275e-03 0.000000000000000000e+00
9.430762526556082243e-03 0.000000000000000000e+00
8.241784545012809451e-03 1.044752923843275116e-01
2.383418312069290612e-01 5.888256448972332274e-02
3.577759463192419775e-01 2.099317450131506502e-01
3.747508748071760598e-01 4.690978506409649307e-01
5.773636910746187123e-01 5.287304792701456035e-01
6.773288578230302059e-01 6.250891880849173132e-01
7.729108046429820078e-01 7.389836917169484432e-01
8.627741297194679859e-01 8.350125629543142525e-01
9.486458105779324024e-01 9.099716907984483072e-01
1.036835032156635528e+00 1.005578342026561822e+00
1.127420645983455927e+00 1.090134270264372152e+00
1.218562425765635338e+00 1.190640234507520434e+00
1.305924368630089871e+00 1.265866087162467846e+00
1.395040756554639216e+00 1.347692174556861300e+00
1.488073336739565322e+00 1.448682422395245917e+00
1.571985976330919188e+00 1.532135024695640668e+00
1.655610802571476414e+00 1.621348097258665577e+00
1.744696172774474530e+00 1.704839902561255061e+00
1.830757341955164819e+00 1.786058171393653193e+00
1.917648240225499068e+00 1.863318430802071601e+00
2.007197872433361674e+00 1.963660477940037508e+00
2.095047318303167039e+00 2.030032997174941123e+00
2.179147182231502278e+00 2.136224684600841250e+00
2.265003602725557119e+00 2.235317298683862752e+00
2.351445571233677256e+00 2.298348427044427655e+00
2.441637431047820606e+00 2.395769413619099897e+00
2.532177156475781121e+00 2.487129844159599923e+00
2.620795372772030785e+00 2.571748422005176948e+00
2.709202120950206183e+00 2.629904774041477822e+00
2.794032039036925763e+00 2.758909406193643221e+00
2.882101275295490428e+00 2.821101397565774604e+00
2.967015632540164205e+00 2.906421707710963975e+00
3.050842167296710095e+00 2.999169841235244327e+00
3.136502088071384975e+00 3.065377426429033658e+00
3.221896735790598321e+00 3.144380274362702732e+00
3.311698117944027686e+00 3.249286703168816182e+00
3.398891207688170990e+00 3.338761493556365423e+00
3.486479664812862644e+00 3.427973556249364062e+00
3.569632338335575472e+00 3.523983685597693150e+00
3.660611578566093094e+00 3.600511654032399811e+00
3.743092758364892525e+00 3.689695229423849643e+00
3.833724474331849486e+00 3.782451490086897739e+00
3.922735800933809358e+00 3.836694101572982074e+00
4.012695199448438110e+00 3.949531387123869308e+00
4.105381822051417551e+00 4.021222640668770332e+00
4.184086138137018906e+00 4.116495534859017091e+00
4.272525540678842049e+00 4.193553032038962236e+00
4.360698391133371210e+00 4.266402740503123958e+00
4.450886363777171617e+00 4.367883596758854736e+00
4.533942365567812161e+00 4.415380750529478426e+00
4.626791493652331333e+00 4.556767552252174447e+00
4.717714952630405634e+00 4.631642931220727455e+00
4.801289719388684318e+00 4.714766506284115088e+00
4.893898862618308421e+00 4.812477717920645048e+00
4.976609658943544900e+00 4.877033455359303993e+00
5.069824757971100659e+00 4.971307496041601048e+00
5.150928184062406601e+00 5.082949904269280061e+00
5.239326190691168783e+00 5.161139326465674415e+00
5.324868601307519711e+00 5.257768453668669295e+00
5.411315626342646290e+00 5.338387325796712268e+00
5.493068230019146014e+00 5.386007354117055002e+00
5.583859585094002043e+00 5.488018667804260176e+00
5.671062939525620905e+00 5.605261172704098627e+00
5.755177337881168143e+00 5.635569454774397080e+00
5.843256629627416210e+00 5.736087845347312530e+00
5.936846132255813480e+00 5.846807210503222940e+00
6.020582069842242312e+00 5.899292482690992934e+00
6.109481507232653819e+00 6.010179931722495539e+00
6.192294330677537317e+00 6.105469436210819723e+00
6.284833188499358236e+00 6.187071717309962082e+00
6.363485239248180214e+00 6.279845129245074986e+00
6.458405197555393329e+00 6.354858330481578221e+00
6.546896092038401171e+00 6.467881830296989598e+00
6.629201393364026806e+00 6.535015911701679059e+00
6.712816898629391460e+00 6.640187002425519402e+00
6.803063568291929819e+00 6.726908967497243097e+00
6.887336117109448708e+00 6.800385726356832805e+00
6.975862918755353803e+00 6.864422598358922656e+00
7.061574610296739607e+00 6.943863875181238043e+00
7.152284076048364803e+00 7.063086423300060979e+00
7.244867765590075948e+00 7.145063244687552384e+00
7.324643083227825535e+00 7.198813099519450809e+00
7.422663417889157067e+00 7.317025251529761576e+00
7.500876136902863145e+00 7.352941108721590346e+00
7.601908954096336934e+00 7.524078471280798652e+00
7.679972845649324142e+00 7.603694196453872678e+00
7.764748916858885686e+00 7.694421094732192934e+00
7.854295141720489148e+00 7.742115989286175726e+00
7.939875155068403245e+00 7.861504729541812786e+00
8.031636970693552868e+00 7.923424817861326019e+00
8.115982151757290097e+00 8.003903268432422280e+00
8.197394202115756201e+00 8.095918205677614665e+00
8.288673619286122118e+00 8.204788844601978326e+00
8.370155894601358781e+00 8.279128775231164639e+00
8.459891314480413982e+00 8.357620433520990488e+00
8.548526182102012427e+00 8.395620628154025766e+00
8.631656786081455479e+00 8.513041191475275937e+00
8.726278721623224044e+00 8.630044823588134406e+00
