0.000000000000000000e+00 0.000000000000000000e+00
0.000000000000000000e+00 0.000000000000000000e+00
0.000000000000000000e+00 0.000000000000000000e+00
0.000000000000000000e+00 0.000000000000000000e+00
0.000000000000000000e+00 0.000000000000000000e+00
0.000000000000000000e+00 0.000000000000000000e+00
0.000000000000000000e+00 0.000000000000000000e+00
7.402961475958863558e-02 7.740667753134864923e-03
2.451426595561355448e+00 4.966555345603768323e+00
3.251883593835448227e+00 5.422418997722110667e+00
5.497090749916791808e+00 5.493019985338913003e+00
5.558038928671589218e+00 5.557057333416572042e+00
5.681253844632519368e+00 5.681418266461704114e+00
5.784627779312611295e+00 5.819105549934085353e+00
5.879458905671645752e+00 5.928286945448583367e+00
6.062168847628634616e+00 6.360859536763649125e+00
6.364167519041624921e+00 6.659554481763469980e+00
6.683761744870047039e+00 6.933322886415732356e+00
6.971843536354484172e+00 7.158900186190786386e+00
7.161068992715127202e+00 7.375192168956504091e+00
7.375525345732777183e+00 7.623943678492230092e+00
7.568421518789055114e+00 7.840421116398106349e+00
7.765300149535083740e+00 8.042683302622288366e+00
7.988093739897015766e+00 8.245372519890651120e+00
8.226224692167820152e+00 8.433940173402666218e+00
8.417141713018098770e+00 8.613883638175801494e+00
8.604921441477328514e+00 8.798192029054323626e+00
8.792698044756498632e+00 8.977708351908908924e+00
8.970514688882394339e+00 9.160344618364760549e+00
9.141531961250144889e+00 9.337080562380828397e+00
9.356761691165299766e+00 9.512300351896845640e+00
9.528640129161713546e+00 9.671368508914746087e+00
9.685491978499406684e+00 9.838014422197611353e+00
9.981875595779936106e+00 9.869532675645475095e+00
9.986279954870022735e+00 1.017008180539975015e+01
1.017844609412407308e+01 1.035674130734866161e+01
1.034511522609137657e+01 1.053063852663482081e+01
1.049768765373400647e+01 1.070733422256411593e+01
1.086119133531556535e+01 1.069789171374332604e+01
1.103562981909188956e+01 1.081465901848416600e+01
1.120270694198699601e+01 1.102315283286083236e+01
1.137054742712873434e+01 1.117814781537522784e+01
1.137089946977347843e+01 1.155442965985170112e+01
1.172357189591766158e+01 1.152788641424689864e+01
1.174747549215960518e+01 1.190984557051071313e+01
1.207842895045886067e+01 1.191146661946925356e+01
1.226697184683900232e+01 1.205092109610058237e+01
1.243120763311963550e+01 1.225990438546973316e+01
1.263146372950186169e+01 1.243991132276497780e+01
1.281194326591826282e+01 1.261692858854693533e+01
1.299277206481299807e+01 1.272262026645110033e+01
1.316843191236853094e+01 1.293963226470574135e+01
1.336567309453328889e+01 1.314571460125118030e+01
1.333231214419997457e+01 1.354075983228236701e+01
1.372257959209743738e+01 1.354040908886405781e+01
1.391081024804833888e+01 1.368581008362888696e+01
1.410256128609342774e+01 1.392546106912024761e+01
1.427764045976150165e+01 1.405388375677999591e+01
1.446225188076455304e+01 1.425069466444398181e+01
1.444037505917229147e+01 1.465211464358530336e+01
1.485242794590302395e+01 1.463590226498157065e+01
1.503764674077179642e+01 1.484004031687491576e+01
1.522017726445186270e+01 1.506263739430150395e+01
1.540738822013393872e+01 1.525524302884321237e+01
1.561193338129821306e+01 1.542242403166236286e+01
1.579718083207177415e+01 1.569690771157490694e+01
1.599866250844670468e+01 1.582231253942259741e+01
1.618199423934822434e+01 1.609272086857304274e+01
1.639042021036652486e+01 1.625216593088622474e+01
1.658830763377658712e+01 1.641676045370651948e+01
1.678730578695800801e+01 1.662939611891684422e+01
1.700162549043355398e+01 1.683292919482061478e+01
1.720970835849416858e+01 1.705528518527311022e+01
1.723746027681544390e+01 1.736367936168712944e+01
1.760198067143508638e+01 1.736537402407898156e+01
1.780278143110045974e+01 1.759289857109267885e+01
1.799815657878448150e+01 1.780143247218737201e+01
1.820457435560439308e+01 1.798805261613969364e+01
1.840718199455632487e+01 1.819765286170847673e+01
1.861548975442058662e+01 1.840100761940493612e+01
1.881709142768335852e+01 1.846859540079948658e+01
1.903478834900823458e+01 1.876780989224896601e+01
1.923437575552345180e+01 1.901828709474377987e+01
1.943147577593958530e+01 1.922278294115340813e+01
1.964157331759334468e+01 1.941481357955146692e+01
1.957792050016579211e+01 1.977174916266844562e+01
2.002289185248438486e+01 1.972465317209123370e+01
2.022038379709557887e+01 1.998389447860963131e+01
2.042109382157174480e+01 2.015431055896423729e+01
2.064224726269419108e+01 2.034393078383908460e+01
2.083828306344751979e+01 2.065161166544697480e+01
2.104173387648813431e+01 2.081393616357955523e+01
2.125332670368300469e+01 2.101637794239971413e+01
2.146439352634613940e+01 2.122188666068805674e+01
2.168029547062851847e+01 2.139265385915127737e+01
2.187977025002069098e+01 2.167773115910772574e+01
2.179261514249951048e+01 2.200344229411521724e+01
2.228462187561235552e+01 2.203387294127304941e+01
2.248369945747996468e+01 2.218293774009206487e+01
2.268131050460251430e+01 2.243677899059020930e+01
2.291333997940388301e+01 2.267736338060211665e+01
