0.000000000000000000e+00 0.000000000000000000e+00
1.335538145570016591e-03 0.000000000000000000e+00
1.858430659537066432e-02 0.000000000000000000e+00
9.273566629914997694e-02 2.886551334212312777e-04
2.218263152569053542e-01 5.141101575278490127e-02
1.598027921762786574e-01 3.439948504418431363e-01
4.501010456368612633e-01 4.365705656569625059e-01
5.461905610797307409e-01 5.139742575088265264e-01
6.387835051302909184e-01 6.172837630037056877e-01
7.329009870275287053e-01 6.996081633101631780e-01
8.198826731108994625e-01 7.861861381673242999e-01
9.041802444115724091e-01 8.803026128583045784e-01
9.938579353029507457e-01 9.682581692965956943e-01
1.079673160751176919e+00 1.046503964120650165e+00
1.164193545379070827e+00 1.124057059614842702e+00
1.250196615491167895e+00 1.204138297840971372e+00
1.330182629890772184e+00 1.291471066295272196e+00
1.413631890699581950e+00 1.373897714056472097e+00
1.497698682459149166e+00 1.460201706417103562e+00
1.582146988659870024e+00 1.543020231952810351e+00
1.662559616052534217e+00 1.621457009921633663e+00
1.747767899344129017e+00 1.697832523846832586e+00
1.830506497917480546e+00 1.787106036964820843e+00
1.913478373600324467e+00 1.856373215990500869e+00
1.995819075078417937e+00 1.950808847875143526e+00
2.079398617372648861e+00 2.024971100628111031e+00
2.168058527696590243e+00 2.127254126592948769e+00
2.245137208703413378e+00 2.185521685291884619e+00
2.330945019688948516e+00 2.294800251069230246e+00
2.410595500111716749e+00 2.369690825026761427e+00
2.493242346100008167e+00 2.437366576723652756e+00
2.583842710019319977e+00 2.535318233412299893e+00
2.665495739336857017e+00 2.598226632179816864e+00
2.746580971192150944e+00 2.679890908247902992e+00
2.828802493891141800e+00 2.794294859091450256e+00
2.913128388042110384e+00 2.856891374919099391e+00
2.992620166327230269e+00 2.936237239117121423e+00
3.077423588093112450e+00 3.037990236206689953e+00
3.162330458773992437e+00 3.106777972804863008e+00
3.244911611570846954e+00 3.181341504981727741e+00
3.327035535975673142e+00 3.244418692554716266e+00
3.412776860011922153e+00 3.337655160398508070e+00
3.494499482715463401e+00 3.435931136174929179e+00
3.574795112650688722e+00 3.519637998187517436e+00
3.656805064683700035e+00 3.602391722132555874e+00
3.741841220026266512e+00 3.655153071922637942e+00
3.828180507511548480e+00 3.759941124677239621e+00
3.907489646989120047e+00 3.847931469894478429e+00
3.992372821285966378e+00 3.901404917005928841e+00
4.075316482088076064e+00 4.008832048404477710e+00
4.158476126631163616e+00 4.075265503679006862e+00
4.241631095787373518e+00 4.174375931181219634e+00
4.323867613598112669e+00 4.254362863690824170e+00
4.410417668542431890e+00 4.348664068914793290e+00
4.496311398506743551e+00 4.428430255801997006e+00
4.578987280327513787e+00 4.507215070526335410e+00
4.657505568553155229e+00 4.582131238731588674e+00
4.742738832464530319e+00 4.656788137559072283e+00
4.827558241672123884e+00 4.769855504469461493e+00
4.909027732137740685e+00 4.829232739669209629e+00
4.992816062263122134e+00 4.891854743227870728e+00
5.073815848243103943e+00 4.978753086882110601e+00
5.162672629862465001e+00 5.062038081460469741e+00
5.242486733332619941e+00 5.158754004236350887e+00
5.329154957504094625e+00 5.201130397425777652e+00
5.408537699581238201e+00 5.344511894837182808e+00
5.494284116321217937e+00 5.402868715360862772e+00
5.578677663174087087e+00 5.472663630375085297e+00
5.660101717269702348e+00 5.596317496944204883e+00
5.738368154635985263e+00 5.649371248922458122e+00
5.825374515505271411e+00 5.714359952184234537e+00
5.907442687641216494e+00 5.825487240527118082e+00
5.995539356253536845e+00 5.908767651326855663e+00
6.075282533969811105e+00 5.969957478570612430e+00
6.156990727287021237e+00 6.047443173394770000e+00
6.238500288753418666e+00 6.121530946234361892e+00
6.319727330884838956e+00 6.217127489223732262e+00
6.401870425758112937e+00 6.339584470105639191e+00
6.482719214273889641e+00 6.374819994980822635e+00
6.573654967400975657e+00 6.473329117313751269e+00
6.652192850272272473e+00 6.590677331543310480e+00
6.738340272284268018e+00 6.634373657093809662e+00
6.824365125874266802e+00 6.714358338440268525e+00
6.905249311904857024e+00 6.799488305474109318e+00
6.984741020341190598e+00 6.885153318488701935e+00
7.078173487894752647e+00 6.987418105639870980e+00
7.157374238858192683e+00 7.054517487440385537e+00
7.241108979101922749e+00 7.113171785142996306e+00
7.323023614754614385e+00 7.200702502461767018e+00
7.414290078303961806e+00 7.311372362561407101e+00
7.490578538896173200e+00 7.408624426945711328e+00
7.580688710667600638e+00 7.479870858325853078e+00
7.661597840794800440e+00 7.489328447753006657e+00
7.741753123687423077e+00 7.642464890123872756e+00
7.827508903638849880e+00 7.704269561778781750e+00
7.922275102478289810e+00 7.818836983175729394e+00
7.996764262025490844e+00 7.853292288180747427e+00
8.078710303392654168e+00 7.956240878333838751e+00
8.162630084647327422e+00 8.044368525073359422e+00
8.247458692690747384e+00 8.147770890309464775e+00
8.334099133907136192e+00 8.199985876648591798e+00
