0.000000000000000000e+00 0.000000000000000000e+00
0.000000000000000000e+00 0.000000000000000000e+00
0.000000000000000000e+00 0.000000000000000000e+00
0.000000000000000000e+00 0.000000000000000000e+00
0.000000000000000000e+00 0.000000000000000000e+00
0.000000000000000000e+00 1.720656311498137969e-02
8.026451729901645793e-02 0.000000000000000000e+00
1.777903256932849008e-01 5.246717942557487468e+00
2.203577154564180773e+01 3.337342811578009361e+01
3.257436601531393450e+01 3.286046580881311741e+01
3.002174833043981295e+01 3.229539378494209956e+01
3.234573156755096335e+01 3.233626479113395646e+01
3.232376991960070001e+01 3.232516118218844525e+01
3.231225379477346138e+01 3.231150479073394166e+01
3.231517182520177300e+01 3.231522758205358059e+01
3.233617569088435317e+01 3.233290216963611385e+01
3.236535537062076884e+01 3.240075170353142653e+01
3.247066637003914735e+01 3.269105296782242220e+01
3.254404670997504212e+01 3.330446726071795638e+01
3.268431909686604797e+01 3.375159849385241273e+01
3.302386208163729009e+01 3.416987976330213428e+01
3.349532193435011607e+01 3.450906020543263963e+01
3.396210944784267127e+01 3.486628051762549774e+01
3.452924911870590563e+01 3.518072699439787954e+01
3.487000544844830330e+01 3.548757128639783076e+01
3.520048252310227355e+01 3.577084633767154287e+01
3.560571927577113627e+01 3.604597419655547696e+01
3.585912573945584114e+01 3.632733001864858835e+01
3.628556510206940544e+01 3.660062030403121014e+01
3.651238727736822653e+01 3.686956050387174599e+01
3.680926573372379096e+01 3.712154798892058949e+01
3.705025333478884164e+01 3.738848511019985210e+01
3.734795598773095548e+01 3.764151696346701215e+01
3.760310411990675306e+01 3.789685924317205235e+01
3.785302979572050930e+01 3.815171475704667614e+01
3.811530277073593709e+01 3.841061259998289046e+01
3.831128304099709680e+01 3.864307818093124069e+01
3.855822639304638244e+01 3.888606873263566399e+01
3.879168014186218016e+01 3.913229276442470450e+01
3.903446654015614570e+01 3.935862313684556568e+01
3.923572811413755090e+01 3.958215244139709910e+01
3.976623252583581092e+01 3.939943549096172148e+01
3.962128577766133475e+01 4.004591239224250643e+01
3.989075402492230182e+01 4.028155169743516240e+01
4.015795949653534791e+01 4.053734610041106379e+01
4.025729248760023182e+01 4.078136481721190876e+01
4.056502016461269022e+01 4.100924606198481115e+01
4.120595497875923741e+01 4.080730901550099077e+01
4.089207236387356659e+01 4.144444610361264836e+01
4.164865653430638304e+01 4.110328080725517452e+01
4.186853136641055073e+01 4.130254185585603466e+01
4.210394252539249749e+01 4.142196484780614441e+01
4.164145427875345717e+01 4.235557733731313590e+01
4.208802661366503628e+01 4.259592604114182990e+01
4.280972962448525720e+01 4.210127117133613694e+01
4.248808720393832772e+01 4.305032696791293745e+01
4.327524212433032602e+01 4.243672583639599338e+01
4.351286784566693910e+01 4.297656447939392166e+01
4.312792272753409861e+01 4.374029800484132124e+01
4.330837161227994159e+01 4.398934771170204527e+01
4.422567383590531165e+01 4.345431232717180592e+01
4.448973089829986094e+01 4.377387658230097855e+01
4.404520430309833046e+01 4.472944621311428648e+01
4.425699015069175601e+01 4.498263616656169717e+01
4.522224836512875612e+01 4.438782944743468306e+01
4.548474557992447842e+01 4.468948725005421352e+01
4.572695228629230968e+01 4.483684483654299413e+01
4.599297467883724266e+01 4.499922914956636077e+01
4.623194944883073987e+01 4.532629642385910529e+01
4.650662070386749747e+01 4.557698847615174742e+01
4.579447906747216024e+01 4.673865463651728192e+01
4.700404741801949626e+01 4.624555851543593832e+01
4.638421737432754099e+01 4.725179349090269199e+01
4.750255766207366293e+01 4.653415100018986550e+01
4.698638983968514538e+01 4.772327644185616435e+01
4.799672842048980925e+01 4.715508870948286813e+01
4.824410734572953885e+01 4.736702187271014708e+01
4.847202551280122407e+01 4.755935494515119188e+01
4.873129400758635654e+01 4.777156121954475765e+01
4.898963983191355709e+01 4.801705428929174957e+01
4.923978983600397186e+01 4.826328997871115689e+01
4.949499090086056441e+01 4.860677823010055221e+01
4.976696396908710085e+01 4.873948693322525116e+01
5.000186055472991598e+01 4.904506674115056342e+01
5.027648237424927657e+01 4.929585867859892545e+01
5.051876391124104515e+01 4.956877607153565890e+01
4.994964942022295418e+01 5.072308077595883447e+01
5.102892003126451215e+01 5.010332941827638109e+01
5.127459610874697660e+01 5.026520610510365827e+01
5.153834863811444222e+01 5.048743265922728796e+01
5.095864254570467011e+01 5.172125935348174153e+01
5.205554611002096266e+01 5.107618489310109311e+01
5.228960537753063420e+01 5.134284182211580116e+01
5.257242026973285220e+01 5.165247083501985514e+01
5.195064270363367598e+01 5.276879062568021794e+01
5.308407203937185415e+01 5.214444314915627388e+01
5.336047135855218215e+01 5.247408294047226462e+01
5.363181847430320204e+01 5.264233961993453192e+01
5.389897349719584696e+01 5.274439757035104037e+01
5.418473484694538200e+01 5.317016409129770693e+01
5.446757647607253716e+01 5.373183943378479910e+01
