0.000000000000000000e+00 0.000000000000000000e+00
0.000000000000000000e+00 0.000000000000000000e+00
0.000000000000000000e+00 0.000000000000000000e+00
0.000000000000000000e+00 0.000000000000000000e+00
0.000000000000000000e+00 0.000000000000000000e+00
0.000000000000000000e+00 0.000000000000000000e+00
0.000000000000000000e+00 0.000000000000000000e+00
0.000000000000000000e+00 0.000000000000000000e+00
0.000000000000000000e+00 0.000000000000000000e+00
0.000000000000000000e+00 0.000000000000000000e+00
0.000000000000000000e+00 0.000000000000000000e+00
0.000000000000000000e+00 0.000000000000000000e+00
0.000000000000000000e+00 0.000000000000000000e+00
0.000000000000000000e+00 0.000000000000000000e+00
0.000000000000000000e+00 0.000000000000000000e+00
0.000000000000000000e+00 0.000000000000000000e+00
0.000000000000000000e+00 0.000000000000000000e+00
0.000000000000000000e+00 0.000000000000000000e+00
0.000000000000000000e+00 0.000000000000000000e+00
0.000000000000000000e+00 0.000000000000000000e+00
0.000000000000000000e+00 0.000000000000000000e+00
0.000000000000000000e+00 0.000000000000000000e+00
0.000000000000000000e+00 0.000000000000000000e+00
0.000000000000000000e+00 0.000000000000000000e+00
0.000000000000000000e+00 0.000000000000000000e+00
0.000000000000000000e+00 0.000000000000000000e+00
0.000000000000000000e+00 0.000000000000000000e+00
0.000000000000000000e+00 0.000000000000000000e+00
0.000000000000000000e+00 0.000000000000000000e+00
0.000000000000000000e+00 0.000000000000000000e+00
0.000000000000000000e+00 0.000000000000000000e+00
0.000000000000000000e+00 0.000000000000000000e+00
0.000000000000000000e+00 0.000000000000000000e+00
0.000000000000000000e+00 0.000000000000000000e+00
0.000000000000000000e+00 0.000000000000000000e+00
0.000000000000000000e+00 0.000000000000000000e+00
0.000000000000000000e+00 0.000000000000000000e+00
0.000000000000000000e+00 0.000000000000000000e+00
0.000000000000000000e+00 0.000000000000000000e+00
0.000000000000000000e+00 0.000000000000000000e+00
0.000000000000000000e+00 0.000000000000000000e+00
0.000000000000000000e+00 0.000000000000000000e+00
0.000000000000000000e+00 0.000000000000000000e+00
0.000000000000000000e+00 0.000000000000000000e+00
0.000000000000000000e+00 0.000000000000000000e+00
0.000000000000000000e+00 0.000000000000000000e+00
9.928772162388338485e-02 0.000000000000000000e+00
9.501377285430534503e-02 0.000000000000000000e+00
0.000000000000000000e+00 7.661270852737167569e-02
0.000000000000000000e+00 0.000000000000000000e+00
2.066648920938965794e+00 2.043886593400833007e+00
4.325111465553706513e-01 2.171845363779554727e+00
2.405806072461190936e+00 2.823890477395158527e+00
3.217641775696990614e+00 1.872905227919417381e+00
7.152393558796086737e+00 1.014503031088474394e+01
7.761421671243493137e+00 1.402637898729449617e+01
1.579632678534952639e+01 1.675727050120967832e+01
1.781682644640702051e+01 1.819293606539101660e+01
1.889886515008885226e+01 1.907358100127429523e+01
1.958342336385454630e+01 1.975128625269570293e+01
2.014160214369482205e+01 2.028043650271829179e+01
2.062627290089665166e+01 2.073506656467591114e+01
2.103841756264922580e+01 2.114896280849183441e+01
2.142437693504835039e+01 2.147096615406479003e+01
2.173005358506373597e+01 2.179323667195787806e+01
2.203538270141277522e+01 2.209487147447620004e+01
2.239786001872935728e+01 2.234684444821105842e+01
2.267391818899828948e+01 2.263589754830601208e+01
2.292382074762387134e+01 2.296168579722629133e+01
2.325209930048385232e+01 2.326843543182577179e+01
2.357954037346526377e+01 2.353361620631276097e+01
2.389433471336348092e+01 2.383632631198382157e+01
2.421912146198199878e+01 2.414214626677358311e+01
2.452050519351482194e+01 2.446938599832853356e+01
2.483714865125664417e+01 2.475422830107908467e+01
2.514409899403267445e+01 2.503325582759832812e+01
2.547458369321095262e+01 2.535545755208395136e+01
2.580062424166871438e+01 2.566376977902839229e+01
2.612213787184844804e+01 2.597271711851785980e+01
2.645196205725765637e+01 2.632711761340647527e+01
2.675922783989377507e+01 2.662952295834291050e+01
2.708068857000132468e+01 2.693328094387139870e+01
2.739346791917287405e+01 2.723864849695007706e+01
2.770708494856173942e+01 2.754517584430233157e+01
2.802342642664209293e+01 2.785422524537527877e+01
2.835058953394701575e+01 2.819354785182726886e+01
2.866389846784587192e+01 2.852554304451862777e+01
2.899962364545456950e+01 2.883227414198706384e+01
2.931721633365834734e+01 2.913358523983502479e+01
2.964551448966067682e+01 2.945737266665173593e+01
2.996872952128980927e+01 2.977355279399725774e+01
3.028296335276603557e+01 3.014780328115242014e+01
3.059344035459218603e+01 3.047122458595282168e+01
3.091407600912208409e+01 3.075855386144463566e+01
3.125259112415369955e+01 3.108622300714295150e+01
3.156866391139583072e+01 3.140450222811068670e+01
3.190262951109203016e+01 3.172167156710338531e+01
3.222800082072965466e+01 3.206959804098649869e+01
3.253594195852706150e+01 3.235553140647375869e+01
3.289185856414751896e+01 3.271235295644110863e+01
3.320480509730865037e+01 3.300190914615761528e+01
