8.800863011656394619e-01 9.692282456752623343e-01
9.194357969612515502e-01 9.190494909003984469e-01
9.310043839487442963e-01 9.247099831327743047e-01
9.864897312804838947e-01 1.058745061286995304e+00
1.098875496538192165e+00 1.216148094144670955e+00
1.250749467688898608e+00 1.396947678344538701e+00
1.422683362191769607e+00 1.550909995028668442e+00
1.572620147812067160e+00 1.694691297107826733e+00
1.702307502310365983e+00 1.837588612215580675e+00
1.816508781781223991e+00 1.953093200801786278e+00
1.953273956479129714e+00 2.070295879844430864e+00
2.087573331663340692e+00 2.192060227177806020e+00
2.223442533974592905e+00 2.307927480590283853e+00
2.352909259197610403e+00 2.417570826268538475e+00
2.524717021793109417e+00 2.458259793090700640e+00
2.573551339234862567e+00 2.646576049987505286e+00
2.697021888687517244e+00 2.774364689749106549e+00
2.822538602748518421e+00 2.889904304088019238e+00
3.006196009928800983e+00 2.930095229123702794e+00
3.122384755227785469e+00 3.058820762906498736e+00
3.180529037202976639e+00 3.240576048824209465e+00
3.358192080411754432e+00 3.299495459528562602e+00
3.432069629462113802e+00 3.472998791112059891e+00
3.598026044867014051e+00 3.521789122825097262e+00
3.660749829430112179e+00 3.716459613870820355e+00
3.840685404256054980e+00 3.773054512892866974e+00
3.951916692508276707e+00 3.893012489580237823e+00
4.081143863137358885e+00 4.025616046866691278e+00
4.200881564931550294e+00 4.143608440636381118e+00
4.322827152161560882e+00 4.250861376702617100e+00
4.454439621035059638e+00 4.351310800952928659e+00
4.584706676130248404e+00 4.518142270499510005e+00
4.718504272011752931e+00 4.659690922890526998e+00
4.843063784372782621e+00 4.762432882948128388e+00
4.965971821728213165e+00 4.883151131427987401e+00
5.100008463964949001e+00 5.029476955161822360e+00
5.224342353094001190e+00 5.149660436700010280e+00
5.349538342692988557e+00 5.239354980697975783e+00
5.480406551499688916e+00 5.406861037419196769e+00
5.607963081217851808e+00 5.515168727383047198e+00
5.735167311177149507e+00 5.656143789915388354e+00
5.874071922227284581e+00 5.780752061639055306e+00
5.998041595573325502e+00 5.901947502704810944e+00
6.025672942771558738e+00 6.087733088476058541e+00
6.239683654351239284e+00 6.137853712066025480e+00
6.275605294200769180e+00 6.334493197682568244e+00
6.478544259406394445e+00 6.418075121036284081e+00
6.532189259312553453e+00 6.575038492243236554e+00
6.726260551819385647e+00 6.675090381524746874e+00
6.861000473340545192e+00 6.777431851493945558e+00
6.985083617429246772e+00 6.908519759287010231e+00
7.113745490822411810e+00 7.008457233038648759e+00
7.242614897281350217e+00 7.139416618649542023e+00
7.381879789019881066e+00 7.288043608148662145e+00
7.499888944022987225e+00 7.420470967716994437e+00
7.632386627174774674e+00 7.558722981461258428e+00
7.756832175419233089e+00 7.676164672332018490e+00
7.895393135874963164e+00 7.818318776993535835e+00
8.015374829997204742e+00 7.975256301571895357e+00
8.147467871067306078e+00 8.070164067666290464e+00
8.269884064077459129e+00 8.161500591731108756e+00
8.412684356363127947e+00 8.340732126602853569e+00
8.546771333008225113e+00 8.440790805229321236e+00
8.675451471889436661e+00 8.559821361762098846e+00
8.803519058382343943e+00 8.705333544739481511e+00
8.934222896882692666e+00 8.882792365117058608e+00
9.079585959136739604e+00 8.970579531575896937e+00
9.197672804212128739e+00 9.118163607285209693e+00
9.333335798681428486e+00 9.221420304339639884e+00
9.465479437254249007e+00 9.399890254142714952e+00
9.604035998661068163e+00 9.514268472287591649e+00
9.725126008310782666e+00 9.654135399194132106e+00
9.863536188032110630e+00 9.717584425127110848e+00
9.998183974915363592e+00 9.901209922215974402e+00
1.010824796152123639e+01 9.977479709441670508e+00
1.025527779877559631e+01 1.013624494204914228e+01
1.037547786661655813e+01 1.027939627228727559e+01
1.052083507408027963e+01 1.038740036249289389e+01
1.065781872854509160e+01 1.055601209077896918e+01
1.077195194183206617e+01 1.067792805178142856e+01
1.091419328426240831e+01 1.080698812520488161e+01
1.105297869337765349e+01 1.094369874758913497e+01
1.117211342447413536e+01 1.104299367077632965e+01
1.131229819356678945e+01 1.114699899804534056e+01
1.145323870939018640e+01 1.124481405591178884e+01
1.158932946944763387e+01 1.147187970348409003e+01
1.170072219960867344e+01 1.153984567794219807e+01
1.184477748888291337e+01 1.174118948689496733e+01
1.198887582631683024e+01 1.184056764392770233e+01
1.212118426333817212e+01 1.195417457726838606e+01
1.223289046583796669e+01 1.211871189475033361e+01
1.238161964425176187e+01 1.221153237569448358e+01
1.251450183163001206e+01 1.238341578923713371e+01
1.264925925780440252e+01 1.251396714692827494e+01
1.276878526769556288e+01 1.261370848878073225e+01
1.291529499129555525e+01 1.277403340497326667e+01
1.304297579452041767e+01 1.287759880123839018e+01
1.316350535764004270e+01 1.300942057192968448e+01
1.327893568417247216e+01 1.318431119340134039e+01
1.343512215138007448e+01 1.334705954579095177e+01
1.357432726407722612e+01 1.340045719750778375e+01
