0.000000000000000000e+00 0.000000000000000000e+00
0.000000000000000000e+00 0.000000000000000000e+00
0.000000000000000000e+00 0.000000000000000000e+00
0.000000000000000000e+00 0.000000000000000000e+00
0.000000000000000000e+00 0.000000000000000000e+00
0.000000000000000000e+00 0.000000000000000000e+00
0.000000000000000000e+00 0.000000000000000000e+00
0.000000000000000000e+00 0.000000000000000000e+00
0.000000000000000000e+00 0.000000000000000000e+00
0.000000000000000000e+00 0.000000000000000000e+00
0.000000000000000000e+00 0.000000000000000000e+00
0.000000000000000000e+00 0.000000000000000000e+00
0.000000000000000000e+00 0.000000000000000000e+00
0.000000000000000000e+00 0.000000000000000000e+00
0.000000000000000000e+00 0.000000000000000000e+00
0.000000000000000000e+00 0.000000000000000000e+00
0.000000000000000000e+00 0.000000000000000000e+00
0.000000000000000000e+00 0.000000000000000000e+00
0.000000000000000000e+00 0.000000000000000000e+00
0.000000000000000000e+00 0.000000000000000000e+00
0.000000000000000000e+00 0.000000000000000000e+00
0.000000000000000000e+00 0.000000000000000000e+00
0.000000000000000000e+00 0.000000000000000000e+00
0.000000000000000000e+00 0.000000000000000000e+00
0.000000000000000000e+00 0.000000000000000000e+00
0.000000000000000000e+00 0.000000000000000000e+00
0.000000000000000000e+00 0.000000000000000000e+00
0.000000000000000000e+00 0.000000000000000000e+00
0.000000000000000000e+00 0.000000000000000000e+00
0.000000000000000000e+00 0.000000000000000000e+00
0.000000000000000000e+00 0.000000000000000000e+00
0.000000000000000000e+00 0.000000000000000000e+00
0.000000000000000000e+00 0.000000000000000000e+00
0.000000000000000000e+00 0.000000000000000000e+00
0.000000000000000000e+00 0.000000000000000000e+00
0.000000000000000000e+00 0.000000000000000000e+00
0.000000000000000000e+00 0.000000000000000000e+00
0.000000000000000000e+00 0.000000000000000000e+00
0.000000000000000000e+00 0.000000000000000000e+00
5.844087890380242900e-01 0.000000000000000000e+00
2.510985070425003074e-01 1.226485629904014552e+00
1.811466547374737335e+00 1.502691463271935979e-01
1.718052152813485556e+00 5.545806559963811777e-01
6.466511448050258792e+00 8.169719572465076851e+00
8.469816397707244704e+00 8.221256022283167653e+00
9.135971761054609175e+00 1.191018358766910801e+01
1.290319108199021692e+01 1.333803733344452347e+01
1.384491006094697596e+01 1.445217985468429056e+01
1.472108310424174782e+01 1.528141573904936124e+01
1.554242240385602081e+01 1.588912304421842236e+01
1.601475432442651936e+01 1.637683716996732741e+01
1.644623309797620436e+01 1.681632635098402417e+01
1.680787005613573015e+01 1.715550949777419376e+01
1.718133593170888318e+01 1.749296648523118236e+01
1.753708318748727635e+01 1.780620850657222931e+01
1.789185027145293105e+01 1.809486944293079702e+01
1.819304327469672700e+01 1.836917545157183440e+01
1.846030487904089767e+01 1.863301948515154649e+01
1.875244491613941378e+01 1.887459429056136884e+01
1.911752405786411302e+01 1.898084973842048484e+01
1.937363982109953042e+01 1.924813250645171081e+01
1.962784702257737379e+01 1.946932833369984905e+01
1.970466578407702585e+01 1.986668712520686242e+01
2.013291901609329315e+01 1.999072662871068928e+01
2.039037011672635913e+01 2.025064722937049311e+01
2.066023622309727514e+01 2.051622735593123892e+01
2.092132935128738680e+01 2.076747974756191439e+01
2.117232766262911525e+01 2.106288225035252282e+01
2.144916822223500219e+01 2.134075584961773586e+01
2.171995630011192802e+01 2.160363827927434244e+01
2.200439758128388945e+01 2.185254449180669312e+01
2.228385612530951931e+01 2.210135124318307120e+01
2.256576838944801722e+01 2.243063243574336951e+01
2.284490394577678885e+01 2.267368413748387468e+01
2.312049007390506361e+01 2.297641149491582624e+01
2.340193963409184263e+01 2.326296464392982699e+01
2.369034513959497446e+01 2.349197770019316422e+01
2.396119566159537939e+01 2.379089946364974040e+01
2.423680500697471984e+01 2.405395575167593947e+01
2.452221857371443647e+01 2.433595760822924703e+01
2.480845561836144242e+01 2.463014610314215957e+01
2.510909445756735181e+01 2.492183362119875767e+01
2.540647436645384971e+01 2.522307790622200585e+01
2.569514014076126429e+01 2.547684490995308337e+01
2.596517790168775264e+01 2.577813730369454248e+01
2.625188245950233323e+01 2.605268955364439165e+01
2.655315595984453125e+01 2.636660878669739816e+01
2.683429145008648575e+01 2.664357668633385501e+01
2.711028371065897247e+01 2.696138569328567058e+01
2.742173565562605475e+01 2.724720813548704257e+01
2.772441735142623997e+01 2.757985651551915396e+01
2.801181516167867258e+01 2.779511469309123584e+01
2.831265928124586750e+01 2.810833972740043407e+01
2.862102855963426506e+01 2.840298756981955819e+01
2.890801210591932247e+01 2.867416693492118895e+01
2.920273193720077387e+01 2.899642385952061829e+01
2.950031093707333341e+01 2.928962451130465539e+01
2.981449741025394573e+01 2.962296020393151252e+01
3.011071109161346016e+01 2.992748144195226701e+01
3.040112667166501126e+01 3.018652221832796201e+01
3.069459630730458599e+01 3.044703506405765125e+01
