0.000000000000000000e+00 0.000000000000000000e+00
5.413147558501617551e-01 2.023395325562206359e+00
1.897692379456783929e+00 1.894904418629729914e+00
1.820233557939757496e+00 1.827765714398121855e+00
1.836747440663059505e+00 1.835653554063259252e+00
1.875932799935571937e+00 1.891954080874223232e+00
1.933570203851841640e+00 1.931309708902699374e+00
2.025067226474654536e+00 2.215673409106786451e+00
2.226819064957918037e+00 2.340245533273987544e+00
2.436504365668268779e+00 2.548943145495260243e+00
2.574408683637626982e+00 2.671708862906957638e+00
2.725141035482411933e+00 2.829759789827234862e+00
2.863345620808991576e+00 2.980307134559051274e+00
3.007238761345431666e+00 3.131557673877888526e+00
3.134125488210486310e+00 3.271789035960903202e+00
3.281669918424694909e+00 3.410601075494339440e+00
3.414559231069107970e+00 3.555617303167189380e+00
3.560557663089379155e+00 3.678133317627231946e+00
3.692507351970536256e+00 3.807477727955433267e+00
3.825009494858609305e+00 3.931647152319542204e+00
3.966032516939321351e+00 4.059641671128555451e+00
4.093795376274015574e+00 4.190956582689511656e+00
4.309842936900230015e+00 4.212090020855169037e+00
4.430431872089611645e+00 4.315467233846687733e+00
4.558746949968162099e+00 4.420057853256952995e+00
4.688513907538983894e+00 4.542303466665600808e+00
4.686386568243873896e+00 4.823793856696087623e+00
4.956127587055383366e+00 4.806413766936643128e+00
4.940121036735496851e+00 5.076925402602101123e+00
5.073448581627248544e+00 5.206928075161812330e+00
5.236821564890968617e+00 5.349358876955713882e+00
5.487104261062841104e+00 5.358574274096727486e+00
5.623981568130220765e+00 5.498468439652484108e+00
5.751522397305707912e+00 5.619926762446164403e+00
5.884469593322696923e+00 5.771373084850937474e+00
6.019421732407566061e+00 5.907295511669585331e+00
6.157671223720898368e+00 6.034337136009372493e+00
6.186274225640289615e+00 6.278823104634903451e+00
6.418009703331220450e+00 6.323705323499198450e+00
6.555535297376646753e+00 6.416271740428970638e+00
6.698525839116242331e+00 6.600894862383833051e+00
6.837629076222239810e+00 6.726767217881572059e+00
6.982046649501706170e+00 6.897592815997492188e+00
7.002243349848155773e+00 7.102009275374135733e+00
7.244247582628539739e+00 7.114867073641916839e+00
7.379784836931980507e+00 7.259480568735061645e+00
7.524358253100563054e+00 7.424916310442966960e+00
7.662008319655575050e+00 7.577479862219356654e+00
7.811782421736725546e+00 7.693462165316860002e+00
7.940619625840660945e+00 7.851591415819230591e+00
8.076364590091056783e+00 8.032101886115620815e+00
8.226768714540456884e+00 8.150173232772518261e+00
8.362512267109501352e+00 8.276182839541579739e+00
8.505525148558268356e+00 8.428779131020702309e+00
8.658880293510883064e+00 8.579922864603679145e+00
8.796741452253838744e+00 8.716960840697391077e+00
8.936200490259180285e+00 8.857375841634690161e+00
9.025065581531823256e+00 9.045430802064315046e+00
9.225023909738359507e+00 9.132811154604231874e+00
9.365841478638561313e+00 9.266528326480230504e+00
9.510568096170839425e+00 9.436983765770374788e+00
9.654299242478202814e+00 9.571608857641409784e+00
9.815375731463889863e+00 9.722948090040441471e+00
9.951273071075847909e+00 9.883938583108177411e+00
9.966032600306078848e+00 1.006111444408794497e+01
1.024970577762785595e+01 1.017206667399436526e+01
1.039398350376831992e+01 1.031004801073359367e+01
1.053527127506010252e+01 1.046925599067515833e+01
1.068290706913825261e+01 1.058764936794898404e+01
1.083784537444496898e+01 1.071318400262575388e+01
1.098005804762240167e+01 1.089435899886037440e+01
1.114715013334429905e+01 1.097279128196096387e+01
1.129376212887786757e+01 1.117224943916636626e+01
1.144350401531776029e+01 1.129841002108757664e+01
1.158580934111693317e+01 1.144901639219569311e+01
1.174023804010221461e+01 1.160811959747081445e+01
1.188435080330437543e+01 1.178911662469366739e+01
1.203732752876332235e+01 1.188962542986003434e+01
1.216880794018968182e+01 1.199506801233150632e+01
1.233889598408204691e+01 1.223174087802718901e+01
1.248135801327443595e+01 1.234131590613269225e+01
1.262517238373038353e+01 1.242418425164520279e+01
1.277430187847997622e+01 1.260910384453545952e+01
1.292629930680174688e+01 1.274165733267993161e+01
1.307201049517890112e+01 1.290938585291748808e+01
1.299286447468909600e+01 1.313445192617321133e+01
1.336603387184929304e+01 1.323336183596875770e+01
1.349654752912159239e+01 1.331981615342402137e+01
1.363679466537872109e+01 1.352906437827488872e+01
1.379105730368208960e+01 1.362919088175612359e+01
1.394701039936443898e+01 1.381572336651855260e+01
1.407225008907288277e+01 1.384950640886631490e+01
1.422590381663766657e+01 1.405509875483165594e+01
1.438195048126117115e+01 1.423263801154532260e+01
1.454089374711242044e+01 1.436699954855606265e+01
1.468415950214594723e+01 1.448831827890575852e+01
1.483102077490322657e+01 1.464061868512847298e+01
1.497431465959951424e+01 1.484580066454197045e+01
1.498552025451730785e+01 1.503720591842555976e+01
1.530039774200408864e+01 1.515390827285385633e+01
1.541351210283323070e+01 1.527065081885328901e+01
