0.000000000000000000e+00 0.000000000000000000e+00
0.000000000000000000e+00 0.000000000000000000e+00
0.000000000000000000e+00 0.000000000000000000e+00
0.000000000000000000e+00 0.000000000000000000e+00
0.000000000000000000e+00 0.000000000000000000e+00
0.000000000000000000e+00 0.000000000000000000e+00
0.000000000000000000e+00 0.000000000000000000e+00
0.000000000000000000e+00 0.000000000000000000e+00
0.000000000000000000e+00 0.000000000000000000e+00
0.000000000000000000e+00 0.000000000000000000e+00
0.000000000000000000e+00 0.000000000000000000e+00
0.000000000000000000e+00 0.000000000000000000e+00
0.000000000000000000e+00 0.000000000000000000e+00
0.000000000000000000e+00 0.000000000000000000e+00
0.000000000000000000e+00 0.000000000000000000e+00
0.000000000000000000e+00 0.000000000000000000e+00
1.667081058507922930e-01 -1.058663125511826592e-02
1.263028307320994970e-01 2.766568702834907967e+00
9.068912464255376449e-01 5.078319210890831492e+00
1.701311045684194667e+00 6.281799703222226583e+00
6.219375342635286685e+00 6.468994626435601525e+00
6.424762677992278626e+00 6.302107451791855830e+00
6.703520856155438246e+00 6.809402499641461048e+00
6.845773761314162265e+00 6.870269813101598011e+00
6.987153666535805385e+00 7.076307757835744283e+00
7.111159191528571455e+00 7.216789783155012294e+00
7.262660085059824411e+00 7.393078015708613115e+00
7.426563239898839264e+00 7.598487719210813118e+00
7.576590421454058699e+00 7.740890124426397456e+00
7.720873211110619749e+00 7.893654193952097664e+00
7.888466636528976395e+00 8.034344018245988650e+00
8.155498928426313299e+00 8.036600541040550993e+00
8.195339587726110153e+00 8.320956031922106533e+00
8.402046505839669166e+00 8.462249062304870506e+00
8.597821269307809544e+00 8.540995017583425053e+00
8.747314579001258750e+00 8.696322391077085712e+00
8.891818373301271450e+00 8.808366355873594955e+00
9.045651167788573588e+00 8.930401633514938098e+00
9.113901504111366236e+00 9.207221834789590886e+00
9.356977077888789296e+00 9.284669195998390023e+00
9.512249144364501419e+00 9.435172708395002772e+00
9.668004413616108295e+00 9.566461992664828884e+00
9.835864583697981445e+00 9.716991152517239883e+00
9.998880507349090507e+00 9.863568547578029921e+00
1.016177881877662514e+01 1.004671507423333487e+01
1.033148060003005142e+01 1.021768549258130676e+01
1.048124528298854408e+01 1.038092622391877917e+01
1.067036006305255924e+01 1.052737042956549196e+01
1.082295475606537138e+01 1.069270016416736802e+01
1.100297429227737744e+01 1.090884364720859168e+01
1.116832046196388362e+01 1.097302068312138346e+01
1.134133117658934609e+01 1.121306590959502891e+01
1.152096773373212280e+01 1.138100324011116449e+01
1.168090643397217043e+01 1.155767573680533822e+01
1.186709276920920608e+01 1.175363509767707271e+01
1.203041230640858039e+01 1.190615627887114947e+01
1.220205208265088892e+01 1.210706963107935508e+01
1.237013953224732887e+01 1.219666155078004266e+01
1.254414356372352124e+01 1.244643817914242767e+01
1.272273744546425434e+01 1.261748027401343109e+01
1.290096060877845296e+01 1.277804211796038203e+01
1.308050719213112778e+01 1.296591650040588561e+01
1.325796129362955078e+01 1.313688477811387934e+01
1.343677681300180105e+01 1.333022196841704066e+01
1.361779553378045371e+01 1.348928738381218473e+01
1.379675300169658492e+01 1.364275822993911902e+01
1.398667724175546212e+01 1.387670203965350346e+01
1.415434566745880396e+01 1.398338877105865663e+01
1.434518940389192743e+01 1.423669950375495574e+01
1.452268350168710676e+01 1.437687605191245765e+01
1.469736282839593677e+01 1.455003522931220417e+01
1.488468035065606543e+01 1.475884424075158741e+01
1.506782039546088114e+01 1.489109837425116467e+01
1.525717393155306922e+01 1.509527153190041382e+01
1.544084036763799972e+01 1.530580243676716812e+01
1.561487049714072484e+01 1.539257646881683783e+01
1.580625645921779565e+01 1.562532231090340851e+01
1.600754922617203491e+01 1.577051922646603899e+01
1.616858299604353277e+01 1.595956769994834978e+01
1.636566654476152749e+01 1.616146450742763818e+01
1.654182493912713525e+01 1.636482217475497336e+01
1.672597008680423158e+01 1.654569543569245127e+01
1.692901780788166732e+01 1.671789542135626050e+01
1.710606235384175733e+01 1.689249211404149875e+01
1.730413322628922046e+01 1.702267561729336620e+01
1.748887713504120356e+01 1.727097716120619708e+01
1.766883838118887695e+01 1.743511681767455812e+01
1.785579470285860992e+01 1.765795196439187009e+01
1.805264218371725349e+01 1.783891377946003232e+01
1.823878096755748146e+01 1.790680726447112292e+01
1.843903680073493589e+01 1.813173714398824643e+01
1.862238571847948876e+01 1.832547760698563621e+01
1.881789857159020940e+01 1.855299823946033655e+01
1.899809425223111603e+01 1.870972582628483849e+01
1.917803958722980084e+01 1.894899770363426228e+01
1.938407658577066073e+01 1.911986549104134880e+01
1.955899047375340416e+01 1.925273560009753027e+01
1.975227572463695935e+01 1.942858938914243794e+01
1.993917308997235338e+01 1.959082087551989204e+01
2.013106903896109046e+01 1.974921214774910894e+01
2.032636421773356972e+01 1.997573377284688334e+01
