0.000000000000000000e+00 0.000000000000000000e+00
0.000000000000000000e+00 0.000000000000000000e+00
0.000000000000000000e+00 0.000000000000000000e+00
0.000000000000000000e+00 0.000000000000000000e+00
0.000000000000000000e+00 0.000000000000000000e+00
0.000000000000000000e+00 0.000000000000000000e+00
0.000000000000000000e+00 0.000000000000000000e+00
0.000000000000000000e+00 0.000000000000000000e+00
0.000000000000000000e+00 0.000000000000000000e+00
0.000000000000000000e+00 0.000000000000000000e+00
0.000000000000000000e+00 0.000000000000000000e+00
0.000000000000000000e+00 0.000000000000000000e+00
0.000000000000000000e+00 0.000000000000000000e+00
1.062752719852743388e-01 1.066347968769427945e+00
2.575838648345776805e-01 -1.348596497257059136e-02
1.354068788322998262e+00 4.330107582479839401e+00
3.095859158378037268e+00 5.464564016338873120e-01
4.694376824446427676e+00 5.576475470878207830e+00
4.185184344978042148e+00 6.040835278944578945e+00
6.037787078425698617e+00 5.931372218256747431e+00
6.289504982321883375e+00 6.308901831605757238e+00
6.426155490963894934e+00 6.576260794800757203e+00
6.582082194054676094e+00 6.723711250515473914e+00
6.765850296730266500e+00 6.689984931787407163e+00
6.852630438666871271e+00 7.102282653205999274e+00
7.122300747460437620e+00 7.263479852803002679e+00
7.256545737357813053e+00 7.392162545767941850e+00
7.482759808132364299e+00 7.575855630361632009e+00
7.620068172545781948e+00 7.713780198385210340e+00
7.745944525563504435e+00 7.873645635099039808e+00
7.977283754883419675e+00 7.936136358379509481e+00
8.063295967646826767e+00 8.174293522512456889e+00
8.227018199843378454e+00 8.328601336774674735e+00
8.454397907189232342e+00 8.347262861677389623e+00
8.509616972240459987e+00 8.648036664252567007e+00
8.680325819262385778e+00 8.792118665168402458e+00
8.846445210390660563e+00 8.943044783493901306e+00
9.086987648691088992e+00 8.982510604709849744e+00
9.239999013691452490e+00 9.157784470579430902e+00
9.393904786368988624e+00 9.296525482313009903e+00
9.549068078497603196e+00 9.458206095019091819e+00
9.709075784940308651e+00 9.616561238877881834e+00
9.866846953329512004e+00 9.759315372780877240e+00
1.000951704860041680e+01 9.935600886799903719e+00
1.017427908279365667e+01 1.008508391764842571e+01
1.032523802390429069e+01 1.022594532279806678e+01
1.048680651191422264e+01 1.040997518386343401e+01
1.065751092787466803e+01 1.055419400321431134e+01
1.081763807499301677e+01 1.075437328053097019e+01
1.099261204898598265e+01 1.088860684798646794e+01
1.116272216523684691e+01 1.108465495020640290e+01
1.133279196211744910e+01 1.123030342113930757e+01
1.151248422563710250e+01 1.138943647059546294e+01
1.168695173782469432e+01 1.157647254593996600e+01
1.187153357284825184e+01 1.173978050880072921e+01
1.203743880577040315e+01 1.190640453624933670e+01
1.221723244632123873e+01 1.210860402221969423e+01
1.239017650992533603e+01 1.227104744408798709e+01
1.257829548806975595e+01 1.246318156126365118e+01
1.275081666497957045e+01 1.263602131072750367e+01
1.293655439521958606e+01 1.275570087251503892e+01
1.312288492249978411e+01 1.290361618299026780e+01
1.329831146456136182e+01 1.313656961600820594e+01
1.348551022175987590e+01 1.333928970868962516e+01
1.367122461095845054e+01 1.348079801137432554e+01
1.383884526000265502e+01 1.363716823194973671e+01
1.402403816816990023e+01 1.382925524520224059e+01
1.420146104154842170e+01 1.397219326282689167e+01
1.437449896031754193e+01 1.413397476462715829e+01
1.455375103180467633e+01 1.441403712863329289e+01
1.474501891334661785e+01 1.449202811786043199e+01
1.491643141020522911e+01 1.475277219905976445e+01
1.512223095207059131e+01 1.491082139722388966e+01
1.529777540310236184e+01 1.510458636865965332e+01
1.549433634883667033e+01 1.526997658267842439e+01
1.567384057016248811e+01 1.540781992683696444e+01
1.585998009541131282e+01 1.557816004350404349e+01
1.604276757491152239e+01 1.575075439571751090e+01
1.622979549705543789e+01 1.597641585492690730e+01
1.641429720123246838e+01 1.620441634094947503e+01
1.659107253869336063e+01 1.628204792532845957e+01
1.676695961225425080e+01 1.658266623181687294e+01
1.693692336991752256e+01 1.667959647241947962e+01
1.714100090649204944e+01 1.694943092462269618e+01
1.732739345725001101e+01 1.713806567354328791e+01
1.751530798727037563e+01 1.723655237253794681e+01
1.770253641198100070e+01 1.744411405587818820e+01
1.788137275374277024e+01 1.755959603302789063e+01
1.809279314405135253e+01 1.779145457906127703e+01
1.826668874245958563e+01 1.803558021696889568e+01
1.846037907400686251e+01 1.822006929601883840e+01
1.864403417052949763e+01 1.840178992357247978e+01
1.883222951202158413e+01 1.858548047557060912e+01
1.901237391032923441e+01 1.870660147632046488e+01
1.922220697204278750e+01 1.886544064701337575e+01
1.938848404532612335e+01 1.907644269392781666e+01
1.958330909332770275e+01 1.920685320546131436e+01
1.977841093758820179e+01 1.944594852246215666e+01
1.996529637438964855e+01 1.965483267124333011e+01
2.016341054548107792e+01 1.985988233772596701e+01
2.034782025903487224e+01 2.002851589264050247e+01
