0.000000000000000000e+00 0.000000000000000000e+00
0.000000000000000000e+00 0.000000000000000000e+00
0.000000000000000000e+00 0.000000000000000000e+00
0.000000000000000000e+00 0.000000000000000000e+00
0.000000000000000000e+00 0.000000000000000000e+00
5.618265607038026507e-03 -3.434607580393247983e-02
1.757017659464482975e-02 0.000000000000000000e+00
6.741918728445631462e-03 0.000000000000000000e+00
7.010896129741397975e-02 0.000000000000000000e+00
8.989224971260841371e-03 0.000000000000000000e+00
3.995070710680674597e-02 0.000000000000000000e+00
2.220785957858575216e-02 0.000000000000000000e+00
2.432890618767605609e-02 0.000000000000000000e+00
4.774518600721452261e-02 0.000000000000000000e+00
1.951341586173805098e-01 0.000000000000000000e+00
7.425559357095574964e-02 0.000000000000000000e+00
2.100761269857416569e-01 0.000000000000000000e+00
9.240149958222126925e-02 -4.658211974932569693e-02
2.599277913106667892e-01 0.000000000000000000e+00
2.124995412261964756e+00 6.703286993202271837e+00
5.050198580635308687e+00 6.799058752083355195e+00
6.173604105748785820e+00 6.766286823832675879e+00
6.423779053481175616e+00 6.872163077226132621e+00
6.970654343223606553e+00 6.980953786424047181e+00
7.113417431756905884e+00 7.103086851516298594e+00
7.218816867756202349e+00 7.269370528729599990e+00
7.375335224075905138e+00 7.355442669464421712e+00
7.459395169808600734e+00 7.447492093920103251e+00
7.602280101395761491e+00 7.725252879566543385e+00
7.755501169142690721e+00 7.939857988742099693e+00
7.908001225934519596e+00 8.126948898302195801e+00
8.101867070494440881e+00 8.277566584954819007e+00
8.397189957841998620e+00 8.245203270167809961e+00
8.421376129889466711e+00 8.567095703817878771e+00
8.577729322043763815e+00 8.713543009903469638e+00
8.770875516582076870e+00 8.857270195656756329e+00
8.933064980758789630e+00 9.009409797080868643e+00
9.146083001259714962e+00 9.101325366439407816e+00
9.303226256439984354e+00 9.270141127179401863e+00
9.457090052273947833e+00 9.395089836832926977e+00
9.613007831469259301e+00 9.550708236813941099e+00
9.761090236242353058e+00 9.702758773518077362e+00
9.916589118749126186e+00 9.820983374748134764e+00
1.006376591818447075e+01 9.994105180495548524e+00
1.023239062089161600e+01 1.009870476762620406e+01
1.039869229836365783e+01 1.028950408727587629e+01
1.055965754194034112e+01 1.042238963154812836e+01
1.073359843419852488e+01 1.060969572897622726e+01
1.091317798583268228e+01 1.080695545411713887e+01
1.107793425399141185e+01 1.090692698249491777e+01
1.124192825460623801e+01 1.104587651740552978e+01
1.140637830750707415e+01 1.125386485154797889e+01
1.158252639966303299e+01 1.144667099399761945e+01
1.174944438160512128e+01 1.157872111994754327e+01
1.193225921633902686e+01 1.177915704839106326e+01
1.210773609022759700e+01 1.188643449689012854e+01
1.228401806592254530e+01 1.211687724054256421e+01
1.245338124605367014e+01 1.225599270861052581e+01
1.263162070705895346e+01 1.245850032595756751e+01
1.280689445293868189e+01 1.259985501421831522e+01
1.298664837236511183e+01 1.283140895948717919e+01
1.315927098811468809e+01 1.300756507773833981e+01
1.333745121979468884e+01 1.317976029531740245e+01
1.352378204142386053e+01 1.334110645821951024e+01
1.371344387443560997e+01 1.354723130185544910e+01
1.389471555716075990e+01 1.371858160957271267e+01
1.407167964843402430e+01 1.387132483438105446e+01
1.425002998847308255e+01 1.401472642706265148e+01
1.444090835030094411e+01 1.422940797521985345e+01
1.460843407645728220e+01 1.445519590120795961e+01
1.479329732568531774e+01 1.457949303661146878e+01
1.497507344551029362e+01 1.471356463381325419e+01
1.515174171073265263e+01 1.500269834856987927e+01
1.534136626038392492e+01 1.518104912040892174e+01
1.551945510820503671e+01 1.529344314625674706e+01
1.569931725742211270e+01 1.548545210192264854e+01
1.588398626639648725e+01 1.569215279546513209e+01
1.606445273009088481e+01 1.577887730592165560e+01
1.625777107997803128e+01 1.597950679541877150e+01
1.643893346243638476e+01 1.618847420289839079e+01
1.662887412121795094e+01 1.626702358551234084e+01
1.681209867809990399e+01 1.653822947358494488e+01
1.699482223428463712e+01 1.669412346687895976e+01
1.718685066678377993e+01 1.688289382939020200e+01
1.736404118320832879e+01 1.710733070508748810e+01
1.754432079819435586e+01 1.727052064142663923e+01
1.773152308920125364e+01 1.746292646279447069e+01
1.791329250240071858e+01 1.759257421602907812e+01
1.811190611855920096e+01 1.785048472307767042e+01
1.829446269336073883e+01 1.806810697332004878e+01
1.848886796706634428e+01 1.827386859794782481e+01
1.867580604287545398e+01 1.835468519383066521e+01
1.885716332308324894e+01 1.854220163013058809e+01
1.906710648671705854e+01 1.872767926326455878e+01
1.925005945334040902e+01 1.884324171493356559e+01
1.943934921283552342e+01 1.913253799029126512e+01
1.961309940026967169e+01 1.925337741417639492e+01
1.979955622584351715e+01 1.951713006330433586e+01
2.000448113323353994e+01 1.955413168046673889e+01
2.019649661133494689e+01 1.979549342293043424e+01
2.038827382345915851e+01 2.000637186522912359e+01
