0.000000000000000000e+00 0.000000000000000000e+00
0.000000000000000000e+00 0.000000000000000000e+00
0.000000000000000000e+00 0.000000000000000000e+00
0.000000000000000000e+00 0.000000000000000000e+00
0.000000000000000000e+00 0.000000000000000000e+00
0.000000000000000000e+00 0.000000000000000000e+00
0.000000000000000000e+00 0.000000000000000000e+00
4.515433028222057971e-02 0.000000000000000000e+00
0.000000000000000000e+00 0.000000000000000000e+00
4.237607704517312029e-02 0.000000000000000000e+00
2.305513810041638134e+00 5.226922525294660282e+00
4.762386204813854107e+00 4.925487853386711912e+00
4.503692607557200134e+00 4.759799613614079661e+00
4.885432381696679371e+00 4.870683379317553907e+00
4.919457050269736342e+00 4.928760704462396447e+00
5.015659954815897770e+00 5.006535208052595998e+00
5.154423836943560211e+00 5.314861878113092075e+00
5.308064405101727168e+00 5.464340792161707760e+00
5.539762795167733067e+00 5.732744441221792719e+00
5.709778053137766207e+00 5.899654773795444562e+00
5.871479553167677778e+00 6.060134531371069500e+00
6.073180848097107898e+00 6.241356710488636494e+00
6.332360250356534159e+00 6.449775891851636800e+00
6.499109933896233926e+00 6.640048805214635586e+00
6.615621767462077862e+00 6.844218947108861251e+00
6.760923546495025249e+00 7.029751898759212914e+00
6.993807287762108693e+00 7.187996878480807261e+00
7.180381204758485403e+00 7.364071797418030307e+00
7.337952170878505598e+00 7.518769645395782852e+00
7.503479317876055710e+00 7.678773184548373543e+00
7.684281751938269345e+00 7.844355989935800189e+00
7.887040514459527252e+00 8.012274899075741530e+00
8.062737587221196378e+00 8.169758581861858104e+00
8.220149680309383200e+00 8.327715082007092207e+00
8.370630604993039015e+00 8.487179575635481754e+00
8.553171297714261101e+00 8.643140235641494584e+00
8.707933423580755061e+00 8.798328187445150661e+00
8.848694231416878608e+00 8.960216568169489193e+00
9.105164354620102429e+00 9.010471949315167706e+00
9.261044874873148203e+00 9.189581905346182467e+00
9.430110622432362533e+00 9.312151091144373893e+00
9.467953260963120954e+00 9.597961470960356678e+00
9.644612109086819984e+00 9.756345233942685269e+00
9.925189578721184347e+00 9.809126116850491073e+00
1.009405318737205270e+01 9.985803677483508167e+00
1.026120562460459062e+01 1.015485257539177333e+01
1.042319191494449981e+01 1.028601345848061932e+01
1.059195574120037442e+01 1.045614012293847495e+01
1.075570171309716017e+01 1.057193841722904892e+01
1.079964106853471506e+01 1.090748990041753785e+01
1.097776403130988676e+01 1.106586594582978478e+01
1.124924792375439253e+01 1.112292173048857080e+01
1.141449258918912868e+01 1.127157416140022406e+01
1.158465038134673719e+01 1.146444614563002240e+01
1.158795953058678663e+01 1.173173719640156420e+01
1.193722114945305002e+01 1.177245033681164976e+01
1.211632657464116036e+01 1.198664464804763696e+01
1.228624731099876932e+01 1.217558161694302044e+01
1.246965142033748997e+01 1.231762267188778992e+01
1.264410197399655367e+01 1.253266458657644122e+01
1.282731115663865751e+01 1.267992169902398558e+01
1.299527834802766790e+01 1.288147247693330399e+01
1.317572134286017693e+01 1.304520862981877194e+01
1.335686837975783980e+01 1.319541645975972344e+01
1.354496619559414761e+01 1.342997932320918686e+01
1.373137138945913449e+01 1.357208566143681949e+01
1.389725583023441580e+01 1.376420913039999760e+01
1.408758777232939607e+01 1.393439398497732640e+01
1.426865714926417184e+01 1.405597275311582095e+01
1.445555462679163838e+01 1.430912928462317524e+01
1.464565061340170971e+01 1.450657534574319740e+01
1.482122872886101383e+01 1.471935025776101646e+01
1.501159056277644765e+01 1.487896094047857787e+01
1.520507285692857380e+01 1.505815653107880081e+01
1.538881611310581299e+01 1.524883806707267198e+01
1.557687858486575649e+01 1.542571572234618849e+01
1.575490891754393097e+01 1.559657654480639621e+01
1.595346708855881346e+01 1.581340434225402092e+01
1.614563631591251891e+01 1.594047764829812053e+01
1.633902984049115403e+01 1.616280598805294844e+01
1.651632307864344895e+01 1.630334114308869431e+01
1.668996048346733119e+01 1.648968967658674956e+01
1.688645830009298976e+01 1.669032137898972223e+01
1.707404422799061194e+01 1.684982721039498088e+01
1.726692841420370428e+01 1.702343395418478167e+01
1.745884549698133981e+01 1.727398009254503108e+01
1.763860138511826747e+01 1.743935025819995488e+01
1.783164233455382686e+01 1.763119097777880384e+01
1.800601699426346869e+01 1.775131588988795528e+01
1.820850498781256732e+01 1.791926922642513986e+01
1.841166297907088634e+01 1.815497642955856605e+01
1.858920571581447945e+01 1.836083202139994697e+01
1.877478112298846824e+01 1.851080571609261582e+01
1.897507173199613817e+01 1.868944052893559871e+01
1.915978135520262526e+01 1.882038337745332868e+01
1.907230536046577285e+01 1.922631631791274387e+01
1.951401002623342507e+01 1.927166944391868952e+01
1.969720271538831469e+01 1.944734156740070574e+01
1.987235599717280365e+01 1.961185525869098711e+01
2.005547222226297777e+01 1.985432589173284512e+01
2.025733216149970062e+01 2.001715712991171614e+01
