0.000000000000000000e+00 0.000000000000000000e+00
0.000000000000000000e+00 0.000000000000000000e+00
7.357115837901913036e-01 1.134297269630551552e+00
6.909032320003842820e-01 1.275255835135911120e+00
1.405606269450836221e+00 1.404319473083396330e+00
1.621869570532121996e+00 1.672021511319484288e+00
1.865530658680217613e+00 1.927337392787047410e+00
2.047079422350976952e+00 2.168023626788198488e+00
2.271901392946478637e+00 2.396418086261031366e+00
2.495722330017796864e+00 2.595879273009216170e+00
2.697441928194454164e+00 2.788604961196802456e+00
2.908763768260107518e+00 2.977637281100535382e+00
3.088546198416857180e+00 3.167966995069246838e+00
3.287247571983017203e+00 3.361673365622763754e+00
3.468766768300363790e+00 3.549300392155577466e+00
3.654643585634587577e+00 3.735952306617615459e+00
3.858200842076869197e+00 3.926036134318640958e+00
4.043266838460373158e+00 4.109702548821071666e+00
4.209161214552561425e+00 4.300039537771709774e+00
4.406422989313332650e+00 4.476342134301715348e+00
4.627269402490303385e+00 4.582822846274638984e+00
4.790458100087594318e+00 4.701516640004714809e+00
4.956405594661140057e+00 4.890667191915380130e+00
5.073009628216721190e+00 5.161648393350213304e+00
5.316594433808076836e+00 5.246040558611673177e+00
5.420534999341528604e+00 5.518160171410634085e+00
5.688356588232444722e+00 5.603939209055686987e+00
5.780828851953065062e+00 5.884813607142708847e+00
5.953428555741568928e+00 6.078236390500435959e+00
6.154397759187568262e+00 6.264427374754911071e+00
6.335680557328279505e+00 6.448606957213177893e+00
6.619693628280773900e+00 6.512200039264256723e+00
6.796705402787684314e+00 6.702042052094299152e+00
6.908804569884823721e+00 6.996795889884333874e+00
7.093787772024255034e+00 7.188882775539925163e+00
7.290424989319673976e+00 7.381670985985663513e+00
7.576084485825850479e+00 7.486936960926731111e+00
7.762508490668738936e+00 7.676341264086513405e+00
7.960643617066508249e+00 7.873321420050291231e+00
8.064914111825382648e+00 8.149085099491960804e+00
8.331327350999208292e+00 8.259878896494138090e+00
8.443975636979116572e+00 8.517900953298703115e+00
8.615033637286535040e+00 8.724538653106558073e+00
8.904023799508090420e+00 8.809177704581315993e+00
9.098777148976406437e+00 9.015069258300876243e+00
9.176927564068479981e+00 9.294080307739774227e+00
9.480067024900606043e+00 9.386131305262768620e+00
9.545991253221448147e+00 9.671026544614448994e+00
9.765824811810063011e+00 9.857489092228304273e+00
1.004078041521061060e+01 9.953347750594611298e+00
1.015342841109172056e+01 1.022192691664458408e+01
1.031762111332555598e+01 1.039828274368077565e+01
1.058911027538889904e+01 1.050275998885052786e+01
1.077081834184312115e+01 1.066353546857889079e+01
1.096475768957266439e+01 1.086736511237564784e+01
1.115795173999790357e+01 1.105063800011171260e+01
1.125486594796798201e+01 1.134641416210576814e+01
1.154305455711556583e+01 1.141771403397746099e+01
1.173920468922613658e+01 1.159253351795414133e+01
1.193719555364157436e+01 1.181888355790180256e+01
1.212146605045029801e+01 1.201689612252049244e+01
1.218224792045453242e+01 1.230806250617560060e+01
1.250730836433517013e+01 1.239389514621187516e+01
1.270004519251853914e+01 1.261856181415031308e+01
1.278792473475201419e+01 1.288534378183183193e+01
1.294242149390084329e+01 1.308892738466482797e+01
1.320382555801561431e+01 1.328334718358194166e+01
1.346921752292955432e+01 1.337323465253722254e+01
1.366219698356429646e+01 1.352283309653014420e+01
1.386843847445748956e+01 1.372333782331639362e+01
1.404763490509164647e+01 1.392516780468282889e+01
1.424589124484799108e+01 1.408498791714293397e+01
1.432255639690186655e+01 1.443123534899259397e+01
1.463279024862376509e+01 1.453590503096800823e+01
1.482942705543651662e+01 1.471286558541036626e+01
1.491553897768518055e+01 1.499165215737295576e+01
1.519824487720933703e+01 1.508693733436166085e+01
1.528075148684450291e+01 1.537302085018179199e+01
1.557729621123504593e+01 1.544937733599424945e+01
1.576458456961473154e+01 1.565390818450716637e+01
1.595769544436246257e+01 1.583535028848349491e+01
1.606723704766842076e+01 1.614574647916978023e+01
1.634620416620775174e+01 1.624938725158215647e+01
1.640492391654154147e+01 1.651648575299629584e+01
1.672685155912602895e+01 1.655743834639271128e+01
1.681057523682263266e+01 1.690332837590624848e+01
1.711798654449654578e+01 1.693577443532513271e+01
1.731623666685676710e+01 1.719964222592579617e+01
1.751001469434622848e+01 1.741079962195120956e+01
1.760836222325401224e+01 1.768950079591241575e+01
1.788937995063826492e+01 1.774380582756984737e+01
1.808285869233774079e+01 1.797503007120714003e+01
1.829545873260770961e+01 1.806334354868052827e+01
1.830821021390981329e+01 1.845188493439944821e+01
1.849496089893087358e+01 1.864778478662443106e+01
1.885995256611721516e+01 1.871730915812873519e+01
1.905680516288402160e+01 1.892737952127690448e+01
1.905139736863300115e+01 1.923418209169764381e+01
1.921178310475457707e+01 1.942161370211057658e+01
1.962270868519536293e+01 1.947845466958093397e+01
1.981533684056308786e+01 1.971044654469709201e+01
