0.000000000000000000e+00 0.000000000000000000e+00
0.000000000000000000e+00 0.000000000000000000e+00
0.000000000000000000e+00 0.000000000000000000e+00
0.000000000000000000e+00 0.000000000000000000e+00
0.000000000000000000e+00 0.000000000000000000e+00
0.000000000000000000e+00 0.000000000000000000e+00
0.000000000000000000e+00 0.000000000000000000e+00
0.000000000000000000e+00 0.000000000000000000e+00
0.000000000000000000e+00 0.000000000000000000e+00
0.000000000000000000e+00 0.000000000000000000e+00
0.000000000000000000e+00 0.000000000000000000e+00
0.000000000000000000e+00 0.000000000000000000e+00
0.000000000000000000e+00 0.000000000000000000e+00
0.000000000000000000e+00 0.000000000000000000e+00
0.000000000000000000e+00 0.000000000000000000e+00
0.000000000000000000e+00 0.000000000000000000e+00
0.000000000000000000e+00 0.000000000000000000e+00
0.000000000000000000e+00 0.000000000000000000e+00
0.000000000000000000e+00 0.000000000000000000e+00
0.000000000000000000e+00 6.473424899025010504e+00
2.231704537100507757e+00 3.667839580616889528e+00
2.341932295857144020e+00 0.000000000000000000e+00
1.699944035449059365e+00 6.908150515543402648e+00
5.144280366822632011e+00 6.961734586814809944e+00
6.722116878899221604e+00 7.188206802034147636e+00
7.224707622482688940e+00 7.033307250815947320e+00
7.327347825029742800e+00 7.456747340794814605e+00
7.481619491469623462e+00 7.630893270271559281e+00
7.688342093256033571e+00 7.707434402116509098e+00
7.827068418883040835e+00 7.979097463859102568e+00
7.981506728054610811e+00 8.087831555876924483e+00
8.159939320686403263e+00 8.251707107608609704e+00
8.322225522236646356e+00 8.399496468318185194e+00
8.526730903579919030e+00 8.464707861455472937e+00
8.668239557322795719e+00 8.593524170873703127e+00
8.745675619269542622e+00 8.828351560004925602e+00
8.898227677584385376e+00 8.957465100469223174e+00
9.108978511297051384e+00 9.057775380679194299e+00
9.207403352459140322e+00 9.274049513910295417e+00
9.370339953726720239e+00 9.410714841755373428e+00
9.581105168271919936e+00 9.539228459179140529e+00
9.732430917414653493e+00 9.688168568509222922e+00
9.893438030606876765e+00 9.840405771088988729e+00
1.004437588704911199e+01 1.000571465589941766e+01
1.020416190334847606e+01 1.017120344294794876e+01
1.036955738868827481e+01 1.029438719260711288e+01
1.054086887647314619e+01 1.048657297582944281e+01
1.071186782046612507e+01 1.056501464016978353e+01
1.088451657267662220e+01 1.078123610920371611e+01
1.105779098824752715e+01 1.098049882325882898e+01
1.121805197021549816e+01 1.116479084658470100e+01
1.139934532549866475e+01 1.130093807777704384e+01
1.157392349185948532e+01 1.150246536740108283e+01
1.174330691783556802e+01 1.163780894380361097e+01
1.191932799769503859e+01 1.180537939377102674e+01
1.210473885648264414e+01 1.197433039313395398e+01
1.227015904726121143e+01 1.213446302058085990e+01
1.244308516046622870e+01 1.238541727294643380e+01
1.262067729694170026e+01 1.253280397035755556e+01
1.279787346201404930e+01 1.263484659287646394e+01
1.297619699898019618e+01 1.278954410009846399e+01
1.315802331159217609e+01 1.298645032713928593e+01
1.334883894127644410e+01 1.322022383667146350e+01
1.351992204798092700e+01 1.335565630101763368e+01
1.369507397195532761e+01 1.351472431585951561e+01
1.388166911974567519e+01 1.370582874331794265e+01
1.405513312329679998e+01 1.390801728991937836e+01
1.424007247937863418e+01 1.412701206501961693e+01
1.442894657221441612e+01 1.422298472972619976e+01
1.462030754819898348e+01 1.445382362405142018e+01
1.478495276564934890e+01 1.454649365503566827e+01
1.497440451562683705e+01 1.479646581272162109e+01
1.514949543500742735e+01 1.497140921712954231e+01
1.535384252043912667e+01 1.514992838181209578e+01
1.554983734570491016e+01 1.530793748357353579e+01
1.572648235203423184e+01 1.550299537921221749e+01
1.591228696427977418e+01 1.562558617225256796e+01
1.609721049857586195e+01 1.582043704468441803e+01
1.628316735688822803e+01 1.600530381685504722e+01
1.647562378065673627e+01 1.612600659671506520e+01
1.666066311698348912e+01 1.636550897841203778e+01
1.684804964306644948e+01 1.651771141111250429e+01
1.702952268259461732e+01 1.668923675693239161e+01
1.721637212195955158e+01 1.692817669343479281e+01
1.739979172376935779e+01 1.716726575158725154e+01
1.759602718676069699e+01 1.729345859308577360e+01
1.778189991577223950e+01 1.746624248506674348e+01
1.796831907491158731e+01 1.762292072697870182e+01
1.815081289962182609e+01 1.774727333755527425e+01
1.833824807213529340e+01 1.793256891000626752e+01
1.853212185792823519e+01 1.807162870657050746e+01
1.872758597443931805e+01 1.838569976754644486e+01
1.890818258667759011e+01 1.853576128943045376e+01
1.910321633690467991e+01 1.873324324824468690e+01
1.928647824313191350e+01 1.878735272559612213e+01
1.948026516689786192e+01 1.896486048180508632e+01
1.967071727670297321e+01 1.922881433923064165e+01
1.985404638080717277e+01 1.948961439507230509e+01
2.005015017573805380e+01 1.961350338198192489e+01
2.022762726634630681e+01 1.980191039051192448e+01
2.044327447544832310e+01 1.999633137135028704e+01
