0.000000000000000000e+00 0.000000000000000000e+00
0.000000000000000000e+00 0.000000000000000000e+00
0.000000000000000000e+00 0.000000000000000000e+00
0.000000000000000000e+00 0.000000000000000000e+00
0.000000000000000000e+00 0.000000000000000000e+00
0.000000000000000000e+00 0.000000000000000000e+00
0.000000000000000000e+00 0.000000000000000000e+00
0.000000000000000000e+00 0.000000000000000000e+00
0.000000000000000000e+00 0.000000000000000000e+00
0.000000000000000000e+00 0.000000000000000000e+00
1.932901062204300108e-02 0.000000000000000000e+00
7.252732559665608925e-02 -1.753197437378740606e-02
5.750377665155473328e-02 -4.735813049662405960e-02
5.975202758192679070e-02 -4.502742376243892841e-02
1.310486424687372364e-01 -7.087509395445765192e-02
1.751584962819147107e-01 0.000000000000000000e+00
2.239753385903968941e-01 0.000000000000000000e+00
1.791531813593182088e-01 0.000000000000000000e+00
1.807041773366781512e-01 0.000000000000000000e+00
9.493956053160969299e-02 0.000000000000000000e+00
2.983733913612721667e-01 4.543849492969805226e+00
4.255493196419609880e+00 6.135737240222388422e+00
5.593614978862974318e+00 6.958888095328890522e+00
6.694015191618579941e+00 7.041613154940399077e+00
7.013466555677298153e+00 7.126895355147356170e+00
7.132814814010203008e+00 7.306127935838537368e+00
7.388050006521731383e+00 7.355899038893841002e+00
7.475681186940238199e+00 7.660886701684377798e+00
7.696560284612078640e+00 7.602197140893929728e+00
7.749886822435185785e+00 7.923230427003775667e+00
7.983325821829092561e+00 8.081849923117962575e+00
8.138369440168721880e+00 8.268797311944624084e+00
8.312180731825144164e+00 8.418947693267664789e+00
8.466726104467735325e+00 8.554931304830653005e+00
8.624830681842729163e+00 8.695700502657592423e+00
8.834096326894318452e+00 8.743445759742565215e+00
8.916805333146488266e+00 8.981536908014231102e+00
9.125158855667484303e+00 9.079637870102546415e+00
9.280433263440221126e+00 9.200542545330728572e+00
9.434244627696642738e+00 9.382890928908746986e+00
9.543758415668037287e+00 9.581808584917251181e+00
9.742716347053587356e+00 9.676491205773940507e+00
9.910801573886033111e+00 9.827664693852817379e+00
1.007030746364446117e+01 9.967648901370408154e+00
1.023446389265510881e+01 1.016296286133657212e+01
1.039804927274293078e+01 1.032060262639268089e+01
1.055590168156121322e+01 1.050014838953832630e+01
1.072687364725053349e+01 1.063207707934615875e+01
1.089650028194179043e+01 1.077702265714915164e+01
1.106668950938377272e+01 1.096888129577416926e+01
1.124060389983389996e+01 1.109802099825907717e+01
1.141804909097893805e+01 1.125022123439307897e+01
1.157898394481099302e+01 1.142932061643023722e+01
1.174983969680583407e+01 1.159580599960543523e+01
1.192079487517091252e+01 1.181091334103936141e+01
1.210271796948618750e+01 1.195326462845612703e+01
1.225969070094965296e+01 1.215037640336374203e+01
1.243059027488338586e+01 1.233287360401909893e+01
1.260414970072855390e+01 1.239985103716483650e+01
1.276915127986495690e+01 1.266896028528033291e+01
1.295274537489401112e+01 1.282155328430100916e+01
1.312668390004067831e+01 1.296136494437476294e+01
1.331730138893258797e+01 1.308011399514689543e+01
1.348967584500220873e+01 1.331943574176222356e+01
1.367014974173348918e+01 1.346865211556989905e+01
1.384978708401214043e+01 1.365468792165395051e+01
1.403044046984270921e+01 1.387019616837970126e+01
1.422015702749330757e+01 1.408464662618320240e+01
1.439661580849992362e+01 1.425430893825853218e+01
1.458533733927311715e+01 1.442619198607509823e+01
1.477024957833127239e+01 1.455925865050464374e+01
1.495297174586685074e+01 1.479501276011516175e+01
1.513013495727629021e+01 1.492114819111300150e+01
1.531077657074621889e+01 1.507928138518405525e+01
1.550710545061783563e+01 1.530973474482112096e+01
1.569432894248546262e+01 1.545875283669945155e+01
1.586136018127033687e+01 1.562480026992062676e+01
1.606239892589636398e+01 1.589109208259318962e+01
1.624326915587887754e+01 1.601067593290661861e+01
1.643125967450921365e+01 1.615604411343566937e+01
1.661667741452692226e+01 1.641953524899557237e+01
1.681072835269814902e+01 1.651815195418312854e+01
1.700103490946258944e+01 1.667701560784426107e+01
1.718730034305561460e+01 1.690495686343351167e+01
1.738341373299100212e+01 1.708737419722748641e+01
1.755552356554188265e+01 1.721815435990609089e+01
1.775101459955399008e+01 1.739826407898206639e+01
1.793903244065288405e+01 1.765183164602834154e+01
1.813274269356330493e+01 1.779334478469690595e+01
1.831292187278693007e+01 1.803819412840897130e+01
1.850513030497894107e+01 1.820363083278027716e+01
1.868639721248252172e+01 1.827251436982633948e+01
1.888680671626350360e+01 1.856697306101098377e+01
1.906822514421520864e+01 1.867730776163513795e+01
1.926508085057107778e+01 1.886486705507625672e+01
1.945320047744846548e+01 1.911723011440306053e+01
1.964437607798534913e+01 1.932673222858344886e+01
1.983306020346786980e+01 1.953380405019070309e+01
2.001800474854218592e+01 1.966613477606442828e+01
2.021931272802633828e+01 1.979218619542088931e+01
2.040749262528083818e+01 1.996963581022891532e+01
