0.000000000000000000e+00 0.000000000000000000e+00
1.127664698315029024e-01 8.217469073934580148e-02
4.682153893738558170e-01 4.505539134433070858e-01
7.053727486565819493e-01 7.039623617119438181e-01
8.999182240712860770e-01 9.018243859016228381e-01
1.074127042403717702e+00 1.081162853283674119e+00
1.252330716425947177e+00 1.264069273783120728e+00
1.446815885371673716e+00 1.439316117027670705e+00
1.646857677806798703e+00 1.637877949042471526e+00
1.843631444877745773e+00 1.823347313983662010e+00
2.032928754062764742e+00 2.019236864067014192e+00
2.204365698355680969e+00 2.221998710974209867e+00
2.408473663954352251e+00 2.397471023311201765e+00
2.584749853969964040e+00 2.609508994505827406e+00
2.777383285513894684e+00 2.802100896900208582e+00
2.965938821604842790e+00 2.995015846363847434e+00
3.187557688667840061e+00 3.154679774793224478e+00
3.380439306768789454e+00 3.339399992001334194e+00
3.573058916488434100e+00 3.543800999959390019e+00
3.744691822716091689e+00 3.784767512252875221e+00
3.967218804215219663e+00 3.927466655505301940e+00
4.124716993758919870e+00 4.163652880570927195e+00
4.360645843551337997e+00 4.318592134849153830e+00
4.515391594846724921e+00 4.557134393178012388e+00
4.753196406638902971e+00 4.679537841991161962e+00
4.948329529184374742e+00 4.897516445019816089e+00
5.150882170827349782e+00 5.087368597027989381e+00
5.251218923930754734e+00 5.343792615713023331e+00
5.484991553386568519e+00 5.547054680453892495e+00
5.668818515917743106e+00 5.751460326134486323e+00
5.942309711896125890e+00 5.884639364465326317e+00
6.066095273012277467e+00 6.136859120604047924e+00
6.330579015016466471e+00 6.238295721596130328e+00
6.534723614107944556e+00 6.431647713986148318e+00
6.724443010748672123e+00 6.620263167420700867e+00
6.826370821339040162e+00 6.924614306198227709e+00
7.117310011033618267e+00 7.024203139013936337e+00
7.312592389376046498e+00 7.232695475584193900e+00
7.394747456837476030e+00 7.517722941055374974e+00
7.577088264999335188e+00 7.703962651071774914e+00
7.817291079792579644e+00 7.904856926906248304e+00
8.092508577808319004e+00 8.026515527734495947e+00
8.177667863274686866e+00 8.290691861339153590e+00
8.484912722614653902e+00 8.365030432651449743e+00
8.614223202237813126e+00 8.683248101838104915e+00
8.790261883323752912e+00 8.869319563132291862e+00
9.078658626747717619e+00 8.998451823321738985e+00
9.180841751522050842e+00 9.275373387830812888e+00
9.465090673456172610e+00 9.381488494072190321e+00
9.540396717408487604e+00 9.658592426164565481e+00
9.750056719515876935e+00 9.856056920237628916e+00
1.004598171806761009e+01 9.966309764886915445e+00
1.015643268294107671e+01 1.025400158887630297e+01
1.035589528378069524e+01 1.045340305515156665e+01
1.055334597486948134e+01 1.064887057006277615e+01
1.072060022778894250e+01 1.084761746635068924e+01
1.091148771919606375e+01 1.105581512933986943e+01
1.126368965184767923e+01 1.111308985284649786e+01
1.144440641176929141e+01 1.129751371854836428e+01
1.164080825021366650e+01 1.151599075449774290e+01
1.166676292519863622e+01 1.183168250010568023e+01
1.190569388895664993e+01 1.202606710374931609e+01
1.223119418391668134e+01 1.211268949978672183e+01
1.232250721922233794e+01 1.242445041530047511e+01
1.262380129636311743e+01 1.249226087380649197e+01
1.265308214539615683e+01 1.281202958257015645e+01
1.299517182790550152e+01 1.289624920143663545e+01
1.307572845495703717e+01 1.318694194800116115e+01
1.337401310458685089e+01 1.325398379444892072e+01
1.347012548356900474e+01 1.357893358613931944e+01
1.377405303106484347e+01 1.364432768421131392e+01
1.384223253852072233e+01 1.396777470370175678e+01
1.401916923786679092e+01 1.417057296471784156e+01
1.434514154657160390e+01 1.421384519276659120e+01
1.456486660153571933e+01 1.444263847975068948e+01
1.464106954767711244e+01 1.475213896291585236e+01
1.482912569526705227e+01 1.495545024305298654e+01
1.515219516193768001e+01 1.502433617454570758e+01
1.520440917020548355e+01 1.534908460026897004e+01
1.554850047238811328e+01 1.541049836555233021e+01
1.574893334961682001e+01 1.559551531814659242e+01
1.579902707565862130e+01 1.594751273376172307e+01
1.602467478701987957e+01 1.615202804614419207e+01
1.633863537796119658e+01 1.624898775858621036e+01
1.642465013967797915e+01 1.654768071569642629e+01
1.674003548508278882e+01 1.661838249583962579e+01
1.693755845698601448e+01 1.682972836070358724e+01
1.700458026252831445e+01 1.713978367619728616e+01
1.717946052847488758e+01 1.734653734516837886e+01
1.753752719666891835e+01 1.739703547142343965e+01
1.774425948656978491e+01 1.760114826275187028e+01
1.795693510890718514e+01 1.777279335683420314e+01
1.814363364058866068e+01 1.801312729632229903e+01
1.833305671316840346e+01 1.817085766041788730e+01
1.853460965940650951e+01 1.830051792944323807e+01
1.860632131638004338e+01 1.872828122164076703e+01
1.879155746104299496e+01 1.892347619758041333e+01
1.899132914849546694e+01 1.911944029801147948e+01
1.914428559598480106e+01 1.931284615569604313e+01
1.947642754211461025e+01 1.936858598983498325e+01
1.969921286143123851e+01 1.958273544916185926e+01
