0.000000000000000000e+00 0.000000000000000000e+00
0.000000000000000000e+00 0.000000000000000000e+00
0.000000000000000000e+00 0.000000000000000000e+00
0.000000000000000000e+00 0.000000000000000000e+00
0.000000000000000000e+00 0.000000000000000000e+00
0.000000000000000000e+00 0.000000000000000000e+00
0.000000000000000000e+00 0.000000000000000000e+00
0.000000000000000000e+00 0.000000000000000000e+00
0.000000000000000000e+00 0.000000000000000000e+00
0.000000000000000000e+00 0.000000000000000000e+00
0.000000000000000000e+00 0.000000000000000000e+00
0.000000000000000000e+00 0.000000000000000000e+00
0.000000000000000000e+00 0.000000000000000000e+00
0.000000000000000000e+00 0.000000000000000000e+00
0.000000000000000000e+00 0.000000000000000000e+00
0.000000000000000000e+00 0.000000000000000000e+00
0.000000000000000000e+00 0.000000000000000000e+00
1.196174144935396311e-01 2.734629551130404401e+00
2.970999072203633351e-01 3.970927489040120051e+00
4.989888516273701669e+00 6.020778691698094320e+00
5.228063766560561376e+00 6.590096356702914271e+00
6.290610618860416281e+00 6.705655935538326951e+00
6.767624978233286015e+00 6.759159187402066671e+00
6.860888051736867332e+00 7.007476350823425904e+00
7.066098238779672691e+00 7.036999658442678829e+00
7.155725557753644495e+00 7.294412728235056598e+00
7.374231491676914274e+00 7.284138019454977631e+00
7.472891188617968083e+00 7.575502793253964917e+00
7.651755643724182931e+00 7.745222900176216285e+00
7.849885292947863746e+00 7.793251422502552650e+00
7.949991466144033403e+00 8.049138655763149686e+00
8.102700478375671977e+00 8.198733454362164608e+00
8.315591746728319578e+00 8.254015030594571201e+00
8.387405094713844989e+00 8.485097529435119412e+00
8.613650297563678393e+00 8.542595027343693914e+00
8.692087906593059188e+00 8.788699631998829531e+00
8.843020240200534232e+00 8.943102350056802763e+00
9.088920386959943087e+00 9.043685683231185379e+00
9.237749391065124271e+00 9.190626260171763207e+00
9.333288710938834498e+00 9.394313472897948714e+00
9.551639276401219902e+00 9.495450736883009668e+00
9.707122524487454385e+00 9.653838370485811282e+00
9.866967594870224900e+00 9.807071600469836170e+00
1.003165877429478847e+01 9.970190402034345922e+00
1.019362697517316008e+01 1.013316248613494253e+01
1.037429485915949456e+01 1.026852376944903256e+01
1.053988907967945465e+01 1.044399243068740368e+01
1.070000613067867157e+01 1.061767015960346860e+01
1.087007087978676445e+01 1.077020601557844692e+01
1.103794898013098091e+01 1.093530953534084915e+01
1.121966894790924840e+01 1.106585614527996242e+01
1.137834366243068729e+01 1.122689053244949342e+01
1.154811843574823982e+01 1.142763830443665363e+01
1.171316582965188147e+01 1.158912749580890633e+01
1.189981934459667201e+01 1.180161727365100077e+01
1.206841366000979576e+01 1.196529224186327767e+01
1.224467931579289015e+01 1.210967929071826532e+01
1.242795363856210145e+01 1.229867672230871811e+01
1.259675125863554968e+01 1.246716540480166380e+01
1.277532127980675725e+01 1.268468502074437154e+01
1.295019403145565562e+01 1.277747223792945519e+01
1.313913059372710812e+01 1.300469855952398213e+01
1.331697106423740706e+01 1.309564461604460206e+01
1.348395449020794956e+01 1.327762772335126584e+01
1.368211867307750929e+01 1.350411747433327392e+01
1.386022872381017201e+01 1.374556156423171061e+01
1.403678303546560890e+01 1.387317544291797766e+01
1.422109654632776632e+01 1.403187006529633685e+01
1.438698077590276547e+01 1.416471687132124657e+01
1.457430495925948932e+01 1.440789277927628653e+01
1.475458564656063132e+01 1.454778304117072274e+01
1.493501809402484959e+01 1.467097800113395145e+01
1.512072176066642193e+01 1.493673576271939218e+01
1.529801039678757313e+01 1.511221935837662755e+01
1.548017310910770128e+01 1.530297634407801510e+01
1.567101723236180177e+01 1.544545788508438555e+01
1.585540056940607379e+01 1.563697530211639908e+01
1.604507117592277865e+01 1.591197799822696268e+01
1.622467950603580178e+01 1.605126740479516201e+01
1.642417058604635827e+01 1.615492605326860698e+01
1.661186180779222710e+01 1.636974978023177840e+01
1.680780173029316416e+01 1.649934861430249811e+01
1.700057123562251959e+01 1.679905595744932256e+01
1.719162689690548262e+01 1.696351595436592063e+01
1.738216047556126753e+01 1.711591417649507108e+01
1.757682854532323447e+01 1.732485707434320332e+01
1.776635103239088309e+01 1.750003883331605792e+01
1.795998304417734559e+01 1.770144166775491001e+01
1.813565238150380310e+01 1.789809368488119290e+01
1.833308198926629373e+01 1.805569373823372459e+01
1.851072861480026077e+01 1.812811056228536444e+01
1.869682735467437595e+01 1.842606973201140974e+01
1.888356690191554321e+01 1.850757565249050174e+01
1.908117933719357495e+01 1.873127073461615311e+01
1.925398077669924746e+01 1.894753170998350811e+01
1.945538825971684460e+01 1.912379892157695238e+01
1.964650558721007201e+01 1.931642399381544095e+01
1.982759253739368077e+01 1.953934225421349780e+01
2.003368497509865165e+01 1.960390862968150572e+01
2.021312277659393786e+01 1.991868374769536842e+01
2.041259553802541760e+01 2.001798907998181321e+01
