0.000000000000000000e+00 0.000000000000000000e+00
0.000000000000000000e+00 0.000000000000000000e+00
0.000000000000000000e+00 0.000000000000000000e+00
0.000000000000000000e+00 0.000000000000000000e+00
0.000000000000000000e+00 0.000000000000000000e+00
0.000000000000000000e+00 0.000000000000000000e+00
0.000000000000000000e+00 0.000000000000000000e+00
0.000000000000000000e+00 0.000000000000000000e+00
0.000000000000000000e+00 0.000000000000000000e+00
0.000000000000000000e+00 0.000000000000000000e+00
0.000000000000000000e+00 0.000000000000000000e+00
0.000000000000000000e+00 0.000000000000000000e+00
0.000000000000000000e+00 0.000000000000000000e+00
0.000000000000000000e+00 0.000000000000000000e+00
0.000000000000000000e+00 3.423313309404040217e-01
1.227595440520154804e-02 0.000000000000000000e+00
4.594180924647427167e-02 0.000000000000000000e+00
5.430469741984631643e-02 0.000000000000000000e+00
5.805883255831109646e-02 4.392928692226641729e+00
4.772663137742211958e+00 5.799504468796442325e+00
6.073225206705688883e+00 6.602014241226494384e+00
6.082671735601870466e+00 6.600658164602550393e+00
6.738745958259639401e+00 6.720597137609568783e+00
6.800168697819573005e+00 6.894145479136849275e+00
6.977500171065340595e+00 6.971221888629132835e+00
7.068356619528473495e+00 7.222531752146345241e+00
7.242804422629631311e+00 7.456042182437780497e+00
7.400393229736874190e+00 7.589447442202231109e+00
7.578650498737040664e+00 7.722562241077290501e+00
7.819845825195204547e+00 7.856748657109944745e+00
7.975518794766971453e+00 7.958844875056686696e+00
8.104649381488249205e+00 8.151941025375190719e+00
8.264820303071623186e+00 8.248715992708595124e+00
8.403360844733491319e+00 8.472452477865470399e+00
8.591832964538387074e+00 8.555184597078591580e+00
8.738864428589222300e+00 8.725560211882104511e+00
8.875609009901397783e+00 8.963404745252649519e+00
9.028017392627297966e+00 9.113471227030839117e+00
9.209351858426643389e+00 9.261091374957391764e+00
9.416361881476849049e+00 9.363764855517509034e+00
9.576526331114537882e+00 9.512548565582477522e+00
9.732902723933186451e+00 9.673074087735239246e+00
9.886182652589907249e+00 9.803496497169174262e+00
9.980961373020882377e+00 1.003112114780813968e+01
1.019564586971748099e+01 1.014952246561277782e+01
1.036303051493742622e+01 1.028257764290308174e+01
1.052669222153157236e+01 1.046055404670158495e+01
1.070163330964752113e+01 1.064309969376588327e+01
1.086829238816963894e+01 1.078983722044638505e+01
1.103827580260501051e+01 1.096305544005398147e+01
1.121781097397710347e+01 1.109552255171694313e+01
1.139048640511254007e+01 1.128920071136173675e+01
1.156814141412765196e+01 1.146685552374786887e+01
1.174121164154425756e+01 1.161981919557024590e+01
1.191728572714029077e+01 1.181678687305696407e+01
1.209409092030973021e+01 1.200490686417159125e+01
1.226891118483048615e+01 1.214507306278001053e+01
1.244381541963377558e+01 1.228678355808608025e+01
1.261620962312704464e+01 1.250753908726444408e+01
1.279575417653711078e+01 1.268490765422793665e+01
1.297387016962780315e+01 1.287925621628512296e+01
1.314362071578331381e+01 1.302993199922031486e+01
1.332988969875036211e+01 1.317173679810962739e+01
1.350483996957268751e+01 1.334864225787026903e+01
1.368818746755073512e+01 1.352015464777616316e+01
1.386871086560434740e+01 1.366195664910171814e+01
1.403901699841315853e+01 1.393979474010107467e+01
1.420330864976815199e+01 1.409707222493255330e+01
1.439328783359413855e+01 1.429828490523608586e+01
1.457420592067751564e+01 1.438747491029176118e+01
1.474491934056035092e+01 1.458398248851192314e+01
1.492704109515235622e+01 1.480898550556141835e+01
1.510603715813647696e+01 1.487274728364692855e+01
1.528905499626776177e+01 1.511274355833948491e+01
1.546858923817665676e+01 1.529747796542796934e+01
1.566165475081594849e+01 1.549352903282971816e+01
1.584222354877957173e+01 1.566530494323465383e+01
1.602486357777097936e+01 1.579817766977714477e+01
1.621872672793255177e+01 1.598904823306880374e+01
1.640383908252335488e+01 1.618469239643281554e+01
1.659557623772286661e+01 1.634185656801251341e+01
1.678494059510134662e+01 1.654533560171210382e+01
1.698164778086590943e+01 1.669860550331043214e+01
1.717253614085330682e+01 1.689976219987958572e+01
1.735319800059469486e+01 1.709791036697770394e+01
1.754541719023056956e+01 1.731356870900361855e+01
1.775342091033108360e+01 1.746309784288681755e+01
1.792443037674205897e+01 1.757533629485665472e+01
1.811522964495586052e+01 1.786530038728819747e+01
1.829450497707541246e+01 1.796387644936353922e+01
1.849411767488500047e+01 1.825766894217303360e+01
1.869304771480923222e+01 1.842722455711624363e+01
1.888156345924281965e+01 1.860111168694539430e+01
1.907432368219402008e+01 1.881281439230994579e+01
1.927280303360034708e+01 1.898738329638815614e+01
1.945162074726644619e+01 1.909202356824877356e+01
1.964113863561459539e+01 1.928712774641109107e+01
1.983063279107072319e+01 1.951581216226549387e+01
2.002607105191968628e+01 1.958541572306162948e+01
2.021138407012128724e+01 1.976645909881133889e+01
2.040285529605165138e+01 2.003591442762009933e+01
