0.000000000000000000e+00 0.000000000000000000e+00
0.000000000000000000e+00 0.000000000000000000e+00
0.000000000000000000e+00 0.000000000000000000e+00
0.000000000000000000e+00 0.000000000000000000e+00
0.000000000000000000e+00 0.000000000000000000e+00
0.000000000000000000e+00 0.000000000000000000e+00
0.000000000000000000e+00 0.000000000000000000e+00
0.000000000000000000e+00 0.000000000000000000e+00
0.000000000000000000e+00 0.000000000000000000e+00
0.000000000000000000e+00 0.000000000000000000e+00
0.000000000000000000e+00 0.000000000000000000e+00
0.000000000000000000e+00 0.000000000000000000e+00
0.000000000000000000e+00 0.000000000000000000e+00
0.000000000000000000e+00 0.000000000000000000e+00
0.000000000000000000e+00 0.000000000000000000e+00
0.000000000000000000e+00 0.000000000000000000e+00
0.000000000000000000e+00 0.000000000000000000e+00
0.000000000000000000e+00 0.000000000000000000e+00
0.000000000000000000e+00 0.000000000000000000e+00
0.000000000000000000e+00 0.000000000000000000e+00
0.000000000000000000e+00 0.000000000000000000e+00
0.000000000000000000e+00 0.000000000000000000e+00
0.000000000000000000e+00 0.000000000000000000e+00
0.000000000000000000e+00 0.000000000000000000e+00
0.000000000000000000e+00 0.000000000000000000e+00
0.000000000000000000e+00 0.000000000000000000e+00
0.000000000000000000e+00 0.000000000000000000e+00
0.000000000000000000e+00 0.000000000000000000e+00
0.000000000000000000e+00 0.000000000000000000e+00
0.000000000000000000e+00 0.000000000000000000e+00
0.000000000000000000e+00 0.000000000000000000e+00
0.000000000000000000e+00 0.000000000000000000e+00
0.000000000000000000e+00 0.000000000000000000e+00
0.000000000000000000e+00 0.000000000000000000e+00
1.500465557503911085e-01 0.000000000000000000e+00
9.741041688652701813e-02 0.000000000000000000e+00
9.741041688652701813e-02 0.000000000000000000e+00
1.632859577283667929e-01 3.276892857601912401e-01
6.082759579050895926e-01 3.465108529729218345e-01
1.824855976131918855e-01 0.000000000000000000e+00
5.883631143607065406e-01 6.943364770195616931e-01
1.536370645751829134e+00 2.432773644203490182e+00
2.094420317706360279e+00 7.489256591604437574e+00
5.656636526875331583e+00 1.229401734424154036e+01
1.344331958319872555e+01 1.374101951996442850e+01
1.433560626596553789e+01 1.442375315552729198e+01
1.497059350996823746e+01 1.517791283654586287e+01
1.546987038056250263e+01 1.564192591611544891e+01
1.594101762383536958e+01 1.598802104658563117e+01
1.622998588410695930e+01 1.635800634203750192e+01
1.653508331133995668e+01 1.667779273803042273e+01
1.674279557476996771e+01 1.699828169856306559e+01
1.704676031805341907e+01 1.729897348484531250e+01
1.738135658223923130e+01 1.758581061867623063e+01
1.770961108962273300e+01 1.785689024304057071e+01
1.797111642977702317e+01 1.813288375280743381e+01
1.828843303481618321e+01 1.839793420419006509e+01
1.853920343029458806e+01 1.864159692148026792e+01
1.880124403519650045e+01 1.890358251164235526e+01
1.906619898244197486e+01 1.916239717610899618e+01
1.930562742477623317e+01 1.941011957615686967e+01
1.966030514524314654e+01 1.956237786437870696e+01
1.990814719055895310e+01 1.979279044409247845e+01
2.017015764091369334e+01 2.004027163143652146e+01
2.043429707651508664e+01 2.027470642903602638e+01
2.068210490576502281e+01 2.057273506427558729e+01
2.094507382553353025e+01 2.077833096469417384e+01
2.122742515755210491e+01 2.108373108666715723e+01
2.150635690750725715e+01 2.136756020958145186e+01
2.176419469646596383e+01 2.160322924788945187e+01
2.204456035027054739e+01 2.188249229570029897e+01
2.232676597912180583e+01 2.211559172865688083e+01
2.259943822704728333e+01 2.240395750668061225e+01
2.270040873324113306e+01 2.282960845997821764e+01
2.313287752085200566e+01 2.297851015984087297e+01
2.340111151752263297e+01 2.324078805938741255e+01
2.370069605891424303e+01 2.351891068601553414e+01
2.396730246879157988e+01 2.380995110912886403e+01
2.425171388110449300e+01 2.409004256047306214e+01
2.452837509909507574e+01 2.435831893848260421e+01
2.481980866771311511e+01 2.462665295307048652e+01
2.512058201234685484e+01 2.493032984108782912e+01
2.541788898059904511e+01 2.524224226642286339e+01
2.571738651642209561e+01 2.547736945904590655e+01
2.600236650633870994e+01 2.579099922095828390e+01
2.627880294087041690e+01 2.608608156209480100e+01
2.656378965032370942e+01 2.634904458397054228e+01
2.685129499803631958e+01 2.667882156514958680e+01
2.714108122591779448e+01 2.696288982119093802e+01
2.743578095890070045e+01 2.724564570049121315e+01
2.772028899703090232e+01 2.749875255837135768e+01
2.800811881257534353e+01 2.788732124032996396e+01
2.830428264313715658e+01 2.814603901239300399e+01
2.861558910740487605e+01 2.842539758433998998e+01
2.890374713465035938e+01 2.868892063026364170e+01
2.920832640949934955e+01 2.902120514256996131e+01
2.948696749537140960e+01 2.923493127051537144e+01
2.979899331737303925e+01 2.954639902682125907e+01
3.009621629502115425e+01 2.991602885747547447e+01
3.038555185204586095e+01 3.014759844216749940e+01
3.070353300999668633e+01 3.050402241041652118e+01
