0.000000000000000000e+00 0.000000000000000000e+00
0.000000000000000000e+00 0.000000000000000000e+00
0.000000000000000000e+00 0.000000000000000000e+00
0.000000000000000000e+00 0.000000000000000000e+00
0.000000000000000000e+00 0.000000000000000000e+00
0.000000000000000000e+00 0.000000000000000000e+00
4.494091331143940105e-01 2.498978987885727143e-01
4.638477125290367820e-01 1.785875682148543309e+00
1.747641005835862460e+00 1.913021863433859604e+00
4.601134196257923747e+00 5.738695429198170217e+00
5.190754406695465839e+00 5.780479049753599163e+00
5.793800294837999409e+00 5.796130358528168713e+00
5.848754281894584572e+00 5.846375114046343135e+00
5.816442215323452736e+00 5.784476619248505536e+00
5.924860338912357527e+00 6.068233016916609657e+00
6.096143304360045256e+00 6.302268494036648683e+00
6.170695973581918459e+00 6.515980611304270198e+00
6.406198351868793495e+00 6.606211806867949399e+00
6.657443199134197798e+00 6.858113236349716146e+00
6.835793670178340165e+00 7.051983392698449649e+00
7.006245515036572336e+00 7.236091438201730952e+00
7.181196696576441774e+00 7.438649164556863091e+00
7.370571058484149063e+00 7.640742609356826698e+00
7.530895611447814275e+00 7.845877974581709324e+00
7.735974147813674762e+00 8.018324763595307658e+00
8.005786375287708978e+00 8.197775569830769271e+00
8.198516490055316908e+00 8.372754660007727168e+00
8.369874300804191591e+00 8.540622701193495203e+00
8.533435001395845987e+00 8.703114185784256662e+00
8.721781986579898671e+00 8.881750430153891429e+00
8.892066462436030605e+00 9.047850154760251229e+00
9.065293254632919684e+00 9.218318982672434103e+00
9.235561648805509449e+00 9.391160304514858836e+00
9.375370288698109178e+00 9.555232479023063163e+00
9.564130013565465660e+00 9.716258474322378547e+00
9.728421478294752234e+00 9.869121412589644038e+00
9.870013152466077244e+00 1.003901413536270049e+01
1.004763681823635935e+01 1.020438381716663834e+01
1.018740242256523487e+01 1.036872084206512312e+01
1.034116390511811723e+01 1.053539307517794654e+01
1.049416168770181379e+01 1.070073510976126663e+01
1.067714342706763553e+01 1.086481250151192768e+01
1.080429142107818130e+01 1.102968139554768356e+01
1.095707912254171568e+01 1.117924013459537846e+01
1.107114240184353271e+01 1.134885475157103940e+01
1.124417886586152981e+01 1.150588985668079722e+01
1.162495415739007854e+01 1.140236859166315853e+01
1.154591891473802967e+01 1.180700220960488167e+01
1.166904152855159182e+01 1.197089703083874213e+01
1.185347480517477337e+01 1.213266033323699133e+01
1.204679279262868086e+01 1.229122369951225657e+01
1.242146180363273444e+01 1.213626608307757593e+01
1.233920430513743760e+01 1.261100540395537983e+01
1.275051796132866677e+01 1.251155343892514438e+01
1.290212058162644304e+01 1.260345844908773927e+01
1.306416798166659632e+01 1.279709700696392183e+01
1.322535293753108654e+01 1.293884560214907609e+01
1.309483592714659927e+01 1.338702518371485084e+01
1.354118917966091828e+01 1.331645464613649388e+01
1.343565924390081712e+01 1.370313050826903378e+01
1.386686875984123191e+01 1.361750143584963801e+01
1.376833109001608157e+01 1.401314599143429795e+01
1.393846373380671544e+01 1.416984377462173583e+01
1.434274634417248073e+01 1.404664940315301180e+01
1.450247711545229734e+01 1.427833662258432312e+01
1.466808923006761844e+01 1.435276810726471020e+01
1.458145028765300211e+01 1.482392005159664627e+01
1.481641178445316775e+01 1.499044730955996485e+01
1.516864558311991296e+01 1.489874319832411231e+01
1.533061410661236934e+01 1.509098847073196836e+01
1.550301048146750027e+01 1.527240882265131816e+01
1.567931931060153872e+01 1.542140390679750084e+01
1.583772681404311378e+01 1.560168495666068367e+01
1.577655125533716429e+01 1.599575238239334851e+01
1.617844434140662102e+01 1.597499479386808119e+01
1.635297901015788824e+01 1.610428606063944201e+01
1.626608694833527835e+01 1.649554482910060216e+01
1.669672825678237871e+01 1.647599239854330833e+01
1.686613803265456468e+01 1.658510031065074841e+01
1.704313008551375219e+01 1.679319794495862794e+01
1.722764671152010152e+01 1.697405906745099102e+01
1.740008644722120579e+01 1.713746782457810625e+01
1.758378254398649787e+01 1.732842023359117789e+01
1.776232363313911122e+01 1.755521747717574144e+01
1.794385072167296968e+01 1.770289618183254277e+01
1.811635432592193595e+01 1.788812969052106538e+01
1.803564674620787400e+01 1.826112961429643988e+01
1.847799151236886317e+01 1.826887457073289411e+01
1.864740360259110474e+01 1.840573416578752486e+01
1.882497545870137401e+01 1.861305263077208139e+01
1.900212826862641791e+01 1.872228448723553740e+01
1.919790652133590569e+01 1.891969275836352082e+01
1.937843663432231622e+01 1.913995626559561813e+01
1.955298775750000573e+01 1.934756921859631973e+01
1.974628731824681083e+01 1.951383205754074623e+01
1.992283743365942783e+01 1.964901394299255699e+01
2.011494841844992010e+01 1.988434787294188766e+01
2.030407823843604476e+01 2.000509896599448822e+01
2.047848094701395283e+01 2.022321757521191188e+01
2.064567068771913938e+01 2.041656167795440879e+01
2.085801549337324445e+01 2.063475672964623087e+01
