0.000000000000000000e+00 0.000000000000000000e+00
0.000000000000000000e+00 0.000000000000000000e+00
0.000000000000000000e+00 0.000000000000000000e+00
0.000000000000000000e+00 0.000000000000000000e+00
0.000000000000000000e+00 0.000000000000000000e+00
0.000000000000000000e+00 0.000000000000000000e+00
0.000000000000000000e+00 0.000000000000000000e+00
1.353168650350406566e+00 2.078777886741395520e+00
2.360598464908084004e+00 2.399665644323660363e+00
2.561399056242283923e+00 2.581357855278865632e+00
2.733672457274276102e+00 2.725936445736389491e+00
2.867105842510757174e+00 2.894179551525315919e+00
3.031113522246104530e+00 3.061514429324389663e+00
3.184534423937328107e+00 3.261626022512374767e+00
3.363029154030225065e+00 3.436780157976737193e+00
3.550292927178530622e+00 3.611993555803096889e+00
3.768146383311235859e+00 3.708290972330276158e+00
3.930439786577722749e+00 3.856802514734118503e+00
4.032918482231093726e+00 4.153771159512802846e+00
4.244025491575835751e+00 4.341597944102836060e+00
4.433588735610731746e+00 4.536828199461809596e+00
4.616171191150046482e+00 4.713278343434379458e+00
4.807787558336793943e+00 4.887137466824699850e+00
5.003611606815394630e+00 5.067263720120024573e+00
5.241671439826529166e+00 5.177205739576611343e+00
5.427726533011195897e+00 5.334693426264311533e+00
5.607742483253519872e+00 5.500581404174927691e+00
5.782167338926739397e+00 5.662979105485034026e+00
5.959850264757013960e+00 5.841129314664961214e+00
6.134045874868294668e+00 6.029497780039063670e+00
6.313512348564130683e+00 6.219964086772070466e+00
6.497981082062892710e+00 6.370869421787359599e+00
6.683489178980980938e+00 6.558281019662749678e+00
6.873765802024762728e+00 6.755211550852010305e+00
7.057721010691584418e+00 6.933382699564057283e+00
7.247754772369643383e+00 7.122882943147910595e+00
7.447969542326942971e+00 7.306321100968613536e+00
7.637836938988922242e+00 7.487257658873142319e+00
7.815154744446215496e+00 7.717483507293618317e+00
8.007343769954136548e+00 7.862588758167516900e+00
8.194453305730146297e+00 8.061775082974861562e+00
8.228028800409999732e+00 8.335217403747124720e+00
8.544467505335527235e+00 8.416940991961240570e+00
8.724168969803947959e+00 8.599177349981163232e+00
8.915701240303736341e+00 8.793933954368020167e+00
9.111388489018581893e+00 8.961031254246483613e+00
9.295317927529659130e+00 9.185516534394485788e+00
9.500079395750994138e+00 9.347277713057350113e+00
9.697967173402181729e+00 9.575300857434838164e+00
9.887452621516111151e+00 9.708850693915195507e+00
1.007904282713670163e+01 9.945834273149388949e+00
1.026782863743878060e+01 1.016240447866617558e+01
1.046343378229975407e+01 1.032729714950942324e+01
1.065187311454763730e+01 1.045430984635375893e+01
1.083701297847412981e+01 1.073178275026885942e+01
1.103339668789792860e+01 1.092065561751488190e+01
1.123769850771613044e+01 1.108454974300496687e+01
1.142318621707147308e+01 1.119617086487213520e+01
1.161211812230586027e+01 1.142866139413497528e+01
1.181092362335231449e+01 1.162899220980322745e+01
1.200966443616954571e+01 1.184795084381242170e+01
1.219680314165146839e+01 1.205427556487788721e+01
1.238740187386743052e+01 1.220547205985666039e+01
1.258200255607678919e+01 1.243909004493427872e+01
1.277678743572716158e+01 1.262167740559044127e+01
1.295718700190975881e+01 1.282847815912367295e+01
1.315443145299179051e+01 1.301922254953403524e+01
1.334822795493354697e+01 1.321964066161020490e+01
1.353938323161018786e+01 1.337444906404613221e+01
1.373876785684197088e+01 1.352488072430364241e+01
1.391686725225478405e+01 1.380933935378267385e+01
1.410633215983303757e+01 1.397877162981206567e+01
1.431252652649292756e+01 1.414261730240771442e+01
1.449968191242045101e+01 1.439145316694231624e+01
1.469827492087790688e+01 1.453975599114822259e+01
1.488441506897745370e+01 1.471248349213560225e+01
1.507986090007546842e+01 1.495127005504761719e+01
1.527959257433413853e+01 1.517712960994524884e+01
1.547317383251999523e+01 1.529264565565033784e+01
1.567086292527356584e+01 1.554037747534403913e+01
1.587355990581876775e+01 1.563585378746506649e+01
1.605948782088612958e+01 1.592113747216446562e+01
1.625348351858865215e+01 1.610326814731466882e+01
1.644525176299963576e+01 1.631265509489621834e+01
1.664446220676028076e+01 1.647732563504129288e+01
1.682728846378341814e+01 1.656094790338346456e+01
1.701789644373603139e+01 1.680281798466835852e+01
1.720795076379366151e+01 1.694643543972642519e+01
1.740481391345261741e+01 1.730089872600167311e+01
1.761481307242729955e+01 1.737880839080681739e+01
1.781870890762841952e+01 1.761903551910360832e+01
1.800222462231312548e+01 1.778956357853927983e+01
1.819186458419697416e+01 1.801451854114861106e+01
1.838978355345728843e+01 1.818865685871304905e+01
1.858692753634196038e+01 1.844256080710587398e+01
1.877182700055511333e+01 1.855373712923246998e+01
1.897159831897859306e+01 1.874019636152546653e+01
1.917554993078470105e+01 1.901961015351990980e+01
1.937510841303338793e+01 1.918338096477249621e+01
1.956619212925846440e+01 1.928604367005418752e+01
1.975328627946743154e+01 1.961001628280343567e+01
