0.000000000000000000e+00 0.000000000000000000e+00
0.000000000000000000e+00 0.000000000000000000e+00
0.000000000000000000e+00 0.000000000000000000e+00
0.000000000000000000e+00 0.000000000000000000e+00
0.000000000000000000e+00 0.000000000000000000e+00
0.000000000000000000e+00 0.000000000000000000e+00
0.000000000000000000e+00 0.000000000000000000e+00
0.000000000000000000e+00 0.000000000000000000e+00
0.000000000000000000e+00 4.826741460936418981e+00
6.956766284125203370e+00 8.300998801232813307e+00
8.481622275946593348e+00 8.792293371711039640e+00
8.468589929636072711e+00 8.613440689981803899e+00
8.676012226431836893e+00 8.701047085480260179e+00
8.590225792041719544e+00 8.586182188652568215e+00
8.667077048540480888e+00 8.802486071169697723e+00
8.752530751206863968e+00 8.993503427660213490e+00
8.893167932220093164e+00 9.263962103349578925e+00
9.074753853828553929e+00 9.450089652995151468e+00
9.395270529833975814e+00 9.595557357457860093e+00
9.598290512657760232e+00 9.751555356627523707e+00
9.833511403490664549e+00 9.954330006921381369e+00
9.993782272162809122e+00 1.016806238666853979e+01
1.013785691172685155e+01 1.035955605683711234e+01
1.033791991799377108e+01 1.053760982763191301e+01
1.048795150364583506e+01 1.071356512825994756e+01
1.065683046556840274e+01 1.087787305926832637e+01
1.082000484052855604e+01 1.104133839871579426e+01
1.101060957854511102e+01 1.120283006170623885e+01
1.119764246460597867e+01 1.135392005227003942e+01
1.137650302556178161e+01 1.151611929455890504e+01
1.151577605755132794e+01 1.168425303098115187e+01
1.171240226058333711e+01 1.185422385337021822e+01
1.187082445415392762e+01 1.202644179015850767e+01
1.204041429203879154e+01 1.218957205440601399e+01
1.220230257759966541e+01 1.236141658967392232e+01
1.237998197203799045e+01 1.252321055910874570e+01
1.255196152390410091e+01 1.269337278248125500e+01
1.271491971140405575e+01 1.285459371369977966e+01
1.287278064555619927e+01 1.301440582224297060e+01
1.304419355109109091e+01 1.318489786969056787e+01
1.318023518709057029e+01 1.335728118258083086e+01
1.336185170822135504e+01 1.352334881906426922e+01
1.353332043335906221e+01 1.367934292485177572e+01
1.370770362302027046e+01 1.383290972992192991e+01
1.388043068692035575e+01 1.400175295605787618e+01
1.401955007137268616e+01 1.417393168636475309e+01
1.419181165419215773e+01 1.433066550576814713e+01
1.435089904055593202e+01 1.449136761760835590e+01
1.450136650053721610e+01 1.465042374326010766e+01
1.465223157268575527e+01 1.481538234735021398e+01
1.481046770537516188e+01 1.497880826142008992e+01
1.493743807921828726e+01 1.514957697379951185e+01
1.515019947098904041e+01 1.530828038888268949e+01
1.524364056655785582e+01 1.547561477755337300e+01
1.546524359439834129e+01 1.563537196247831496e+01
1.561025220780907574e+01 1.579669790293311848e+01
1.577894717022422988e+01 1.597394945863941373e+01
1.597422730028918281e+01 1.614042384245885486e+01
1.616480280169947292e+01 1.629935598542263619e+01
1.627048598417913894e+01 1.645079644175633860e+01
1.642754133179162679e+01 1.662520890023845510e+01
1.667117048466077023e+01 1.678592301834024525e+01
1.678006344377126169e+01 1.695358204301537342e+01
1.697534265559648858e+01 1.711136887318423661e+01
1.711760285918974844e+01 1.726905125503257921e+01
1.736038815402316260e+01 1.725811669815452376e+01
1.743439446264145332e+01 1.757041852921897984e+01
1.755250365756166175e+01 1.772179539685865990e+01
1.767919378665673591e+01 1.789005318433432379e+01
1.787205114624391555e+01 1.804583396977806942e+01
1.804744088242747324e+01 1.821592594688051037e+01
1.815295716952884320e+01 1.838932130691243927e+01
1.833290817923839455e+01 1.855110067755392578e+01
1.852993364175273427e+01 1.870759121234364386e+01
1.867305536627346285e+01 1.886733033196273013e+01
1.880742331834400360e+01 1.903631609457123020e+01
1.897319123536410146e+01 1.918411438802531066e+01
1.917018459409439046e+01 1.935350036507496085e+01
1.934482332060509080e+01 1.951796894348960265e+01
1.954330726148487329e+01 1.967976837536308921e+01
1.979678219014911278e+01 1.966132720893865482e+01
1.979402111838080813e+01 2.000060904789515348e+01
2.010258337203283929e+01 1.993005177028149078e+01
2.025814411020861527e+01 2.014972191228320497e+01
2.041251386080592667e+01 2.029669696844267079e+01
2.037753555763895719e+01 2.060008272465325518e+01
2.056576669303746385e+01 2.075943429508970794e+01
2.088972820064389424e+01 2.075968742353029128e+01
2.106844353387134205e+01 2.088462192093581038e+01
2.120072412744582735e+01 2.099634097318783432e+01
2.116315692743216559e+01 2.138615267079736881e+01
2.142574098894757384e+01 2.154108767833660920e+01
2.170267859871816185e+01 2.157621751930669163e+01
2.185188134703783192e+01 2.169096409558223471e+01
2.186184735669369772e+01 2.203966062565023520e+01
2.202998014350974998e+01 2.219911531938695148e+01
2.236310717825511674e+01 2.221066736108767614e+01
2.251917892228551210e+01 2.237265094254834352e+01
2.268303526526054270e+01 2.250029942831591967e+01
2.286550334153398012e+01 2.265000722254018228e+01
2.287720044444085232e+01 2.303334300174397953e+01
