0.000000000000000000e+00 0.000000000000000000e+00
0.000000000000000000e+00 0.000000000000000000e+00
0.000000000000000000e+00 0.000000000000000000e+00
0.000000000000000000e+00 0.000000000000000000e+00
0.000000000000000000e+00 0.000000000000000000e+00
0.000000000000000000e+00 0.000000000000000000e+00
0.000000000000000000e+00 0.000000000000000000e+00
0.000000000000000000e+00 0.000000000000000000e+00
2.286315435599117415e-02 0.000000000000000000e+00
5.374823445181876380e+00 7.497994600469622739e+00
6.607986800326074217e+00 7.307991643765432421e+00
7.335012611964823570e+00 7.321735682690556857e+00
7.244539208412184905e+00 7.251315779335456568e+00
7.193429457390706716e+00 7.174791259029792201e+00
7.138260987620122400e+00 7.110523431218588541e+00
7.217519056484871243e+00 7.489641737257045406e+00
7.344727256768000423e+00 7.732901564505419323e+00
7.688114812151384925e+00 8.002830248564960058e+00
7.836422230077337403e+00 8.152115207055832258e+00
8.222524621000282252e+00 8.406477085346985234e+00
8.402019355841495951e+00 8.623653893277337446e+00
8.592002634190748722e+00 8.826966339661685979e+00
8.749787563486114195e+00 9.007171169577206982e+00
8.948142041747503939e+00 9.185095256898691218e+00
9.150098097166159405e+00 9.358932838364490081e+00
9.334281872442529604e+00 9.528058487969198964e+00
9.542013749742146445e+00 9.699114450217019012e+00
9.724734520153543116e+00 9.853772869514111576e+00
9.914079199251565555e+00 1.003373392300122013e+01
1.005917903859839235e+01 1.020726710761717726e+01
1.026349737678277840e+01 1.037499855090462297e+01
1.044899097559168410e+01 1.053606908863739555e+01
1.059304211769956261e+01 1.070399111666365677e+01
1.076588617246321178e+01 1.085939841062957001e+01
1.093954753701408578e+01 1.102828193937967249e+01
1.107774539735321717e+01 1.119725953991950895e+01
1.127143543539463266e+01 1.136333681428708253e+01
1.144045530249980835e+01 1.152679797754362845e+01
1.157614355126438532e+01 1.169410473449406851e+01
1.173393938331039443e+01 1.185598377850700125e+01
1.192423530992201464e+01 1.201541089898187487e+01
1.205286261127384329e+01 1.217666153191582801e+01
1.223658676227360154e+01 1.233486187309945770e+01
1.241572223690101850e+01 1.250794287932935589e+01
1.256508483063056225e+01 1.266904952976290843e+01
1.271418593631103278e+01 1.283592421930039151e+01
1.287093920111488643e+01 1.299645816057376280e+01
1.296399276503938225e+01 1.315866584892467905e+01
1.317098792414402553e+01 1.332145755227557338e+01
1.331465353066513480e+01 1.349126753211247554e+01
1.349938751267205461e+01 1.365355868526920169e+01
1.362846308020858643e+01 1.380977090601112600e+01
1.379559778721406893e+01 1.398226457720849147e+01
1.392168492653575029e+01 1.414692742040294249e+01
1.412970768492954043e+01 1.430092408458143893e+01
1.424426575474196177e+01 1.447302782349574990e+01
1.446299720517895437e+01 1.462272826023796490e+01
1.457611585794481535e+01 1.479029725571620446e+01
1.471749364103916591e+01 1.494600412731436023e+01
1.487270718885170417e+01 1.511716940004196097e+01
1.509099625479216300e+01 1.528295956600875805e+01
1.522690273631541835e+01 1.544818536025901068e+01
1.537423952230544799e+01 1.560350099440059601e+01
1.573574063643883392e+01 1.559277843642701988e+01
1.563105890279841503e+01 1.591595108788496837e+01
1.589895541546066404e+01 1.607790048274266681e+01
1.620079791923618373e+01 1.593156430137197255e+01
1.615370324207995623e+01 1.637569707229384974e+01
1.651372587633428068e+01 1.628725644148200047e+01
1.665790521305398286e+01 1.645929551193726326e+01
1.680574502175100093e+01 1.660057955286274733e+01
1.681038084963357093e+01 1.697841827083003352e+01
1.695677664264772488e+01 1.714908299861574292e+01
1.710934075997955617e+01 1.732103499243910960e+01
1.725252175039553038e+01 1.748497169462731549e+01
1.762368964148130601e+01 1.742857369293142611e+01
1.760127502531086208e+01 1.781031456140661717e+01
1.772797805261587456e+01 1.797109826642319774e+01
1.813907131036565801e+01 1.795225868110672707e+01
1.803903204578375608e+01 1.830652299685287332e+01
1.846970764575966939e+01 1.819802680256958638e+01
1.863392487009081577e+01 1.839014547017022494e+01
1.879627779336562554e+01 1.852539745115482717e+01
1.875368938304250577e+01 1.894930705587239217e+01
1.912431784798044276e+01 1.889321572628172419e+01
1.908049095045677390e+01 1.929389764186703360e+01
1.946122533751068673e+01 1.920776671133663172e+01
1.942125014189954157e+01 1.961421066867141860e+01
1.955455911305222116e+01 1.977922711164129410e+01
1.974117297887782740e+01 1.995418376793389825e+01
2.012586163609907430e+01 1.993336299828813196e+01
2.030119478217061513e+01 2.008178706054160045e+01
2.023846904434569183e+01 2.045557186728024135e+01
2.064479004892210057e+01 2.043067885620696345e+01
2.078439296859829355e+01 2.060864880084518447e+01
2.098027995177925220e+01 2.074508448425757834e+01
2.090171465245423832e+01 2.112525671572419839e+01
2.131314389413035570e+01 2.110617757569437458e+01
2.148670933652851289e+01 2.126800273845236333e+01
2.165696079273169872e+01 2.142915988619137835e+01
2.184143628954153726e+01 2.159398406169933793e+01
