0.000000000000000000e+00 0.000000000000000000e+00
0.000000000000000000e+00 0.000000000000000000e+00
0.000000000000000000e+00 0.000000000000000000e+00
0.000000000000000000e+00 0.000000000000000000e+00
0.000000000000000000e+00 0.000000000000000000e+00
0.000000000000000000e+00 0.000000000000000000e+00
0.000000000000000000e+00 0.000000000000000000e+00
3.780878314450899502e-01 9.101756257797608551e-01
7.961944509592890906e-01 4.941616857903213811e-01
1.672701125772591668e+00 2.994135646288077712e+00
3.433523429570813246e+00 3.467923847412530680e+00
3.613799717110764753e+00 3.614806327735347935e+00
3.763523941666577777e+00 3.750737244708369111e+00
3.903825830811573638e+00 3.976870389972011477e+00
4.127749646220792989e+00 4.254483416668259466e+00
4.321658124443805704e+00 4.436211253226833406e+00
4.496277331961749724e+00 4.677801151222356957e+00
4.671802565662009243e+00 4.940380050384153066e+00
4.893194488773442430e+00 5.171597546964031622e+00
5.106834889601081784e+00 5.374791252495769278e+00
5.345864686508900121e+00 5.573038371033586458e+00
5.585909603145537972e+00 5.759103918625855911e+00
5.772989056650335016e+00 5.932427345757980142e+00
5.964494732745426298e+00 6.109367173809300944e+00
6.146829592407423881e+00 6.283452230980926423e+00
6.278401764778759997e+00 6.454480007275671838e+00
6.467700391256575365e+00 6.613721011206678213e+00
6.659514249682518816e+00 6.780859911742320278e+00
6.834195038001341871e+00 6.941169395668389974e+00
7.002101812784149004e+00 7.106818970892783582e+00
7.167822848781228551e+00 7.268505601647422765e+00
7.324349987524153782e+00 7.431453698911306027e+00
7.503333041540170001e+00 7.591421844645446448e+00
7.753358829160914567e+00 7.668054206043100507e+00
7.914255051482905756e+00 7.746101554267459832e+00
8.074803940743658259e+00 7.929494685323695613e+00
8.240718690770174604e+00 8.076040548722863477e+00
8.403881461523077689e+00 8.241538669014047969e+00
8.570270116572439534e+00 8.426014146584179798e+00
8.632911012029170550e+00 8.729809138214630337e+00
8.909155318863238193e+00 8.808260629248040985e+00
9.084284532251961863e+00 8.976455092330358099e+00
9.252936322947695302e+00 9.062643885275578626e+00
9.263941394970069965e+00 9.419078620291955417e+00
9.599089227860773121e+00 9.496560687907436460e+00
9.768058302434726059e+00 9.639513420060163540e+00
9.946638698296267123e+00 9.820380145018351215e+00
1.012059968195891990e+01 9.970006482554270022e+00
1.029933301104720300e+01 1.019010565565558579e+01
1.046577195365206769e+01 1.032201795792849985e+01
1.065610383681037021e+01 1.050618322197952104e+01
1.083097095827138823e+01 1.067429476689772727e+01
1.101291950067600389e+01 1.087446098528525162e+01
1.119769940353054594e+01 1.102021283695854592e+01
1.137437868844215849e+01 1.118613023091685754e+01
1.155170675916535572e+01 1.139674362429648369e+01
1.173633207274750490e+01 1.160587131605626610e+01
1.192298468769990549e+01 1.178650704196706478e+01
1.210848067560846530e+01 1.194888227779500234e+01
1.230830142140263028e+01 1.211557681102033079e+01
1.249082527648374885e+01 1.231839686840926973e+01
1.269613071126421033e+01 1.253345058578460680e+01
1.287547128288570519e+01 1.267534950883091760e+01
1.306948935896711639e+01 1.286763760867170703e+01
1.325722772017024731e+01 1.302393836629648050e+01
1.344629349876925772e+01 1.322852988720519640e+01
1.363072093972136045e+01 1.340434216921408428e+01
1.382407178851816099e+01 1.358731247648118412e+01
1.400658155497229096e+01 1.382601701078039547e+01
1.419941013508941374e+01 1.401837351286906319e+01
1.438490690513884296e+01 1.413151493397203140e+01
1.458505504350394588e+01 1.434090084001351961e+01
1.477350103251821345e+01 1.453572571309934602e+01
1.496627848708171094e+01 1.473402351998543480e+01
1.516454153441459773e+01 1.487284538442455428e+01
1.536621022654163582e+01 1.510503519745752143e+01
1.555437350506424465e+01 1.526729283886098720e+01
1.573886530320552346e+01 1.547920033063081213e+01
1.593493457351076437e+01 1.569990675048784112e+01
1.612549634821125366e+01 1.586675105947823283e+01
1.631830471316170161e+01 1.597814651615490789e+01
1.648737839340499178e+01 1.627731690501000372e+01
1.668240513287400972e+01 1.644974389186910102e+01
1.685794349747724397e+01 1.656465629114546445e+01
1.675528082469555713e+01 1.695599531703125251e+01
1.720406932364948105e+01 1.696149694616148196e+01
1.738607239538319860e+01 1.712908172302630305e+01
1.756769908180848816e+01 1.726934303174268592e+01
1.774677945916485555e+01 1.754060034463412876e+01
1.793624748566794480e+01 1.772234464612676419e+01
1.810907614546050581e+01 1.789922218508057128e+01
1.830290697143255230e+01 1.806045605919014108e+01
1.848869265088530511e+01 1.832100316938392481e+01
1.867191602978114418e+01 1.839855519256015626e+01
1.886158973749458312e+01 1.866208487870968824e+01
1.905882287134697606e+01 1.876587181214658173e+01
1.926138282288747661e+01 1.907720161483937815e+01
1.943075865298452598e+01 1.922963964916412749e+01
1.962478361876236121e+01 1.947396779603131378e+01
1.980966084792962079e+01 1.954363647790788150e+01
2.001488901770636275e+01 1.983676418442264833e+01
