0.000000000000000000e+00 0.000000000000000000e+00
0.000000000000000000e+00 0.000000000000000000e+00
0.000000000000000000e+00 0.000000000000000000e+00
0.000000000000000000e+00 0.000000000000000000e+00
0.000000000000000000e+00 0.000000000000000000e+00
0.000000000000000000e+00 0.000000000000000000e+00
0.000000000000000000e+00 0.000000000000000000e+00
0.000000000000000000e+00 0.000000000000000000e+00
0.000000000000000000e+00 0.000000000000000000e+00
0.000000000000000000e+00 0.000000000000000000e+00
0.000000000000000000e+00 0.000000000000000000e+00
0.000000000000000000e+00 0.000000000000000000e+00
0.000000000000000000e+00 0.000000000000000000e+00
0.000000000000000000e+00 0.000000000000000000e+00
0.000000000000000000e+00 0.000000000000000000e+00
0.000000000000000000e+00 0.000000000000000000e+00
0.000000000000000000e+00 0.000000000000000000e+00
1.905596927644691296e-01 2.041728620436083386e+00
2.753716411813769138e-01 2.021696367739755917e+00
3.202247069739599938e-01 0.000000000000000000e+00
4.260289851882863577e-01 6.213727307330908722e+00
4.131942052915264618e+00 6.672167897199198450e+00
6.722165175269456228e+00 6.860239680741035961e+00
6.910643776906018942e+00 6.979878587234541243e+00
7.082650512334329740e+00 7.146831228993675289e+00
7.195488449983798773e+00 7.135850104301503904e+00
7.271278890097296888e+00 7.431582042994596904e+00
7.441924964424631916e+00 7.615785529416742250e+00
7.591603252891744091e+00 7.800117690477683219e+00
7.767636992553321740e+00 7.978880070146213477e+00
7.978011918763564303e+00 8.126377079824008476e+00
8.158090293533120985e+00 8.276898009689675817e+00
8.319865421326559485e+00 8.423035670598395086e+00
8.556636433491080496e+00 8.459598183618926015e+00
8.618743839327345668e+00 8.711491135325793778e+00
8.842003518736808232e+00 8.764863991439261426e+00
8.899786122716328407e+00 9.007394397656661056e+00
9.065945714279676437e+00 9.149238711892214937e+00
9.297183423439184580e+00 9.213243998831915249e+00
9.443214823091667043e+00 9.357370146132685917e+00
9.590745986625773156e+00 9.520964820667062511e+00
9.755509881111143144e+00 9.602737212267880906e+00
9.910209398782127366e+00 9.781787700384354522e+00
1.006903710192198886e+01 9.943016950972817014e+00
1.023008388379036049e+01 1.012855726707093496e+01
1.040474068136070507e+01 1.030432974244482836e+01
1.056431477653518947e+01 1.045494848261016330e+01
1.073249020662346709e+01 1.057949659916564045e+01
1.089611430003664871e+01 1.072675069815383075e+01
1.105342136175038803e+01 1.095987828139179143e+01
1.122278957014640355e+01 1.108401688962014120e+01
1.138902939910105516e+01 1.121595217200863637e+01
1.155491742916700559e+01 1.145929826105568061e+01
1.173858887426052533e+01 1.152257255919819379e+01
1.191394067492994857e+01 1.170086340618107279e+01
1.208891009125387228e+01 1.193324341942296130e+01
1.227605130511406273e+01 1.210852219205718328e+01
1.244628205846443336e+01 1.227004081290736437e+01
1.261300966053875960e+01 1.244533821085208913e+01
1.278202519604407073e+01 1.259833401398858754e+01
1.297004632381813316e+01 1.279579032741289701e+01
1.314644025767931979e+01 1.295826814045362241e+01
1.331784578391305196e+01 1.310889279798261775e+01
1.348806074576949854e+01 1.328113902731351281e+01
1.368651310856857251e+01 1.347623984155307397e+01
1.385712886984317471e+01 1.366713343628199695e+01
1.403599370060441487e+01 1.381176346879744621e+01
1.421024593616877674e+01 1.395166842470968405e+01
1.439907402255928481e+01 1.417548579469161041e+01
1.457753394807277658e+01 1.429308805266541427e+01
1.477580365566435816e+01 1.454446806713888307e+01
1.494536813678248066e+01 1.475894296707992837e+01
1.514403371563573408e+01 1.485453035508802699e+01
1.531105817444277584e+01 1.500154772506846079e+01
1.550386139091575366e+01 1.528728844714396828e+01
1.568010740894923138e+01 1.539137018185164152e+01
1.585717214426927235e+01 1.560809972037149684e+01
1.605105612484676669e+01 1.578107516402655364e+01
1.622473798250622323e+01 1.586429990864510664e+01
1.640858623438156272e+01 1.616862740086803640e+01
1.660225269654388924e+01 1.638100784782594133e+01
1.678912327968027896e+01 1.660369770783480803e+01
1.696543920092659974e+01 1.669534764247504555e+01
1.715770757312785832e+01 1.692401202360755974e+01
1.734927150142605612e+01 1.702154375856875745e+01
1.753729229006854951e+01 1.727973221633588707e+01
1.771956922112337907e+01 1.741710570344343267e+01
1.791256667830282723e+01 1.751032874653690286e+01
1.810865560884717596e+01 1.777090237919295035e+01
1.829071612233866162e+01 1.788045163512625990e+01
1.847336916327167344e+01 1.819455562693726947e+01
1.867253536288954052e+01 1.839462516507522949e+01
1.886409034270547380e+01 1.850000608308932826e+01
1.905828751416123623e+01 1.869383011203236578e+01
1.924505970158038792e+01 1.897688248601788530e+01
1.943420727646289947e+01 1.906303797830122448e+01
1.962657210197143343e+01 1.925680173176516163e+01
1.980734633132541944e+01 1.949116331418575143e+01
2.001175662606461358e+01 1.960943641424626804e+01
2.017249770273107146e+01 1.984611826161088999e+01
2.038885425599538692e+01 1.991778825502704819e+01
