0.000000000000000000e+00 0.000000000000000000e+00
0.000000000000000000e+00 0.000000000000000000e+00
0.000000000000000000e+00 0.000000000000000000e+00
0.000000000000000000e+00 0.000000000000000000e+00
0.000000000000000000e+00 0.000000000000000000e+00
0.000000000000000000e+00 0.000000000000000000e+00
0.000000000000000000e+00 0.000000000000000000e+00
0.000000000000000000e+00 0.000000000000000000e+00
0.000000000000000000e+00 0.000000000000000000e+00
0.000000000000000000e+00 0.000000000000000000e+00
0.000000000000000000e+00 0.000000000000000000e+00
0.000000000000000000e+00 0.000000000000000000e+00
0.000000000000000000e+00 0.000000000000000000e+00
0.000000000000000000e+00 0.000000000000000000e+00
0.000000000000000000e+00 0.000000000000000000e+00
0.000000000000000000e+00 0.000000000000000000e+00
1.193577914339129242e-01 -7.820350788664695574e-02
3.763023368139736813e-01 -3.097606186708349793e-02
2.012822748642559278e-01 0.000000000000000000e+00
1.446254453250528371e-01 0.000000000000000000e+00
3.315285631797400545e-01 -4.512999978001230872e-02
1.249145311990073753e-01 -8.052335036138386082e-02
4.664825515977257808e-01 1.969768881076952471e+00
2.525633193626895867e+00 6.898872556531904010e+00
5.815403751795197529e+00 7.200624820216451560e+00
6.970561768194457386e+00 7.353821454808200819e+00
7.064694562248956977e+00 7.510757363924071228e+00
7.447597663949593993e+00 7.682044684121628997e+00
7.717785475611285584e+00 7.847642509101947716e+00
7.849565799261307930e+00 7.963109100287873332e+00
8.085848798305560692e+00 8.010590568785374899e+00
8.213211169711234660e+00 8.139572992731721968e+00
8.276059969531861071e+00 8.400386398055536219e+00
8.528344481106902464e+00 8.433907320743161407e+00
8.617028805374209455e+00 8.692040777963114806e+00
8.823046129330736065e+00 8.786057926170913746e+00
8.947221469815412220e+00 8.979260632452580992e+00
9.123594409919046910e+00 9.093437052368877005e+00
9.248154610210693960e+00 9.291870266940788881e+00
9.433847365879902469e+00 9.399979560800861833e+00
9.569556645204318812e+00 9.590680583891886712e+00
9.748186417739880483e+00 9.727685680123274281e+00
9.907525515920596604e+00 9.852858498400697940e+00
1.006383668595213621e+01 1.000817852132640873e+01
1.023064192431254682e+01 1.018462286898044589e+01
1.039006905104886513e+01 1.030205561440756235e+01
1.056516845742948263e+01 1.047678510581062028e+01
1.073877973418839105e+01 1.064300006552307387e+01
1.090252354334066354e+01 1.082118054381542827e+01
1.107337874755715390e+01 1.093744789140749241e+01
1.123543421615335092e+01 1.113864760840551504e+01
1.141489404918301531e+01 1.128886577884937381e+01
1.159844874980884377e+01 1.149958911979144638e+01
1.176185218232645546e+01 1.161495406243906636e+01
1.194853228238006260e+01 1.173419275779222382e+01
1.211603103061947095e+01 1.200932735300094301e+01
1.230379738454740135e+01 1.215405441491890670e+01
1.247813359405931344e+01 1.225437683815372658e+01
1.266384755337598911e+01 1.246808329015951777e+01
1.284340853187173082e+01 1.266914913187221181e+01
1.301361245509274944e+01 1.286014558723250722e+01
1.318999885149924367e+01 1.295294225566273205e+01
1.337326096250583696e+01 1.311425141687012719e+01
1.353967417200844281e+01 1.330030319413526740e+01
1.371833307598701879e+01 1.341940952172178392e+01
1.390160245413651019e+01 1.369618473994679242e+01
1.407125463071908733e+01 1.378788650952389361e+01
1.425095715046337297e+01 1.397182870797363741e+01
1.443159123256423548e+01 1.414838171833206282e+01
1.461035257444221891e+01 1.431735229749126326e+01
1.479111562480391484e+01 1.448903028518136260e+01
1.498773468804045805e+01 1.470054941557888384e+01
1.516050325654444819e+01 1.496167300423636881e+01
1.534155360246325905e+01 1.503746277301440415e+01
1.552554308120557458e+01 1.528455910822297525e+01
1.570315253364635666e+01 1.535090654491900430e+01
1.589099898329579652e+01 1.554115895373308476e+01
1.607316880682642335e+01 1.582722394730992654e+01
1.624672019011178392e+01 1.596096309694697979e+01
1.643976601730013343e+01 1.611030319690674162e+01
1.662532774214010445e+01 1.634293712195866988e+01
1.680577865995575237e+01 1.643665279929664536e+01
1.699815440523918042e+01 1.660801537130361538e+01
1.718471067088337634e+01 1.672967666744300885e+01
1.736826223747765141e+01 1.704918339571065999e+01
1.756488562810215370e+01 1.722333137083695576e+01
1.774413334520725627e+01 1.733092411278318323e+01
1.793000194693874505e+01 1.756161057465411091e+01
1.810749979883583904e+01 1.773581964357043361e+01
1.831121901300421584e+01 1.790121254665873707e+01
1.849521601604068977e+01 1.805291331285162215e+01
1.868667565742584813e+01 1.823097224033399755e+01
1.887861815339515204e+01 1.838403059715705368e+01
1.906291461262397391e+01 1.863866077137716815e+01
1.924142137142401054e+01 1.875828962596875016e+01
1.944965369945001754e+01 1.899494748355412455e+01
1.963460465759389706e+01 1.923270699011623108e+01
1.983744708457785677e+01 1.937289997872210634e+01
2.002831949403986300e+01 1.952133491686582900e+01
2.020231065128076509e+01 1.958764730898163364e+01
2.040535405031923588e+01 1.992931334273350785e+01
