0.000000000000000000e+00 0.000000000000000000e+00
0.000000000000000000e+00 0.000000000000000000e+00
0.000000000000000000e+00 0.000000000000000000e+00
0.000000000000000000e+00 0.000000000000000000e+00
0.000000000000000000e+00 0.000000000000000000e+00
0.000000000000000000e+00 0.000000000000000000e+00
0.000000000000000000e+00 0.000000000000000000e+00
0.000000000000000000e+00 0.000000000000000000e+00
0.000000000000000000e+00 0.000000000000000000e+00
0.000000000000000000e+00 0.000000000000000000e+00
0.000000000000000000e+00 0.000000000000000000e+00
0.000000000000000000e+00 0.000000000000000000e+00
0.000000000000000000e+00 0.000000000000000000e+00
1.541898819788920239e-01 2.488849347057994210e-01
1.055345983850119324e-01 0.000000000000000000e+00
1.103038744513440139e-01 -3.893992022131574637e-02
4.492164850396337950e-01 9.921363355391862315e-01
4.873848471147702588e-01 2.182520390550861666e-01
6.020883949349912223e-01 1.615849017142846566e+00
5.616730923137492892e-01 6.544780476519887813e+00
4.086422580021003448e+00 6.613807267731815820e+00
6.235155359199895386e+00 6.634103845622290940e+00
6.311840295396439871e+00 6.873959249449809406e+00
6.870905791259647621e+00 6.996890433669227249e+00
7.076289744945191806e+00 7.155614263093784011e+00
7.221262117563736815e+00 7.180611048502185234e+00
7.330945823487589941e+00 7.365187197011008990e+00
7.528067914507708736e+00 7.557447944010444729e+00
7.650991398663325782e+00 7.713679852855880981e+00
7.792168542155112121e+00 7.924527658519119555e+00
7.935879385777770523e+00 8.066899798813896183e+00
8.114007269872429262e+00 8.215905735513516106e+00
8.268371133630624925e+00 8.351996973596698126e+00
8.441038676405392849e+00 8.496344884881532167e+00
8.626488419025966081e+00 8.613342203809631670e+00
8.756809429090885999e+00 8.790266249947135790e+00
8.910710618436523234e+00 8.945176528694341656e+00
9.056435540695350284e+00 9.097471031429616772e+00
9.213164750366752642e+00 9.245018499493705022e+00
9.372834827835916371e+00 9.398149650916463926e+00
9.550996024992706168e+00 9.524998293268453153e+00
9.704860516042906227e+00 9.655682658592622758e+00
9.872513034686392075e+00 9.838248491842181309e+00
1.003115455666890199e+01 9.987791611141910053e+00
1.019971033556274875e+01 1.015466594684768431e+01
1.035757057841902551e+01 1.026159643814464317e+01
1.053241059783906941e+01 1.046578483210292809e+01
1.070662683617026367e+01 1.063929747882123067e+01
1.086298085233489807e+01 1.078365468647287706e+01
1.102813902029790327e+01 1.097511012774847394e+01
1.120058311062608425e+01 1.115674896335976563e+01
1.138562379473658481e+01 1.131664340957984471e+01
1.156773465039517035e+01 1.146807445159582706e+01
1.174503338684117004e+01 1.165691346067043099e+01
1.192241950893881253e+01 1.179364909695046570e+01
1.208573574321146182e+01 1.194106032762054426e+01
1.226452198025599039e+01 1.216920419530412723e+01
1.244184396047332442e+01 1.227821704429435279e+01
1.263304608960357633e+01 1.249586999551356925e+01
1.280619925283468419e+01 1.265937508423755986e+01
1.299316980384798370e+01 1.286249506320875469e+01
1.317073191971898893e+01 1.303558873595027379e+01
1.334665517896644715e+01 1.316241043241887176e+01
1.354188048249942433e+01 1.332936606061856821e+01
1.372057146818598028e+01 1.355701587420623611e+01
1.390203872095009530e+01 1.370740420344214883e+01
1.408121125359030401e+01 1.389044582519005822e+01
1.425349750126775916e+01 1.399681635301294058e+01
1.443486544569730512e+01 1.423069190541390938e+01
1.461587610917707103e+01 1.437415329356346660e+01
1.479716506592959746e+01 1.453264076675760386e+01
1.497337559372600424e+01 1.473076462259305330e+01
1.516208730703181828e+01 1.494815604185586366e+01
1.534663537422471435e+01 1.514583083186809631e+01
1.551644606966423723e+01 1.530813171741134049e+01
1.570587598209371727e+01 1.550867631021484172e+01
1.588640659322859072e+01 1.567504511362945507e+01
1.607620918901103124e+01 1.586968241885015019e+01
1.624933966137806607e+01 1.603668501382090383e+01
1.643058089259079324e+01 1.623681915002149267e+01
1.661367386502210053e+01 1.640107451767020663e+01
1.679478994830848393e+01 1.657787927759780189e+01
1.696805551589894634e+01 1.671340030464681448e+01
1.715491858549213333e+01 1.693491573122735616e+01
1.734363189377520342e+01 1.706426872392350091e+01
1.752122821162330979e+01 1.732749780476240531e+01
1.771544794235573406e+01 1.749756026056919112e+01
1.790128345950946454e+01 1.766990999575554255e+01
1.810439109018064485e+01 1.779246349788251891e+01
1.828535611747471989e+01 1.796663530497719208e+01
1.847462021189360115e+01 1.821513447644174022e+01
1.866053849520679009e+01 1.846372324895026651e+01
1.885541880018360672e+01 1.864283262768976357e+01
1.903207409461928279e+01 1.886092004123270627e+01
1.923549027390017230e+01 1.885199805020633690e+01
1.942034778282594942e+01 1.915250004430699704e+01
1.960458479153679434e+01 1.923129396674034552e+01
1.980132559407498150e+01 1.948607884267343948e+01
1.998791695663477341e+01 1.972195419519368542e+01
2.018789765295601768e+01 1.991713583504387231e+01
2.037594376492632975e+01 2.008678304744228171e+01
