0.000000000000000000e+00 0.000000000000000000e+00
0.000000000000000000e+00 0.000000000000000000e+00
0.000000000000000000e+00 0.000000000000000000e+00
0.000000000000000000e+00 0.000000000000000000e+00
0.000000000000000000e+00 0.000000000000000000e+00
0.000000000000000000e+00 0.000000000000000000e+00
0.000000000000000000e+00 0.000000000000000000e+00
0.000000000000000000e+00 0.000000000000000000e+00
0.000000000000000000e+00 0.000000000000000000e+00
0.000000000000000000e+00 0.000000000000000000e+00
3.502878618874786382e-02 -1.517914068179074608e-02
0.000000000000000000e+00 2.834707095420458511e+00
2.877340769443438973e+00 3.817365756802647336e+00
3.806502606585149273e+00 3.764853455406224292e+00
4.715037268211990096e+00 4.936204508182198580e+00
5.120814055034333734e+00 5.230014505258145263e+00
5.204688104985722319e+00 5.370399611300741505e+00
5.401388043034470954e+00 5.574972347965442943e+00
5.631171717364728657e+00 5.758729555596324268e+00
5.844819192039039990e+00 5.958136067915251743e+00
5.976993660881925408e+00 6.157222112865578190e+00
6.128175834055775262e+00 6.330583814402600318e+00
6.305797703059179860e+00 6.544207637154992874e+00
6.507969907429139944e+00 6.724210697836870310e+00
6.660659114739734044e+00 6.871175867729563791e+00
6.894993187869262741e+00 7.053329230376991887e+00
7.076836608438177301e+00 7.246258771343960348e+00
7.242398395912743148e+00 7.417516264982528362e+00
7.401715417079951287e+00 7.588632962639482393e+00
7.564233189985351657e+00 7.753626289965609431e+00
7.707262986149471473e+00 7.906851328814624047e+00
7.861951006368121497e+00 8.058402131548065839e+00
8.034533965011130263e+00 8.210367743319997302e+00
8.239496237704406312e+00 8.368063955864128545e+00
8.395430158737212878e+00 8.516167036577186877e+00
8.659034288148056646e+00 8.560965869264039796e+00
8.686695213024302475e+00 8.823338376868516519e+00
8.833435090171981585e+00 8.975886363362207021e+00
9.123184451301925790e+00 8.967100774548622866e+00
9.098733913166151765e+00 9.287440187834462790e+00
9.450490272658504054e+00 9.255032752079165093e+00
9.608872202325038359e+00 9.403223472507413305e+00
9.768374869418225970e+00 9.544646988986798419e+00
9.744576374533876262e+00 9.903505005528545624e+00
1.007569307189326402e+01 9.911190877563768709e+00
1.005799057902985716e+01 1.022648432623370240e+01
1.039969935255367339e+01 1.024088401792622172e+01
1.056197314927195663e+01 1.038414780245151015e+01
1.074024857990355741e+01 1.056418143100086482e+01
1.069902577890698581e+01 1.089838379313830075e+01
1.108257182437463051e+01 1.089014745215209423e+01
1.125215996398917895e+01 1.108117266102351550e+01
1.143490993398591904e+01 1.124663521502201569e+01
1.160262948979544184e+01 1.141295971001164844e+01
1.178581585279978761e+01 1.161299622844940416e+01
1.196807656098082973e+01 1.177851423355416571e+01
1.214859484719615956e+01 1.195444407014595356e+01
1.231884040648137812e+01 1.213761653304761978e+01
1.249179367306055966e+01 1.228882343865176985e+01
1.266885648798133879e+01 1.250617617224957634e+01
1.284629275165242746e+01 1.266358326469299378e+01
1.302547113520891031e+01 1.281661315776607779e+01
1.320626746034575483e+01 1.301695120843391251e+01
1.338437811904001506e+01 1.319160005778644873e+01
1.357590233835238891e+01 1.338316985640953760e+01
1.374108159612811875e+01 1.358293910709413232e+01
1.392591843287913989e+01 1.374677995873900471e+01
1.410086903514223877e+01 1.395204914959017906e+01
1.428253159256575877e+01 1.410749807040066628e+01
1.446812409847533409e+01 1.429023536083229295e+01
1.464611254422416131e+01 1.443075421106524381e+01
1.483845445836520760e+01 1.467554031883893728e+01
1.501203138475552912e+01 1.480116140612488884e+01
1.520136864009094246e+01 1.503347762418205491e+01
1.537989130334955767e+01 1.521493545196385888e+01
1.555445010023962205e+01 1.539492522265094543e+01
1.576134153553568318e+01 1.556936041150740913e+01
1.594765694700099701e+01 1.573224658512145702e+01
1.614552364018839725e+01 1.595957234132084679e+01
1.634390420168275426e+01 1.609769421805847500e+01
1.651915783298344209e+01 1.632526546493884823e+01
1.671576349616998769e+01 1.642344116880585858e+01
1.689469517541635568e+01 1.665944583439611648e+01
1.708955463217327875e+01 1.689138208950443598e+01
1.726318890769106673e+01 1.708637880873283521e+01
1.745803041397525845e+01 1.718714298320234590e+01
1.765067600453295071e+01 1.743429995436228808e+01
1.782482773649219254e+01 1.757225425096719817e+01
1.801646124823825801e+01 1.776910188076955066e+01
1.821118884749101952e+01 1.794737984167397116e+01
1.840578582747739134e+01 1.822612991952284034e+01
1.859065378862783646e+01 1.838100031710405347e+01
1.877741752617128057e+01 1.847918838042371803e+01
1.896609012219136758e+01 1.872368277906037903e+01
1.916187611410005687e+01 1.888521698689301331e+01
1.934881060710430845e+01 1.915152427302742666e+01
1.951747112807764850e+01 1.931533178660734862e+01
1.971604854871442924e+01 1.953485727814982553e+01
1.991206085266638226e+01 1.956503417884855267e+01
2.008016831427211457e+01 1.983444012954421964e+01
2.029097358278131225e+01 2.006441242032740391e+01
