0.000000000000000000e+00 0.000000000000000000e+00
0.000000000000000000e+00 0.000000000000000000e+00
0.000000000000000000e+00 0.000000000000000000e+00
0.000000000000000000e+00 0.000000000000000000e+00
0.000000000000000000e+00 0.000000000000000000e+00
0.000000000000000000e+00 0.000000000000000000e+00
0.000000000000000000e+00 0.000000000000000000e+00
0.000000000000000000e+00 0.000000000000000000e+00
0.000000000000000000e+00 0.000000000000000000e+00
0.000000000000000000e+00 0.000000000000000000e+00
0.000000000000000000e+00 0.000000000000000000e+00
0.000000000000000000e+00 0.000000000000000000e+00
0.000000000000000000e+00 0.000000000000000000e+00
0.000000000000000000e+00 0.000000000000000000e+00
0.000000000000000000e+00 0.000000000000000000e+00
0.000000000000000000e+00 0.000000000000000000e+00
3.380708564819448370e+00 1.266104208056821667e+00
2.925485019519330265e+00 0.000000000000000000e+00
1.839091001030060957e-01 -1.264395992529293300e-01
2.155082646936174129e+00 6.428331422040920451e+00
1.661090162492467215e+00 6.604503067082023726e+00
6.454954467952235042e+00 6.726383104570283322e+00
6.798014063224733228e+00 6.832543611338908640e+00
6.924767108737427179e+00 6.956380867903388499e+00
7.039655236972124364e+00 6.977655921012843265e+00
7.207844948640594218e+00 7.248763980584344679e+00
7.311227211326458253e+00 7.430455607720081623e+00
7.502620239512879152e+00 7.474805128086917883e+00
7.635193440457706870e+00 7.590131306018884416e+00
7.746255388358851413e+00 7.905333342836199151e+00
7.886523194965948669e+00 8.106271238457312123e+00
8.040542122290341709e+00 8.257454620581469840e+00
8.252581675964439256e+00 8.398042312446978741e+00
8.520460160040556730e+00 8.410913160778006770e+00
8.568789751913406860e+00 8.689620996107770168e+00
8.735063902379049949e+00 8.846147605626075716e+00
8.974154801905754653e+00 8.884069860935806418e+00
9.128574647947079512e+00 9.021539625010143837e+00
9.284225989599926621e+00 9.181971955272711483e+00
9.432260645666916687e+00 9.296514914099249793e+00
9.579797833644148497e+00 9.447247510933088677e+00
9.739363619947358330e+00 9.579897828293271189e+00
9.907124177190524961e+00 9.740565750052811111e+00
1.005742650394677540e+01 9.910621595878673418e+00
1.021955116515171724e+01 1.006015581109654100e+01
1.036878258863059621e+01 1.026286639555884506e+01
1.053471984951182350e+01 1.038705709045749082e+01
1.069639509521754128e+01 1.055189231917119130e+01
1.086080206526185066e+01 1.071728278808043378e+01
1.102097012995132985e+01 1.090532007632998734e+01
1.119641919042687839e+01 1.108023140791172700e+01
1.135949430640241964e+01 1.125949566172486094e+01
1.153175296710747411e+01 1.142302906440680310e+01
1.169846920043207028e+01 1.161255058048144306e+01
1.188315251000799044e+01 1.178316912405463235e+01
1.205703070080002881e+01 1.196514269119191098e+01
1.223237986443712266e+01 1.212379388628596288e+01
1.240806174623689984e+01 1.228635139787512465e+01
1.257573315012302295e+01 1.240256864856322672e+01
1.274564266994200068e+01 1.263486246018593562e+01
1.293747529516763173e+01 1.280039254232771206e+01
1.310136163413390342e+01 1.299139218477051827e+01
1.327553315039735615e+01 1.318586364218976392e+01
1.345760949135471130e+01 1.333518570746234388e+01
1.362807974922754006e+01 1.357427873285229403e+01
1.381720102349240342e+01 1.365575985745359056e+01
1.399683712442856631e+01 1.391346699307961465e+01
1.418229715725254181e+01 1.413859115432477331e+01
1.436037465340069197e+01 1.423044870477089496e+01
1.454301670345888198e+01 1.434158015877744319e+01
1.472843274878188602e+01 1.449836270179170583e+01
1.490492194067577714e+01 1.471205561743333412e+01
1.509557848207257003e+01 1.493695501295428940e+01
1.527650459415850825e+01 1.506156066366428448e+01
1.546712132148535979e+01 1.525376397933736250e+01
1.565864699183215691e+01 1.551005372353482237e+01
1.584428089611995283e+01 1.566480136937494549e+01
1.604512373634088007e+01 1.577628295996058405e+01
1.622048016190472453e+01 1.600354087629369459e+01
1.641327008548670818e+01 1.621026977216534348e+01
1.659872492921100928e+01 1.629910403582596246e+01
1.679635950232596286e+01 1.653780726014813141e+01
1.698690411942648026e+01 1.673633097098894851e+01
1.716263310425475552e+01 1.683239868814565554e+01
1.736443968205905719e+01 1.709898440325943625e+01
1.753376427022329054e+01 1.723526998266900279e+01
1.773027163506110782e+01 1.742245179164998703e+01
1.791429301089463522e+01 1.760242431172771305e+01
1.810039424774349825e+01 1.783280384791646611e+01
1.828679905321884647e+01 1.797288606552294254e+01
1.848017753863614132e+01 1.815613706117608928e+01
1.866597837057604536e+01 1.833794217269297988e+01
1.885875659600073817e+01 1.848424440614888908e+01
1.904968797172512041e+01 1.866113990678076817e+01
1.923763697128481809e+01 1.887909214233858179e+01
1.943087325835462664e+01 1.910119295578628140e+01
1.962546724729560310e+01 1.920171059356831833e+01
1.981565936016239604e+01 1.939844724806009069e+01
2.000400205485634686e+01 1.964317907297244048e+01
2.019477847826214401e+01 1.975480261676259630e+01
2.040405822434094318e+01 2.007550705084575426e+01
