0.000000000000000000e+00 0.000000000000000000e+00
0.000000000000000000e+00 0.000000000000000000e+00
0.000000000000000000e+00 0.000000000000000000e+00
0.000000000000000000e+00 0.000000000000000000e+00
0.000000000000000000e+00 0.000000000000000000e+00
0.000000000000000000e+00 0.000000000000000000e+00
0.000000000000000000e+00 0.000000000000000000e+00
0.000000000000000000e+00 0.000000000000000000e+00
2.349091511309272295e+00 5.284417060321786153e+00
5.240939983893222909e+00 5.629861605491369936e+00
5.740277553988485160e+00 5.741449630596960674e+00
5.765089863473141563e+00 5.751394619788937845e+00
5.759220962455118276e+00 5.757556984437328218e+00
5.789634455296298832e+00 5.803218113711617221e+00
5.868942274484282073e+00 5.929163497949952344e+00
5.965433701904031771e+00 6.073076890802080463e+00
6.097351434908198975e+00 6.484718370385715858e+00
6.417263431838638787e+00 6.624744202537143245e+00
6.661315231868114140e+00 6.838620148750364613e+00
6.906591411718268070e+00 7.061507273727674949e+00
7.021114311486417847e+00 7.258509821794969952e+00
7.214823683895935424e+00 7.449610801371272295e+00
7.378964610581846273e+00 7.619728120854897035e+00
7.587212165127779073e+00 7.820195483740143949e+00
7.791347403366255087e+00 8.006630657318673627e+00
7.942333615792464663e+00 8.194880846562323740e+00
8.135953997242813429e+00 8.367862091111488709e+00
8.323065025810798545e+00 8.543817151031808166e+00
8.528261139888842379e+00 8.713075755368453912e+00
8.704321064897563076e+00 8.872532769749250647e+00
8.856996682729352699e+00 9.042504007466437344e+00
9.072304064190031880e+00 9.197938621876472709e+00
9.229574417715811663e+00 9.362544453049325810e+00
9.371648579672001489e+00 9.525559520856809570e+00
9.577316526470003311e+00 9.691572460303008896e+00
9.741982424828620424e+00 9.846703013621674216e+00
9.925097076419243436e+00 1.001105708854651510e+01
1.008077677336287969e+01 1.017043411844283973e+01
1.024308857359797109e+01 1.034226014597496857e+01
1.042425903220178185e+01 1.050064505599613796e+01
1.054114614457765597e+01 1.066513116694983054e+01
1.073485022900533892e+01 1.082878996875939848e+01
1.089621843399690526e+01 1.099178931269233495e+01
1.101985860093223835e+01 1.115434806717214933e+01
1.112220881904048042e+01 1.131704605191963431e+01
1.129483157581268848e+01 1.147534702552241725e+01
1.160615266686403757e+01 1.147650992349491439e+01
1.157702243465524461e+01 1.179202785677605014e+01
1.179458130236310431e+01 1.195231464184013070e+01
1.193199813771534323e+01 1.211374829638865336e+01
1.211678097240778129e+01 1.226840433273104303e+01
1.241553955336126691e+01 1.221306597102799252e+01
1.238408149892411281e+01 1.259828367787229020e+01
1.273420116125818602e+01 1.256721634314433800e+01
1.278481378906063526e+01 1.291057802244728592e+01
1.293082748545359806e+01 1.307002183254144789e+01
1.302184661558667855e+01 1.323358027431826933e+01
1.337856861053563051e+01 1.322603319591586235e+01
1.339085913832517249e+01 1.355867447104656520e+01
1.354755659992164141e+01 1.371583873428176403e+01
1.376345056437948777e+01 1.388559483985101473e+01
1.403584855603352644e+01 1.383716509827590180e+01
1.420272667331902561e+01 1.398288271284023487e+01
1.436150545080506191e+01 1.419256305777183513e+01
1.452668007334425582e+01 1.433370400495157426e+01
1.469009985154872844e+01 1.450960318324165854e+01
1.468478509676738142e+01 1.484806182665661467e+01
1.501244897807446499e+01 1.490379099930215467e+01
1.505158874389660895e+01 1.516572968541698074e+01
1.535629878485623401e+01 1.519692756321860116e+01
1.537018906651485395e+01 1.551622901302676816e+01
1.569213814151730979e+01 1.554749951283725729e+01
1.587722557734191042e+01 1.567903778877000676e+01
1.587597452251563368e+01 1.601805989989126644e+01
1.620687990016374869e+01 1.598158188445254169e+01
1.637956165026602662e+01 1.622631136638475979e+01
1.656348149720814789e+01 1.639907885960704803e+01
1.673913469800335108e+01 1.655932353232130438e+01
1.692914982397311974e+01 1.673132374857151561e+01
1.710662389896853242e+01 1.690655504562528222e+01
1.708531070758101578e+01 1.725352643800321317e+01
1.745395484929093399e+01 1.724122103032831532e+01
1.763134127778677041e+01 1.737174529909778187e+01
1.780551642625421138e+01 1.757329731063383704e+01
1.797388231924570690e+01 1.777282822058043621e+01
1.816292084052879119e+01 1.796699906930733093e+01
1.833113894503540209e+01 1.812969340669435070e+01
1.850851200945128383e+01 1.832461562849094960e+01
1.869136086248077078e+01 1.852009761277903621e+01
1.888415585084888804e+01 1.871003507249895037e+01
1.906269391632837085e+01 1.880382825367515309e+01
1.923869335678492831e+01 1.907346262514655422e+01
1.942954361183350542e+01 1.925459792280732074e+01
1.960089750044993551e+01 1.940377951228891007e+01
1.979120882421920058e+01 1.959398707956933094e+01
1.976484354037534885e+01 1.991684935251884880e+01
2.013378102625430444e+01 1.990386918668221838e+01
2.031961449049100565e+01 2.009452812571304747e+01
2.048325895510222239e+01 2.015824373231373201e+01
2.041905934544603340e+01 2.060865212196040019e+01
2.084269834400525667e+01 2.065645914689314111e+01
