0.000000000000000000e+00 0.000000000000000000e+00
0.000000000000000000e+00 0.000000000000000000e+00
0.000000000000000000e+00 0.000000000000000000e+00
0.000000000000000000e+00 0.000000000000000000e+00
9.564218204451396116e-03 0.000000000000000000e+00
2.055143043519761653e-02 0.000000000000000000e+00
4.700080190192204577e-02 -6.829766468370006283e-02
5.451605481499834788e-02 1.479853479457747811e+00
1.901918713672027472e+00 2.180622250441597298e+00
2.254908199181831385e+00 2.270210416734420811e+00
2.561221392853371803e+00 2.636023680624640875e+00
2.775135533898772877e+00 2.812491773842312082e+00
2.956105811628463531e+00 2.935516666349481163e+00
3.122223391166834450e+00 3.202806400762781891e+00
3.303860747975507106e+00 3.402671606380403446e+00
3.544089301746291554e+00 3.452689247390997807e+00
3.640815389054661733e+00 3.828539394364879112e+00
3.844823460031081996e+00 4.017051438507706962e+00
4.087766778811821489e+00 4.203351003591338397e+00
4.273128575739020718e+00 4.378536524040421263e+00
4.473206647162141003e+00 4.556801698318595939e+00
4.650168930801070744e+00 4.727726228007994358e+00
4.895469154380225341e+00 4.849975253130288877e+00
5.065836006057052643e+00 5.009784487327190838e+00
5.241402909802095778e+00 5.189364369929209353e+00
5.417678239734883938e+00 5.380160910726878853e+00
5.589228291412029037e+00 5.537428836703782942e+00
5.774075100793552018e+00 5.733997238984956724e+00
5.948424728498098446e+00 5.899154989379884917e+00
6.142961974137616465e+00 6.074820777350113055e+00
6.322076051928835483e+00 6.244569295782302021e+00
6.511743526471430954e+00 6.434467082479197408e+00
6.691661448257504752e+00 6.633431263436370351e+00
6.885393046183843069e+00 6.813280969849839330e+00
7.059820864890697933e+00 6.985055237587249444e+00
7.249534970789939692e+00 7.170456278081291046e+00
7.443609563950690067e+00 7.334339577727328141e+00
7.629338747540717947e+00 7.541770721393696419e+00
7.816105556512977337e+00 7.723283201950058796e+00
7.994589450367341144e+00 7.914767230989929736e+00
8.178340263905450769e+00 8.064104251503529497e+00
8.363708079799092587e+00 8.297877330484952907e+00
8.551100702047664370e+00 8.471136973411454107e+00
8.744012253231499443e+00 8.668061866594735321e+00
8.940111166296917489e+00 8.864973692770202973e+00
9.129834946885379665e+00 9.014237282186995159e+00
9.219640860292416917e+00 9.273607641649100231e+00
9.480543082641572639e+00 9.419807061368308254e+00
9.668825792306931177e+00 9.597276374390288467e+00
9.852645657133445312e+00 9.765290552195265761e+00
1.006104224043247974e+01 9.964519485728819959e+00
1.024951438585038588e+01 1.015853695809423662e+01
1.044591627195591954e+01 1.038884981943154884e+01
1.063003339236941081e+01 1.056057705958060389e+01
1.082834131214970341e+01 1.072607247388276797e+01
1.102167785202432704e+01 1.093012851395287832e+01
1.122039430251568248e+01 1.111350044277048532e+01
1.140875766192420393e+01 1.130564104058535690e+01
1.159883275004541936e+01 1.148839293274989259e+01
1.179649803663482999e+01 1.170486790253230858e+01
1.198637147194374641e+01 1.191309530451356302e+01
1.219511820806132008e+01 1.206837013112967227e+01
1.237300610949226432e+01 1.221336787552232828e+01
1.257506559757714548e+01 1.242230917917259880e+01
1.276490352758831648e+01 1.259048717225815395e+01
1.296080911210883180e+01 1.286153763533610572e+01
1.315231454144116618e+01 1.299733436374229179e+01
1.333930973362501859e+01 1.322302036053894625e+01
1.354235340490656725e+01 1.346017757996443542e+01
1.374312144861530172e+01 1.354629561401308457e+01
1.393014569772030242e+01 1.383128134407552601e+01
1.412035937578133371e+01 1.397038230620872845e+01
1.433157732222698222e+01 1.409062626899726567e+01
1.450648391594656594e+01 1.437765026928687995e+01
1.471709101798362340e+01 1.451493375290790766e+01
1.491450731965221621e+01 1.470736120151218884e+01
1.512565632935104709e+01 1.489774701327853634e+01
1.532377937761030573e+01 1.508133576658340758e+01
1.551273895381965851e+01 1.524204409324166676e+01
1.572090797098383419e+01 1.545417137746549585e+01
1.591945068271988717e+01 1.561329931937143556e+01
1.611460887180421153e+01 1.575954915290079406e+01
1.632002241775114015e+01 1.604491912494176731e+01
1.652144350883034107e+01 1.625726349930706505e+01
1.671684207208433293e+01 1.648402884152650216e+01
1.690936938743522333e+01 1.662879479336943689e+01
1.709339924384613951e+01 1.674944679232436329e+01
1.730445976488554649e+01 1.694620660534801360e+01
1.750721451440154297e+01 1.723852063751888863e+01
1.769748037411493513e+01 1.744981942258072038e+01
1.788263017535257404e+01 1.757203567264349786e+01
1.808100869596746918e+01 1.775795122912372292e+01
1.827261258913889463e+01 1.795868049057029836e+01
1.847954531573113357e+01 1.814138713556216587e+01
1.866255497271188446e+01 1.832310742505597290e+01
1.887598336985096736e+01 1.853737770893290104e+01
1.905397673231456324e+01 1.869336767435168056e+01
1.926167620156822835e+01 1.891573086164447659e+01
1.944993508014004746e+01 1.915565686712141868e+01
1.965418038910674881e+01 1.921434421298522466e+01
1.984459583171353003e+01 1.958717963911985294e+01
