0.000000000000000000e+00 0.000000000000000000e+00
0.000000000000000000e+00 0.000000000000000000e+00
0.000000000000000000e+00 0.000000000000000000e+00
0.000000000000000000e+00 0.000000000000000000e+00
0.000000000000000000e+00 0.000000000000000000e+00
0.000000000000000000e+00 1.438696590971045575e-01
1.181684061026267857e-01 7.368504968840985936e-02
4.422740246349766285e-02 0.000000000000000000e+00
1.168530381645114385e-01 0.000000000000000000e+00
0.000000000000000000e+00 0.000000000000000000e+00
7.120934759125752578e+00 9.443052090336797377e+00
8.922906800209345235e+00 8.675389126610745905e+00
8.307271207531938373e+00 8.270619125432114416e+00
8.271018278810799984e+00 8.369443476331891674e+00
8.269672124295201598e+00 8.332046386000635962e+00
8.337934679852828879e+00 8.467796531836055962e+00
8.418857341774954151e+00 8.666412058839151555e+00
8.598110505363909084e+00 8.816153682528828028e+00
8.811892584269097384e+00 9.098922203473684078e+00
9.097846738736581784e+00 9.329296181279023159e+00
9.252090409085344191e+00 9.520210168830168129e+00
9.513184980774884281e+00 9.708120419492001218e+00
9.715127775299636781e+00 9.881672268679501769e+00
9.925955386727739693e+00 1.005335148554802238e+01
1.007148732057834373e+01 1.024147199859913826e+01
1.028948449096123596e+01 1.040981786772981543e+01
1.040795037456980054e+01 1.058181256553255345e+01
1.062121977550266472e+01 1.075012397464167080e+01
1.075816228094930693e+01 1.091567264645627411e+01
1.094561943007227711e+01 1.108171086313627107e+01
1.112145246227933981e+01 1.124964846156129283e+01
1.128117256618777553e+01 1.140428233001630609e+01
1.144612677119123845e+01 1.157380725987797376e+01
1.162860133279538211e+01 1.173322042096853579e+01
1.180103505385016938e+01 1.190336093492886782e+01
1.194892678409734721e+01 1.207653887550030625e+01
1.212226861833389435e+01 1.224823156831490323e+01
1.226960582505535946e+01 1.241389338824014743e+01
1.246525827486609472e+01 1.257690130649261206e+01
1.262521722667156787e+01 1.274711121917142975e+01
1.275893772485285105e+01 1.290976899588191706e+01
1.293698352516068795e+01 1.306911956914103712e+01
1.310765550090618348e+01 1.323873735614618319e+01
1.329562163266914787e+01 1.339466813859134042e+01
1.344069215361331615e+01 1.355704172973145916e+01
1.361410893932557897e+01 1.372040410712243563e+01
1.378070012299601110e+01 1.388107174246283648e+01
1.391058449615634984e+01 1.403432637514693049e+01
1.405189348179230002e+01 1.419918987086733253e+01
1.422933821557530720e+01 1.436211506226622880e+01
1.441511292234805808e+01 1.453116993979223004e+01
1.455634558166399017e+01 1.469698367481978529e+01
1.469906407673200910e+01 1.486870386238459574e+01
1.486211955581086031e+01 1.502196472519429804e+01
1.504537899372732035e+01 1.518907062253327389e+01
1.521386427485303372e+01 1.536098883799714621e+01
1.536344055277778509e+01 1.551683264548816688e+01
1.548572773201384400e+01 1.568052194777737540e+01
1.568955614017539801e+01 1.583375537219517781e+01
1.577673762218552689e+01 1.599409951973067834e+01
1.600895337110245009e+01 1.616690025044233536e+01
1.617373591235519470e+01 1.632895122257308174e+01
1.624629861655632368e+01 1.649742143010879047e+01
1.650806533166955248e+01 1.666368211366280505e+01
1.669648448183155409e+01 1.682852208228030122e+01
1.682443907377877679e+01 1.699251283150179148e+01
1.696672133832793250e+01 1.715171676307315352e+01
1.708760598336945691e+01 1.731808201366776956e+01
1.727572654376236372e+01 1.747771324460288156e+01
1.740678315468394644e+01 1.762014404652567734e+01
1.759863937608452389e+01 1.778396257437430350e+01
1.774099977163292507e+01 1.795479824770450250e+01
1.789613100664217882e+01 1.811717641458562866e+01
1.800703576748793111e+01 1.828187320206605548e+01
1.840163179141158523e+01 1.822292707186710459e+01
1.855986268766456604e+01 1.840257020718281566e+01
1.851586025945122316e+01 1.872979065780159402e+01
1.861560225789958878e+01 1.890250343692238388e+01
1.887485757327936398e+01 1.907085680266346017e+01
1.894769857973673055e+01 1.923865121757618013e+01
1.936202663193795814e+01 1.918180003314510884e+01
1.930178083651931331e+01 1.954883864299575080e+01
1.950337939477082116e+01 1.971615233366764741e+01
1.962123162848883240e+01 1.987509414306657263e+01
2.001484175442662305e+01 1.974908408408148119e+01
2.017671819823834056e+01 1.999036194788562071e+01
2.013454311689255860e+01 2.035096638773660160e+01
2.027190900227395431e+01 2.051558925549418788e+01
2.066628115629033147e+01 2.044020051856693954e+01
2.083106080919727177e+01 2.061074722082818766e+01
2.099307625105584307e+01 2.072514403431100050e+01
2.094016925798367978e+01 2.116750102333962147e+01
2.132264098517043749e+01 2.110818028569420690e+01
2.149655626287254506e+01 2.124297513422780526e+01
2.139371565174992540e+01 2.166023739327168229e+01
2.181882404633345018e+01 2.157594202704961361e+01
2.198444730109624956e+01 2.169697922824480329e+01
2.216017808873365880e+01 2.189248789701724718e+01
2.231463768296120875e+01 2.206096993314620391e+01
2.247686847387620901e+01 2.214327042119341371e+01
2.265671228490425904e+01 2.246481085449503468e+01
