0.000000000000000000e+00 0.000000000000000000e+00
0.000000000000000000e+00 0.000000000000000000e+00
4.573774020582621396e-04 0.000000000000000000e+00
5.259241592770712292e-04 0.000000000000000000e+00
1.832983307891225544e-02 0.000000000000000000e+00
1.111312571554049639e-01 3.421129292332211747e-02
8.341284171267117353e-02 1.242173267332769004e+00
1.180663536170284855e+00 1.550046589667071872e+00
1.708273861185962694e+00 1.690246578949440970e+00
1.884463272829130176e+00 1.918867421518437588e+00
2.074635944400849308e+00 2.110218644901644236e+00
2.290766859755738238e+00 2.277649997180480224e+00
2.482966128566622466e+00 2.468940688253722371e+00
2.663815277253176905e+00 2.651575372205111414e+00
2.856547466309336869e+00 2.823565747410858862e+00
3.058513837304702943e+00 3.027982778928123508e+00
3.241823247995151203e+00 3.218047031550499870e+00
3.432758460667611367e+00 3.406351449459115610e+00
3.633393669083865074e+00 3.601516892639439860e+00
3.829137126973082506e+00 3.779720524658068292e+00
4.018909023525367274e+00 3.961416624603354197e+00
4.221849574569739971e+00 4.145475334774567422e+00
4.419208877803261437e+00 4.357214238288849906e+00
4.608250811288030491e+00 4.544706531184314890e+00
4.801745250210344373e+00 4.735675053598722428e+00
5.004862809691737802e+00 4.942043221903963612e+00
5.196314718493829865e+00 5.089987514345342134e+00
5.391077339006702829e+00 5.275520177254631626e+00
5.585319248741387632e+00 5.517796767159651061e+00
5.782898820753379354e+00 5.701844084968091586e+00
5.977253977703547605e+00 5.897665205000259370e+00
6.173309562533867201e+00 6.077025852239927417e+00
6.362935620421433569e+00 6.261938197345744861e+00
6.564758761677708776e+00 6.440214982748796224e+00
6.769851939016751530e+00 6.627335572101677563e+00
6.956996440266555837e+00 6.834571837342940270e+00
7.157238266704764484e+00 7.068672005891769139e+00
7.350572497835244690e+00 7.231881635861117097e+00
7.544271704548227930e+00 7.432888452059688511e+00
7.734380551781333324e+00 7.623071211900465549e+00
7.933336190905776242e+00 7.802858561059665021e+00
8.114844949859561396e+00 7.981199908484815531e+00
8.303928555539291878e+00 8.225458514687819189e+00
8.497083398143836064e+00 8.349860087721175717e+00
8.691197763991073799e+00 8.596072891886688438e+00
8.883500319273178292e+00 8.746691210430171282e+00
9.076541013110803746e+00 9.001030823797062652e+00
9.269035999407631010e+00 9.197497587587012191e+00
9.481915532707462901e+00 9.374630543972829244e+00
9.676899030178743644e+00 9.594714086606234815e+00
9.897225163965083894e+00 9.674579735433265881e+00
1.009335278541770897e+01 9.869839516240968891e+00
1.031158205622965518e+01 1.010193357265924696e+01
1.049727201163752355e+01 1.029594105782534008e+01
1.070786420531314498e+01 1.055595480782950446e+01
1.090802934314985251e+01 1.072234543152354469e+01
1.111068288022853068e+01 1.092228415297652866e+01
1.130446494614912112e+01 1.105607002843110465e+01
1.148957299896526152e+01 1.125572995304469082e+01
1.169414642660397519e+01 1.148693010828155003e+01
1.187159189211157084e+01 1.162742470548624674e+01
1.208087583929640374e+01 1.182959828747485531e+01
1.227864719992343723e+01 1.201842996488980120e+01
1.246902650571390758e+01 1.219743506401174216e+01
1.267714603477611490e+01 1.238793962259250847e+01
1.285661197225444141e+01 1.263950724742549347e+01
1.305110894293665602e+01 1.280223743152702198e+01
1.324574198195793784e+01 1.298640566265237517e+01
1.345073274758519766e+01 1.320288976124880165e+01
1.363414872016950063e+01 1.334688404623688029e+01
1.382911078037365726e+01 1.358775885753125046e+01
1.402869360023673018e+01 1.377376711802031295e+01
1.422955455024696647e+01 1.396897343275330172e+01
1.443529634630759162e+01 1.411988530318641288e+01
1.461280625149382573e+01 1.435840813488335499e+01
1.481386063992717972e+01 1.451327726187654754e+01
1.500088607519454342e+01 1.480119247983994057e+01
1.520081314991301902e+01 1.497766342682301932e+01
1.539514989573335590e+01 1.510644189497122092e+01
1.559814467102447288e+01 1.534563418061873463e+01
1.579253017545456217e+01 1.558734036956519198e+01
1.598006612557348838e+01 1.581063358158717058e+01
1.616894142718705041e+01 1.595399709531069021e+01
1.637659995191695828e+01 1.604975755364992551e+01
1.657319302772327063e+01 1.630914687863731061e+01
1.678710043844604982e+01 1.653265947110782363e+01
1.697896238712850803e+01 1.672856914852122756e+01
1.715886338667916533e+01 1.693797827796542066e+01
1.737025433620460291e+01 1.703590012218467109e+01
1.757467786190232673e+01 1.735078496477161636e+01
1.776339802545380309e+01 1.743902924764861950e+01
1.795840911494347480e+01 1.762843857266406289e+01
1.817129230621272384e+01 1.781702916829754457e+01
1.835160804410787705e+01 1.800921421145403656e+01
1.856211351507658236e+01 1.824205127549978656e+01
1.875315654626257711e+01 1.842519837271220240e+01
1.894194426584027013e+01 1.857714086757493277e+01
1.914839519358129749e+01 1.881742927162820678e+01
1.933795729175523803e+01 1.907978890921322801e+01
1.953414866239231529e+01 1.919111884819765379e+01
1.973103947181369122e+01 1.949440798359546534e+01
