0.000000000000000000e+00 0.000000000000000000e+00
0.000000000000000000e+00 0.000000000000000000e+00
0.000000000000000000e+00 0.000000000000000000e+00
0.000000000000000000e+00 0.000000000000000000e+00
0.000000000000000000e+00 1.671018776666765848e-01
1.075832404078120030e-01 -6.770568744981646236e-02
7.927026783497724827e-01 1.628635055862565739e+00
1.701914526708109499e+00 1.793360439787053284e+00
1.996068839068900314e+00 2.146177386328668835e+00
2.186469861945804727e+00 2.322432219351264315e+00
2.463677805167177493e+00 2.505140388435507681e+00
2.611166456821734538e+00 2.688860509122963371e+00
2.778243772612830842e+00 2.853122948430574013e+00
3.018407292965246125e+00 2.962820454034905460e+00
3.137367866612982947e+00 3.203557903371025528e+00
3.329922990182028641e+00 3.378736879793357240e+00
3.543978801826983105e+00 3.509526023575336051e+00
3.724075178724035151e+00 3.686821275715107760e+00
3.897062406342083118e+00 3.853312701192059375e+00
4.080345576138134867e+00 4.059580076987045594e+00
4.258663406970808474e+00 4.227322829766278822e+00
4.445738908271692935e+00 4.395468185902205782e+00
4.630729683824755583e+00 4.579969912295450918e+00
4.818095526316607646e+00 4.766243673465180741e+00
4.998273672815839674e+00 4.904842073698699956e+00
5.177536840241870664e+00 5.150262414302589242e+00
5.374949139918396845e+00 5.337166995975581862e+00
5.567152432727680456e+00 5.519641044058123391e+00
5.756023260125028074e+00 5.695935376256870519e+00
5.944024463847969564e+00 5.899954275093708844e+00
6.128953403716114856e+00 6.091190801118323783e+00
6.321616656567039527e+00 6.264111507004630042e+00
6.517048700380424719e+00 6.468688534031445059e+00
6.711605743677458769e+00 6.625389107022354729e+00
6.904586971459369948e+00 6.816656800624316226e+00
7.091295482089023494e+00 6.961070846459920247e+00
7.282670754126805868e+00 7.189085251200264537e+00
7.484006708128961627e+00 7.369556915876648517e+00
7.674640328328190542e+00 7.579577982768974209e+00
7.866817487363793049e+00 7.789633914613272481e+00
8.072412198268345662e+00 7.959381586349050686e+00
8.270381358809803629e+00 8.121638202156788111e+00
8.466016875159116495e+00 8.281579749672316026e+00
8.644409112849015031e+00 8.471447670287860277e+00
8.836495061250699834e+00 8.709561859230213088e+00
9.026427565361785810e+00 8.857298510948282910e+00
9.215636351136389237e+00 9.063514491634222736e+00
9.407026925828974484e+00 9.207501917006879921e+00
9.594793249194630391e+00 9.408814440554426284e+00
9.791434366514073062e+00 9.607538185390316343e+00
9.983739213887295350e+00 9.784696253689933343e+00
1.016586891484766220e+01 1.003131902338658321e+01
1.035477890949713498e+01 1.018590431952263486e+01
1.054635080983829631e+01 1.042843891919520338e+01
1.074165094001777376e+01 1.057404773828724842e+01
1.093457577037797002e+01 1.077746592041236795e+01
1.111945429145258579e+01 1.091751203941806736e+01
1.130255802074587379e+01 1.115371629547102827e+01
1.150224751977809667e+01 1.134183280874158761e+01
1.169312957865978220e+01 1.153304189157880622e+01
1.189658321464737867e+01 1.174268140969044438e+01
1.209366150364724390e+01 1.190867359618382793e+01
1.230145061403543494e+01 1.211071949727145913e+01
1.249949947068083667e+01 1.229304321162726588e+01
1.268968726849905515e+01 1.248908594377615344e+01
1.289566683695567839e+01 1.266363822817457319e+01
1.309228651994589399e+01 1.284042701383302365e+01
1.329314557101512229e+01 1.309254121060580545e+01
1.349092833691549309e+01 1.321149350048296256e+01
1.368101174833792122e+01 1.349046139218471652e+01
1.386513046199381272e+01 1.366171143270364752e+01
1.406712632517004913e+01 1.384372452941749820e+01
1.425912098030988595e+01 1.406839281959826060e+01
1.445421962491450252e+01 1.419142656677282410e+01
1.465516865230433474e+01 1.436885286160332775e+01
1.485070313593249836e+01 1.464771174755047767e+01
1.505001654760990171e+01 1.486650953579061962e+01
1.524775387148697092e+01 1.497308843343064311e+01
1.542316310925835587e+01 1.514982313870806507e+01
1.562572534155069448e+01 1.541685924741222813e+01
1.581780387532404930e+01 1.556869851675035754e+01
1.602064523906371818e+01 1.581390801239945887e+01
1.621314366392548223e+01 1.596859557131365648e+01
1.640544736593242803e+01 1.615184431224242800e+01
1.661234101487674053e+01 1.643517669322825725e+01
1.679940780641163656e+01 1.647348586643259694e+01
1.699756610632730158e+01 1.674200054376852975e+01
1.719273117332282297e+01 1.694996281790982451e+01
1.739223765102644492e+01 1.718435216884747518e+01
1.759772205795120570e+01 1.723404860763994506e+01
1.778420117049008908e+01 1.745081774490773441e+01
1.797875629128089159e+01 1.770009529609902543e+01
1.818590052190961615e+01 1.791968259592011492e+01
1.836108424797243188e+01 1.800366969287067320e+01
1.857838570028821934e+01 1.827981184780774271e+01
1.877853573442164503e+01 1.849954196299763964e+01
1.897851204420749838e+01 1.860479168923417248e+01
1.918067495431413505e+01 1.878244066218413622e+01
1.937397594373173959e+01 1.910450274053536290e+01
1.955539899710814566e+01 1.925380559694389149e+01
1.976883850931724851e+01 1.948860858001077645e+01
