0.000000000000000000e+00 0.000000000000000000e+00
0.000000000000000000e+00 0.000000000000000000e+00
1.506719824928745219e-02 -2.706161651779755845e-02
5.573698261047962954e-02 -2.845756392779390936e-02
1.095803016919983525e-01 0.000000000000000000e+00
1.074066357052666787e-01 -3.141992727825605736e-02
3.532139771864205580e-01 1.440057751884480930e-01
6.137939042693042468e-01 1.655052404692797019e+00
1.719690443562995164e+00 1.848477902240152737e+00
1.976217565727612646e+00 2.026008820890211837e+00
2.188379619898912054e+00 2.246836314038515248e+00
2.413983573987752429e+00 2.348391800807062779e+00
2.530483097156278838e+00 2.647057993971989376e+00
2.725964251262824600e+00 2.832408467318769496e+00
3.004956466234494084e+00 2.916457274382298959e+00
3.133916782892885333e+00 3.203432961622059150e+00
3.312684102864928981e+00 3.381605687588850273e+00
3.574055534864378991e+00 3.511693108300329769e+00
3.760024329645127228e+00 3.701487311195595264e+00
3.944629654319672163e+00 3.867017300019973902e+00
4.130044602565025258e+00 4.027193764084578298e+00
4.322130861543808322e+00 4.234938776171776276e+00
4.504867643178679160e+00 4.439142767093407826e+00
4.686093728772089406e+00 4.625168217677694926e+00
4.876797691045887007e+00 4.786079835907286473e+00
5.064955309565619679e+00 4.998068270181096118e+00
5.256073805556320977e+00 5.172262533759398373e+00
5.460402649112212181e+00 5.354356019797499755e+00
5.635319614342535033e+00 5.523195412781901403e+00
5.830030108236032405e+00 5.733963291890429304e+00
6.015609294640053228e+00 5.921008758927482241e+00
6.203704553768341512e+00 6.111405999033830305e+00
6.393011890961650678e+00 6.296121740887476115e+00
6.586576774462933770e+00 6.501726539113852787e+00
6.778361313372850638e+00 6.680785711727039278e+00
6.973048087425945063e+00 6.866450801181986030e+00
7.180290518710001457e+00 7.070343977340810326e+00
7.387813129024224601e+00 7.286314886183155259e+00
7.575197642998987568e+00 7.461800753948229392e+00
7.780125416298509400e+00 7.671922970622591542e+00
7.984999954139263778e+00 7.843022260391026457e+00
8.172037536904271704e+00 8.040513098156292671e+00
8.370661879535184369e+00 8.254423035367345562e+00
8.560441289185005687e+00 8.446435621445472108e+00
8.746797591291187501e+00 8.610996354130056929e+00
8.948399535906288449e+00 8.809142595608660642e+00
9.126438439588913099e+00 9.023214996105176411e+00
9.326686841606321110e+00 9.178906727993862091e+00
9.512567369346960788e+00 9.401630222722126007e+00
9.716160617756433027e+00 9.568225001867789459e+00
9.893378715632998421e+00 9.787181948672410314e+00
1.010603411207488023e+01 9.911662484361503545e+00
1.030198385449233811e+01 1.009790619501876385e+01
1.049456979888176456e+01 1.034625651257097267e+01
1.068350135394927136e+01 1.054778385513005290e+01
1.088174675816912007e+01 1.074417817539946540e+01
1.107673580575843175e+01 1.097924582127200388e+01
1.127611660859421683e+01 1.107459140887383953e+01
1.147073287885839576e+01 1.128395428506632037e+01
1.167206842274470269e+01 1.150293893582653304e+01
1.185545522281073616e+01 1.169406805721430231e+01
1.205623389867047912e+01 1.188681046806776820e+01
1.224734327641010090e+01 1.205467645094063478e+01
1.244035046144189671e+01 1.230937901818725244e+01
1.263662273772684053e+01 1.248039074402957027e+01
1.283735214754141118e+01 1.272304002027977710e+01
1.304024736145425400e+01 1.283853498643999913e+01
1.322543452557345312e+01 1.302900540364773185e+01
1.342201188250355592e+01 1.321731005926836744e+01
1.362428573036414647e+01 1.344457803473344448e+01
1.381918234324548322e+01 1.361877761985781277e+01
1.401284057404250305e+01 1.386069474094105480e+01
1.422524728150597007e+01 1.396194888469450923e+01
1.442741644384168254e+01 1.421666755785251901e+01
1.461467086152309491e+01 1.440785797108040356e+01
1.482938945513420315e+01 1.464822188074573184e+01
1.503137126367219878e+01 1.483744900569583258e+01
1.521943372826817686e+01 1.495213878654440620e+01
1.543313242924784845e+01 1.513039218751878501e+01
1.563913824003888919e+01 1.537451350196818112e+01
1.583734533878348749e+01 1.556004593055985730e+01
1.602919532980657280e+01 1.576771068830423594e+01
1.622457565254300960e+01 1.592433391368947149e+01
1.642769742419107004e+01 1.605772184744894560e+01
1.662206683755522008e+01 1.636993952254677964e+01
1.680685418028677702e+01 1.655332585751202856e+01
1.700795193217554058e+01 1.674715076752814724e+01
1.721978319583492834e+01 1.695372498855127574e+01
1.740821422493731419e+01 1.709815339504310217e+01
1.761217386314299205e+01 1.726697651125248356e+01
1.780001968893826714e+01 1.753534626035364496e+01
1.801085181048384243e+01 1.767589221323324722e+01
1.818298023196249957e+01 1.791062338651706654e+01
1.839421866356628499e+01 1.806307249506539492e+01
1.858980309886229065e+01 1.818715749057822251e+01
1.878026587535980951e+01 1.847519997526164204e+01
1.898551372380678970e+01 1.860114846304936975e+01
1.916301061266921835e+01 1.883543621224557896e+01
1.935208284660615874e+01 1.894522266037216696e+01
1.956017926811289342e+01 1.923916211009134614e+01
1.976345841452779339e+01 1.944053572536523333e+01
