0.000000000000000000e+00 0.000000000000000000e+00
1.407379400286314780e-04 0.000000000000000000e+00
1.204584057734290302e-03 0.000000000000000000e+00
8.959812252878516028e-03 0.000000000000000000e+00
1.560127306602141113e-02 0.000000000000000000e+00
2.178125504309103011e-01 7.787388683429334879e-01
8.536839069372893496e-01 1.098868868281103639e+00
1.240841025293409450e+00 1.314350612025063203e+00
1.522698313363764600e+00 1.490122810525317920e+00
1.726238926487206671e+00 1.682413687369548994e+00
1.933227646705486968e+00 1.876468403563090970e+00
2.130215590309785245e+00 2.081904458966015614e+00
2.328233246111523602e+00 2.268571751078452881e+00
2.523014731857966542e+00 2.473798830861413389e+00
2.735549358590786628e+00 2.667740065359000212e+00
2.935230540657492782e+00 2.859542485104171305e+00
3.135664329380809079e+00 3.064381779777467063e+00
3.334275786609866898e+00 3.268868804357091040e+00
3.531983886406394380e+00 3.459290227109422133e+00
3.729238127297450411e+00 3.647764368953728464e+00
3.924092604512333438e+00 3.820319851740605177e+00
4.112825429421638646e+00 4.049651906801081225e+00
4.302399473755040837e+00 4.241020672836540051e+00
4.501806091491451944e+00 4.388445120316926129e+00
4.717297894949906478e+00 4.615600939723798035e+00
4.905741172045924081e+00 4.762342564853362603e+00
5.109748454175361054e+00 5.008275327408396649e+00
5.309452192311043817e+00 5.190114913294439525e+00
5.503666475893944643e+00 5.406811125953338681e+00
5.696900060898341778e+00 5.554745263720842097e+00
5.893681828566626812e+00 5.789253763872969749e+00
6.093974587876564541e+00 5.978407860334922219e+00
6.293675367067443460e+00 6.177700563294556524e+00
6.482647656566483896e+00 6.303230954858253021e+00
6.668700927180877258e+00 6.557084839703531287e+00
6.870185997363174479e+00 6.780966170288739825e+00
7.060900831384795850e+00 6.938514150875601416e+00
7.255627558160843371e+00 7.122189961610484232e+00
7.455279047460135367e+00 7.320873322751872969e+00
7.654916559888064853e+00 7.507338646393959536e+00
7.850690199074262132e+00 7.689032165365825122e+00
8.043164297818439223e+00 7.910307019204301682e+00
8.246356837404812623e+00 8.085598791924356377e+00
8.441471436723675836e+00 8.282146594239893744e+00
8.636043736787584635e+00 8.491079266589370178e+00
8.833946023267753134e+00 8.697215985619740408e+00
9.029022896317073332e+00 8.848264076919850396e+00
9.234429041184849751e+00 9.063565798453641520e+00
9.432646527741205489e+00 9.313406864257345319e+00
9.631449698111838487e+00 9.440401453684339472e+00
9.829170662097281408e+00 9.686497547083792625e+00
1.002602418307644072e+01 9.862331802914246381e+00
1.022247504431443588e+01 9.998830435784686443e+00
1.042184564004248060e+01 1.027358646274393195e+01
1.062217070793445295e+01 1.046654434538916689e+01
1.081853629443327947e+01 1.062018961620447755e+01
1.100769353120495353e+01 1.082072842952778835e+01
1.121694998776125729e+01 1.099923247369699553e+01
1.140555587483815536e+01 1.115270478192688053e+01
1.160154806186112708e+01 1.141537695148133658e+01
1.179806142040307293e+01 1.160309035062235772e+01
1.199862940556315394e+01 1.175560997200602031e+01
1.220204172232915063e+01 1.201545901387763671e+01
1.238690960876977165e+01 1.218979256892818519e+01
1.257545218311178559e+01 1.239602340932336944e+01
1.278883875976680251e+01 1.253063088750125154e+01
1.298517051485731955e+01 1.276828667065071876e+01
1.317848602024045945e+01 1.290370741453475745e+01
1.336979007061965241e+01 1.313223652775176831e+01
1.357426504063998074e+01 1.329801334387487977e+01
1.377147762364975137e+01 1.354482826755501179e+01
1.396502496237569702e+01 1.377955672363302675e+01
1.415705388998812708e+01 1.387570648026743392e+01
1.436138202153478360e+01 1.413054618582721567e+01
1.454580445129177058e+01 1.426799500724189329e+01
1.474685861622310235e+01 1.459101997715505838e+01
1.495174515474257682e+01 1.468112379400895939e+01
1.513804910279527327e+01 1.486216691995648098e+01
1.533180757507716940e+01 1.512745697509677534e+01
1.553195674768198131e+01 1.531468577377965623e+01
1.571498987664359248e+01 1.546378823592377394e+01
1.592576192711831062e+01 1.568809282117683424e+01
1.611672123074362872e+01 1.585189253191300196e+01
1.630817118456553416e+01 1.602265559385849514e+01
1.650819239755699641e+01 1.628613389657840216e+01
1.670669062411567296e+01 1.637493729746163496e+01
1.689493228581811124e+01 1.666442792156935937e+01
1.709782512765746887e+01 1.682599220555352559e+01
1.727417746254463182e+01 1.696670039922447870e+01
1.746923400770811696e+01 1.721721067668111971e+01
1.767283332587676981e+01 1.743644327342589762e+01
1.786152417550469451e+01 1.765693941073953610e+01
1.805926133918606880e+01 1.778360656239300752e+01
1.826540813341673442e+01 1.800502116916030459e+01
1.846174940311670909e+01 1.812517360877964734e+01
1.865543703837515110e+01 1.836336584879733280e+01
1.887058743586601395e+01 1.856697510276130814e+01
1.905675885040609430e+01 1.869871213078140570e+01
1.925583957092133502e+01 1.892931889176579219e+01
1.946132183062141507e+01 1.918128711776756035e+01
1.966120298570669789e+01 1.944043087524775260e+01
