0.000000000000000000e+00 0.000000000000000000e+00
0.000000000000000000e+00 0.000000000000000000e+00
0.000000000000000000e+00 0.000000000000000000e+00
0.000000000000000000e+00 0.000000000000000000e+00
0.000000000000000000e+00 0.000000000000000000e+00
0.000000000000000000e+00 0.000000000000000000e+00
0.000000000000000000e+00 0.000000000000000000e+00
0.000000000000000000e+00 0.000000000000000000e+00
1.258628091095196078e-01 4.987855431530344497e+00
5.780146336514180305e+00 5.303721850593206888e+00
1.271491962852611124e+00 8.952851318247281753e+00
8.077975298103606150e+00 8.798396393156030726e+00
8.781191749209186881e+00 8.752503852146732655e+00
8.687643085420553746e+00 8.687635929489085029e+00
8.585215561151258612e+00 8.716165140307641224e+00
8.636433709572973072e+00 9.051291999079573714e+00
8.853233468746244839e+00 9.147182324583992497e+00
9.018611799414967933e+00 9.283017581785431460e+00
9.262590381023228403e+00 9.579610435545403035e+00
9.441883448012044155e+00 9.781956941848379827e+00
9.667088160366533955e+00 1.001358458050446565e+01
9.951034816627119639e+00 1.019415738584601527e+01
1.016022300077290907e+01 1.038570349199394904e+01
1.033772055408526391e+01 1.054327401993018398e+01
1.056602685833374089e+01 1.072204629151618960e+01
1.071525739213239525e+01 1.088356646622748691e+01
1.090057029600332150e+01 1.104754908325026008e+01
1.107140242146574849e+01 1.121558880559772042e+01
1.130091149802794703e+01 1.138481765571452442e+01
1.144440878760603830e+01 1.154599880246831134e+01
1.158884355488217643e+01 1.171709835811820710e+01
1.175382914795417122e+01 1.187383948550652235e+01
1.192339258446547490e+01 1.203143308196955097e+01
1.206207428793096526e+01 1.219740816879439649e+01
1.223174657087137618e+01 1.236499544022248465e+01
1.238816488969642826e+01 1.252808497090382289e+01
1.255752885246342920e+01 1.269225494240306951e+01
1.273438538596884939e+01 1.284786169304421932e+01
1.285669175952083521e+01 1.300919882034680342e+01
1.304198718931063183e+01 1.317661536101341113e+01
1.319404164603687590e+01 1.334662282958113799e+01
1.336514736295909067e+01 1.350096180416785430e+01
1.356493848234869581e+01 1.365509175194328861e+01
1.371640689580463146e+01 1.381849623122601578e+01
1.386113128006245709e+01 1.396858977150022163e+01
1.404693150214841957e+01 1.414219842490213530e+01
1.421662668500164273e+01 1.430176192382057110e+01
1.438739642200911462e+01 1.446662062886419520e+01
1.452209904340758584e+01 1.462767662348531772e+01
1.470192841005420448e+01 1.480764233063943891e+01
1.483879786782040533e+01 1.496676417111764934e+01
1.500122653806644202e+01 1.512920793735845315e+01
1.516696451388659739e+01 1.528813418424833870e+01
1.530628029976239191e+01 1.545702467360739085e+01
1.548736071217937038e+01 1.561394050862448069e+01
1.564570484188808841e+01 1.577862739456994667e+01
1.578077026571994956e+01 1.594390183361368685e+01
1.593700706260009881e+01 1.610727562218091080e+01
1.612346080875744292e+01 1.627197979231344505e+01
1.631558049613146366e+01 1.642449968455595055e+01
1.646194760829375880e+01 1.658293826554560368e+01
1.666269775112531448e+01 1.659643735533674658e+01
1.667991912452515990e+01 1.687980827848666010e+01
1.685801209671522116e+01 1.703201506220145589e+01
1.703178323316540954e+01 1.719574892044759906e+01
1.721285399779446479e+01 1.736427778601339966e+01
1.735524302849483291e+01 1.752105008025351651e+01
1.752444991047871525e+01 1.768466813065244025e+01
1.771116880804187588e+01 1.784824892377060834e+01
1.779169931889595802e+01 1.802283211607108271e+01
1.799959328762284372e+01 1.817685078466545434e+01
1.814984057189136024e+01 1.833217687316090760e+01
1.828689053227151717e+01 1.850932118820897188e+01
1.852028026891053258e+01 1.866160500422109436e+01
1.862693370872756660e+01 1.883252603366693023e+01
1.885493310510245379e+01 1.900336269154637137e+01
1.898756039478749003e+01 1.916674159490459317e+01
1.913609105769306495e+01 1.932781293168829606e+01
1.944535315588206714e+01 1.926185883479602978e+01
1.945561855075663615e+01 1.963023029839552436e+01
1.961410417424587749e+01 1.981277702385785844e+01
1.977171249230212169e+01 1.997105421340821962e+01
2.009213944394763018e+01 1.996344999855524094e+01
2.010592293975786404e+01 2.029376840709453944e+01
2.041676061352825400e+01 2.027556489332695122e+01
2.043017825319795833e+01 2.060352008267800628e+01
2.073785580666553585e+01 2.063612394176066189e+01
2.077145043458502371e+01 2.092957991346160185e+01
2.093912074600778794e+01 2.109349575632591112e+01
2.122585776830063864e+01 2.106320725359781321e+01
2.124359428222417279e+01 2.140300368609185355e+01
2.141010887896819170e+01 2.156235193428620889e+01
2.170145075960375891e+01 2.153633684711187968e+01
2.161980117832287362e+01 2.189006582931436284e+01
2.186167796949050057e+01 2.203748970114290628e+01
2.205272737286128404e+01 2.220921126393866984e+01
2.236091037770975021e+01 2.225584547796488266e+01
2.253351968656280135e+01 2.238251696063132457e+01
2.271617146406207155e+01 2.252388640817560628e+01
2.286788082723195004e+01 2.260994688423589949e+01
2.291248591286719360e+01 2.304294813196442604e+01
