0.000000000000000000e+00 0.000000000000000000e+00
0.000000000000000000e+00 0.000000000000000000e+00
0.000000000000000000e+00 0.000000000000000000e+00
1.063152058286373318e-02 0.000000000000000000e+00
2.355971352033266186e-02 0.000000000000000000e+00
1.582943110474350212e-01 8.168805042246785053e-02
3.757552323052866794e-01 1.356201200729316714e+00
1.459599812907612204e+00 1.588977209778932531e+00
1.693181079291479652e+00 1.770824342033013421e+00
1.913871897248268228e+00 1.958044088328632970e+00
2.137082198347652007e+00 2.107896886142347270e+00
2.317539622743161942e+00 2.294033612464560612e+00
2.470383206877399207e+00 2.504141785278794607e+00
2.686457417313055540e+00 2.661064202842382098e+00
2.877454100969990325e+00 2.843183180396276821e+00
3.071019953149748183e+00 3.031724854022349369e+00
3.263035783689956837e+00 3.236041574029230539e+00
3.455193077812822811e+00 3.413372699626047613e+00
3.647803462049755474e+00 3.599154402824398691e+00
3.847463650769721077e+00 3.789448722511882028e+00
4.028574845859413500e+00 3.976364347204516037e+00
4.220554550691985263e+00 4.155088272066355337e+00
4.409316621152963300e+00 4.326224317655684715e+00
4.608232443473325723e+00 4.542605283557293205e+00
4.800342153421661706e+00 4.725249130613305759e+00
4.982313587832317481e+00 4.935121820278984828e+00
5.185297869458125319e+00 5.061418996271036974e+00
5.372944639488252960e+00 5.293716278736507519e+00
5.574605955131105794e+00 5.522207781426311968e+00
5.772448265902555775e+00 5.688125937690792000e+00
5.969610191052403536e+00 5.858645660633245100e+00
6.166614586652690022e+00 6.046922311395091398e+00
6.361007189257676941e+00 6.270558462349686835e+00
6.565421430236813904e+00 6.432316004375067564e+00
6.773729652409355317e+00 6.637643910773920020e+00
6.962917725870252816e+00 6.809898319661575883e+00
7.161179686465896310e+00 7.019055044038920776e+00
7.360176294810257147e+00 7.194764997160809195e+00
7.554432542870472389e+00 7.403723540645200885e+00
7.747495039116154558e+00 7.601585452845598390e+00
7.936616961976560525e+00 7.780156049629974646e+00
8.125500016490731170e+00 7.959535235188792690e+00
8.329647604267663041e+00 8.139171469356638156e+00
8.519910997570178779e+00 8.302600175366441349e+00
8.724398394480260777e+00 8.536474957433959787e+00
8.911940374344245797e+00 8.737574971584155747e+00
9.107945700038897030e+00 8.900972877393874327e+00
9.303101532262285644e+00 9.156844859378066914e+00
9.498088925986936104e+00 9.354138881682366957e+00
9.689742826927528085e+00 9.515355034108788246e+00
9.887018886951244312e+00 9.690391536529958216e+00
1.009015026375867130e+01 9.918050768560027208e+00
1.027115574751949723e+01 1.010785637977737039e+01
1.047669728231013764e+01 1.030139893628716941e+01
1.066207926084154778e+01 1.049586107588053885e+01
1.084897758094759190e+01 1.069797861744995515e+01
1.104509555209286020e+01 1.081195464498267711e+01
1.125156314413246683e+01 1.107020075963145267e+01
1.145403863630161290e+01 1.126266920160563423e+01
1.165337557105642041e+01 1.140365629188874053e+01
1.184105326796616353e+01 1.171026725821760373e+01
1.204243924917873088e+01 1.182672515468288132e+01
1.223798097366239190e+01 1.198962210222495450e+01
1.243019017213920208e+01 1.226090438762717483e+01
1.263231697448599355e+01 1.243418366554940313e+01
1.258674862814280182e+01 1.270138540037132024e+01
1.297613059264004676e+01 1.275461618645785578e+01
1.316087992689268660e+01 1.299323103173006722e+01
1.335858191446539678e+01 1.315893264205030277e+01
1.354951907775755515e+01 1.337126615502770477e+01
1.374885048963231782e+01 1.358664467920386087e+01
1.393270738258733843e+01 1.376368597981939423e+01
1.413902346696365164e+01 1.399645632596822331e+01
1.433361024424741537e+01 1.413184350474645434e+01
1.454094622330958408e+01 1.438055888289339990e+01
1.473117289445878875e+01 1.449833458630731542e+01
1.493228902960912130e+01 1.480462475475832385e+01
1.512553628862281307e+01 1.490928116385425461e+01
1.533141466794717367e+01 1.497774865163459168e+01
1.550414638989417071e+01 1.514623275551125126e+01
1.571704171553534835e+01 1.542379416823120408e+01
1.591631626884408846e+01 1.572694440122003634e+01
1.610466556868243870e+01 1.578257213352416599e+01
1.631389015382723784e+01 1.611580942271018557e+01
1.649317214540219467e+01 1.624256239224297715e+01
1.669923380845802541e+01 1.648994396176271593e+01
1.688448199642235892e+01 1.665853070658641855e+01
1.706749474860801996e+01 1.686517447008655779e+01
1.726489246090503471e+01 1.709529406601599533e+01
1.745835351497415999e+01 1.718762651158877830e+01
1.765524286148301769e+01 1.740503158799521088e+01
1.785951137744971362e+01 1.765173096644451078e+01
1.806249602590598258e+01 1.786143747036103946e+01
1.825190136097856097e+01 1.801066747569188919e+01
1.843878980492419117e+01 1.825004619321228816e+01
1.864598849278464243e+01 1.836299171681862319e+01
1.885958719395962646e+01 1.864457454894455779e+01
1.905220074874137737e+01 1.882307881156806317e+01
1.923764681492340500e+01 1.900352860508025543e+01
1.944563615831605219e+01 1.920012244113623723e+01
1.964469664712659380e+01 1.947987992852213424e+01
