0.000000000000000000e+00 0.000000000000000000e+00
0.000000000000000000e+00 0.000000000000000000e+00
0.000000000000000000e+00 0.000000000000000000e+00
0.000000000000000000e+00 0.000000000000000000e+00
0.000000000000000000e+00 1.051369151260207052e-02
3.520776679680236165e-02 0.000000000000000000e+00
8.781067905175171662e-02 0.000000000000000000e+00
1.755030706804512064e-01 0.000000000000000000e+00
3.470470297886978361e-01 4.488169976016378321e-02
1.161390671690125220e+00 5.487915928074339256e+00
4.971389520289479336e+00 6.994500331868465537e+00
6.458822454688915471e+00 6.931810919104838931e+00
6.815357550346176296e+00 7.169142398813870720e+00
7.134831899282731982e+00 7.271341470494648185e+00
7.358042570290582951e+00 7.430021225028434984e+00
7.491243066741459344e+00 7.622266441041105622e+00
7.569393144853934885e+00 7.715798728383320260e+00
7.706518530570567016e+00 7.954941707748615087e+00
7.909659641321205470e+00 8.153984096089468281e+00
8.026027616157096034e+00 8.403048512414970972e+00
8.315514682571592431e+00 8.605978080263090746e+00
8.583272673277054565e+00 8.765504051371562966e+00
8.774495459531111763e+00 8.961911752045242707e+00
8.983403838910543726e+00 9.154936381760705899e+00
9.173694628742852686e+00 9.332202743938664113e+00
9.347819702287978316e+00 9.504443948001425113e+00
9.507760625775272700e+00 9.668937081677473344e+00
9.695807946007590772e+00 9.833706913950789996e+00
9.844945317436328835e+00 1.000791399221765587e+01
1.003289871754803997e+01 1.017537925065906634e+01
1.018815224178481671e+01 1.034496353904968480e+01
1.035634373122469754e+01 1.052114901180520512e+01
1.054082700319773558e+01 1.069787218155820341e+01
1.070018977115871550e+01 1.085798767935609455e+01
1.088128855911803505e+01 1.102503418103779431e+01
1.104296826725350300e+01 1.118513637497414415e+01
1.123107623437230629e+01 1.134648491750094834e+01
1.140989080627269381e+01 1.151643535644127070e+01
1.157285016197740468e+01 1.167815204923512340e+01
1.174311169713333669e+01 1.184635054235790719e+01
1.190621822095882010e+01 1.200355934440443662e+01
1.204904031748684368e+01 1.216325123083456283e+01
1.222691230474747748e+01 1.233533038089831280e+01
1.238648328859572878e+01 1.249519419662054887e+01
1.254285646469389626e+01 1.266050230927772979e+01
1.267020636852267934e+01 1.282120491540282359e+01
1.283843913345585008e+01 1.298360829549490880e+01
1.303418622319264486e+01 1.314540852553183470e+01
1.320016207125979513e+01 1.331374734763723033e+01
1.332155788701899013e+01 1.346705971364035470e+01
1.349531588071127608e+01 1.364272101867419806e+01
1.364904476389346755e+01 1.380948674875032722e+01
1.383398427673476050e+01 1.397206033144400372e+01
1.397210964513796938e+01 1.413290423203873480e+01
1.409983164636497399e+01 1.429759456138462781e+01
1.426639264256183459e+01 1.445746988888979701e+01
1.445111208235221589e+01 1.460940209467081630e+01
1.472124791986358083e+01 1.458169246004123565e+01
1.472275474627273084e+01 1.489853544071896252e+01
1.501601965150649320e+01 1.491150016044807280e+01
1.516175689318232500e+01 1.503018567547569795e+01
1.530087142068832762e+01 1.521369049262173512e+01
1.528273338008428084e+01 1.548284009834686614e+01
1.553740170985896007e+01 1.564827300946478239e+01
1.577551943944182788e+01 1.565890392422068622e+01
1.580161723491186798e+01 1.595394356485914500e+01
1.594492889441721140e+01 1.612719868211009100e+01
1.626444089238671253e+01 1.612882938995667814e+01
1.630607735595341978e+01 1.644894906066274487e+01
1.645969857725816610e+01 1.660035961405019123e+01
1.674556375182746848e+01 1.663017336117448508e+01
1.675007817942681143e+01 1.691947761562211383e+01
1.707217289978964203e+01 1.691500529189168844e+01
1.707493363270498321e+01 1.724807460674281145e+01
1.726693828703501765e+01 1.742054158300181399e+01
1.738275402761739841e+01 1.758990681317454019e+01
1.759170662810651464e+01 1.775836228507705172e+01
1.790711690337676032e+01 1.777495304785926322e+01
1.806719360638703975e+01 1.794078792202993000e+01
1.808444848583666698e+01 1.824042368191415875e+01
1.839322413069021422e+01 1.822075425204818444e+01
1.855496514526619123e+01 1.842617320986373031e+01
1.872958336820109437e+01 1.861770739367211647e+01
1.871899753973688263e+01 1.888107155576980745e+01
1.890835261201858941e+01 1.905432491022171249e+01
1.901719635541508069e+01 1.922699631055459690e+01
1.925008975631009989e+01 1.939330024402148922e+01
1.937427098398888603e+01 1.953931481684140792e+01
1.973002403059307852e+01 1.952494182063893291e+01
1.990079145028933638e+01 1.972318170071553922e+01
1.993905568084547397e+01 2.005293438743538559e+01
2.007840518863463686e+01 2.022712944977860161e+01
2.039872306562400084e+01 2.025476000324657022e+01
2.036286889575607617e+01 2.054962289527083641e+01
2.057871232306942844e+01 2.073681095431428645e+01
2.091103625036331337e+01 2.078318607113880745e+01
2.108393755351223575e+01 2.093258857097952585e+01
2.125480744646696607e+01 2.112208206225307805e+01
2.144577395012122167e+01 2.128343746081361232e+01
2.160457365922180628e+01 2.142544267349437348e+01
2.178934059873510520e+01 2.165938040465867687e+01
