0.000000000000000000e+00 0.000000000000000000e+00
0.000000000000000000e+00 0.000000000000000000e+00
0.000000000000000000e+00 0.000000000000000000e+00
2.491567414055127078e-02 0.000000000000000000e+00
2.986206912810538024e-03 0.000000000000000000e+00
4.125108845010751896e-02 0.000000000000000000e+00
1.894852913999181820e-01 0.000000000000000000e+00
3.718894529232056878e-01 1.792523181778814756e+00
2.048637801262009006e+00 2.090665852929302737e+00
2.233165651421550546e+00 2.284287877882014595e+00
2.431089122623436793e+00 2.422562399146589218e+00
2.598201975728591684e+00 2.580560663224728213e+00
2.743041590511037686e+00 2.793860834680937266e+00
2.945586606253715267e+00 2.928919221501034897e+00
3.077802869521976348e+00 3.183692825879193666e+00
3.338907085252031948e+00 3.269958272482508033e+00
3.450798460452105587e+00 3.562005277220094079e+00
3.664097336467891264e+00 3.746145212268543467e+00
3.847434661635840136e+00 3.928224651418379842e+00
4.108792380109646203e+00 4.062143908401235848e+00
4.282662867024604303e+00 4.218675425510743260e+00
4.387704929356010197e+00 4.469503229884230322e+00
4.651242659321664696e+00 4.583033262979434141e+00
4.830096761948974304e+00 4.754148359856492867e+00
5.012593400563771340e+00 4.961091412530679534e+00
5.198649789593027926e+00 5.137402939234913646e+00
5.382476881613965425e+00 5.317154035916393795e+00
5.572279948920106918e+00 5.503137006225049532e+00
5.760351889894808508e+00 5.684753977285845750e+00
5.943696557418726378e+00 5.899442043727916918e+00
6.127792645138448790e+00 6.065226951198763317e+00
6.311915904255538834e+00 6.251674453927610564e+00
6.504355116866317843e+00 6.442206429085203467e+00
6.711041493629297250e+00 6.654381492603564929e+00
6.884117619131001398e+00 6.834846366726927691e+00
7.080017558122031929e+00 6.980285622619956776e+00
7.265493185046101310e+00 7.191646066708146989e+00
7.464282494187708394e+00 7.368242683633654977e+00
7.648369145981354755e+00 7.595471990072880430e+00
7.844294997113815171e+00 7.724409130761926257e+00
8.038107322916415498e+00 7.957756053625721471e+00
8.233825476376877006e+00 8.150490524170324491e+00
8.423972106902017032e+00 8.327539385009904649e+00
8.632986279591790435e+00 8.477535736248926312e+00
8.819060153368596389e+00 8.709861821047018893e+00
9.008406989009449362e+00 8.875956490980048130e+00
9.205304359252002300e+00 9.090513535456434369e+00
9.403404095135250884e+00 9.287186113922674124e+00
9.595226967424435927e+00 9.453233327369126471e+00
9.782687200699095698e+00 9.623476084998166868e+00
9.969805196882724374e+00 9.856249380940459659e+00
1.017781758730722785e+01 1.004190211194197246e+01
1.037655829986958089e+01 1.014721677131193722e+01
1.056514885473906240e+01 1.036366101317664601e+01
1.077228043928305645e+01 1.059069837707914630e+01
1.096732024656008342e+01 1.079438426234478499e+01
1.117216145637129898e+01 1.096113758473027211e+01
1.136878669779621376e+01 1.117041545378227418e+01
1.157212879235107827e+01 1.137053342014984025e+01
1.177682396342144955e+01 1.157332484372461323e+01
1.197205765956739043e+01 1.176467892704724960e+01
1.216484549472369991e+01 1.196263043665245185e+01
1.236264458413279854e+01 1.211650505074412898e+01
1.255641394518506893e+01 1.232152963137744095e+01
1.274787495091364597e+01 1.252292244649044939e+01
1.294180361976433424e+01 1.265605725007527305e+01
1.313617825784972482e+01 1.288164001699791505e+01
1.332529756930620835e+01 1.315329840023696661e+01
1.351911812973383142e+01 1.330775400398239050e+01
1.372150257442502763e+01 1.350626702716261640e+01
1.389990515369957258e+01 1.364842071275340807e+01
1.409279695814583278e+01 1.391025064613310036e+01
1.429213846275552768e+01 1.410704756021572237e+01
1.450024560183558009e+01 1.430817011118879734e+01
1.468393188016894690e+01 1.444279262587647139e+01
1.487464128013539622e+01 1.458738922889043366e+01
1.506116185656241058e+01 1.485559544612973149e+01
1.526747211080398259e+01 1.500904931876383230e+01
1.546531284127567751e+01 1.515941105324488802e+01
1.564374454078460985e+01 1.539235067390477596e+01
1.585078795088733372e+01 1.559836280187636248e+01
1.605046398263656116e+01 1.574325911347183826e+01
1.623349449559006885e+01 1.603159456596633348e+01
1.643248150376595618e+01 1.621245091300975716e+01
1.663320532360847892e+01 1.643151908365495117e+01
1.682845501896320073e+01 1.652939695085931504e+01
1.702567572999232226e+01 1.678686154902528571e+01
1.722719944181656970e+01 1.694894405049011610e+01
1.742288240561024182e+01 1.711018447199707992e+01
1.762980224602779700e+01 1.737905109583816810e+01
1.782325820644699021e+01 1.757485363585304938e+01
1.802595875621409505e+01 1.774921332921563888e+01
1.821041074389163938e+01 1.796542265584001186e+01
1.840160750634415621e+01 1.818234725211106451e+01
1.861736098098439385e+01 1.836306504935339490e+01
1.880504021351489286e+01 1.848241777624492244e+01
1.900641080056592358e+01 1.868178683829559006e+01
1.920739226538974975e+01 1.894716509788734982e+01
1.939042598743936807e+01 1.913016805153960931e+01
1.959420294583145861e+01 1.914063738481194221e+01
1.978644412153776599e+01 1.952671842107414335e+01
