0.000000000000000000e+00 0.000000000000000000e+00
0.000000000000000000e+00 0.000000000000000000e+00
0.000000000000000000e+00 0.000000000000000000e+00
0.000000000000000000e+00 0.000000000000000000e+00
0.000000000000000000e+00 0.000000000000000000e+00
0.000000000000000000e+00 0.000000000000000000e+00
0.000000000000000000e+00 0.000000000000000000e+00
0.000000000000000000e+00 0.000000000000000000e+00
0.000000000000000000e+00 0.000000000000000000e+00
0.000000000000000000e+00 0.000000000000000000e+00
0.000000000000000000e+00 0.000000000000000000e+00
8.871955841950596167e-02 8.589792921262223713e-02
8.871955841950596167e-02 0.000000000000000000e+00
9.678497282127922208e-02 0.000000000000000000e+00
0.000000000000000000e+00 0.000000000000000000e+00
1.182520644832448786e-01 1.584540343422221817e-02
5.371827370553251768e+00 6.970035625707731164e+00
4.844427989954598779e+00 6.622119596315998002e+00
6.638749717820235041e+00 6.699414269328225480e+00
6.805344002959529348e+00 6.868644919041005714e+00
6.974049365739396933e+00 7.015754282903921890e+00
7.124162441041629990e+00 7.197152431481023349e+00
7.278536096604005579e+00 7.338476836947093851e+00
7.414858272297282227e+00 7.516589597673958956e+00
7.587543274795603310e+00 7.804386653307997967e+00
7.793585178451272633e+00 8.088390937193500108e+00
8.022394586912625414e+00 8.319822574718340746e+00
8.233272724937208409e+00 8.565678267000674140e+00
8.414693605969414847e+00 8.816062707756955774e+00
8.711749076001858327e+00 9.026946629574071679e+00
8.999134376377540434e+00 9.241185011620181911e+00
9.225116196267023838e+00 9.438748559311354924e+00
9.424144762564996114e+00 9.630804745634227615e+00
9.649230371385415950e+00 9.819142279264331918e+00
9.895950070110192343e+00 1.000904113933910544e+01
1.011033422200314646e+01 1.019264598596929616e+01
1.029031549269840973e+01 1.038332105381385695e+01
1.049202578192180901e+01 1.056537442516593650e+01
1.069301955210868904e+01 1.074498303718073444e+01
1.086602127438286125e+01 1.092533983493687089e+01
1.108547268190013746e+01 1.103651447853417800e+01
1.117675043020961567e+01 1.127840551957990201e+01
1.144174640819419686e+01 1.137214570437479289e+01
1.161941038596244447e+01 1.153155402182461131e+01
1.178573744946693047e+01 1.170467254512863775e+01
1.196755701049812615e+01 1.191516519245578110e+01
1.215947017981734390e+01 1.208006064123916445e+01
1.233489621678451975e+01 1.223808894077482101e+01
1.253616620653977343e+01 1.239229452693031241e+01
1.272413612331053478e+01 1.256001776726345298e+01
1.292866964076581127e+01 1.279190895309688614e+01
1.300419526453841712e+01 1.312582489627010673e+01
1.332998523453684392e+01 1.323654484505190432e+01
1.352801103554081585e+01 1.338276086121743269e+01
1.372303805674435218e+01 1.356616512538758457e+01
1.380373471058074308e+01 1.392514835441539667e+01
1.413008176393951132e+01 1.396074021313294189e+01
1.433775285829797497e+01 1.415324958250909759e+01
1.454323370231624502e+01 1.436171800251438135e+01
1.474212564014404236e+01 1.453204244521347910e+01
1.495248670810304326e+01 1.473322335336044020e+01
1.516484610700233127e+01 1.497748666584808674e+01
1.537310753943833852e+01 1.517037114889591187e+01
1.533224671049028665e+01 1.554435639351560283e+01
1.576584401102046762e+01 1.557924534872804223e+01
1.597897916456701317e+01 1.578526132717527020e+01
1.600525608693853385e+01 1.612913046094324798e+01
1.637805870425398069e+01 1.622725453469937662e+01
1.658102496714796104e+01 1.645614410285634222e+01
1.678566779569510814e+01 1.661096380133390227e+01
1.699564432881462039e+01 1.687740417615462718e+01
1.721226431032346227e+01 1.708011688558674024e+01
1.742560490084962055e+01 1.727309405699151057e+01
1.764177335414709802e+01 1.753004325331537316e+01
1.786402680951466238e+01 1.770231054032141316e+01
1.807180642939869841e+01 1.791166279873085543e+01
1.829094001699043659e+01 1.808197334207473617e+01
1.851142795784965145e+01 1.827525620232105297e+01
1.871183373498093161e+01 1.857765123300087495e+01
1.894050560819710682e+01 1.873943372916786032e+01
1.914293136345409607e+01 1.898011435901100086e+01
1.937462629783852819e+01 1.917943856018249704e+01
1.960125025682636846e+01 1.945289250015430582e+01
1.982247246509516359e+01 1.963384556119616065e+01
2.002997752196944248e+01 1.975979708957746439e+01
2.026206751698498110e+01 2.000301674909563587e+01
2.047300795382862404e+01 2.029085978335527685e+01
2.070929695620642974e+01 2.042115475312802531e+01
2.093135693967170496e+01 2.075173555600807163e+01
2.116098003326241184e+01 2.087192910237287435e+01
2.138238977691550602e+01 2.111005691153555475e+01
2.160890071958413117e+01 2.135904482836692964e+01
2.181515047053640188e+01 2.153405743281537355e+01
2.205727182594539215e+01 2.178222589688109423e+01
2.226365729735729104e+01 2.198185513603052499e+01
2.247799226808370676e+01 2.226489817866803023e+01
2.271196503612436501e+01 2.245596579770931456e+01
2.292116060639850161e+01 2.264137667037331525e+01
2.316061873269240223e+01 2.290191318711925561e+01
2.336028718928573866e+01 2.306007435067385813e+01
2.359382121675009714e+01 2.340084249698406538e+01
