0.000000000000000000e+00 0.000000000000000000e+00
0.000000000000000000e+00 0.000000000000000000e+00
7.860463053191796279e-02 1.262017169639152891e+00
2.245864458195484303e+00 2.367737109853210953e+00
2.419274296809722280e+00 2.419696460155084772e+00
2.399977335487454067e+00 2.379222240693094292e+00
2.432625941988207696e+00 2.427182500564762702e+00
2.479743093814162691e+00 2.483062706619479254e+00
2.626239554658873931e+00 2.697159978481983522e+00
2.738805987825236876e+00 2.878202252786938864e+00
2.861187425072722501e+00 3.085943623815584402e+00
3.074644217804860524e+00 3.284268930423569266e+00
3.237769535290202061e+00 3.481137081660064414e+00
3.422369193735814275e+00 3.688468390299477040e+00
3.579228001988509877e+00 3.845634752863709593e+00
3.789190262648935548e+00 3.985868469859235041e+00
3.957860844973188463e+00 4.129862892409993158e+00
4.119567882522887636e+00 4.282044479256893688e+00
4.243418444035059522e+00 4.411883612442553115e+00
4.412990589690991783e+00 4.548412006249280992e+00
4.566667431854988912e+00 4.685340565020736925e+00
4.721412193774649602e+00 4.815856507537325193e+00
4.858496611682030064e+00 4.959432696378745398e+00
5.031392682246788262e+00 5.092808872167069012e+00
5.219058507235245337e+00 5.141079206692915626e+00
5.247893656879265123e+00 5.361566522312254612e+00
5.489860870027735373e+00 5.374371026151177233e+00
5.623599410115083685e+00 5.485998856954072522e+00
5.625455657747262528e+00 5.786915649392294192e+00
5.919850617147016436e+00 5.735603582934800215e+00
6.062383742194265679e+00 5.904258999265235452e+00
6.045702396257678579e+00 6.214485852432669155e+00
6.350061486919689635e+00 6.225594360971920871e+00
6.379936813079322810e+00 6.500079923173814223e+00
6.642102528125097827e+00 6.491851923743395147e+00
6.634196377060917804e+00 6.787802324512737684e+00
6.933743457236725583e+00 6.821774432722269133e+00
6.948094785206188284e+00 7.064266500840575169e+00
7.222621696001502833e+00 7.071995826725372858e+00
7.230577411897261442e+00 7.356740792718357014e+00
7.506647375090078178e+00 7.415334395576275384e+00
7.644140492086649807e+00 7.538272783658487519e+00
7.803582057197249178e+00 7.702586369392759202e+00
7.949507303106091882e+00 7.841407782201169852e+00
8.093633699206558063e+00 7.990585922956158882e+00
8.135870544930593695e+00 8.217387122513315489e+00
8.380581661328221799e+00 8.328329698616565580e+00
8.529419190278412444e+00 8.480048930964640519e+00
8.676949800485695974e+00 8.598614084940390256e+00
8.774664191239228472e+00 8.815003441690050678e+00
8.981061203107570279e+00 8.899082288638201277e+00
9.049391495058200618e+00 9.104059906665941782e+00
9.203178325000196836e+00 9.255026529287500026e+00
9.427582378060211710e+00 9.380974551883506152e+00
9.577688854381522177e+00 9.541650918676394255e+00
9.752912409225462653e+00 9.714055370969280290e+00
9.893038087605532382e+00 9.809013365205903057e+00
1.005805266393864983e+01 1.000803057264104368e+01
1.021700955678403488e+01 1.015211898127691370e+01
1.037777105530046740e+01 1.028089694207832316e+01
1.054036322133404369e+01 1.042228911708401462e+01
1.070023858234791625e+01 1.059546920042099671e+01
1.085264002500430713e+01 1.073377411538220194e+01
1.101792320042400952e+01 1.089582889506661267e+01
1.117859018597007470e+01 1.108477210867169482e+01
1.133166303364871830e+01 1.113742561090911387e+01
1.149800792103316915e+01 1.139675991656605447e+01
1.165984350270354675e+01 1.154192795876294753e+01
1.181156859257811398e+01 1.170636092277929308e+01
1.198747177057811264e+01 1.184859735634741185e+01
1.215143240336142405e+01 1.204972584550228376e+01
1.231666852579255789e+01 1.216068145552846680e+01
1.249011114774171816e+01 1.236067670959671894e+01
1.245936800312755643e+01 1.259029786458450495e+01
1.280250778494023223e+01 1.265676409871272412e+01
1.294317822075681512e+01 1.278806096905034906e+01
1.310224767642798760e+01 1.291554687947472146e+01
1.327266962199463407e+01 1.309107732992067419e+01
1.341018851956100910e+01 1.324282702207765716e+01
1.358512115324382208e+01 1.342898046947023794e+01
1.374295268655045632e+01 1.357011795734807791e+01
1.389511095648902561e+01 1.370593738122551741e+01
1.405780986915523378e+01 1.390666576246621666e+01
1.422026671580866442e+01 1.405884461479197078e+01
1.437857244560736270e+01 1.420521529139965189e+01
1.453758848657200708e+01 1.439077553330422177e+01
1.470561812214771713e+01 1.455781507365700200e+01
1.486759611917138457e+01 1.471417861623271683e+01
1.502599210538103769e+01 1.488193924458733264e+01
1.518522333883437092e+01 1.501512457273185142e+01
1.536301970121090932e+01 1.517441981011949181e+01
1.551171662538322060e+01 1.529218620670894424e+01
1.568511808209940561e+01 1.553506926208926053e+01
1.584827603743570101e+01 1.568981694095399604e+01
1.602096898282820447e+01 1.569140345536214376e+01
1.617665158063974573e+01 1.591793818133182548e+01
1.633084677449187083e+01 1.616567867391995250e+01
1.651133195029602163e+01 1.628684729032861256e+01
1.667429678777654800e+01 1.649273143709050871e+01
1.656921406923213880e+01 1.672134596786013461e+01
1.698626705156164718e+01 1.676642554549015074e+01
