0.000000000000000000e+00 0.000000000000000000e+00
0.000000000000000000e+00 0.000000000000000000e+00
0.000000000000000000e+00 0.000000000000000000e+00
0.000000000000000000e+00 0.000000000000000000e+00
0.000000000000000000e+00 0.000000000000000000e+00
0.000000000000000000e+00 0.000000000000000000e+00
0.000000000000000000e+00 0.000000000000000000e+00
0.000000000000000000e+00 0.000000000000000000e+00
0.000000000000000000e+00 0.000000000000000000e+00
0.000000000000000000e+00 0.000000000000000000e+00
0.000000000000000000e+00 0.000000000000000000e+00
0.000000000000000000e+00 0.000000000000000000e+00
0.000000000000000000e+00 0.000000000000000000e+00
0.000000000000000000e+00 0.000000000000000000e+00
0.000000000000000000e+00 0.000000000000000000e+00
0.000000000000000000e+00 0.000000000000000000e+00
0.000000000000000000e+00 0.000000000000000000e+00
0.000000000000000000e+00 0.000000000000000000e+00
0.000000000000000000e+00 0.000000000000000000e+00
0.000000000000000000e+00 0.000000000000000000e+00
0.000000000000000000e+00 0.000000000000000000e+00
0.000000000000000000e+00 0.000000000000000000e+00
0.000000000000000000e+00 0.000000000000000000e+00
0.000000000000000000e+00 0.000000000000000000e+00
0.000000000000000000e+00 0.000000000000000000e+00
0.000000000000000000e+00 0.000000000000000000e+00
0.000000000000000000e+00 0.000000000000000000e+00
0.000000000000000000e+00 0.000000000000000000e+00
0.000000000000000000e+00 0.000000000000000000e+00
0.000000000000000000e+00 0.000000000000000000e+00
0.000000000000000000e+00 0.000000000000000000e+00
0.000000000000000000e+00 0.000000000000000000e+00
0.000000000000000000e+00 0.000000000000000000e+00
0.000000000000000000e+00 0.000000000000000000e+00
0.000000000000000000e+00 0.000000000000000000e+00
0.000000000000000000e+00 0.000000000000000000e+00
0.000000000000000000e+00 0.000000000000000000e+00
0.000000000000000000e+00 0.000000000000000000e+00
0.000000000000000000e+00 0.000000000000000000e+00
0.000000000000000000e+00 0.000000000000000000e+00
0.000000000000000000e+00 0.000000000000000000e+00
0.000000000000000000e+00 0.000000000000000000e+00
0.000000000000000000e+00 0.000000000000000000e+00
0.000000000000000000e+00 0.000000000000000000e+00
0.000000000000000000e+00 0.000000000000000000e+00
0.000000000000000000e+00 0.000000000000000000e+00
0.000000000000000000e+00 0.000000000000000000e+00
0.000000000000000000e+00 0.000000000000000000e+00
0.000000000000000000e+00 0.000000000000000000e+00
1.536539749429172977e-03 0.000000000000000000e+00
2.333724284520998470e-03 0.000000000000000000e+00
1.100608415854586353e+00 2.773429178960928332e-01
9.940530206541867697e-01 2.294276416833743948e+00
1.569460118464626852e+00 6.597761194358829684e+00
6.806262234005809653e+00 1.068584605918045405e+01
1.188314798545096629e+01 1.352072767257740438e+01
1.508027156376531330e+01 1.613077336385264715e+01
1.676388291825301380e+01 1.793476795294401072e+01
1.797891997217507765e+01 1.906638913345461006e+01
1.899695819284734455e+01 1.978600112117637977e+01
1.991623709561281430e+01 2.031347829088691626e+01
2.058214716704002711e+01 2.074482325493146107e+01
2.098755846582945139e+01 2.109785475776517316e+01
2.138062466036263487e+01 2.135631055359905162e+01
2.165807490990273720e+01 2.173386096929790412e+01
2.194987316083393836e+01 2.204852226042505237e+01
2.234939015919674077e+01 2.225036461159270118e+01
2.254338696071641834e+01 2.266034585862897899e+01
2.296776711031145624e+01 2.285077072781561114e+01
2.313792356018846874e+01 2.325417169119702621e+01
2.354673482755458380e+01 2.345094427375233082e+01
2.386404810323865533e+01 2.376577106114664417e+01
2.416398349860769557e+01 2.409062882430198016e+01
2.446579576829833158e+01 2.440080085980557101e+01
2.478821791853368595e+01 2.472241591441103736e+01
2.511120185475060396e+01 2.501753164628122050e+01
2.542257017345241010e+01 2.535075044926488985e+01
2.575812283957004567e+01 2.565849821639903539e+01
2.608730152248669043e+01 2.596784356454652354e+01
2.640480828033080485e+01 2.630531662583082664e+01
2.671128531748108159e+01 2.659653155803762559e+01
2.703249968463597597e+01 2.693223706974342591e+01
2.733878288248158839e+01 2.721853160181223785e+01
2.765007585300005744e+01 2.753017911116267769e+01
2.797132874512948675e+01 2.788504524912299232e+01
2.829982100155829983e+01 2.815907573343736914e+01
2.862009145046315695e+01 2.845469661001089534e+01
2.894803300516124622e+01 2.882182063053993559e+01
2.929978437795769963e+01 2.911128031822280349e+01
2.960554147623969712e+01 2.944921137034699754e+01
2.993987965106268945e+01 2.975165936282275680e+01
3.027331771879587663e+01 3.012641782788618983e+01
3.059128900806537743e+01 3.045289101576969770e+01
3.090969892160678612e+01 3.073256172783621665e+01
3.124386269804746163e+01 3.106302459432912855e+01
3.157424419900860713e+01 3.138334753643220409e+01
3.189876532666819742e+01 3.163964214445306311e+01
3.222265837942937594e+01 3.202866665372786770e+01
3.255567272174581461e+01 3.236407281319331730e+01
3.288929370151480214e+01 3.265181664641363568e+01
3.322329861172012500e+01 3.300154440977154735e+01
