0.000000000000000000e+00 -2.060961341034410477e-02
3.653461419023993489e-02 -3.928595069769344472e-02
1.669502901392874827e+00 1.756076197294298424e+00
1.560818091169899446e+00 1.574115834487006094e+00
1.643947116791745655e+00 1.645013547061126014e+00
1.733537547148788827e+00 1.787979045742300821e+00
1.835233382422677417e+00 1.970902945751112245e+00
1.986561651547727569e+00 2.159436193946191906e+00
2.141960871918551224e+00 2.354649910834153204e+00
2.322386013740284749e+00 2.512584325995128154e+00
2.467323123186434319e+00 2.686969793019190700e+00
2.647708228662549068e+00 2.857649216054857888e+00
2.806563998368237112e+00 3.000235518774732490e+00
2.996431135163680981e+00 3.140962576241821402e+00
3.157787109095069322e+00 3.274362487637184849e+00
3.308140716031898965e+00 3.407846706994204666e+00
3.447320754990923053e+00 3.536168233837895247e+00
3.559303995939211429e+00 3.667431247305501518e+00
3.714619015671217106e+00 3.796251007526973087e+00
3.836637080470535199e+00 3.916243878422880798e+00
3.961905498283167848e+00 4.042658757511457424e+00
4.164513601128888354e+00 4.083565925969627308e+00
4.289919135364303138e+00 4.180983492218473430e+00
4.334911273516456554e+00 4.432006914164445810e+00
4.458318900391597950e+00 4.552829847703213417e+00
4.683888319944775169e+00 4.591138620207243726e+00
4.812508664254886881e+00 4.715722935790060966e+00
4.939757894261910920e+00 4.848132925101558577e+00
5.067584014854899621e+00 4.956806047141674831e+00
5.201737713292772902e+00 5.106080227344041766e+00
5.325856304779092554e+00 5.258391205044995687e+00
5.465638810101169476e+00 5.367066018283594531e+00
5.590456845213505943e+00 5.519121838611045661e+00
5.728847055485743134e+00 5.625781541972231459e+00
5.859619959037236647e+00 5.811425140503945208e+00
5.994682101494738902e+00 5.878686548471670825e+00
6.139147844916413632e+00 6.071940718798535919e+00
6.279806572170856249e+00 6.190949785011431672e+00
6.410037746502109002e+00 6.350000559845354609e+00
6.550802905410272103e+00 6.453936205625429245e+00
6.686054726669722115e+00 6.638492302897947894e+00
6.736960814088645222e+00 6.810741127110960136e+00
6.958236450235728121e+00 6.898839823764127743e+00
7.011142939619543490e+00 7.071717989967993390e+00
7.224728624832078339e+00 7.180624814850100179e+00
7.368367196903576222e+00 7.303056411639789580e+00
7.523297323909758028e+00 7.471966032256927903e+00
7.609235150262549041e+00 7.649079950467157829e+00
7.798379432597938532e+00 7.737195698138478406e+00
7.953980879852304398e+00 7.813483882986725249e+00
8.105660649468042322e+00 7.992141157432721243e+00
8.254614363043520697e+00 8.128909328673826096e+00
8.407473785614278938e+00 8.233157955787500981e+00
8.560062580532841636e+00 8.491900412120182651e+00
8.699326179520088687e+00 8.551692386608806373e+00
8.846298458068536874e+00 8.685830744676945159e+00
8.996500214038640308e+00 8.867701437343042059e+00
9.139568670760352731e+00 8.966491100650440416e+00
9.286100931577431439e+00 9.192107043508066511e+00
9.429618776486439202e+00 9.339614841940049317e+00
9.584037373189296716e+00 9.406382228227665010e+00
9.746648144235845024e+00 9.547378319769883603e+00
9.874573597934382718e+00 9.702491431728848426e+00
1.003011255902707077e+01 9.882211331967972967e+00
1.016874471038275907e+01 1.000424134036163260e+01
1.031999058311976647e+01 1.011269348745098640e+01
1.045874908935995151e+01 1.029260292343404792e+01
1.061948137819103977e+01 1.039791706861785769e+01
1.076657470926449989e+01 1.054297689972026397e+01
1.090399949111036726e+01 1.069562419704189082e+01
1.104377273996556141e+01 1.085226605695396884e+01
1.120159778112212301e+01 1.099871768292310037e+01
1.135553719842419973e+01 1.114487506519858684e+01
1.150045356763383531e+01 1.126770432865605720e+01
1.165874765124799772e+01 1.145094043331796563e+01
1.180066198648395925e+01 1.166034050148907752e+01
1.195777401076677826e+01 1.173433749044149899e+01
1.209497027103146038e+01 1.187406990620914016e+01
1.224404149168065459e+01 1.202512343076119627e+01
1.239965539294172281e+01 1.217048275232474808e+01
1.254940932102810791e+01 1.230569086641541254e+01
1.269098817996099626e+01 1.253269721225594679e+01
1.284452681865249879e+01 1.260632727573470468e+01
1.298385138861036658e+01 1.276772161046998733e+01
1.312444916605726419e+01 1.290612811671948634e+01
1.328675501482921639e+01 1.306266463620687368e+01
1.342390308387150633e+01 1.324213089498159235e+01
1.358015814361388429e+01 1.333551932325170419e+01
1.371920485900322895e+01 1.350235918202946372e+01
1.387076528859469882e+01 1.354119396981511514e+01
1.402693255980096332e+01 1.378684989823648266e+01
1.416886272481587739e+01 1.395383463990264872e+01
1.430634463870040562e+01 1.411779293799902746e+01
1.446668631888655909e+01 1.425213513477413052e+01
1.460159386065415532e+01 1.439103894942084771e+01
1.475377547771647713e+01 1.453406285742821424e+01
1.490365064461180644e+01 1.467786659316963771e+01
1.505212446427090001e+01 1.474663945504719109e+01
1.519945263022769488e+01 1.480880694932278097e+01
1.532841217157459646e+01 1.512710916939473016e+01
1.548594530434479211e+01 1.528533679332303130e+01
