0.000000000000000000e+00 0.000000000000000000e+00
0.000000000000000000e+00 0.000000000000000000e+00
0.000000000000000000e+00 0.000000000000000000e+00
0.000000000000000000e+00 0.000000000000000000e+00
0.000000000000000000e+00 0.000000000000000000e+00
0.000000000000000000e+00 0.000000000000000000e+00
0.000000000000000000e+00 0.000000000000000000e+00
0.000000000000000000e+00 0.000000000000000000e+00
0.000000000000000000e+00 0.000000000000000000e+00
0.000000000000000000e+00 0.000000000000000000e+00
0.000000000000000000e+00 0.000000000000000000e+00
0.000000000000000000e+00 0.000000000000000000e+00
0.000000000000000000e+00 0.000000000000000000e+00
0.000000000000000000e+00 0.000000000000000000e+00
0.000000000000000000e+00 0.000000000000000000e+00
0.000000000000000000e+00 0.000000000000000000e+00
0.000000000000000000e+00 0.000000000000000000e+00
0.000000000000000000e+00 0.000000000000000000e+00
0.000000000000000000e+00 0.000000000000000000e+00
0.000000000000000000e+00 0.000000000000000000e+00
0.000000000000000000e+00 0.000000000000000000e+00
0.000000000000000000e+00 0.000000000000000000e+00
0.000000000000000000e+00 0.000000000000000000e+00
0.000000000000000000e+00 0.000000000000000000e+00
0.000000000000000000e+00 0.000000000000000000e+00
0.000000000000000000e+00 0.000000000000000000e+00
0.000000000000000000e+00 0.000000000000000000e+00
0.000000000000000000e+00 0.000000000000000000e+00
0.000000000000000000e+00 0.000000000000000000e+00
5.215429692563942066e-01 4.294728381918879734e-01
1.538199057125671509e-01 0.000000000000000000e+00
7.307424368784959379e-01 0.000000000000000000e+00
2.998881304774302370e-01 1.713094571770294339e+00
1.731921238505372829e+00 2.895284840545321536e+00
7.280991417267706822e+00 8.769569209685073474e+00
1.027387426791092828e+01 1.045843332841053197e+01
1.176913621028683643e+01 1.203170088387602910e+01
1.153413947240472304e+01 1.260890046073664905e+01
1.264866493811986636e+01 1.289513795224884163e+01
1.287261818272195413e+01 1.322197635454306130e+01
1.307503089130267426e+01 1.347062172977842742e+01
1.331581570194154196e+01 1.374772842456962252e+01
1.361486918137637048e+01 1.400402935985313668e+01
1.404244626807201790e+01 1.421036169674133731e+01
1.433347701400107255e+01 1.443269735687110789e+01
1.455492017067633448e+01 1.464457661196658478e+01
1.478352504404898582e+01 1.484908979075414415e+01
1.503375266133191879e+01 1.498410204361398890e+01
1.517230378807382252e+01 1.529794511343795094e+01
1.539506274745045822e+01 1.553843326884309128e+01
1.561925783656518263e+01 1.577256632436113648e+01
1.585320906551338638e+01 1.599614264448702983e+01
1.607987758499701414e+01 1.622040799418401136e+01
1.643774863075017834e+01 1.632439210724356116e+01
1.666797168932431106e+01 1.654245457322894453e+01
1.675724957834424700e+01 1.689937808599328051e+01
1.699542807444556303e+01 1.713200047654755309e+01
1.725770320192035001e+01 1.737293717313497510e+01
1.759655217717780573e+01 1.746410386556727445e+01
1.781761689777504287e+01 1.770394795239431573e+01
1.804686212561212955e+01 1.791066494611829540e+01
1.817653265754234226e+01 1.827665982807547351e+01
1.841092502228244143e+01 1.852167251950686122e+01
1.866128709390953233e+01 1.875592653128499876e+01
1.901738246774742791e+01 1.889089644520742439e+01
1.926610991933080896e+01 1.911953123711932179e+01
1.940827274312410822e+01 1.949150963335161535e+01
1.974609577949241768e+01 1.964518782911079953e+01
2.000377546168830989e+01 1.990037732956207961e+01
2.025010236450355450e+01 2.014230798400389588e+01
2.051398438657101408e+01 2.041079744652201100e+01
2.076480535389141124e+01 2.067347707234997145e+01
2.100918073979486067e+01 2.091854484778977863e+01
2.126521117897341995e+01 2.115517830791992893e+01
2.151542478516536505e+01 2.141493345214836452e+01
2.177941391599521026e+01 2.170339448359183621e+01
2.204808988781438828e+01 2.193090304444705652e+01
2.229973650253705841e+01 2.220078007555267874e+01
2.255490507916757537e+01 2.244421616395286634e+01
2.282094873453981165e+01 2.273560016803299177e+01
2.309483808328548804e+01 2.300515893487702002e+01
2.336783429118682420e+01 2.326933390381893929e+01
2.363642262461325672e+01 2.350623666809504542e+01
2.390840823120052505e+01 2.377131152516587065e+01
2.418131412470154373e+01 2.405177408516979298e+01
2.445125148634963708e+01 2.433908421748520112e+01
2.472467569814920552e+01 2.456387275843852080e+01
2.500328197058415824e+01 2.485315365588681047e+01
2.526250804079843704e+01 2.509995409249403764e+01
2.553776452307738865e+01 2.535883194803153273e+01
2.581013561571420922e+01 2.563109331557325987e+01
2.606275633563585004e+01 2.590310606830449558e+01
2.634588940063764184e+01 2.614133810362197963e+01
2.662355035059322717e+01 2.646137538384629551e+01
2.689973762302228977e+01 2.672383991260999636e+01
2.717400821861354032e+01 2.700147800028645406e+01
2.743912269774559931e+01 2.724805268761480903e+01
2.772567976422363856e+01 2.761304994761016474e+01
2.798693822616517579e+01 2.780689681206760611e+01
2.825219618041186109e+01 2.807500383691721169e+01
2.853184314823638701e+01 2.834487861164729239e+01
