0.000000000000000000e+00 0.000000000000000000e+00
0.000000000000000000e+00 0.000000000000000000e+00
0.000000000000000000e+00 0.000000000000000000e+00
0.000000000000000000e+00 0.000000000000000000e+00
3.103268991275501092e-03 0.000000000000000000e+00
0.000000000000000000e+00 0.000000000000000000e+00
3.789596197519731063e-02 1.349743994209432613e-02
1.984535047018319287e-01 -6.475482792335654839e-04
9.126015798781961230e-02 1.501171596636209360e+00
1.803476665051689354e+00 1.792170776759130613e+00
1.968132857078738862e+00 1.946177282433412925e+00
2.097239586625000207e+00 1.996772177355111255e+00
2.216973627536911629e+00 2.349799439802304324e+00
2.385377051411404103e+00 2.471418930076102694e+00
2.560207313841144305e+00 2.617019910139522398e+00
2.693300799693369108e+00 2.772887144777393509e+00
2.825623649159536566e+00 2.944345702445096080e+00
2.953982984421287927e+00 3.090656108743715436e+00
3.063909450707059001e+00 3.237461792662563287e+00
3.237171126010744082e+00 3.367467259185995321e+00
3.410705872094192070e+00 3.513313741482509744e+00
3.586114611000123187e+00 3.650933775892066357e+00
3.708885009717636017e+00 3.781528939645941723e+00
3.841657884992784489e+00 3.914043475613744327e+00
3.982839151886868656e+00 4.045648107222294065e+00
4.171027100007123067e+00 4.122741109348871724e+00
4.310405133592163374e+00 4.246856252579706670e+00
4.434027229958680039e+00 4.371873221539144261e+00
4.562268969371244154e+00 4.493865801644844282e+00
4.699172552363116040e+00 4.646849213119277344e+00
4.844276919671518300e+00 4.788350592782023796e+00
4.903904939148049813e+00 4.966307330359039263e+00
5.108266664236015053e+00 5.056285014464586780e+00
5.244954416567068733e+00 5.200525682635724678e+00
5.387898474404871685e+00 5.333162879494321551e+00
5.525999206672510766e+00 5.472226868862002824e+00
5.669121287103160434e+00 5.613490945718651481e+00
5.814179526060193837e+00 5.738798864115765674e+00
5.954187952648657856e+00 5.897293368944337644e+00
6.103589733474800383e+00 6.022288234069587354e+00
6.251857918544929227e+00 6.160603349962270769e+00
6.397767756445218446e+00 6.334452007765420056e+00
6.546881898316994075e+00 6.474179674280514440e+00
6.688699722026465011e+00 6.627742543892251703e+00
6.834864234050437304e+00 6.774866423612071920e+00
6.984215391868869638e+00 6.897988713101826264e+00
7.128932677893414116e+00 7.042605062856458709e+00
7.280753552444747534e+00 7.195355063532958617e+00
7.433435285240649115e+00 7.340854692524123593e+00
7.575908362378592997e+00 7.482808074439850188e+00
7.727460739914174148e+00 7.615562559030663259e+00
7.883982729365796693e+00 7.786679302029445360e+00
8.029681100162912699e+00 7.925483115771831066e+00
8.187931770562466127e+00 8.063344373330206594e+00
8.335740761268361609e+00 8.194386309212312369e+00
8.485653477422699709e+00 8.358830903276109225e+00
8.628150349405975916e+00 8.498471137051000213e+00
8.775032648245609579e+00 8.641108562123271497e+00
8.926930412397091175e+00 8.802144308628379932e+00
9.066173753502116739e+00 8.930878127504913166e+00
9.225662368458390716e+00 9.086392158180379042e+00
9.364674316798470954e+00 9.215944616268350487e+00
9.514737417390730201e+00 9.402805620745176896e+00
9.666891567642698746e+00 9.541128857834987542e+00
9.819321078271279646e+00 9.684420827886672356e+00
9.966033134165405372e+00 9.828152653985902987e+00
1.011629434922786608e+01 9.980743474998130083e+00
1.026395827898080704e+01 1.009956717141639615e+01
1.041374395511958717e+01 1.027952281610772722e+01
1.056070497856243584e+01 1.043459438697791875e+01
1.071958119885266925e+01 1.056921103459183620e+01
1.087606183149097738e+01 1.070210845870984429e+01
1.102985324560576608e+01 1.085676943092007107e+01
1.117451618129036284e+01 1.101508202400028402e+01
1.133807757298315799e+01 1.118369070004245103e+01
1.148551502140163372e+01 1.133980166566310466e+01
1.163995895505959588e+01 1.145322655210039109e+01
1.177925280214898685e+01 1.162520131151506497e+01
1.193842834251424811e+01 1.175706720328678045e+01
1.207552605818271374e+01 1.190971722465066840e+01
1.221473685579667112e+01 1.202972052218543197e+01
1.237059372176864080e+01 1.220174407577836817e+01
1.251564642170948005e+01 1.234446646572929751e+01
1.266014949999750350e+01 1.249844691124523699e+01
1.280630055583407767e+01 1.268359704160604906e+01
1.295691807793417638e+01 1.281953072951684902e+01
1.310490549917794922e+01 1.294527800948398699e+01
1.324113742409362615e+01 1.312104597338607626e+01
1.339311435067548928e+01 1.323974767237800343e+01
1.354141558561211944e+01 1.340863783678323884e+01
1.370013938550357580e+01 1.354271260393926468e+01
1.383676195478762416e+01 1.369858660284492125e+01
1.399658355441519042e+01 1.384617922129390699e+01
1.413463318537430347e+01 1.400590780885537967e+01
1.430257419777273675e+01 1.408450609192592395e+01
1.444181036187731593e+01 1.428037484300796578e+01
1.458890015085859559e+01 1.441922685537872084e+01
1.474035561816575601e+01 1.455141810498220956e+01
1.488186712837549663e+01 1.473084058392964835e+01
1.504092463673054603e+01 1.491994104452920844e+01
1.519844349064171851e+01 1.507022917327608269e+01
