0.000000000000000000e+00 0.000000000000000000e+00
0.000000000000000000e+00 0.000000000000000000e+00
0.000000000000000000e+00 0.000000000000000000e+00
0.000000000000000000e+00 0.000000000000000000e+00
0.000000000000000000e+00 0.000000000000000000e+00
1.001528121026666329e-01 4.259743598289031374e-02
4.168846932547752571e-02 0.000000000000000000e+00
8.161106449611971181e-02 0.000000000000000000e+00
8.987534258432145151e+00 1.703618081970171261e+01
1.937877337013804890e+01 2.243681942012673503e+01
2.557935071041874764e+01 2.933378497672406127e+01
2.986472788871939343e+01 3.089914776778875449e+01
3.129527628135262773e+01 3.154313618797038643e+01
3.162688930148074107e+01 3.162899054831688517e+01
3.170643831776720489e+01 3.170661756256982500e+01
3.173796465005432665e+01 3.177037947862807243e+01
3.183620499540855420e+01 3.196685439706663345e+01
3.193289874923630123e+01 3.242799143492345593e+01
3.225807564102528602e+01 3.287346043697114339e+01
3.255379833725480410e+01 3.335134302364618009e+01
3.270705393780603742e+01 3.388826106699324470e+01
3.313784934316345954e+01 3.432941549355631139e+01
3.369869861631863728e+01 3.473819711824891243e+01
3.417734867996468040e+01 3.508864250376063865e+01
3.452535574709808941e+01 3.539166015272146382e+01
3.508624127500205248e+01 3.569396384951217982e+01
3.554891562163835772e+01 3.598927471724858407e+01
3.584019777681687202e+01 3.627079209007572302e+01
3.626702965742242668e+01 3.653805385247112980e+01
3.646742991637829334e+01 3.679253149546187984e+01
3.678003576538863229e+01 3.705321042325531522e+01
3.706362332890054034e+01 3.732078215788732933e+01
3.739511868917852411e+01 3.756755730833439344e+01
3.763370984905640881e+01 3.783738332965197060e+01
3.788457852385634084e+01 3.808385084393954401e+01
3.815432187254128849e+01 3.833392982871882992e+01
3.837476632013196820e+01 3.857260439925423867e+01
3.861460878084242410e+01 3.882209431201298599e+01
3.883391595614466496e+01 3.906000364738998343e+01
3.906075830662194193e+01 3.926653153512882000e+01
3.944877626820878902e+01 3.918984979660839940e+01
3.964304606303938527e+01 3.917279147000041206e+01
3.923093205400205363e+01 3.988517135017771409e+01
4.007029040851524826e+01 3.942945988880370578e+01
4.028663191888963269e+01 3.973153647271332289e+01
3.980594722008986253e+01 4.055579320033110946e+01
4.027624699450818468e+01 4.078798282920149632e+01
4.098635824692232177e+01 4.042796365797815383e+01
4.057939522508966235e+01 4.124957305063924906e+01
4.085804309108043952e+01 4.149333481233480114e+01
4.169437901602569241e+01 4.106546160200402795e+01
4.103250529397453050e+01 4.195830369324581000e+01
4.218411049959675552e+01 4.162349517478345007e+01
4.161293974839282583e+01 4.243249252942937488e+01
4.264327455514160903e+01 4.196238860569517470e+01
4.206176230406649807e+01 4.290642354400157643e+01
4.313323711570932772e+01 4.216189688465675545e+01
4.337629830831562572e+01 4.253664087366021107e+01
4.262228480406047026e+01 4.361650661397104045e+01
4.385590839583634448e+01 4.294800079247673352e+01
4.410023480441871158e+01 4.320486794210165016e+01
4.433345579519603064e+01 4.336847428599142518e+01
4.371333527105755223e+01 4.456770447998228235e+01
4.396811848359637764e+01 4.480548189533782732e+01
4.507077371858672876e+01 4.420728815887590457e+01
4.459738188287253990e+01 4.528790233227700668e+01
4.458062119993697081e+01 4.553478978915061504e+01
4.578556949000648757e+01 4.484232591816075342e+01
4.519212620820825066e+01 4.601379236384855886e+01
4.629471404412083757e+01 4.530620278730591366e+01
4.652567380030495769e+01 4.541237232147173586e+01
4.679456898112142937e+01 4.570387006801330187e+01
4.607144949091743769e+01 4.701472413332017908e+01
4.639382597067903902e+01 4.727966372291024300e+01
4.654252840270082459e+01 4.753285974975474204e+01
4.677324717812793864e+01 4.776334134337726312e+01
4.804015040928650393e+01 4.693156717079330775e+01
4.709768270485665198e+01 4.827197225327470420e+01
4.751279669540509332e+01 4.851508147661580495e+01
4.880791292197612563e+01 4.776856256841164594e+01
4.798857826243057900e+01 4.902545229065185595e+01
4.933236559705200364e+01 4.826813984009319114e+01
4.838142230921978637e+01 4.953995236166714733e+01
4.982772678130100985e+01 4.867735895528325329e+01
4.880184401012819961e+01 5.003223597726324812e+01
4.923474263692646957e+01 5.028270741132269706e+01
5.058244473611635073e+01 4.942143763562830117e+01
5.084964250738764946e+01 4.971605055954585595e+01
5.110976169776684230e+01 5.001945220577975704e+01
5.029831510521363214e+01 5.132197645513581818e+01
5.162886526881928262e+01 5.052097117648069258e+01
5.190561169279786924e+01 5.066553508762464730e+01
5.102736651300096327e+01 5.206951620754053778e+01
5.241296951937054160e+01 5.128561899763589338e+01
5.268821235910226619e+01 5.146846419377674664e+01
5.295477121114565477e+01 5.181207990003995434e+01
5.322778196867081846e+01 5.211873627799463549e+01
5.350083056693409134e+01 5.238940403499810827e+01
5.376969981575232538e+01 5.272815629689048222e+01
5.273175760811076884e+01 5.392992982990205775e+01
5.430599605028186971e+01 5.343971400098707392e+01
