0.000000000000000000e+00 0.000000000000000000e+00
0.000000000000000000e+00 0.000000000000000000e+00
0.000000000000000000e+00 0.000000000000000000e+00
0.000000000000000000e+00 0.000000000000000000e+00
0.000000000000000000e+00 0.000000000000000000e+00
0.000000000000000000e+00 0.000000000000000000e+00
0.000000000000000000e+00 0.000000000000000000e+00
1.978853992721227639e+00 3.991060457055348287e+00
2.111713040275305708e+00 2.626631208057536693e+00
2.571763295138254968e+00 2.402835372788550750e+00
2.919274990777599665e+00 2.947762783142511278e+00
3.096534715676785510e+00 3.237553226085745361e+00
3.336942937234540274e+00 3.397115345864603508e+00
3.440865595126973986e+00 3.521535027984310062e+00
3.610261768641608526e+00 3.743458714317710712e+00
3.814903625637480644e+00 3.885838341533889295e+00
3.956597160070538521e+00 4.031242332217516378e+00
4.119968628679004041e+00 4.220553280650888972e+00
4.232165509954433524e+00 4.417607520496632745e+00
4.443047418530460035e+00 4.626016238250691082e+00
4.635123625732695984e+00 4.809748238753375205e+00
4.822487542789082759e+00 4.993860559280551392e+00
5.000885760145059145e+00 5.169112020379987626e+00
5.170157620820880595e+00 5.330621533773646448e+00
5.327645991928910973e+00 5.491039556633242391e+00
5.480024012044286685e+00 5.637358198777848273e+00
5.662189902750687232e+00 5.795277761428274665e+00
5.854532023718630462e+00 5.944513857872633977e+00
5.998375649669938525e+00 6.092650088089338389e+00
6.166326677038827420e+00 6.233396367590401610e+00
6.372206052740950533e+00 6.312065470815492851e+00
6.505355513308392013e+00 6.458156677635090048e+00
6.650326082585919174e+00 6.580334928286259988e+00
6.722342130555997386e+00 6.799829785936484683e+00
6.949182065174920098e+00 6.872631333255167618e+00
7.102735018955671720e+00 7.012864991919554924e+00
7.267234472923568944e+00 7.150073379763416170e+00
7.425737031985616632e+00 7.359033336036378437e+00
7.587259115819410482e+00 7.474843795101027588e+00
7.739539199330994990e+00 7.665470118525109733e+00
7.898849701308326310e+00 7.792821752501050803e+00
7.927042875802753130e+00 8.063711649472105947e+00
8.221568978231726277e+00 8.121354131622899430e+00
8.377718158489786404e+00 8.289638951510024611e+00
8.540535779752421064e+00 8.416201391303051338e+00
8.698633065708834877e+00 8.584847145892576137e+00
8.862323198372463295e+00 8.757908948723860831e+00
8.912762141303407049e+00 9.011648924125902127e+00
9.186883457516653806e+00 9.110712725935941947e+00
9.351634529741451374e+00 9.267067986790712197e+00
9.513440250505167839e+00 9.423879200236887854e+00
9.674700598790865413e+00 9.589661840843476170e+00
9.843479071699446692e+00 9.790882469427959478e+00
1.000551851081735144e+01 9.902278670575080710e+00
1.016614937953985809e+01 1.005212042442937914e+01
1.034773286220322142e+01 1.018865772390119417e+01
1.051385347676147042e+01 1.039993829463335651e+01
1.056260380852081049e+01 1.065140480560588720e+01
1.073150031339092969e+01 1.081220751059916552e+01
1.100194665045521880e+01 1.091889957067286865e+01
1.117529449880858294e+01 1.107909893475305019e+01
1.134084329113407463e+01 1.124100136540358008e+01
1.152728180150711523e+01 1.141045917939697851e+01
1.169086077568368154e+01 1.151632841410231300e+01
1.186370987052921144e+01 1.173639212551155531e+01
1.203470329579246290e+01 1.189525914028623887e+01
1.221489141357727526e+01 1.209317332827013658e+01
1.237204410989970782e+01 1.227263946393257577e+01
1.254363683246833183e+01 1.238978099214450879e+01
1.270598506418785512e+01 1.255385718206471779e+01
1.289338330575884584e+01 1.273371252715175572e+01
1.306729527555767589e+01 1.290273657855440170e+01
1.323483172590210089e+01 1.310850213734616787e+01
1.320995734466575477e+01 1.334263389804132238e+01
1.356193248987598565e+01 1.345282614459329196e+01
1.373673023187717490e+01 1.358270146748283125e+01
1.390577194116886162e+01 1.375087815086704879e+01
1.409393370811585022e+01 1.394492895650924424e+01
1.426115491552845072e+01 1.408546791892078431e+01
1.444347651464661908e+01 1.425786797153417496e+01
1.461491838182356595e+01 1.444353893805837963e+01
1.480251063427120961e+01 1.458422318048468469e+01
1.496748529550107776e+01 1.484108283079904034e+01
1.515422270232772739e+01 1.496845131520460193e+01
1.532565786375931616e+01 1.515479334544995993e+01
1.549158891077836309e+01 1.526162991135035263e+01
1.566900426626957632e+01 1.551880588193572841e+01
1.584159343259529784e+01 1.564707260408185618e+01
1.602031403851592017e+01 1.583263838996471939e+01
1.618365340475595104e+01 1.599277079392667034e+01
1.637287623468061781e+01 1.620517011413906161e+01
1.654854559131084457e+01 1.632567771079592234e+01
1.671999717464897728e+01 1.655805612584161679e+01
1.690510110732799731e+01 1.670548060330947493e+01
1.706661218817093228e+01 1.688779133733227056e+01
1.723501895218549862e+01 1.704156600572832048e+01
1.743505099719258666e+01 1.717161524706382281e+01
1.759234986376633358e+01 1.733448985955426380e+01
1.777725740156891376e+01 1.747175457512168606e+01
1.793822662580209482e+01 1.772734448044498734e+01
1.812551932859547321e+01 1.793558422759598514e+01
