0.000000000000000000e+00 0.000000000000000000e+00
5.132948531806293038e-04 0.000000000000000000e+00
2.592030320488374756e-02 -4.648236036068176258e-03
4.997075819612933206e-02 1.105036330628139662e-02
1.519629054331194662e-01 1.232135370155317683e-02
2.692966058050199618e-01 1.063732124721333133e-01
2.270835424634173039e-01 5.154499842271793586e-01
6.067249195613210189e-01 6.387995206350912669e-01
7.497628567557370616e-01 7.187454089639446764e-01
8.528504917392379925e-01 8.266696163677176301e-01
9.504937069901387980e-01 9.284571472273959181e-01
1.046303825097500972e+00 1.025505525111988003e+00
1.146114699550608407e+00 1.130831170632817795e+00
1.244623674260664448e+00 1.228391259402109359e+00
1.345062483397116537e+00 1.306193000407541716e+00
1.442582892914874959e+00 1.412477745294725695e+00
1.538882241322630851e+00 1.521599568337943742e+00
1.636171904180026893e+00 1.603909530955155871e+00
1.735719021855736788e+00 1.684177262483103732e+00
1.833921023225042690e+00 1.797685741088603351e+00
1.929037955920313463e+00 1.907186124668477367e+00
2.029538320248128525e+00 1.973612953351218557e+00
2.126129395120594623e+00 2.099157606906330908e+00
2.225184549303536041e+00 2.193392910316963373e+00
2.318900113732806023e+00 2.286732913321608329e+00
2.415114493219159719e+00 2.367189677721628804e+00
2.515923445712475726e+00 2.465437855170220072e+00
2.609176405750828653e+00 2.543629838597760262e+00
2.702020400512332277e+00 2.669819926675651711e+00
2.801021199371160009e+00 2.743550733071071779e+00
2.892627541755621312e+00 2.851563096961204913e+00
2.993275758481945825e+00 2.965345949910686674e+00
3.088614530597574070e+00 3.037698644870746367e+00
3.185595665029087087e+00 3.112684742291258022e+00
3.281153186301507318e+00 3.227534497069453501e+00
3.380400691853894024e+00 3.325940560986468508e+00
3.474547639142228750e+00 3.420274227565844871e+00
3.577801783778576272e+00 3.525842498049523766e+00
3.671525702005776104e+00 3.600810036601955311e+00
3.768142560722766543e+00 3.703129870100141385e+00
3.866550971222254773e+00 3.779951203716623631e+00
3.961574567940355784e+00 3.911071647467757817e+00
4.061413854478247210e+00 4.016593151589638033e+00
4.158615854730819628e+00 4.066272913656771237e+00
4.257521783375716851e+00 4.171575475139818856e+00
4.354566434697574984e+00 4.288073617760967515e+00
4.454816061127640836e+00 4.379679300606255765e+00
4.546464816518420271e+00 4.460880555620668986e+00
4.646319490090633053e+00 4.553343504107457029e+00
4.742164291238740503e+00 4.640986356351497477e+00
4.834729569266885463e+00 4.741787615024527724e+00
4.935706442059728971e+00 4.856010266154661359e+00
5.022341187630805948e+00 4.930571101493665509e+00
5.124089302993614758e+00 5.041995108822553640e+00
5.220513336039473984e+00 5.160609905151758880e+00
5.316590988280569086e+00 5.229687618367731439e+00
5.410098584100293984e+00 5.322416897405799929e+00
5.507773288485521057e+00 5.424930602702864313e+00
5.602366584085546997e+00 5.513457700149332119e+00
5.703184855388412799e+00 5.614112105412701226e+00
5.803242628309237539e+00 5.709244518794736933e+00
5.900088738915369113e+00 5.820066827992928182e+00
5.993182232448485358e+00 5.889259525177721777e+00
6.094114260000313088e+00 6.001695014592875133e+00
6.193884976770670292e+00 6.080019473032081123e+00
6.290868783492346239e+00 6.179714499591727694e+00
6.385318025163239319e+00 6.298370534599944115e+00
6.475468453875764752e+00 6.389645668714320159e+00
6.569031373953040820e+00 6.474779513339966819e+00
6.667630734851465846e+00 6.568053310894589991e+00
6.762245892770214262e+00 6.644572754968366191e+00
6.859421267728744276e+00 6.782397768218173084e+00
6.949672338889462786e+00 6.850619624542549246e+00
7.048120043413659275e+00 6.919396529690209796e+00
7.146820584476245131e+00 7.020763956254498339e+00
7.238918786543819373e+00 7.177205871568503426e+00
7.332685756097887975e+00 7.255445057804128517e+00
7.438111323864975866e+00 7.333726020559873326e+00
7.531720251669485222e+00 7.437894535882021430e+00
7.630925666650930417e+00 7.543048167895682887e+00
7.731657566282407856e+00 7.640372350140224533e+00
7.817228819403715612e+00 7.736323124911037574e+00
7.922257006765653919e+00 7.823632090841277531e+00
8.017572200525998838e+00 7.880397446891831414e+00
8.118098467970698451e+00 8.000487907457188186e+00
8.208022288783663356e+00 8.109878799046034814e+00
8.313752788369637159e+00 8.217216645220659643e+00
8.408859043557338708e+00 8.295215983569724116e+00
8.501174038766283303e+00 8.390263805881264858e+00
8.607671419219796505e+00 8.480365562402381485e+00
8.704094184990200489e+00 8.558766588671939957e+00
8.797747728624729646e+00 8.691490660830041293e+00
8.892519317005668000e+00 8.784204277847468489e+00
8.999230090224191514e+00 8.866290417296292858e+00
9.083212887617150955e+00 9.004611910432194222e+00
9.181517078846370694e+00 9.050989045037670877e+00
9.274369186716659996e+00 9.136822507807030647e+00
9.378038401719148709e+00 9.260411488224375987e+00
9.474764945757188528e+00 9.338036958053200109e+00
9.571151924118446175e+00 9.389597166907176273e+00
9.667613323128975367e+00 9.580740634228718022e+00
