0.000000000000000000e+00 0.000000000000000000e+00
0.000000000000000000e+00 0.000000000000000000e+00
0.000000000000000000e+00 0.000000000000000000e+00
0.000000000000000000e+00 0.000000000000000000e+00
0.000000000000000000e+00 0.000000000000000000e+00
0.000000000000000000e+00 0.000000000000000000e+00
3.946049954815005645e+00 1.227069163974932664e+01
5.505930630263895509e+00 1.410675919194407868e+01
1.412382590125502446e+01 1.467362628690882431e+01
1.460164239348884152e+01 1.459715122510839080e+01
1.456771531390117502e+01 1.456768033419039199e+01
1.457721269143909559e+01 1.456751238799456871e+01
1.458637850914119660e+01 1.458591713549786206e+01
1.458118693418500378e+01 1.458005017029868355e+01
1.458519207549141683e+01 1.458452648868331103e+01
1.464440340371700877e+01 1.472700288406631053e+01
1.472377404723183858e+01 1.490624894294080782e+01
1.486946076909655723e+01 1.519629278460014099e+01
1.504139792852035562e+01 1.555673769435096254e+01
1.533263409696149004e+01 1.582153021636695733e+01
1.565814048101388956e+01 1.615607615557942367e+01
1.607513215405504070e+01 1.644496331274319800e+01
1.631191456360380343e+01 1.674179367316428468e+01
1.663590624519241601e+01 1.701769433424446376e+01
1.691406002564268718e+01 1.728828907175280349e+01
1.718089451107032062e+01 1.752782045843342118e+01
1.749694071017187724e+01 1.776516265636098524e+01
1.771348574872224901e+01 1.802216085846091431e+01
1.799155050583460280e+01 1.825794549226956676e+01
1.826696967890182677e+01 1.849078728742457045e+01
1.846664406948863402e+01 1.870787950410283429e+01
1.876529718649345568e+01 1.894124657997651440e+01
1.897870236890963014e+01 1.916294268632578124e+01
1.923482313060745952e+01 1.939387650893868553e+01
1.947361614698913712e+01 1.962603602465022945e+01
1.965764265928692112e+01 1.985513517282114293e+01
1.989532364620164984e+01 2.007302940831600679e+01
2.003102476481607042e+01 2.027962693384206005e+01
2.027107945151496082e+01 2.049256170257933718e+01
2.048226560231761439e+01 2.069526782302565238e+01
2.087123627662699832e+01 2.065593514852000112e+01
2.078616036888303142e+01 2.109214627016085686e+01
2.104968686365360497e+01 2.130337362661133938e+01
2.124957544880591342e+01 2.151403285447055325e+01
2.141858949481924768e+01 2.172105235941526757e+01
2.190938054983698891e+01 2.165101881311931464e+01
2.210301172237139866e+01 2.176444548778485100e+01
2.196607149962930805e+01 2.235221001833792442e+01
2.253351217491940517e+01 2.220616684292169296e+01
2.235985366829705967e+01 2.276371918837079988e+01
2.297460177195281972e+01 2.268359890742299356e+01
2.319013609317551428e+01 2.280334515619127700e+01
2.339677143618042976e+01 2.305092602608336705e+01
2.362921599364110747e+01 2.319273911619887230e+01
2.383143451841290883e+01 2.338136024030792726e+01
2.404401376512663191e+01 2.361729085106721371e+01
2.387632434670074488e+01 2.426924107211872439e+01
2.449123549525263144e+01 2.400755232201165512e+01
2.425731046892177645e+01 2.470503317040529367e+01
2.491854519403479884e+01 2.454141051953197561e+01
2.474908397054668541e+01 2.514681527815591267e+01
2.537846075253253630e+01 2.491446316187633414e+01
2.559538349731900908e+01 2.507744103598671614e+01
2.582751621607827275e+01 2.525796484674659581e+01
2.561616215082940684e+01 2.603188368026530597e+01
2.574011215554465792e+01 2.625938395070399878e+01
2.601745021361661259e+01 2.647147711424081251e+01
2.670384290443475450e+01 2.628805002144121872e+01
2.692924956435118844e+01 2.643479562472267475e+01
2.715087406968635264e+01 2.670389279105522817e+01
2.739339725490745892e+01 2.689520486358348350e+01
2.761202750764431002e+01 2.715699277788424482e+01
2.726601153431193225e+01 2.779767079941544949e+01
2.806116025018026505e+01 2.760699459787268850e+01
2.829577001421843008e+01 2.772655466919584200e+01
2.802729384978613325e+01 2.847346325867858141e+01
2.872861501410161367e+01 2.825920259409956259e+01
2.895975999896299413e+01 2.850508199243974516e+01
2.879058457233653812e+01 2.913309912371793331e+01
2.897484500987416922e+01 2.935057466705067952e+01
2.960126912216938422e+01 2.929133325155910228e+01
2.984926904024338157e+01 2.944491220126085196e+01
3.008093426558060202e+01 2.968731831486293871e+01
3.032697018672979894e+01 2.989813528863655279e+01
3.056164974314959082e+01 3.011566738483892536e+01
3.081171492609717433e+01 3.029590284691281710e+01
3.105547272913260315e+01 3.067197855536859308e+01
3.130286154636253215e+01 3.081081182700630805e+01
3.154012699053602375e+01 3.119369275112195439e+01
3.178994100186238470e+01 3.131618312864809184e+01
3.204983803368735806e+01 3.159676066277886974e+01
3.229687615594275485e+01 3.167902045723714366e+01
3.254341639310084133e+01 3.201211278766825075e+01
3.278317380569166062e+01 3.213774076488976306e+01
3.304945414169674223e+01 3.249354597163102198e+01
3.329892195877875594e+01 3.266835381108606384e+01
3.354034665844315555e+01 3.307959944628048987e+01
3.376434447322720445e+01 3.322502391321737747e+01
3.400075296560518723e+01 3.354850226445438466e+01
3.373280376667350566e+01 3.413466977895833310e+01
3.447380043340764644e+01 3.414504842433706244e+01
