0.000000000000000000e+00 0.000000000000000000e+00
0.000000000000000000e+00 0.000000000000000000e+00
0.000000000000000000e+00 0.000000000000000000e+00
0.000000000000000000e+00 0.000000000000000000e+00
5.341922460732783512e-02 0.000000000000000000e+00
2.779897798351755808e-02 0.000000000000000000e+00
2.043431003758088005e-01 9.172617726921544756e-01
8.167872521500044725e-01 1.091722580048221314e+00
1.233796680600519613e+00 1.264889952606574886e+00
1.346673250047115911e+00 1.406015803978845069e+00
1.484293576620496546e+00 1.538578190374943144e+00
1.590116996644542535e+00 1.651717272475764497e+00
1.714663402160064853e+00 1.777577223367002635e+00
1.839799703193810254e+00 1.895045941851605686e+00
1.977253939680955641e+00 2.010110612536397223e+00
2.121867742537761004e+00 2.095572971742727386e+00
2.240165997235798567e+00 2.211942090022218643e+00
2.357257237340998568e+00 2.328529064852158381e+00
2.478629459920467681e+00 2.456055533889982545e+00
2.598106086187898622e+00 2.570396851048248443e+00
2.722842748815314184e+00 2.700957642715608120e+00
2.835671044214274072e+00 2.856416966096867682e+00
2.979811435917173235e+00 2.953661995932215678e+00
3.109213635271246723e+00 3.063245116222538478e+00
3.238048865563863732e+00 3.205003285040610717e+00
3.367780335123057078e+00 3.333590848464228262e+00
3.493892297486173693e+00 3.455492303160386136e+00
3.578753231944172164e+00 3.609904737311385059e+00
3.740073874798413911e+00 3.714186776335434814e+00
3.869685444796345131e+00 3.836969546356679306e+00
3.999256531227396660e+00 3.939751228267200922e+00
4.121932838281153977e+00 4.084777285820782922e+00
4.251744588623364685e+00 4.216562777147993657e+00
4.388154020001750588e+00 4.329805628799158868e+00
4.518620558023101808e+00 4.476979495157611844e+00
4.649558887113815153e+00 4.592198030712929757e+00
4.777586906365240971e+00 4.700894300740690923e+00
4.914169940886581323e+00 4.854372776975978354e+00
5.038926812356442575e+00 4.997211695984073998e+00
5.165897697173535086e+00 5.104153193982171821e+00
5.295952388867656069e+00 5.231118784357416729e+00
5.436230727012651087e+00 5.356186089247609416e+00
5.559649391065672575e+00 5.497741717772787418e+00
5.691492481572535844e+00 5.624871140900843614e+00
5.814527063138891450e+00 5.757871356687102704e+00
5.952460107431726932e+00 5.882990129790170108e+00
6.079258195863796566e+00 5.992690692037608180e+00
6.216688851253002746e+00 6.132665937476725837e+00
6.341042500091790046e+00 6.267897821688777960e+00
6.467960078095309484e+00 6.408879400627088607e+00
6.603141962477088178e+00 6.527769370579189712e+00
6.727022307133864842e+00 6.623949199138007948e+00
6.858728416715753617e+00 6.790625553731040931e+00
6.999832969033942476e+00 6.921269431120305349e+00
7.125917017232890949e+00 7.059979143500885179e+00
7.263424649642790776e+00 7.177654779892255199e+00
7.401460800717576838e+00 7.278475976259544566e+00
7.532027798249434802e+00 7.431919549315190388e+00
7.659718354575520749e+00 7.535674838621111427e+00
7.785442963931370919e+00 7.702815383753494949e+00
7.926833394971959379e+00 7.812074686032413950e+00
8.054444827748708846e+00 7.986745427972481437e+00
8.188749332684176707e+00 8.060967403354723615e+00
8.328217807501038905e+00 8.233478849208470507e+00
8.450804234149234873e+00 8.340466995387499693e+00
8.591338852941779791e+00 8.470266423963058955e+00
8.718924501565917140e+00 8.606994065727134213e+00
8.856180857918079852e+00 8.715978655586344104e+00
8.992460116174921581e+00 8.888199607202516006e+00
9.120047959311273544e+00 8.998932059375077230e+00
9.259504465078819635e+00 9.127446114810735978e+00
9.386255962488680993e+00 9.248233500269984475e+00
9.516676023419226027e+00 9.386335504169506905e+00
9.648851161521859510e+00 9.541632200886404291e+00
9.778903756854303353e+00 9.674469073497482086e+00
9.918147599630410483e+00 9.805737246962998199e+00
1.005110602522982433e+01 9.893980979408270926e+00
1.017621049881768514e+01 1.000934655198445000e+01
1.031787656861801139e+01 1.018560093072747463e+01
1.044854307803831972e+01 1.027694960585071193e+01
1.058968475430448208e+01 1.040055863251543045e+01
1.071869603744417354e+01 1.058330354493440595e+01
1.085506179497923895e+01 1.065401656053509960e+01
1.098791789754663917e+01 1.080195942928130926e+01
1.112083496202585664e+01 1.093928425828763018e+01
1.124087854044661405e+01 1.102832453261267709e+01
1.136554381995214058e+01 1.119177266454054731e+01
1.149955989659475719e+01 1.133943246395155313e+01
1.163620622707260566e+01 1.147565953864824628e+01
1.175071022085857919e+01 1.158384262932691122e+01
1.189926914749204201e+01 1.169070342946359808e+01
1.202468518012471144e+01 1.185762887554278144e+01
1.216036467797773035e+01 1.197946860967283556e+01
1.229217692724365740e+01 1.214593037866349157e+01
1.241721765421636903e+01 1.224828609634204213e+01
1.255392448290027652e+01 1.235670429463775832e+01
1.267708360604494722e+01 1.255087145007554739e+01
1.282544019619775355e+01 1.263701121237621372e+01
1.294910215405023557e+01 1.281223782165453251e+01
1.307963437710032295e+01 1.292746506556112607e+01
1.321580788660274131e+01 1.306228761384312520e+01
