0.000000000000000000e+00 0.000000000000000000e+00
0.000000000000000000e+00 0.000000000000000000e+00
0.000000000000000000e+00 0.000000000000000000e+00
0.000000000000000000e+00 0.000000000000000000e+00
0.000000000000000000e+00 0.000000000000000000e+00
0.000000000000000000e+00 0.000000000000000000e+00
2.066491318422915627e-02 0.000000000000000000e+00
1.900742766204284451e-01 -1.787194694217031712e-02
0.000000000000000000e+00 1.547122427701735470e+00
9.188725115225390150e-01 2.309737671919413593e+00
2.273820302460248577e+00 2.403594793860547085e+00
2.515392593075641781e+00 2.502751523974786618e+00
2.675661768018849251e+00 2.697876955959153555e+00
2.817424836139784450e+00 2.946333082041155293e+00
2.965477968518935636e+00 3.094424231615725773e+00
3.087619606270644024e+00 3.268304170113777829e+00
3.247476332272753119e+00 3.443604892113429905e+00
3.466140702667847684e+00 3.608786670238343319e+00
3.627578118482425396e+00 3.770268939154099108e+00
3.791727710187069444e+00 3.925916523487082976e+00
3.954816576152207830e+00 4.066048605628456158e+00
4.109271067592604965e+00 4.212493552636433769e+00
4.280545714341609020e+00 4.361640589778797761e+00
4.423552847776206498e+00 4.491020239531697378e+00
4.579709099516581894e+00 4.626970098197700665e+00
4.720702241245686714e+00 4.756967269570008483e+00
4.888055503161415238e+00 4.842467532402366714e+00
5.022853304186137180e+00 4.948903966507942620e+00
5.163603449180482308e+00 5.078474902874190455e+00
5.303491209081888869e+00 5.204916446928776530e+00
5.440611297465046015e+00 5.345237448163665306e+00
5.505395229772192423e+00 5.604358926707809552e+00
5.660123780890442546e+00 5.749052338313951793e+00
5.891874328706125930e+00 5.824073334854761086e+00
5.955633454328518539e+00 6.040391072795555871e+00
6.194128611745552959e+00 6.106659778375251868e+00
6.340303074330601696e+00 6.267279012161830032e+00
6.427122039054582459e+00 6.483791618150464231e+00
6.577264934328227675e+00 6.619473922457070891e+00
6.774763019766710137e+00 6.728578167721422254e+00
6.936975240593406866e+00 6.864231276455222464e+00
7.092640363858699892e+00 7.022115516971949134e+00
7.242625793003571566e+00 7.175338901748251175e+00
7.399203363090648189e+00 7.352488862181884244e+00
7.478421061998369979e+00 7.538177782460764753e+00
7.702868399677499589e+00 7.647388159689093357e+00
7.863207128909952104e+00 7.787800089288118954e+00
8.002916090036361396e+00 7.931425508019557036e+00
8.164525891821496018e+00 8.093578131949003662e+00
8.312640760276359231e+00 8.215468070521861677e+00
8.485596857117148062e+00 8.418237030392274889e+00
8.639148872349739605e+00 8.525011080267024255e+00
8.801654626963633987e+00 8.701089057657927839e+00
8.951950039225843980e+00 8.805378994852276264e+00
9.126981027475908448e+00 9.016903493630973543e+00
9.284701401070392990e+00 9.158488295464271900e+00
9.429734472724870642e+00 9.338127620690411135e+00
9.499533059419134062e+00 9.558970040808988600e+00
9.739333323126890818e+00 9.631009010246845747e+00
9.902095781029728983e+00 9.815195634438172334e+00
1.006507584839141067e+01 9.949677489044628231e+00
1.023308546400144259e+01 1.007941748058166098e+01
1.039207512341479145e+01 1.022715471670540666e+01
1.055420892943470612e+01 1.042282106893627258e+01
1.071426663325699913e+01 1.056157201384776201e+01
1.087855653029344438e+01 1.068064678738936202e+01
1.103813257133780112e+01 1.086357279022757361e+01
1.119858956943329531e+01 1.105832273231845875e+01
1.136354654298821920e+01 1.120343100650155854e+01
1.153102384821518633e+01 1.138080723072450162e+01
1.169339645963526841e+01 1.152323149676555403e+01
1.185857542473084969e+01 1.169626641387637278e+01
1.201434254451214478e+01 1.189109302246706967e+01
1.217534141206964726e+01 1.200720231210911315e+01
1.234237640130686309e+01 1.223167187220152741e+01
1.250376185498974202e+01 1.231619176421333428e+01
1.265958741616865879e+01 1.254144743738973133e+01
1.282012101697252504e+01 1.260639927502328383e+01
1.298699842718608721e+01 1.284192839043711309e+01
1.314512854936914898e+01 1.299492683372828772e+01
1.330295611465008143e+01 1.315866700659922195e+01
1.347583574010222485e+01 1.330218438792936198e+01
1.361778479690034871e+01 1.347646282273197826e+01
1.379515388373462059e+01 1.359257645503628353e+01
1.395525004942030023e+01 1.375833727997617828e+01
1.411975179724421103e+01 1.394697589793243253e+01
1.427386429551033942e+01 1.412614183523745659e+01
1.442720497179898942e+01 1.424805395978468070e+01
1.458868433015121191e+01 1.440048313034925620e+01
1.474757248225440698e+01 1.455863890474204148e+01
1.491341806288098759e+01 1.477231996745457465e+01
1.508214040586596738e+01 1.487221220125432808e+01
1.524478106753174167e+01 1.506019660309724451e+01
1.541326821475742292e+01 1.521316020559607551e+01
1.557159666949215548e+01 1.540612615364838511e+01
1.573704538575370471e+01 1.547846195729862373e+01
1.589193074270255046e+01 1.572467270741171674e+01
1.606204549472784748e+01 1.585100271887907653e+01
1.596269932730094432e+01 1.612712724695806443e+01
1.636295994497042727e+01 1.608154063438220049e+01
1.651635512131918659e+01 1.636870159247646228e+01
