0.000000000000000000e+00 0.000000000000000000e+00
0.000000000000000000e+00 0.000000000000000000e+00
0.000000000000000000e+00 0.000000000000000000e+00
0.000000000000000000e+00 0.000000000000000000e+00
0.000000000000000000e+00 0.000000000000000000e+00
1.128315189303327470e-01 2.486117724765618542e-02
7.515218008691192109e-02 0.000000000000000000e+00
1.485438363564856867e-01 1.599955185320407480e+01
2.080947772964203679e+01 2.304150098375627564e+01
2.475980359243562390e+01 3.019795883537668857e+01
3.099717687130911514e+01 3.102522935998770848e+01
3.112198123667928940e+01 3.111978109497344747e+01
3.112900090511421425e+01 3.112817982390005866e+01
3.114671558020917530e+01 3.114645146972580392e+01
3.119791986031211906e+01 3.120072876518734972e+01
3.125883112777601980e+01 3.130639098465049486e+01
3.133124816462448337e+01 3.146657255714908530e+01
3.149496046771969660e+01 3.193013391251187727e+01
3.167093370361159188e+01 3.236749022594590741e+01
3.206091331253880838e+01 3.294575950060044534e+01
3.238779695823667026e+01 3.339498996182406643e+01
3.288592380060326548e+01 3.381809946153013158e+01
3.339791214691403809e+01 3.422895951832374806e+01
3.369563200225807975e+01 3.458407315005812421e+01
3.428480407202673064e+01 3.488179616074673106e+01
3.465362497505729777e+01 3.518426937206082528e+01
3.496191711440785355e+01 3.546750145668200815e+01
3.530537036211722324e+01 3.574683704144548813e+01
3.560751538471936328e+01 3.604574334606696340e+01
3.584928741658432472e+01 3.630189426504298922e+01
3.612262164222722305e+01 3.658363590367052609e+01
3.644444862384339245e+01 3.684438463930010244e+01
3.669535344754758910e+01 3.709181806051810781e+01
3.694346749776103422e+01 3.734404182845961628e+01
3.721318619810122641e+01 3.757493449582974421e+01
3.742235809283490511e+01 3.780849748313473668e+01
3.762899998934841506e+01 3.801461844973417215e+01
3.818751139840248499e+01 3.782924348145744631e+01
3.788563575409784789e+01 3.842253897012163577e+01
3.859043307880273943e+01 3.809476786253802061e+01
3.821918540902555605e+01 3.886730535008972254e+01
3.851731376038420507e+01 3.910078067214912068e+01
3.878383994313848859e+01 3.932705340346281275e+01
3.904262347574348979e+01 3.955316023640656908e+01
3.974589930649921854e+01 3.914241395243156774e+01
3.995007888069551427e+01 3.936239694411418100e+01
3.958095859985842679e+01 4.021258048010244579e+01
3.984709057681783406e+01 4.045608954951423897e+01
4.007339996622599898e+01 4.068340716174888172e+01
4.090015817966056488e+01 4.042153961056376943e+01
4.049700557120829814e+01 4.113762438995617288e+01
4.132727451256458551e+01 4.075664869583620487e+01
4.156165058524237566e+01 4.081126742920696415e+01
4.177191120107271161e+01 4.103673051215548639e+01
4.200299422024868790e+01 4.137385241812484082e+01
4.221972861217184914e+01 4.157608315641544294e+01
4.245987864614152585e+01 4.180057103429848553e+01
4.268954288545029385e+01 4.190594162805820133e+01
4.292641207528959058e+01 4.214363960282248911e+01
4.243052766622322025e+01 4.316364433186352301e+01
4.341119265278145889e+01 4.266129204499279126e+01
4.364595519147876246e+01 4.271494021538806152e+01
4.390613442927770649e+01 4.316603271477355008e+01
4.335841186754163346e+01 4.414370434890300032e+01
4.441115068126050858e+01 4.370537049069623237e+01
4.394825137959713857e+01 4.464977172568706720e+01
4.424250119373121493e+01 4.488905074877796864e+01
4.449129769476683549e+01 4.513960305887636082e+01
4.464869433606136084e+01 4.539341893005615702e+01
4.565637493326249796e+01 4.498521871743691491e+01
4.506062762113501918e+01 4.588996927098062883e+01
4.531549010697614932e+01 4.615656610080124267e+01
4.640219075865128673e+01 4.554520286049477562e+01
4.666943689795427019e+01 4.576383686333002032e+01
4.691420440419819471e+01 4.602861890945092682e+01
4.716142555783565626e+01 4.637291721106537068e+01
4.744353942924337275e+01 4.637571641501609321e+01
4.691871817552967627e+01 4.766601205697080701e+01
4.792257443819223539e+01 4.708321331032183821e+01
4.737316551910969054e+01 4.813750600476285513e+01
4.746017085468182728e+01 4.837792910577636718e+01
4.865912782883262366e+01 4.776889213630083475e+01
4.891385735607143914e+01 4.814227038652907709e+01
4.835452580865629812e+01 4.911764313487851297e+01
4.940995746884370732e+01 4.856324799329701847e+01
4.884989719072876113e+01 4.961081445489718789e+01
4.992368601103800785e+01 4.903686700556938405e+01
5.018490829690906452e+01 4.936488793075930914e+01
5.045910312912651818e+01 4.939019332851005828e+01
4.997169739124083065e+01 5.063741819785056464e+01
5.095810817585052632e+01 5.018509990780713537e+01
5.123188641176444236e+01 5.046588500291878887e+01
5.151784563253029603e+01 5.069257695306460221e+01
5.177117217854450359e+01 5.083551977665302957e+01
5.205742002490625708e+01 5.119366109601659787e+01
5.233783125292903549e+01 5.151378565382546526e+01
5.261602781945448726e+01 5.185817504427855340e+01
5.287423069470029446e+01 5.212273487984595022e+01
5.316120353463499981e+01 5.226807307705596628e+01
5.343518701111129587e+01 5.252823604402762214e+01
5.372997020332072537e+01 5.300393753448613410e+01
