0.000000000000000000e+00 0.000000000000000000e+00
0.000000000000000000e+00 0.000000000000000000e+00
0.000000000000000000e+00 0.000000000000000000e+00
0.000000000000000000e+00 0.000000000000000000e+00
0.000000000000000000e+00 0.000000000000000000e+00
0.000000000000000000e+00 0.000000000000000000e+00
7.455653043826717882e-03 0.000000000000000000e+00
8.189346033399358057e-03 0.000000000000000000e+00
4.587837260283630578e-03 0.000000000000000000e+00
5.200193762862473368e-03 0.000000000000000000e+00
2.384391460476566194e-02 0.000000000000000000e+00
0.000000000000000000e+00 0.000000000000000000e+00
1.033953776514040003e-02 0.000000000000000000e+00
3.732177124165317501e-03 0.000000000000000000e+00
3.350588635081077488e-02 0.000000000000000000e+00
1.339094434694616462e-02 0.000000000000000000e+00
4.665221405206646660e-03 0.000000000000000000e+00
1.521787222791860274e-02 0.000000000000000000e+00
2.547054873785064011e-01 1.984821152371465391e+00
2.995663625716551981e-01 0.000000000000000000e+00
2.287606652732797063e-01 0.000000000000000000e+00
3.108170509515260083e-01 6.056941753020679720e+00
1.858695648388859256e+00 6.937165912405570012e+00
6.205072314751010509e+00 5.605720354996222454e+00
7.048561480645667565e+00 7.241307599261155303e+00
7.087334773615049599e+00 7.405413168914558142e+00
7.339868000521319047e+00 7.518848710675248626e+00
7.589977304357289789e+00 7.655522282633433484e+00
7.745081297910036966e+00 7.720005509568760971e+00
7.855492423483945608e+00 7.806091824024286474e+00
7.989136571885127047e+00 8.095651536689180361e+00
8.185031109514866898e+00 8.110272576628902996e+00
8.291973053195810905e+00 8.440851024971617989e+00
8.445467465452731304e+00 8.572981011638578508e+00
8.641385483913943233e+00 8.713154953394397495e+00
8.796771376642176676e+00 8.868238720148184484e+00
9.002904386287369221e+00 8.945886962930014619e+00
9.152720800941791524e+00 9.078507160708745971e+00
9.307322419537838343e+00 9.241910331785419430e+00
9.454927833908893575e+00 9.401625886057924930e+00
9.613220972568560896e+00 9.555302294032838262e+00
9.766574320236722784e+00 9.718285209035355976e+00
9.915856474583614855e+00 9.887081346731056541e+00
1.006829419103289780e+01 1.004479670574493078e+01
1.022768829957335690e+01 1.016710684379498097e+01
1.038109358745854216e+01 1.032772471589178842e+01
1.054860104465331183e+01 1.050050008980788441e+01
1.072162726312622816e+01 1.068288968011019513e+01
1.089117753597234106e+01 1.083702125423060636e+01
1.105757879550650635e+01 1.092919911146726797e+01
1.123401506149507512e+01 1.114410091136529601e+01
1.140572088293044040e+01 1.136862356756764392e+01
1.158411599785353729e+01 1.145972964414708706e+01
1.175621281353874004e+01 1.157298269366095411e+01
1.193213074295322507e+01 1.183847166099424264e+01
1.210568165402853325e+01 1.197296607656648071e+01
1.228899238682516959e+01 1.216017280536857648e+01
1.246593620554735438e+01 1.233708299229474825e+01
1.264159672398263190e+01 1.248036441551336750e+01
1.281560181960763778e+01 1.264130783959711124e+01
1.299526323596314548e+01 1.283582839189725000e+01
1.317554778092577727e+01 1.305842984907436843e+01
1.334551352768958843e+01 1.317031800390765461e+01
1.352598428422703414e+01 1.336447099024323926e+01
1.371545055814997305e+01 1.352865959764114656e+01
1.389563436338201186e+01 1.367918522316685603e+01
1.407784715560406674e+01 1.384064742211569410e+01
1.427587561038283503e+01 1.403348664031929616e+01
1.446595285258587538e+01 1.420454149581189007e+01
1.465706097354510717e+01 1.441913217690581916e+01
1.482902887455285423e+01 1.449939859672647202e+01
1.502300436768737235e+01 1.469340020356946042e+01
1.521528437079521190e+01 1.481661690256554387e+01
1.539599236135868843e+01 1.507991722900866804e+01
1.557370260424177211e+01 1.530635578357903981e+01
1.575906343083002348e+01 1.542750786161759358e+01
1.594539108464916843e+01 1.559441500042018092e+01
1.612950323598725078e+01 1.574340337927750078e+01
1.631316929357546996e+01 1.596745242573052082e+01
1.650774288155194824e+01 1.612252057188312548e+01
1.669924610214636473e+01 1.630760914106451054e+01
1.687638351925886226e+01 1.646061817784090309e+01
1.705134557217675706e+01 1.667016879848114641e+01
1.724539198864226108e+01 1.686605739222342493e+01
1.743973140400638044e+01 1.707975225305857947e+01
1.761978827027802552e+01 1.725617776180199670e+01
1.780750152248116791e+01 1.738554258326567492e+01
1.800259901869732460e+01 1.759734899521821561e+01
1.817460778068817362e+01 1.767710159894438249e+01
1.836737714523201959e+01 1.798932229327137478e+01
1.854789114814978745e+01 1.809810272839571965e+01
1.872255655413357900e+01 1.836640828650843815e+01
1.891842850734563797e+01 1.848071808839027241e+01
1.910938295890818495e+01 1.862820115566082890e+01
1.929035897362488328e+01 1.885943867203928903e+01
1.948813189831697912e+01 1.902096882593054517e+01
1.966709437419487472e+01 1.927823342743347013e+01
1.984360161438685211e+01 1.939987928049765742e+01
2.004881206373219626e+01 1.949076630808300337e+01
2.024240770644375331e+01 1.972548592281654933e+01
2.043035654657044375e+01 2.000172669628492628e+01
