0.000000000000000000e+00 0.000000000000000000e+00
0.000000000000000000e+00 0.000000000000000000e+00
0.000000000000000000e+00 0.000000000000000000e+00
0.000000000000000000e+00 0.000000000000000000e+00
0.000000000000000000e+00 0.000000000000000000e+00
0.000000000000000000e+00 0.000000000000000000e+00
0.000000000000000000e+00 0.000000000000000000e+00
0.000000000000000000e+00 0.000000000000000000e+00
0.000000000000000000e+00 0.000000000000000000e+00
0.000000000000000000e+00 0.000000000000000000e+00
0.000000000000000000e+00 0.000000000000000000e+00
0.000000000000000000e+00 0.000000000000000000e+00
3.573445170149578548e-02 -1.495444798619612742e-02
3.521014440200052886e-02 0.000000000000000000e+00
1.293626296801934916e-02 0.000000000000000000e+00
5.415451835946234055e-02 0.000000000000000000e+00
8.646468503576114351e-02 0.000000000000000000e+00
1.592155442217765837e-02 0.000000000000000000e+00
1.761990829444876061e-01 1.087172556653169586e+00
2.755478720448266139e-01 0.000000000000000000e+00
1.027005391367240561e-01 7.069291201822824888e+00
4.566479587181015098e+00 5.909755221356647326e+00
6.849954770930828829e+00 6.906442864824478889e+00
6.751757956195535648e+00 6.979231459958421091e+00
7.026238056187354530e+00 7.103787163917353098e+00
7.127176314261642887e+00 7.205755005359163690e+00
7.278847001348282220e+00 7.328885185421031956e+00
7.408158268571593652e+00 7.573232417956529794e+00
7.583138871500311851e+00 7.769270306350963828e+00
7.759128597891466583e+00 7.922816973373240756e+00
8.014899796833404366e+00 7.977022010913592531e+00
8.116017145843795078e+00 8.270868826060413070e+00
8.277345264374256217e+00 8.397401657278720677e+00
8.442370832545753601e+00 8.541175727530678330e+00
8.612539329263659837e+00 8.699598923902881253e+00
8.805198434888657388e+00 8.842359004432845282e+00
8.967222512618025831e+00 8.994552806751258345e+00
9.133422407985069214e+00 9.111655904575391318e+00
9.292874105991408840e+00 9.268692704148110195e+00
9.435655142274441687e+00 9.422778887903630718e+00
9.595550088539692268e+00 9.559949129498038545e+00
9.750323050860789209e+00 9.711386212197918866e+00
9.905085097176687725e+00 9.825337969270501404e+00
1.006799727429338809e+01 9.979547812943607710e+00
1.023446284641752868e+01 1.008858756161877146e+01
1.041362585405904895e+01 1.028864208731390484e+01
1.057298264214885464e+01 1.043574290159775408e+01
1.074946173901660806e+01 1.058628501781457132e+01
1.091315359034799037e+01 1.075476699744730524e+01
1.109318148984426600e+01 1.093469396289508211e+01
1.125467982051972626e+01 1.108023667669356094e+01
1.143094755809963026e+01 1.124015890449698141e+01
1.159928680038430393e+01 1.142758904524485253e+01
1.177605880887312217e+01 1.162297714687201733e+01
1.194326612180437763e+01 1.178471254219605235e+01
1.211114249969969947e+01 1.194714304263183635e+01
1.228659292607507147e+01 1.216299183470043488e+01
1.246665396606691267e+01 1.226134112883316796e+01
1.264615178416663888e+01 1.242088995739815083e+01
1.282352487271451835e+01 1.265876014616965684e+01
1.300816630984284927e+01 1.285860084266732173e+01
1.318169057696072954e+01 1.294635956199383209e+01
1.336571988678736567e+01 1.314635755686917484e+01
1.354246451937376783e+01 1.331089500249364654e+01
1.373212493481956642e+01 1.355310137881694210e+01
1.390196607465329670e+01 1.371706513882256395e+01
1.408733623118262379e+01 1.384696016557504450e+01
1.426448732029051136e+01 1.400571898859116438e+01
1.445288268051427849e+01 1.418613707208422170e+01
1.463248062981479514e+01 1.437226959356439693e+01
1.480460903428172337e+01 1.459865214366391051e+01
1.499348295599351211e+01 1.472906055334835784e+01
1.517639241706455167e+01 1.497510376498715701e+01
1.535019627739710835e+01 1.506685218763041512e+01
1.554437630319603869e+01 1.524762371799111804e+01
1.572735819906181476e+01 1.549904321661128925e+01
1.590013294958962931e+01 1.567788987692837921e+01
1.609119349081187877e+01 1.592884589810295637e+01
1.627477458119379605e+01 1.597371181811786300e+01
1.645289197855568375e+01 1.620594505261402674e+01
1.664506616671842920e+01 1.648746933251023705e+01
1.682971080582775514e+01 1.655490668737229853e+01
1.701869614983708701e+01 1.674442624612971997e+01
1.720920717485010698e+01 1.686362586090126214e+01
1.740179169801293568e+01 1.702406138887800324e+01
1.758212803922567957e+01 1.725916813388697690e+01
1.776692388191348826e+01 1.740696908631299422e+01
1.796544325485263371e+01 1.758863594963202814e+01
1.813327635449598674e+01 1.778833221105234585e+01
1.831612246999108962e+01 1.796568093587155701e+01
1.850822182126801962e+01 1.813154584093472721e+01
1.868907914855942565e+01 1.822894417185584004e+01
1.887386899280972585e+01 1.851617090535932775e+01
1.905311255591540132e+01 1.869188054622982520e+01
1.925463954150584556e+01 1.886111838871000401e+01
1.943083273509101616e+01 1.903823509913720358e+01
1.961735956319704854e+01 1.922084813611567000e+01
1.979509791124770857e+01 1.954281418940289328e+01
1.997925710449938563e+01 1.962455477217613975e+01
2.016803632898420418e+01 1.985745774026470301e+01
2.036801758713504285e+01 2.003866611815961107e+01
