0.000000000000000000e+00 0.000000000000000000e+00
0.000000000000000000e+00 0.000000000000000000e+00
0.000000000000000000e+00 0.000000000000000000e+00
0.000000000000000000e+00 0.000000000000000000e+00
0.000000000000000000e+00 0.000000000000000000e+00
0.000000000000000000e+00 0.000000000000000000e+00
0.000000000000000000e+00 0.000000000000000000e+00
0.000000000000000000e+00 0.000000000000000000e+00
0.000000000000000000e+00 0.000000000000000000e+00
0.000000000000000000e+00 0.000000000000000000e+00
0.000000000000000000e+00 0.000000000000000000e+00
0.000000000000000000e+00 0.000000000000000000e+00
0.000000000000000000e+00 0.000000000000000000e+00
9.524924280176372271e-02 -8.776851397534021770e-03
5.938339688971434882e-02 1.182055959822310154e+00
3.029262695603191169e+00 6.218154212847736062e+00
4.537720587766170155e+00 5.818033757327244260e+00
5.779977377146941819e+00 5.962816937599858313e+00
6.088793859049259183e+00 6.154657127006044171e+00
6.240480124787638694e+00 6.302836551072325655e+00
6.409964655312608173e+00 6.428438643048213663e+00
6.516589289830019283e+00 6.487518114022436500e+00
6.615064430501492510e+00 6.694078671060997188e+00
6.752026662434533755e+00 6.803141160250538277e+00
6.878739632081868116e+00 7.021894057367634723e+00
7.062304551950677300e+00 6.970135926578601371e+00
7.154108874627432613e+00 7.361794880883858916e+00
7.334524549782254432e+00 7.530261112558359393e+00
7.521772388932707720e+00 7.703332957595061536e+00
7.742595507415251710e+00 7.856869241289461847e+00
7.897501319567338918e+00 7.996633710198453038e+00
8.049488120017736392e+00 8.138464151820045345e+00
8.211086148831359566e+00 8.271686154718198125e+00
8.367318674495569653e+00 8.413698098277784254e+00
8.557606581004463919e+00 8.523870808850130487e+00
8.704438273989946850e+00 8.680428523976710053e+00
8.849663425685744045e+00 8.822596480342813408e+00
9.004523963616321680e+00 8.934546199940108124e+00
9.159580895332206651e+00 9.110297831868274798e+00
9.320291433964028371e+00 9.244647905649364006e+00
9.477635227416264740e+00 9.422410803264364532e+00
9.635811942964046750e+00 9.557195309891806545e+00
9.805181609903563356e+00 9.754728436820087722e+00
9.904026528937707852e+00 9.964015580890235313e+00
1.013149847115909097e+01 1.007325644646591378e+01
1.031457865513304561e+01 1.024280255446317689e+01
1.047836406102410045e+01 1.041187752769764252e+01
1.065246915702967279e+01 1.053831311646825775e+01
1.082281624549226251e+01 1.069422272344003133e+01
1.099068179679706070e+01 1.087457688557937274e+01
1.117002707464888545e+01 1.106783501256436075e+01
1.134864283501927140e+01 1.119651844652943140e+01
1.151465295519968635e+01 1.136001433953740758e+01
1.168129465921987631e+01 1.155321332103111409e+01
1.184888805818492408e+01 1.174504298711485006e+01
1.202145954124716631e+01 1.190157556681153395e+01
1.219237611805727894e+01 1.202554894684549325e+01
1.236552705371256877e+01 1.217992419494799883e+01
1.254513465075964085e+01 1.233596550285286675e+01
1.271572929510035799e+01 1.257455758444460336e+01
1.288207596658815746e+01 1.276272845009201973e+01
1.306939341906018193e+01 1.297044943366867820e+01
1.324554073349909267e+01 1.307566079807415171e+01
1.342270216558032025e+01 1.329448443415211223e+01
1.360962446277432036e+01 1.345133248877672827e+01
1.380013555049747787e+01 1.361318063904052522e+01
1.398620206530896581e+01 1.381650887800517857e+01
1.416121085613721675e+01 1.401445339440151017e+01
1.434477510367185538e+01 1.416686268537408999e+01
1.453165727873089885e+01 1.432588644542061296e+01
1.471726786518463825e+01 1.450700756640414291e+01
1.489690301267868300e+01 1.468805663359235680e+01
1.507850251607751879e+01 1.487529319650340298e+01
1.526400576015838872e+01 1.508761441003819215e+01
1.545813756381279092e+01 1.526360641778870431e+01
1.565506616024338982e+01 1.544233442707582959e+01
1.583589585771924035e+01 1.560600247515087169e+01
1.601899701724718739e+01 1.578849298280599633e+01
1.619850994362542806e+01 1.598957487068805428e+01
1.639207039621804540e+01 1.619652518881058256e+01
1.656656825765828245e+01 1.637857254959955355e+01
1.676318961485922543e+01 1.652222599833006100e+01
1.695319156924569270e+01 1.675057240070463749e+01
1.713412002525698341e+01 1.694760258190643754e+01
1.732441334536150279e+01 1.714051869320295651e+01
1.750829028391599351e+01 1.729090188060499855e+01
1.771206778426550699e+01 1.750304897346512689e+01
1.789573815902377518e+01 1.763546360654436640e+01
1.808300135725681557e+01 1.788345608388434016e+01
1.828567829258388144e+01 1.804632178573668355e+01
1.846009644460227506e+01 1.820357190801730241e+01
1.865873995360202642e+01 1.837329115578787508e+01
1.885736537335355223e+01 1.863526443816920164e+01
1.905133527758275847e+01 1.881344920003057197e+01
1.923607609134807106e+01 1.891138812885812470e+01
1.942833361815272042e+01 1.922889081555276647e+01
1.961754163761172265e+01 1.937035612352681113e+01
1.980944627400635483e+01 1.955440828854892388e+01
2.000571096058723342e+01 1.966108211787404869e+01
2.019928761285196828e+01 1.990840889737416219e+01
2.038076258189425616e+01 2.010686417137831938e+01
