0.000000000000000000e+00 0.000000000000000000e+00
0.000000000000000000e+00 0.000000000000000000e+00
0.000000000000000000e+00 0.000000000000000000e+00
0.000000000000000000e+00 0.000000000000000000e+00
0.000000000000000000e+00 0.000000000000000000e+00
0.000000000000000000e+00 0.000000000000000000e+00
0.000000000000000000e+00 0.000000000000000000e+00
0.000000000000000000e+00 0.000000000000000000e+00
0.000000000000000000e+00 0.000000000000000000e+00
0.000000000000000000e+00 0.000000000000000000e+00
0.000000000000000000e+00 0.000000000000000000e+00
0.000000000000000000e+00 0.000000000000000000e+00
0.000000000000000000e+00 0.000000000000000000e+00
0.000000000000000000e+00 0.000000000000000000e+00
1.838242725998062155e-01 2.837992935139319745e-02
0.000000000000000000e+00 2.423366131884484798e+00
7.707568171420535741e-01 3.128824666655563469e+00
1.568036869477422934e+00 0.000000000000000000e+00
3.350656376978176088e+00 5.950865032375204144e+00
4.678795587923703536e+00 6.292558516303133231e+00
6.100015608825957614e+00 6.572409992204228502e+00
6.254328830028809350e+00 6.510945354053762735e+00
6.677870388278133618e+00 6.753218892507159232e+00
6.781283603459161036e+00 6.867558389311796851e+00
6.959288343281108347e+00 7.098220856571671789e+00
7.148409572444326621e+00 7.082604641462766359e+00
7.267667618634345850e+00 7.368323871474670383e+00
7.474465128799518965e+00 7.568447180188872636e+00
7.607833145270817887e+00 7.700741275712676526e+00
7.735737520240007825e+00 7.903676362476588224e+00
7.886307078499099177e+00 8.046095246198909479e+00
8.158009572598249548e+00 8.050718664529311397e+00
8.184762659914953886e+00 8.339026725632294301e+00
8.359145451348965139e+00 8.505233681223929310e+00
8.631879802051912520e+00 8.516329517167331886e+00
8.669457065130972140e+00 8.823105620663795889e+00
8.878856683489392054e+00 8.972407000860277648e+00
9.055085501859048591e+00 9.121088321197030169e+00
9.208020670889574433e+00 9.276268244107377825e+00
9.434209133841333639e+00 9.365300930114647926e+00
9.583890251449924236e+00 9.475952391864840507e+00
9.733659855897313307e+00 9.639536870959689807e+00
9.891283524291262452e+00 9.744425401297172940e+00
1.004905264312635182e+01 9.907252251528953835e+00
1.020511036853661402e+01 1.006843487215950184e+01
1.036288511232689658e+01 1.021617002211507597e+01
1.052919948854318299e+01 1.039003711344396663e+01
1.069387452727828602e+01 1.055058181233363079e+01
1.085897845976321641e+01 1.072505557836221612e+01
1.103681145157730370e+01 1.087341443665766860e+01
1.119489178243775385e+01 1.105113860416134841e+01
1.138026613170492318e+01 1.122505889998452311e+01
1.155307387465127000e+01 1.139456124513342594e+01
1.172999524490289680e+01 1.158691131524532558e+01
1.191501242222773271e+01 1.175569761457907525e+01
1.208257165005478306e+01 1.194405145290272152e+01
1.226128423415180357e+01 1.212331313654113529e+01
1.244245558630678694e+01 1.225544652486721375e+01
1.261588528840085566e+01 1.245184192038827042e+01
1.279057545047686162e+01 1.258614011289771639e+01
1.297973109192984431e+01 1.278650779116180125e+01
1.315433120726992655e+01 1.298677195718938471e+01
1.334156208600671256e+01 1.309763000994766813e+01
1.350339889526148696e+01 1.329977579717298397e+01
1.369098840779235715e+01 1.346150468279961743e+01
1.386514517776910793e+01 1.362945273142272917e+01
1.403683615422674791e+01 1.385350905817228906e+01
1.422029022278204380e+01 1.401548083252036392e+01
1.439947079570702293e+01 1.421475510464325431e+01
1.458036558423491691e+01 1.434904113930238267e+01
1.475379303755881644e+01 1.453730577580837391e+01
1.493150780509117936e+01 1.467840987883463555e+01
1.509964876519489607e+01 1.483463712000474466e+01
1.528855306763583677e+01 1.512117672145744329e+01
1.547396559205912148e+01 1.519123605975219959e+01
1.564554519271502642e+01 1.544438343099180422e+01
1.583272272208860443e+01 1.557619277224621612e+01
1.601524724183990855e+01 1.583784603277630154e+01
1.619848424575805623e+01 1.597286715788364830e+01
1.638602087975458588e+01 1.614542867488699329e+01
1.656594554368337668e+01 1.627333747543350029e+01
1.676057752494475750e+01 1.652659447533929438e+01
1.695447325210620093e+01 1.664147513284799373e+01
1.713106724468435971e+01 1.685755476051754798e+01
1.732477127712552800e+01 1.709144755181000619e+01
1.751686166007044321e+01 1.723797703717209373e+01
1.770097132961620900e+01 1.745417864397214913e+01
1.789565344682781145e+01 1.749077399343390127e+01
1.806592180032332706e+01 1.777013670143096746e+01
1.827726538677017132e+01 1.787890165906111051e+01
1.846295135808438914e+01 1.809132806367163582e+01
1.867354562495410164e+01 1.835538392701551302e+01
1.883469702374344479e+01 1.858537980398258327e+01
1.902024765435825415e+01 1.872012660473264489e+01
1.920775901738511493e+01 1.892396961411108691e+01
1.940262109618815245e+01 1.907232338505685831e+01
1.959856951261379621e+01 1.924066382490962113e+01
1.980616437710656186e+01 1.940380103894453967e+01
1.998478620670890038e+01 1.962216665335844823e+01
2.017630365513480939e+01 1.988233599937386487e+01
2.037578614577125791e+01 1.998665907110549611e+01
