0.000000000000000000e+00 0.000000000000000000e+00
0.000000000000000000e+00 0.000000000000000000e+00
0.000000000000000000e+00 0.000000000000000000e+00
0.000000000000000000e+00 0.000000000000000000e+00
0.000000000000000000e+00 0.000000000000000000e+00
0.000000000000000000e+00 0.000000000000000000e+00
0.000000000000000000e+00 0.000000000000000000e+00
0.000000000000000000e+00 0.000000000000000000e+00
0.000000000000000000e+00 0.000000000000000000e+00
0.000000000000000000e+00 0.000000000000000000e+00
0.000000000000000000e+00 0.000000000000000000e+00
0.000000000000000000e+00 0.000000000000000000e+00
0.000000000000000000e+00 0.000000000000000000e+00
0.000000000000000000e+00 0.000000000000000000e+00
0.000000000000000000e+00 0.000000000000000000e+00
0.000000000000000000e+00 -1.386794872871307538e-01
1.971626068525073328e-01 3.099135254608993417e+00
9.527267736975139067e-01 -3.151567716417192494e-02
3.201257946465837501e-01 0.000000000000000000e+00
4.571091209380797604e-01 3.082722423823016644e+00
5.748992816107308279e+00 6.863312206162885509e+00
6.466190714426346631e+00 6.832142398760416846e+00
6.436108821223744947e+00 6.805357349726038230e+00
6.857981254434741381e+00 6.925401688978885417e+00
7.056431048402544093e+00 7.094428153318172114e+00
7.161143976004612277e+00 7.198470611890049220e+00
7.277506297184348050e+00 7.404219749400273720e+00
7.417184313336892210e+00 7.662374063233364119e+00
7.582202002252855344e+00 7.801585423091019322e+00
7.911470990505457657e+00 7.697285503324273748e+00
7.906418851164301209e+00 8.057062385016031669e+00
8.134143767603967845e+00 8.192773896588972704e+00
8.331708220259500308e+00 8.317045469199907615e+00
8.459194944683055439e+00 8.484855988541941230e+00
8.619790946835721002e+00 8.591617655104416329e+00
8.737774395062753996e+00 8.784791464730922428e+00
8.922675469357393752e+00 8.891279659308889194e+00
9.081739726547397140e+00 9.050766107013044959e+00
9.222726537168401961e+00 9.201582860633324756e+00
9.346597516276206719e+00 9.382329009245358620e+00
9.506815278275356107e+00 9.527371712840944085e+00
9.687623999737187575e+00 9.671727808823659345e+00
9.842745607605916547e+00 9.825560743012756504e+00
1.001127058053092433e+01 9.899642569647003398e+00
1.017279746885186853e+01 1.009756474260056081e+01
1.033572050047479784e+01 1.025711225040580032e+01
1.051587829235630167e+01 1.045630605723607154e+01
1.067698079365161234e+01 1.055547374438487651e+01
1.084756117560453070e+01 1.071771770063651985e+01
1.103195252539970816e+01 1.090530448300067867e+01
1.120396876951698495e+01 1.108020583683175353e+01
1.137663444440755178e+01 1.122936696448056004e+01
1.154804074314797901e+01 1.131550379286806951e+01
1.172149399445366491e+01 1.159012954283179120e+01
1.189602674588814146e+01 1.169778833125725193e+01
1.206605213487297767e+01 1.186670081908600061e+01
1.224048590240293777e+01 1.205563706417434844e+01
1.242772171638136847e+01 1.218900966239891481e+01
1.261302242416355135e+01 1.241689531601545582e+01
1.278266745667099258e+01 1.256492538969641792e+01
1.296112313319726717e+01 1.275857241249213736e+01
1.313800878062538047e+01 1.292960491612463159e+01
1.331851608377685281e+01 1.310823864743566958e+01
1.349457646064323413e+01 1.330304901789961924e+01
1.367477529881039544e+01 1.348522782500671013e+01
1.385521672291095285e+01 1.361897925780069052e+01
1.403117066917435629e+01 1.381664343416542806e+01
1.422797326628226955e+01 1.400032507649271807e+01
1.439856255640390614e+01 1.417084235640241019e+01
1.458598310226183692e+01 1.431256477634553015e+01
1.477227420234379984e+01 1.444689327400461742e+01
1.495634846365098980e+01 1.473158070734476510e+01
1.514310272422159365e+01 1.485646171622279965e+01
1.533037444252012627e+01 1.507859038853472278e+01
1.551952432522995551e+01 1.523786217148624900e+01
1.570923913128970106e+01 1.541339287400519176e+01
1.588372584101085927e+01 1.556204994838829059e+01
1.607491682545280298e+01 1.572867566609086332e+01
1.625253682692109081e+01 1.598946866619555074e+01
1.644881192068366005e+01 1.610821176876903849e+01
1.662911398228199289e+01 1.629921320738776558e+01
1.681770779165385221e+01 1.638096413792520423e+01
1.699457768161745363e+01 1.669070997892167441e+01
1.717559421057255875e+01 1.688184227793606951e+01
1.736028421901887242e+01 1.712170149343073788e+01
1.755261787820232655e+01 1.718897181591703571e+01
1.772851789628248653e+01 1.746461893142193844e+01
1.792715847193338163e+01 1.754554901691967217e+01
1.811583349218005878e+01 1.778067786305830111e+01
1.830088351107632150e+01 1.800531207461433070e+01
1.848691024092775237e+01 1.807959685553948503e+01
1.867403486758810516e+01 1.839329519005763203e+01
1.886661320691785448e+01 1.852014299931180474e+01
1.906244406340332631e+01 1.867168298614408073e+01
1.924158457246016241e+01 1.894935245355551245e+01
1.944280091985283931e+01 1.912053250327191378e+01
1.962852315383565838e+01 1.922555405399912587e+01
1.980893125022905465e+01 1.944258959841071288e+01
2.001525694165083635e+01 1.957337906979377351e+01
2.018351856574211922e+01 1.984722667438653687e+01
2.038223808382365831e+01 2.000583147394521077e+01
