0.000000000000000000e+00 0.000000000000000000e+00
0.000000000000000000e+00 0.000000000000000000e+00
0.000000000000000000e+00 0.000000000000000000e+00
0.000000000000000000e+00 0.000000000000000000e+00
0.000000000000000000e+00 0.000000000000000000e+00
0.000000000000000000e+00 0.000000000000000000e+00
0.000000000000000000e+00 0.000000000000000000e+00
0.000000000000000000e+00 0.000000000000000000e+00
0.000000000000000000e+00 0.000000000000000000e+00
0.000000000000000000e+00 0.000000000000000000e+00
0.000000000000000000e+00 0.000000000000000000e+00
0.000000000000000000e+00 0.000000000000000000e+00
0.000000000000000000e+00 0.000000000000000000e+00
0.000000000000000000e+00 0.000000000000000000e+00
0.000000000000000000e+00 0.000000000000000000e+00
0.000000000000000000e+00 0.000000000000000000e+00
0.000000000000000000e+00 0.000000000000000000e+00
1.879228377595780763e-01 4.325573078056512699e+00
3.333001230150025584e+00 6.698641753888766814e+00
6.134342468034676088e+00 3.740704398155719090e+00
3.473337698333737844e+00 6.462017736787948330e+00
6.519114145999298060e+00 6.623138678001094348e+00
6.683416961622157260e+00 6.725783240407295693e+00
6.799729014361712842e+00 6.842192934606517341e+00
6.958254924261540353e+00 7.077704757235601996e+00
7.092264070664885622e+00 7.276447683902090624e+00
7.287906933889610528e+00 7.442185538160483560e+00
7.518266039767562248e+00 7.467826454402195502e+00
7.598845904393522588e+00 7.768470136934541692e+00
7.787785055015618241e+00 7.931388730336282222e+00
7.911891987698726147e+00 8.082416883677499442e+00
8.092163666999386606e+00 8.214375227052926220e+00
8.343876107521500884e+00 8.225229693724752877e+00
8.489187790318700522e+00 8.394932550613848576e+00
8.527667255666687041e+00 8.657696972859742601e+00
8.698049208855680448e+00 8.805735098000646133e+00
8.946493653833540449e+00 8.827065580003745637e+00
9.001333537734351964e+00 9.092192026001699290e+00
9.244035771392860923e+00 9.160806004274441250e+00
9.318185395266192828e+00 9.404394645750990378e+00
9.557625431273654826e+00 9.473831389386530688e+00
9.714245169099253729e+00 9.634627728471231833e+00
9.883740086021719051e+00 9.805161126821634099e+00
1.004000407739787271e+01 9.924975760575122763e+00
1.020236871299151105e+01 1.008661800170377454e+01
1.037408400001675801e+01 1.024675500473588841e+01
1.054150059133008277e+01 1.040496155215866558e+01
1.070497129111318202e+01 1.056328038374386047e+01
1.073399902900916736e+01 1.083042968252657623e+01
1.102754624382725268e+01 1.090722936500821483e+01
1.119510806756666810e+01 1.106887682507083781e+01
1.137039631278216589e+01 1.121253377098720350e+01
1.152645789529491260e+01 1.143989920425246609e+01
1.171081823785419651e+01 1.150208941342192581e+01
1.187949758329706285e+01 1.175400451941093216e+01
1.204903297117869343e+01 1.192849774279660302e+01
1.222045580775545481e+01 1.207530510682244795e+01
1.240219234437709517e+01 1.226262829955631339e+01
1.257203560552925126e+01 1.230992968955334099e+01
1.273819838034151886e+01 1.256080583599042555e+01
1.292405460730794964e+01 1.275582805451431589e+01
1.310502532788709829e+01 1.294909412557598927e+01
1.328242202110785186e+01 1.310937137834567601e+01
1.346063172254735285e+01 1.326894886572539711e+01
1.364053907457501325e+01 1.348618243982794596e+01
1.383109921604266823e+01 1.365366606864805199e+01
1.400190006224752004e+01 1.379822988586901111e+01
1.417719588820394883e+01 1.398564570082057656e+01
1.435802925440963485e+01 1.418584977895466714e+01
1.455642482817763117e+01 1.436797885590606505e+01
1.473162513705559640e+01 1.448821783178719436e+01
1.490369122645120648e+01 1.471097690045682782e+01
1.509479737616662476e+01 1.487343342132011870e+01
1.529022528477696419e+01 1.506039621744531765e+01
1.547283872571443375e+01 1.525242444723485491e+01
1.565603968135507174e+01 1.537340366044213980e+01
1.585332490141096073e+01 1.560536549847389054e+01
1.603893157428653993e+01 1.576750649732881371e+01
1.623332532193675704e+01 1.599187036943899898e+01
1.642313551014706974e+01 1.612309085610307235e+01
1.660927567824848339e+01 1.628994861317600140e+01
1.678995089310996391e+01 1.649149710287447235e+01
1.698063758248029842e+01 1.665703945263048524e+01
1.717372035072650860e+01 1.678743467606437179e+01
1.735117336508279706e+01 1.706293229042720228e+01
1.754030363012223503e+01 1.722892889605228106e+01
1.773218462325494826e+01 1.734847427541315668e+01
1.791397954525639946e+01 1.761711047553004406e+01
1.811772530259019476e+01 1.772199363501593439e+01
1.829454352910793347e+01 1.802876753085227080e+01
1.850264728462807895e+01 1.815429711550411085e+01
1.868004596162062825e+01 1.830593283230101420e+01
1.886385769432961013e+01 1.850858963578549776e+01
1.905334768250840227e+01 1.873291624098245833e+01
1.924071359457012065e+01 1.889284428762094947e+01
1.942651648244276785e+01 1.902112353762550256e+01
1.962903323252612964e+01 1.929649944504462056e+01
1.979671079801902067e+01 1.940230597875257956e+01
2.000574784600050293e+01 1.957140120024982011e+01
2.018412801449765226e+01 1.984016830206485693e+01
2.038718770844664618e+01 2.001694047236448526e+01
