0.000000000000000000e+00 0.000000000000000000e+00
0.000000000000000000e+00 0.000000000000000000e+00
0.000000000000000000e+00 0.000000000000000000e+00
0.000000000000000000e+00 0.000000000000000000e+00
0.000000000000000000e+00 0.000000000000000000e+00
0.000000000000000000e+00 0.000000000000000000e+00
0.000000000000000000e+00 0.000000000000000000e+00
0.000000000000000000e+00 0.000000000000000000e+00
0.000000000000000000e+00 0.000000000000000000e+00
0.000000000000000000e+00 0.000000000000000000e+00
0.000000000000000000e+00 0.000000000000000000e+00
0.000000000000000000e+00 0.000000000000000000e+00
0.000000000000000000e+00 0.000000000000000000e+00
0.000000000000000000e+00 0.000000000000000000e+00
0.000000000000000000e+00 0.000000000000000000e+00
0.000000000000000000e+00 0.000000000000000000e+00
0.000000000000000000e+00 0.000000000000000000e+00
0.000000000000000000e+00 0.000000000000000000e+00
3.769233849624847865e-02 0.000000000000000000e+00
0.000000000000000000e+00 -6.521692529624055490e-02
6.514064385667499568e-01 2.910330864060534317e+00
2.060526780716739115e+00 1.529895739168784630e+00
1.876358168350511280e+00 6.519323671147101429e+00
2.478946174283456205e+00 7.135635980312987847e+00
6.289901016169176629e+00 7.136052552648799896e+00
7.118461760006522532e+00 7.374100571916105018e+00
7.400977994476385824e+00 7.500468858317391074e+00
7.587901875823848563e+00 7.529521013274352192e+00
7.692088853610242083e+00 7.656771162359617300e+00
7.774479297768049690e+00 7.967467022813463196e+00
7.957478791757971237e+00 8.095893125871393536e+00
8.124718141247763370e+00 8.240653559665149785e+00
8.364404500491016137e+00 8.298561394601403407e+00
8.413870643567200602e+00 8.527189885868555308e+00
8.649883568303456727e+00 8.617656811766057245e+00
8.772093825599716510e+00 8.810975086272748058e+00
8.958594559101870303e+00 8.927012132531173094e+00
9.105905662393665168e+00 9.074753271432568269e+00
9.259123997760621450e+00 9.216188648528319760e+00
9.405501595383425339e+00 9.381918120601216771e+00
9.560971796616341223e+00 9.514978067176995680e+00
9.719232415148209014e+00 9.635363606152083094e+00
9.883855677532167761e+00 9.810920286134489743e+00
1.004918388136319507e+01 9.926946151804322938e+00
1.020493314540275165e+01 1.011750927846987125e+01
1.036904694026464036e+01 1.026393200918435333e+01
1.053409472956373527e+01 1.044741755234451119e+01
1.070557220054108782e+01 1.063303382657474749e+01
1.088007236840610048e+01 1.078497016541116871e+01
1.106233005562050487e+01 1.091982466459584167e+01
1.123410083262556469e+01 1.112035913262606179e+01
1.140004180649605736e+01 1.132617990868813251e+01
1.157504654375192921e+01 1.146114329762974116e+01
1.175840880807996669e+01 1.162733098157068845e+01
1.193236748644542544e+01 1.180067441495430280e+01
1.211145107821726796e+01 1.194213081992593395e+01
1.228492344129344893e+01 1.214016302809966774e+01
1.245895698212247460e+01 1.223265916599868142e+01
1.263801000089639892e+01 1.247287169116686911e+01
1.280455941083292082e+01 1.262393697577049956e+01
1.299709725935162297e+01 1.275004482112725057e+01
1.316655604472262731e+01 1.301042453227622353e+01
1.335432658853130761e+01 1.317981065931348894e+01
1.352376522763836597e+01 1.334649687660164830e+01
1.369980092096235857e+01 1.351778463006507280e+01
1.387595188372990940e+01 1.366987153429808544e+01
1.405021752191662721e+01 1.386406252530928995e+01
1.423623387117949690e+01 1.399550935236420202e+01
1.440850299281180824e+01 1.420643915338769858e+01
1.460794687158957572e+01 1.439037084195138227e+01
1.478233399029346984e+01 1.440409916722054362e+01
1.496374826916186507e+01 1.472039404823687825e+01
1.514800722773098940e+01 1.484788206201852390e+01
1.533245932522290289e+01 1.513880801645867713e+01
1.550980930157477111e+01 1.521072247002606481e+01
1.571270193575699992e+01 1.555475661858318581e+01
1.588695096985558308e+01 1.563206962241924813e+01
1.608188385978839108e+01 1.577331325906201087e+01
1.624933801520899479e+01 1.593109637981582871e+01
1.645795494206323539e+01 1.615734651202748395e+01
1.662620655488755261e+01 1.633248495250662202e+01
1.681401509899052371e+01 1.653430132285331311e+01
1.700459354027164238e+01 1.659628374744846369e+01
1.718779672341377207e+01 1.686544089142727643e+01
1.738017467584342413e+01 1.709215759193724793e+01
1.757014791616565219e+01 1.722366610652201402e+01
1.774903831935475296e+01 1.743742288728017087e+01
1.794574149008699138e+01 1.761092293208678328e+01
1.815740001391057845e+01 1.776988746639009875e+01
1.833670370396879790e+01 1.797605379352707544e+01
1.853783563301238146e+01 1.816566529352339643e+01
1.872230127639824104e+01 1.824671976751427849e+01
1.890930561598678139e+01 1.849283007424156366e+01
1.910264105859653938e+01 1.868373399352954323e+01
1.927675141841574558e+01 1.889327652123725443e+01
1.947190774806242075e+01 1.901644346638865102e+01
1.966226689870183364e+01 1.918294827688056969e+01
1.984500974146902763e+01 1.942156352293832811e+01
2.004562987721685019e+01 1.962153862987695163e+01
2.024622631914755644e+01 1.980870334312374581e+01
2.043155683169720405e+01 1.988970131950198450e+01
