0.000000000000000000e+00 0.000000000000000000e+00
0.000000000000000000e+00 0.000000000000000000e+00
0.000000000000000000e+00 0.000000000000000000e+00
0.000000000000000000e+00 0.000000000000000000e+00
0.000000000000000000e+00 0.000000000000000000e+00
0.000000000000000000e+00 0.000000000000000000e+00
0.000000000000000000e+00 0.000000000000000000e+00
0.000000000000000000e+00 0.000000000000000000e+00
0.000000000000000000e+00 0.000000000000000000e+00
0.000000000000000000e+00 0.000000000000000000e+00
0.000000000000000000e+00 0.000000000000000000e+00
0.000000000000000000e+00 0.000000000000000000e+00
7.134246575642332056e-02 0.000000000000000000e+00
1.589239944916918390e-01 1.804471839530625843e+00
3.201172940717933457e-01 0.000000000000000000e+00
1.333278825615739294e+00 5.822558917894637531e+00
4.376648964198338376e+00 5.976459264979170349e+00
5.498634249973835431e+00 6.046469188408152284e+00
6.130718898052382571e+00 6.151065635245365648e+00
6.211366381352615207e+00 6.186576448619731217e+00
6.312988774877076104e+00 6.312980819769153484e+00
6.423749526639523033e+00 6.421829230336460803e+00
6.511510609564031604e+00 6.702315111516139901e+00
6.744570549785191105e+00 6.923998076481001185e+00
6.846116087207699152e+00 7.056512245650005788e+00
7.075537198957968066e+00 7.189000237875058374e+00
7.224925976039362041e+00 7.311472068152699677e+00
7.403606687335805070e+00 7.465303248435644079e+00
7.564141671802340205e+00 7.608774343397469941e+00
7.723067031316319664e+00 7.698947004276609718e+00
7.850802424762012954e+00 7.884073877808058128e+00
8.003282870687652206e+00 8.043266838852410672e+00
8.177704671985242868e+00 8.136124190471761608e+00
8.296043706147663954e+00 8.357861903514077540e+00
8.473767454735970261e+00 8.449683711133930686e+00
8.592009784301227526e+00 8.698276507269833147e+00
8.758940930306705397e+00 8.867068417405191028e+00
8.919973012579472282e+00 9.027318070341729950e+00
9.083098590035779907e+00 9.188937124484791497e+00
9.251736220776274777e+00 9.331690338086383818e+00
9.499757130844626474e+00 9.409327413961205977e+00
9.560391415860227227e+00 9.655225285579234651e+00
9.821994431167741624e+00 9.728548462729573743e+00
9.898209982944562668e+00 9.979239248865642509e+00
1.014149894087874415e+01 1.006133065487717637e+01
1.030487586623453922e+01 1.023365057841390957e+01
1.047112803790454549e+01 1.040364514439182209e+01
1.063884216954102691e+01 1.056412593609000794e+01
1.080283315762643781e+01 1.073946095848417670e+01
1.096175605709020928e+01 1.092124936421557102e+01
1.112609723444399812e+01 1.108203010461159366e+01
1.129150962681931425e+01 1.125808795710379684e+01
1.145329168886262394e+01 1.141922038083912305e+01
1.163221534009345959e+01 1.155415083808371612e+01
1.180762761336110778e+01 1.176339983096728758e+01
1.198566785232890020e+01 1.193754787948797969e+01
1.217075568000573327e+01 1.214340678180962030e+01
1.234061580305596628e+01 1.229539598407438383e+01
1.252636206342639369e+01 1.248162571113258856e+01
1.270419488851312373e+01 1.265476444818248858e+01
1.287506277700396140e+01 1.282328767297281047e+01
1.307241750281586512e+01 1.298695417346035974e+01
1.324679751847958364e+01 1.320268176111141045e+01
1.343692670789215349e+01 1.331771227683856473e+01
1.361808775542537475e+01 1.358246439034780195e+01
1.379862603524241749e+01 1.368525103316886948e+01
1.397265911026922680e+01 1.388450612971958265e+01
1.416777862994214487e+01 1.397575793791876997e+01
1.434118682140609558e+01 1.424214288923612770e+01
1.452225190925671150e+01 1.434706974869469676e+01
1.472000530545041741e+01 1.462561106694978008e+01
1.490804129861253635e+01 1.474464694894858674e+01
1.508384811349691468e+01 1.490245510959600139e+01
1.528065687372654580e+01 1.513184669797182913e+01
1.545948438522395740e+01 1.530716180223904566e+01
1.564809651415801461e+01 1.545062643473078978e+01
1.581937959845991948e+01 1.570532888193114829e+01
1.602539939318679885e+01 1.585116592776862277e+01
1.620563145196696198e+01 1.606573624497435659e+01
1.640631384777825730e+01 1.617619263406396968e+01
1.658186639167206877e+01 1.633594969472845548e+01
1.677756981550372473e+01 1.654046587178858019e+01
1.696947094265004452e+01 1.675099822003426908e+01
1.714012699932247230e+01 1.693560083814639228e+01
1.732376134871402584e+01 1.714459477405461740e+01
1.752588145264785524e+01 1.733721851037850570e+01
1.769881329477806275e+01 1.748702275190300881e+01
1.788954394441290674e+01 1.766804881339785993e+01
1.806774232909203803e+01 1.790751967564287384e+01
1.825978681745996468e+01 1.803991527291131902e+01
1.845662676267788882e+01 1.824161400568167579e+01
1.863163017211558525e+01 1.833636961769559548e+01
1.883357171022088039e+01 1.857000820618162606e+01
1.902768319244266237e+01 1.869529912644016534e+01
1.922342725889579995e+01 1.896818193418464205e+01
1.938666385826016381e+01 1.912808324982562880e+01
1.960916915152627027e+01 1.938249731447846713e+01
1.978573582568609623e+01 1.948062914332994211e+01
1.998773822054876703e+01 1.969313912279572421e+01
2.018855666229718082e+01 1.986728157737671197e+01
2.037357063454664186e+01 2.012979224267632361e+01
