0.000000000000000000e+00 0.000000000000000000e+00
0.000000000000000000e+00 0.000000000000000000e+00
0.000000000000000000e+00 0.000000000000000000e+00
0.000000000000000000e+00 0.000000000000000000e+00
0.000000000000000000e+00 0.000000000000000000e+00
0.000000000000000000e+00 0.000000000000000000e+00
0.000000000000000000e+00 0.000000000000000000e+00
0.000000000000000000e+00 0.000000000000000000e+00
0.000000000000000000e+00 0.000000000000000000e+00
0.000000000000000000e+00 0.000000000000000000e+00
0.000000000000000000e+00 0.000000000000000000e+00
0.000000000000000000e+00 0.000000000000000000e+00
0.000000000000000000e+00 0.000000000000000000e+00
0.000000000000000000e+00 0.000000000000000000e+00
0.000000000000000000e+00 0.000000000000000000e+00
0.000000000000000000e+00 0.000000000000000000e+00
0.000000000000000000e+00 0.000000000000000000e+00
0.000000000000000000e+00 1.785977900176670019e+00
1.072174441817157625e-01 0.000000000000000000e+00
0.000000000000000000e+00 4.669492409542889355e+00
2.168967998663689833e+00 6.311379075767606039e+00
5.394578306413285951e+00 2.498440022688864559e+00
5.311109121286435197e+00 6.909301657290091825e+00
6.829962895709326354e+00 7.031137364888907726e+00
7.045271474673345580e+00 7.147974899662096426e+00
7.238755408805317870e+00 7.205848721511403099e+00
7.343204164037412163e+00 7.408502705081940753e+00
7.514889361182651939e+00 7.613117123765812622e+00
7.656657319192579969e+00 7.746539950061826829e+00
7.838749022464747362e+00 7.808629924956793644e+00
7.939949013938487177e+00 8.082630545019275914e+00
8.098928756971201182e+00 8.223564233504799148e+00
8.233459145126222012e+00 8.363202810966845036e+00
8.394040320482110573e+00 8.495153916998321009e+00
8.632383803216020723e+00 8.547692432399792040e+00
8.785827804898236337e+00 8.698452354994865132e+00
8.925928014028384538e+00 8.845923300374638032e+00
9.002320784876690851e+00 9.086630847112306952e+00
9.237812171223051649e+00 9.112362310178811597e+00
9.385905105517526437e+00 9.283739993232204668e+00
9.541392518738671669e+00 9.400801491366435059e+00
9.703468235633149419e+00 9.604485790337177420e+00
9.867791497090706798e+00 9.731996915250208602e+00
1.003122501294240543e+01 9.918095960911099240e+00
1.019147250335856469e+01 1.008259931558923483e+01
1.035560316664738423e+01 1.022895110223174342e+01
1.051702594420717496e+01 1.038806569838809679e+01
1.067250402248237329e+01 1.056342607028155101e+01
1.084186505286102076e+01 1.072817298187923818e+01
1.100169194405694206e+01 1.090294772801097523e+01
1.117664342541521272e+01 1.106828452547711628e+01
1.133516523145637400e+01 1.122862731753037657e+01
1.151137993598986853e+01 1.139399901875948373e+01
1.167654472768048279e+01 1.157875854145568262e+01
1.186872535988457322e+01 1.175994518039705738e+01
1.202970711236977053e+01 1.190859454909697135e+01
1.220700006999976139e+01 1.205928458463278474e+01
1.238961892713749968e+01 1.228229620282631984e+01
1.256063503716923968e+01 1.244922524173884781e+01
1.273037566514239138e+01 1.261883213721692165e+01
1.291868393919841829e+01 1.280257684161352749e+01
1.308961461547436933e+01 1.295898395405365733e+01
1.327495525776566510e+01 1.317299429378851450e+01
1.344929624998894013e+01 1.326024583246852551e+01
1.362055083636907860e+01 1.350923264915459754e+01
1.379904536295904727e+01 1.370702162977159588e+01
1.398875157688466864e+01 1.379283565835826231e+01
1.415514622440420034e+01 1.403438874894269972e+01
1.433284253217869164e+01 1.419654676546445771e+01
1.453753206102371287e+01 1.434129565178541199e+01
1.471795970782291363e+01 1.453846360532750914e+01
1.489993970996235184e+01 1.466705492430315516e+01
1.508608592234799239e+01 1.490139321606491940e+01
1.527983860868918065e+01 1.507304442973709335e+01
1.545666609495199317e+01 1.519150739468857836e+01
1.565678644016126597e+01 1.548264852493366739e+01
1.584101703893768764e+01 1.564936929084080575e+01
1.602373296123599999e+01 1.579745605253767593e+01
1.621014284131020844e+01 1.591270015241512148e+01
1.640081648265482528e+01 1.611717235292958605e+01
1.659570564825805405e+01 1.635500124249132270e+01
1.679119421644665877e+01 1.656089138958367002e+01
1.697170961948283363e+01 1.673996313336033026e+01
1.717578820158718500e+01 1.686029344998001989e+01
1.735619252584703887e+01 1.706791626221542657e+01
1.753963725661679973e+01 1.718795882087841065e+01
1.774894549019142076e+01 1.739516598804002001e+01
1.793524488461895672e+01 1.754497546662087970e+01
1.813124599255578673e+01 1.783301748811470588e+01
1.832420591035824486e+01 1.800950711333220866e+01
1.849592985003090106e+01 1.814651745010732498e+01
1.868476638348793628e+01 1.839881335066188583e+01
1.888294717451275417e+01 1.851247220665290882e+01
1.907009757401963057e+01 1.870845476660365136e+01
1.925790463493036242e+01 1.889138401196331429e+01
1.944881291359900288e+01 1.907577425506395841e+01
1.962501828895716116e+01 1.922293764944464201e+01
1.980939350118064013e+01 1.944209669127663531e+01
1.998799107316741441e+01 1.957954079969450945e+01
2.016595029576427578e+01 1.979068908466800281e+01
2.036244795061753621e+01 1.998037714517662522e+01
