0.000000000000000000e+00 0.000000000000000000e+00
0.000000000000000000e+00 0.000000000000000000e+00
0.000000000000000000e+00 0.000000000000000000e+00
0.000000000000000000e+00 0.000000000000000000e+00
0.000000000000000000e+00 0.000000000000000000e+00
0.000000000000000000e+00 0.000000000000000000e+00
0.000000000000000000e+00 0.000000000000000000e+00
0.000000000000000000e+00 0.000000000000000000e+00
0.000000000000000000e+00 0.000000000000000000e+00
0.000000000000000000e+00 0.000000000000000000e+00
0.000000000000000000e+00 0.000000000000000000e+00
0.000000000000000000e+00 0.000000000000000000e+00
0.000000000000000000e+00 0.000000000000000000e+00
0.000000000000000000e+00 0.000000000000000000e+00
0.000000000000000000e+00 0.000000000000000000e+00
0.000000000000000000e+00 0.000000000000000000e+00
6.723434792390946269e-02 1.345160789916812760e+00
1.209008516297767621e-01 5.027913067045879814e+00
2.834861461605372668e+00 6.381647109294489084e+00
6.223273764313823619e+00 6.562354008103179481e+00
6.490861793788355705e+00 6.630226349071438818e+00
6.689311209614757558e+00 6.722622585953751617e+00
6.798146034890485190e+00 6.836404694775398028e+00
6.889402073893589495e+00 6.985028494128333598e+00
7.040182500909759611e+00 7.093384693861627177e+00
7.130649889440412892e+00 7.253362965544608798e+00
7.298486807758808759e+00 7.378007732932013063e+00
7.492728437806071895e+00 7.468260616047397882e+00
7.584670355892610516e+00 7.734150422350429821e+00
7.729197132375387191e+00 7.884634402383465357e+00
7.890382601191336498e+00 8.058730386329330031e+00
8.095981446137475501e+00 8.222432481486734446e+00
8.272401520607289171e+00 8.382737901092546906e+00
8.442888573758224879e+00 8.530172310834098326e+00
8.581006423428224394e+00 8.668196364578474089e+00
8.735079852039543624e+00 8.827880033852949282e+00
8.960759303417727750e+00 8.890431771441004827e+00
9.112357897191966316e+00 9.038583727743695562e+00
9.186759872598150523e+00 9.265273988906404412e+00
9.421381672899117987e+00 9.327613501267908447e+00
9.576944346991732360e+00 9.506039350563179724e+00
9.739905380603918417e+00 9.649480611030705646e+00
9.897522544509760323e+00 9.793902778343607451e+00
1.006066451326334743e+01 9.938336346689851553e+00
1.021418699956392473e+01 1.010918699440738777e+01
1.037293364530373374e+01 1.029140609430415942e+01
1.053148525371607924e+01 1.046339970388708451e+01
1.069802759747077481e+01 1.058557620907244257e+01
1.085524722792062668e+01 1.072519921644370733e+01
1.102610183777174591e+01 1.092634534314847627e+01
1.118953479572621923e+01 1.112059234110857808e+01
1.136608945901365075e+01 1.121461402864218471e+01
1.153522905018439282e+01 1.146044756508227813e+01
1.172968024989831370e+01 1.151806183976970388e+01
1.188775936698864300e+01 1.175385263675829783e+01
1.206788696923938531e+01 1.192712589984023275e+01
1.222847918221322949e+01 1.212023282372041066e+01
1.242025395002662336e+01 1.232504496460276044e+01
1.260197422206105067e+01 1.243399707664890208e+01
1.276901117292970689e+01 1.257950236588951753e+01
1.295268319679241387e+01 1.282090050936481163e+01
1.314207596734989814e+01 1.297987587168601209e+01
1.331560780863805071e+01 1.311695651108258609e+01
1.349638438584244504e+01 1.335393151754025354e+01
1.368173874333414908e+01 1.345406967798784414e+01
1.386076121847131937e+01 1.370368464998049340e+01
1.404111255589967655e+01 1.385455708827194599e+01
1.422779509543526544e+01 1.401429118995341661e+01
1.439983881028049595e+01 1.415270697107618503e+01
1.457848226314917106e+01 1.432397244137483128e+01
1.476024077933088741e+01 1.454868236396158565e+01
1.494415045137123954e+01 1.474479343030865941e+01
1.513900951378137627e+01 1.486762226682338195e+01
1.530574886112547262e+01 1.512506407188268298e+01
1.549210014131152313e+01 1.524877832273368838e+01
1.567267121223739501e+01 1.550521423169650248e+01
1.586254288477874219e+01 1.554911348475999411e+01
1.605529571505196174e+01 1.579796462575264471e+01
1.623492330809502704e+01 1.601043263493163593e+01
1.641852326651583382e+01 1.618971297360944916e+01
1.659677330254417882e+01 1.635302278892761763e+01
1.679056147431796120e+01 1.652610650700686890e+01
1.697691876430029367e+01 1.669815424614523991e+01
1.718194208230458742e+01 1.688488661631082621e+01
1.736591215912037711e+01 1.709788348875134290e+01
1.754191464219448449e+01 1.736771844547807930e+01
1.773209876448838784e+01 1.745582502934282587e+01
1.791686999499586719e+01 1.754399655297440574e+01
1.810897681805832704e+01 1.775955849900804751e+01
1.829804118653705913e+01 1.796270501496791638e+01
1.848101985933413971e+01 1.823149086433054933e+01
1.869124239302965051e+01 1.837923890391381221e+01
1.887285466817918334e+01 1.850789569191713113e+01
1.904709161105413173e+01 1.870471017673834169e+01
1.924519851246618529e+01 1.899018241647192085e+01
1.945229846288981435e+01 1.914831051199148604e+01
1.963501543953617912e+01 1.931642278102245314e+01
1.981369282991822445e+01 1.950116364178582629e+01
2.000920536047934561e+01 1.963563460878179967e+01
2.021615570842473630e+01 1.978842514110426620e+01
2.038168531009399231e+01 1.998757999554980813e+01
