0.000000000000000000e+00 0.000000000000000000e+00
0.000000000000000000e+00 0.000000000000000000e+00
0.000000000000000000e+00 0.000000000000000000e+00
0.000000000000000000e+00 0.000000000000000000e+00
0.000000000000000000e+00 0.000000000000000000e+00
3.380012680737093378e-02 0.000000000000000000e+00
2.184643985992755499e-02 0.000000000000000000e+00
1.141501979640936887e-01 -3.130322227323462103e-02
9.487422430044623045e-02 4.524359638097252834e+00
2.843661938499382646e+00 4.588838050369289157e+00
4.651004984943729603e+00 4.651977209468380003e+00
4.702162172265747841e+00 4.703218153617815034e+00
4.754540722970555855e+00 4.754750848435683075e+00
4.828038201381045447e+00 4.830944314932277273e+00
4.897894233449438417e+00 4.892734976903027722e+00
4.974789336385337712e+00 5.060341538723964305e+00
5.189344278477772576e+00 5.324497387825688044e+00
5.343695683023155674e+00 5.281627595400008701e+00
5.496367879477107365e+00 5.623450610527590321e+00
5.659528165999459404e+00 5.794319692251225007e+00
5.868367711639472795e+00 5.986420243998804125e+00
6.045202050519832504e+00 6.259094663585346829e+00
6.284984337346877226e+00 6.449998694254211351e+00
6.429853331143724482e+00 6.647474151592815517e+00
6.620977052986487088e+00 6.826653241616194912e+00
6.779527821497945972e+00 6.996118451035964192e+00
6.965343248797745801e+00 7.175349126460853100e+00
7.141265991204690522e+00 7.347683029008087452e+00
7.331195098538281663e+00 7.521637226757181161e+00
7.494504673388188820e+00 7.679341271111083778e+00
7.683123757475927462e+00 7.849053766422309231e+00
7.870185624554106418e+00 8.004245008693619212e+00
8.040808748363428293e+00 8.156424602117546385e+00
8.145721956165745681e+00 8.314580113243007276e+00
8.342459204292504538e+00 8.464069408777705306e+00
8.515811400759998762e+00 8.619297760366695371e+00
8.670402436188552997e+00 8.770328752700040198e+00
8.920755175334628362e+00 8.817026886288990895e+00
9.077791629026995324e+00 8.912541753902738506e+00
9.236003785985959169e+00 9.095723684149264798e+00
9.255771697112573193e+00 9.392469256169247771e+00
9.556666770111194253e+00 9.404724264494198849e+00
9.713102039495257856e+00 9.580478470365964228e+00
9.882744728188740169e+00 9.710019411682685231e+00
1.003878400512713043e+01 9.934840785408180608e+00
1.007253073350065442e+01 1.020934313646358582e+01
1.037364676164484933e+01 1.022049604189327177e+01
1.055003742854561111e+01 1.038653281240870818e+01
1.059806659791678918e+01 1.069983362555593764e+01
1.087946006663023368e+01 1.074033213635938822e+01
1.105112063717347937e+01 1.087128242922538135e+01
1.121441007498387421e+01 1.110092598622869886e+01
1.139550626392562904e+01 1.127310356608667696e+01
1.156208753695649527e+01 1.138566606282868854e+01
1.173774702206945442e+01 1.158865506684903934e+01
1.190275806947362724e+01 1.179045710416500548e+01
1.208208154724784222e+01 1.191223184892038134e+01
1.224999034151608512e+01 1.210759762134505912e+01
1.242711270294628889e+01 1.230728253591988874e+01
1.259727193440781789e+01 1.246912198530142746e+01
1.278060253304815141e+01 1.260990072679016372e+01
1.296140048184856575e+01 1.280145304787346561e+01
1.314882073161597731e+01 1.300391915340400217e+01
1.333102230498630725e+01 1.314925433124501808e+01
1.352333596864502496e+01 1.334190138504143874e+01
1.369808607799125966e+01 1.350766116077508983e+01
1.389144525271000319e+01 1.364936544685621378e+01
1.406978439360971578e+01 1.391839074486872185e+01
1.425536628995642374e+01 1.402767629488954348e+01
1.444279394021821084e+01 1.421045943115981558e+01
1.462997336027317807e+01 1.442308617978857299e+01
1.480711765396050339e+01 1.456090493501123717e+01
1.498772103721266724e+01 1.477536384180320361e+01
1.518482705491764939e+01 1.500619782697929949e+01
1.536840247453455177e+01 1.516563919896462309e+01
1.554746519839812180e+01 1.532940905949220145e+01
1.573990826382403441e+01 1.551356271505918549e+01
1.591917046976043437e+01 1.568124442896536408e+01
1.592581648411254136e+01 1.603006849287549329e+01
1.628090459235939491e+01 1.603987400490278503e+01
1.645884933902920011e+01 1.623515813797211038e+01
1.663788893102318411e+01 1.642449903226263075e+01
1.684834975143057889e+01 1.657858741638309041e+01
1.700575627578201576e+01 1.679905684699426516e+01
1.720501947939916576e+01 1.697106591508699580e+01
1.739495374399287897e+01 1.719135725139325288e+01
1.757716519690960766e+01 1.735642161817308704e+01
1.777136904905396264e+01 1.752552549981110985e+01
1.796622103736353182e+01 1.776496871211148942e+01
1.813534502582993113e+01 1.793828069355274479e+01
1.833228102903998646e+01 1.811493259482982410e+01
1.852456072088575922e+01 1.823638907522221686e+01
1.871456190290609456e+01 1.848715500406376222e+01
1.890277114160999972e+01 1.867183108620338317e+01
1.910465802396114299e+01 1.892314375297137374e+01
1.930003249761073292e+01 1.904942592871235618e+01
1.947825869421853895e+01 1.926741692511941650e+01
1.967587726294529915e+01 1.946756537718675162e+01
1.986352929661680733e+01 1.962587696590387054e+01
2.006415234648445534e+01 1.978353369097729342e+01
2.025177312166106702e+01 2.001439420515447054e+01
