0.000000000000000000e+00 0.000000000000000000e+00
0.000000000000000000e+00 0.000000000000000000e+00
0.000000000000000000e+00 0.000000000000000000e+00
0.000000000000000000e+00 0.000000000000000000e+00
0.000000000000000000e+00 0.000000000000000000e+00
0.000000000000000000e+00 0.000000000000000000e+00
0.000000000000000000e+00 0.000000000000000000e+00
0.000000000000000000e+00 0.000000000000000000e+00
0.000000000000000000e+00 0.000000000000000000e+00
0.000000000000000000e+00 0.000000000000000000e+00
0.000000000000000000e+00 0.000000000000000000e+00
0.000000000000000000e+00 0.000000000000000000e+00
0.000000000000000000e+00 0.000000000000000000e+00
0.000000000000000000e+00 0.000000000000000000e+00
0.000000000000000000e+00 0.000000000000000000e+00
0.000000000000000000e+00 0.000000000000000000e+00
0.000000000000000000e+00 0.000000000000000000e+00
0.000000000000000000e+00 0.000000000000000000e+00
1.900786179316233393e-01 0.000000000000000000e+00
2.357307211766200283e-01 0.000000000000000000e+00
2.888921689971951090e-01 0.000000000000000000e+00
0.000000000000000000e+00 2.372509468372030028e+00
2.898959855860632207e-01 5.906741075452281109e+00
3.536280713223489691e+00 0.000000000000000000e+00
4.797055472544961008e-01 7.187195692404518610e+00
6.757025607245220833e+00 7.269471434340672999e+00
7.288366582246563752e+00 7.498457297004726740e+00
7.364718011921561391e+00 7.671963823020296225e+00
7.641309224361831021e+00 7.831797871571020586e+00
7.891177840054465875e+00 7.973431859408369071e+00
8.027201596448140464e+00 8.143133941988862645e+00
8.241660532486093871e+00 8.147386919255112048e+00
8.298241696266705603e+00 8.419863302463779675e+00
8.459571582047342275e+00 8.574687221315080876e+00
8.662482484601111921e+00 8.719701722769986674e+00
8.857360797990473600e+00 8.800689530489684387e+00
8.998462889714481605e+00 8.945139648502253849e+00
9.092715073032477946e+00 9.158234685601151170e+00
9.300204826478269737e+00 9.246272331947773537e+00
9.451199756414542463e+00 9.401651303790648839e+00
9.609589008689308542e+00 9.566684872797718953e+00
9.765712827511290328e+00 9.739930397866240597e+00
9.915113279340289409e+00 9.860942452413722137e+00
1.007486357466981985e+01 1.002941523299404025e+01
1.023684938916358078e+01 1.017202811256009376e+01
1.040106226962547176e+01 1.029643932270095164e+01
1.055429736135649499e+01 1.047525543969611661e+01
1.072143428690100109e+01 1.061305649243305993e+01
1.088829654813637760e+01 1.077884282079191713e+01
1.105918057361403406e+01 1.099835259293152490e+01
1.123450387220091251e+01 1.111476392001055302e+01
1.140823137369875795e+01 1.130494494567119368e+01
1.158612431047906455e+01 1.143174871633446266e+01
1.174999448074749253e+01 1.166246744220541132e+01
1.192551013738740728e+01 1.178975524985290946e+01
1.209657987973242754e+01 1.198902575103240054e+01
1.227509654970238095e+01 1.214027660887730420e+01
1.245303588333833389e+01 1.226167287331510103e+01
1.263866555989616636e+01 1.246244354031149904e+01
1.282148149938703341e+01 1.264861274680566261e+01
1.300084804082258039e+01 1.279492242860401241e+01
1.318452297116468053e+01 1.299806697121187327e+01
1.336494496198668891e+01 1.318304787058008998e+01
1.353410952477796414e+01 1.335264277940961719e+01
1.372424724833326337e+01 1.352282892034137696e+01
1.389763437113466793e+01 1.370234064639661220e+01
1.407997567921490401e+01 1.386596822170431942e+01
1.426297514305880121e+01 1.404254346568286316e+01
1.444130697062672830e+01 1.414847506109326503e+01
1.462158451067892884e+01 1.439028368384720302e+01
1.479976178898315808e+01 1.461835395906507706e+01
1.498564506166186305e+01 1.471850423695972587e+01
1.516524116157948754e+01 1.485406912439610316e+01
1.534091421377747544e+01 1.511810227550047792e+01
1.552434047004395445e+01 1.525002397313462410e+01
1.569879757678058851e+01 1.552801827627282272e+01
1.588862918580388772e+01 1.556429628099239970e+01
1.605075591574739136e+01 1.582572048822471267e+01
1.624057697162878711e+01 1.592249247289842096e+01
1.643344328041596469e+01 1.608555625870379657e+01
1.661764941215120928e+01 1.634862297196390912e+01
1.681964867619763737e+01 1.652867511807296452e+01
1.699893042049572145e+01 1.665656306692994804e+01
1.720773559597223468e+01 1.680607391582089249e+01
1.738392567438362235e+01 1.706057414017734786e+01
1.757896135983699537e+01 1.723459015055127352e+01
1.775713163169699982e+01 1.732480679782767297e+01
1.795374688379693850e+01 1.761296525577430572e+01
1.814026727842013997e+01 1.772738646304667398e+01
1.831503364641962861e+01 1.787190155408513803e+01
1.850758350715067735e+01 1.809596646369762141e+01
1.868595380975861886e+01 1.827117743990951837e+01
1.888150996791290481e+01 1.844059367495543000e+01
1.905829816507487351e+01 1.862295002004254840e+01
1.924647237177956072e+01 1.878719089447273660e+01
1.942341912757943945e+01 1.901592507224687267e+01
1.962622795728401570e+01 1.914418678843117050e+01
1.980548211926430824e+01 1.934062433041595597e+01
2.000715741887825416e+01 1.960609618187597292e+01
2.018049142321408596e+01 1.960001805689257282e+01
2.038180354986400644e+01 1.989737637481798771e+01
