0.000000000000000000e+00 0.000000000000000000e+00
0.000000000000000000e+00 0.000000000000000000e+00
0.000000000000000000e+00 0.000000000000000000e+00
0.000000000000000000e+00 0.000000000000000000e+00
0.000000000000000000e+00 0.000000000000000000e+00
0.000000000000000000e+00 0.000000000000000000e+00
0.000000000000000000e+00 0.000000000000000000e+00
0.000000000000000000e+00 0.000000000000000000e+00
0.000000000000000000e+00 0.000000000000000000e+00
1.549514322767442213e-02 0.000000000000000000e+00
1.743203613113372338e-02 0.000000000000000000e+00
1.936892903459302984e-02 0.000000000000000000e+00
2.130582193805232935e-02 0.000000000000000000e+00
6.374957977723665070e-02 0.000000000000000000e+00
2.517960774497093532e-02 0.000000000000000000e+00
5.054256302111326260e-02 0.000000000000000000e+00
5.404119341608476512e-02 0.000000000000000000e+00
3.099028645534884427e-02 0.000000000000000000e+00
0.000000000000000000e+00 3.583823000752361931e+00
1.558061586520375352e-01 6.352894975374196562e+00
4.754002207691672588e+00 6.626221163373708478e+00
5.403867607734557765e+00 6.632916251754537917e+00
6.765453520781716357e+00 6.805183548147883954e+00
6.922816547237727214e+00 6.922193168040464251e+00
7.013790210653942481e+00 7.086390795625398198e+00
7.151036492740256101e+00 7.316972712160617398e+00
7.325277303169015042e+00 7.505731671155330353e+00
7.572758854881346480e+00 7.446591972803576098e+00
7.659898914986831286e+00 7.810460265990536222e+00
7.806992864801926224e+00 7.937245825164673363e+00
7.989782553075838401e+00 8.075135732014391721e+00
8.110571251083316113e+00 8.215128699705356752e+00
8.329929767047762112e+00 8.353928096090960764e+00
8.490641750441946911e+00 8.452497570180307562e+00
8.623234019316246446e+00 8.639590528620887611e+00
8.781835733471901051e+00 8.740357268483766262e+00
8.927478950983223527e+00 8.904575086181390375e+00
9.068487411380234064e+00 9.036859293549047933e+00
9.229992690143035361e+00 9.151524866310245088e+00
9.386092344228204709e+00 9.355807771729031330e+00
9.551879893877954331e+00 9.494773853860159818e+00
9.703183915760142497e+00 9.630696995259869553e+00
9.871645577597423227e+00 9.794605697463319771e+00
1.003115326674318730e+01 9.965986052699182807e+00
1.020073532818632600e+01 1.006647597288491269e+01
1.036465917062620967e+01 1.023699151084793435e+01
1.052822138629693960e+01 1.039190316719127516e+01
1.069744064389664118e+01 1.056550910327624138e+01
1.086135495373837756e+01 1.077202895371341640e+01
1.103024813931600434e+01 1.093314466661200512e+01
1.119973905945342807e+01 1.110009589666437790e+01
1.137181636514989869e+01 1.126659703051793571e+01
1.154400636828193250e+01 1.139049152446969337e+01
1.171909773191791793e+01 1.160146025109836998e+01
1.188905306191900912e+01 1.179232182986488020e+01
1.207963154759147884e+01 1.194049734860298884e+01
1.224946498970129483e+01 1.207645300924078846e+01
1.242962999818099057e+01 1.227828416131987055e+01
1.259865621057636886e+01 1.246888712495516849e+01
1.278072483229416711e+01 1.264963826647593415e+01
1.296206828042058312e+01 1.280390685627801162e+01
1.313825285113399843e+01 1.293253593839438409e+01
1.331796267519291632e+01 1.317113569698653919e+01
1.350142805546164482e+01 1.335749274700384781e+01
1.367576625382460342e+01 1.350958522336270740e+01
1.385707837187338853e+01 1.371558764899771887e+01
1.402462194266473183e+01 1.388398777936590278e+01
1.421343265671607980e+01 1.404688099887608388e+01
1.438689125313813122e+01 1.420536432080827538e+01
1.457450528889547670e+01 1.442627299432280807e+01
1.475599145421757719e+01 1.449021923794489908e+01
1.493705222982594982e+01 1.475983892733470704e+01
1.511811697885110206e+01 1.493509392169352168e+01
1.530335513554352467e+01 1.509870023558131358e+01
1.548569110258599757e+01 1.534477097331244444e+01
1.567134737889790941e+01 1.545779544507645653e+01
1.585306859751327302e+01 1.565848235553474765e+01
1.603712548022771145e+01 1.571484744845894532e+01
1.622389743218468539e+01 1.600632695022540020e+01
1.641747049698187055e+01 1.615437663471743690e+01
1.659467885522999353e+01 1.640642441970509324e+01
1.679683226761624226e+01 1.659596996796109281e+01
1.696898185484312549e+01 1.670574902960772334e+01
1.718212086015851625e+01 1.697654622840904537e+01
1.735153926266694313e+01 1.708267918161719834e+01
1.753951585534899138e+01 1.725634057156153389e+01
1.773337358425626320e+01 1.746499100819675476e+01
1.791240611997751131e+01 1.759799340651748878e+01
1.811061470238625759e+01 1.784248004920857156e+01
1.829987900059258621e+01 1.803169119933467357e+01
1.848826083475574222e+01 1.821870605298927615e+01
1.867705290824905262e+01 1.838308643892298377e+01
1.887988776263094692e+01 1.854082510427392450e+01
1.906081852142609989e+01 1.880022529299448664e+01
1.924843609042868664e+01 1.887441701236701519e+01
1.944432540361772155e+01 1.906649897559711349e+01
1.962779927242404909e+01 1.927677699720505444e+01
1.982093933486766701e+01 1.953641213736941395e+01
2.001009845463820724e+01 1.961299058212635060e+01
2.019325264855988777e+01 1.980667467919368718e+01
2.039768868323068318e+01 2.008638254242241317e+01
