0.000000000000000000e+00 0.000000000000000000e+00
0.000000000000000000e+00 0.000000000000000000e+00
0.000000000000000000e+00 0.000000000000000000e+00
0.000000000000000000e+00 0.000000000000000000e+00
0.000000000000000000e+00 0.000000000000000000e+00
2.381993905663159009e-02 6.428508556403949026e-01
5.956078871407801678e-01 2.914125830203837531e+00
2.354506090994772372e+00 3.300303343714020343e+00
3.435658547237263161e+00 3.442969576825390288e+00
3.522336070633173666e+00 3.521493723518736019e+00
3.603983928973121031e+00 3.608189001298546916e+00
3.705316307540127863e+00 3.731625733374045240e+00
3.791360819914736613e+00 3.898541627349997096e+00
3.968587079313710131e+00 4.164599217586794744e+00
4.215227906254671808e+00 4.389746005090756853e+00
4.477435865071816679e+00 4.657023405043286601e+00
4.658983438721433501e+00 4.917462133131255797e+00
4.837019567120077745e+00 5.130657600708713240e+00
5.065766035395562028e+00 5.325648201186282904e+00
5.269575390865244735e+00 5.511521954243516319e+00
5.477398959547452151e+00 5.689559345805791146e+00
5.651769153667486556e+00 5.858739648794618837e+00
5.840325717516415160e+00 6.031664347712059282e+00
6.059477294092985744e+00 6.203318612358858175e+00
6.230957199679989067e+00 6.371096290744408641e+00
6.395743252188139216e+00 6.529824842276649832e+00
6.571624315321998644e+00 6.688930710477011488e+00
6.737840454615031227e+00 6.846318483178178482e+00
6.980347370574752297e+00 6.862411011690772611e+00
7.027831300492805688e+00 7.147629423833536499e+00
7.296635140966849065e+00 7.165141994291089667e+00
7.442020785634890778e+00 7.289704301261830111e+00
7.603794852292184103e+00 7.451245385188054904e+00
7.646187775250552043e+00 7.781509483701896102e+00
7.934261110023943964e+00 7.838788214161554357e+00
8.020093296194154675e+00 8.114796733055960942e+00
8.183321367512554900e+00 8.293396000289247283e+00
8.368325777356588446e+00 8.457983578620153153e+00
8.624176500400016820e+00 8.545720317646514630e+00
8.721783992347406311e+00 8.800910361021287542e+00
8.961561597165330184e+00 8.884222512726100973e+00
9.134010840779186680e+00 9.066334981054382069e+00
9.245602613749170473e+00 9.313444621569265891e+00
9.490195449685451479e+00 9.397290856199758124e+00
9.670835667201840735e+00 9.539163628610307200e+00
9.850885324489695449e+00 9.765468549206248738e+00
9.940936206170249534e+00 1.002619772099351003e+01
1.019930998630824703e+01 1.006993781154989698e+01
1.030442526821048155e+01 1.036759868311991362e+01
1.055260108463736479e+01 1.047840817436249061e+01
1.064765896512644616e+01 1.072674354766684957e+01
1.089123680616970979e+01 1.084264749737450018e+01
1.108264964092756699e+01 1.099053017934534893e+01
1.125849880549376536e+01 1.116552420422017811e+01
1.144213461559402489e+01 1.136888289460837065e+01
1.162248860034483933e+01 1.152761558334595193e+01
1.181041196442704688e+01 1.171490984643198452e+01
1.190532529123243322e+01 1.197178836235344512e+01
1.217059446344832097e+01 1.205991139053564432e+01
1.234404266983372622e+01 1.223961053994470127e+01
1.252732504564814775e+01 1.244147440629103585e+01
1.271292485599858146e+01 1.264167294023651245e+01
1.289138440174330569e+01 1.279256842556905482e+01
1.306843211807439431e+01 1.298954089929167388e+01
1.325299050809114831e+01 1.314267642062360508e+01
1.344379950484074193e+01 1.338801766263947535e+01
1.363405387742840169e+01 1.355698585537411915e+01
1.381541435443858212e+01 1.369711846852935544e+01
1.400666155961750547e+01 1.391219411681379725e+01
1.419296555104334345e+01 1.408710009521233175e+01
1.438166964196897268e+01 1.423155707819760885e+01
1.457084394551813311e+01 1.444912426275104522e+01
1.477328318294564724e+01 1.459365233136147211e+01
1.494753154500061321e+01 1.483478730339759721e+01
1.515064501405853647e+01 1.501373811056408236e+01
1.534152843992537640e+01 1.514513913092004671e+01
1.553461045263261830e+01 1.537934487317189358e+01
1.573880285999017126e+01 1.557864079432476956e+01
1.593875016466144068e+01 1.572092300335674864e+01
1.612615177923056109e+01 1.598347230672746200e+01
1.631318255408812234e+01 1.609805115450532043e+01
1.650111462213521207e+01 1.627998161807196098e+01
1.670125407184624677e+01 1.652501332913610455e+01
1.687297955011775130e+01 1.671797917111383924e+01
1.707629654848865286e+01 1.686688582832772809e+01
1.727331889295370715e+01 1.708853796606934239e+01
1.746002529158380767e+01 1.727469465175290964e+01
1.765556502654885307e+01 1.747249687780669447e+01
1.784880317677005479e+01 1.759433875575039607e+01
1.804246806756989585e+01 1.780648228045185633e+01
1.823446328118972559e+01 1.794804807278453040e+01
1.842771854135883203e+01 1.821419731582497192e+01
1.862327282792546512e+01 1.842504013522212247e+01
1.846829078539403923e+01 1.874945280032777717e+01
1.901130212665089303e+01 1.869006800080241248e+01
1.918117195875444025e+01 1.892477996116420158e+01
1.938932121767319217e+01 1.914543593416787814e+01
1.956950598693084942e+01 1.933248604101944323e+01
1.974443075547773319e+01 1.947601404271032166e+01
1.994369713156527979e+01 1.956846892462380438e+01
2.014840083909469470e+01 1.996120454059364135e+01
