0.000000000000000000e+00 0.000000000000000000e+00
0.000000000000000000e+00 0.000000000000000000e+00
0.000000000000000000e+00 0.000000000000000000e+00
0.000000000000000000e+00 0.000000000000000000e+00
0.000000000000000000e+00 0.000000000000000000e+00
0.000000000000000000e+00 0.000000000000000000e+00
0.000000000000000000e+00 0.000000000000000000e+00
0.000000000000000000e+00 0.000000000000000000e+00
0.000000000000000000e+00 0.000000000000000000e+00
0.000000000000000000e+00 0.000000000000000000e+00
0.000000000000000000e+00 0.000000000000000000e+00
0.000000000000000000e+00 0.000000000000000000e+00
0.000000000000000000e+00 0.000000000000000000e+00
0.000000000000000000e+00 0.000000000000000000e+00
0.000000000000000000e+00 0.000000000000000000e+00
0.000000000000000000e+00 0.000000000000000000e+00
0.000000000000000000e+00 0.000000000000000000e+00
0.000000000000000000e+00 0.000000000000000000e+00
0.000000000000000000e+00 0.000000000000000000e+00
9.028263984945952281e-01 4.887321523761486652e+00
9.416905567920335063e-01 3.549254642249533021e+00
4.101391212158702615e+00 6.751224459775957421e+00
6.383238194777052676e+00 6.116058429945432806e+00
6.886055317654994568e+00 7.065612258674399015e+00
7.023668459003388875e+00 7.207075339470770281e+00
7.206171687871101739e+00 7.372018414629559757e+00
7.435129790545567552e+00 7.379703953099880920e+00
7.514933651128062664e+00 7.684412297958018279e+00
7.620709250511642274e+00 7.808929686303255124e+00
7.923651060171409632e+00 7.768114737021931226e+00
7.949045751136362803e+00 8.091759345999721020e+00
8.120232166261159179e+00 8.240358264725056614e+00
8.359741130843778123e+00 8.326998712795086632e+00
8.485196504076432333e+00 8.531918433437159166e+00
8.639280984872732105e+00 8.671987807459780484e+00
8.807031899465616931e+00 8.783213569749708682e+00
8.952739398260128212e+00 8.921757222802014553e+00
9.086091352190202031e+00 9.106145328382762472e+00
9.257795193370798259e+00 9.240522461113485519e+00
9.415405846150225244e+00 9.397627962652471467e+00
9.572785391170935299e+00 9.526263096570929179e+00
9.724420265904170080e+00 9.693447179235420208e+00
9.889036459461543416e+00 9.825965838002275632e+00
1.004211306006830817e+01 1.001671375030900712e+01
1.020351903122018555e+01 1.013116783115794739e+01
1.037244064043157543e+01 1.032939515635039029e+01
1.053584965324745149e+01 1.049069523764955392e+01
1.069775974970186461e+01 1.055462451971872717e+01
1.086450393988624441e+01 1.078805434670308649e+01
1.103755231828178651e+01 1.097679023533964759e+01
1.121359507629935592e+01 1.110977257462554846e+01
1.138482940861804060e+01 1.123317091130953038e+01
1.156553564749825647e+01 1.147138767260800307e+01
1.174318608428152366e+01 1.166156794500977156e+01
1.191615683119466951e+01 1.178653915533035246e+01
1.208858472337459666e+01 1.195867683070087395e+01
1.226332170318804593e+01 1.218230121636673324e+01
1.243491543030534352e+01 1.231972296439047732e+01
1.261877811325468457e+01 1.246837143537754322e+01
1.279747535790446911e+01 1.265007373840129468e+01
1.297217036398541090e+01 1.284571510921566073e+01
1.314849212428457292e+01 1.299613778200154535e+01
1.333284868796334877e+01 1.312207368623180059e+01
1.350191983175198729e+01 1.337521129408751541e+01
1.369839835754166657e+01 1.351068648264877403e+01
1.385532935350417461e+01 1.371494720049748395e+01
1.403263693095480669e+01 1.385007714195720219e+01
1.421094303215571841e+01 1.405071891115269977e+01
1.439862540532953972e+01 1.413846634385530621e+01
1.458181428581088035e+01 1.443880949336379160e+01
1.475949530655865161e+01 1.458227398919238560e+01
1.495792238985640310e+01 1.480425896862070267e+01
1.513801057394096539e+01 1.496425534507240229e+01
1.533379898517618223e+01 1.514305245718522563e+01
1.551848866878136235e+01 1.536595443030976860e+01
1.571476707992417765e+01 1.543741844769248672e+01
1.590409097639684788e+01 1.556550453108459031e+01
1.608677493061950514e+01 1.584701379193788817e+01
1.627842354682154280e+01 1.601501749085096549e+01
1.646056033393301377e+01 1.620513604324541745e+01
1.666316862015629496e+01 1.631507215789718046e+01
1.684909143145711852e+01 1.652853726859657968e+01
1.704020179575158522e+01 1.669938902890181964e+01
1.722905120154369030e+01 1.686694881257550449e+01
1.741937259810779182e+01 1.714260181822326246e+01
1.759761139086590376e+01 1.723411959346212896e+01
1.780056451703638132e+01 1.743634717795320910e+01
1.798640933018662835e+01 1.760672548046089148e+01
1.817559049369859636e+01 1.785265519734848993e+01
1.836019799397617192e+01 1.791720305551694636e+01
1.853719732628320571e+01 1.805821483443046915e+01
1.873242196487017708e+01 1.823460851548318473e+01
1.892874978323762036e+01 1.854068539986759845e+01
1.909760215495891700e+01 1.867111094365623103e+01
1.930629491051014313e+01 1.886563558672000340e+01
1.948322029156209467e+01 1.911515081707157293e+01
1.965636183331393383e+01 1.925056674665142964e+01
1.985703970777843352e+01 1.941630154099493666e+01
2.005548249129966365e+01 1.963783676082757523e+01
2.022007072110449144e+01 1.978567008857980625e+01
2.043250231505304271e+01 1.997210032279888736e+01
