0.000000000000000000e+00 0.000000000000000000e+00
2.082508546423031126e-01 1.379999675728586173e+00
6.531001460303430262e-02 5.731152815143436552e-01
1.829527681017568908e+00 2.157190559137749819e+00
2.323185306414597306e+00 2.316939006024820280e+00
2.375085892423911993e+00 2.376706869655936138e+00
2.430014900991127824e+00 2.425209201588257368e+00
2.484542408349957210e+00 2.500884104313825240e+00
2.606633870190572466e+00 2.700738681215928860e+00
2.703864570211063523e+00 2.827903971625062240e+00
2.909930952829677953e+00 3.049274221420954056e+00
3.088875164686140096e+00 3.256806125038872235e+00
3.203342612972807757e+00 3.441917753631711818e+00
3.369348512452907674e+00 3.625660252677524564e+00
3.535253974282158484e+00 3.798000415415105468e+00
3.769191004050322924e+00 3.965630432613310052e+00
3.973111156788497578e+00 4.119352442044005080e+00
4.151022145417664788e+00 4.279138804169302368e+00
4.295662216920655752e+00 4.429370739508035726e+00
4.434951703371436516e+00 4.577677998035084350e+00
4.581267522494137268e+00 4.722600905539915850e+00
4.719059544702751019e+00 4.865300092394208242e+00
4.880222595832270471e+00 5.012314478985150146e+00
5.026564640323928579e+00 5.156943329380902163e+00
5.205621226155429326e+00 5.299353850070613881e+00
5.316545166497999020e+00 5.441897211838503168e+00
5.454994074145775862e+00 5.585031352543285976e+00
5.572470889009752959e+00 5.716661534340782502e+00
5.849782868182319184e+00 5.710292086724010119e+00
6.000040820203560443e+00 5.839276002933543097e+00
6.001474509116923706e+00 6.136788427796948220e+00
6.274326161861714546e+00 6.096504120090323831e+00
6.413059478286663229e+00 6.245000523319724550e+00
6.546882483406907483e+00 6.409166589137939241e+00
6.554735549206021972e+00 6.687014987403188115e+00
6.840041336466684996e+00 6.658423151679184748e+00
6.810883160090229538e+00 6.967873389547647456e+00
6.969310908276611372e+00 7.108283954393597170e+00
7.253832229924404906e+00 7.141100584436721022e+00
7.405605240932733757e+00 7.229188494049757274e+00
7.417256594663169444e+00 7.538982899643210445e+00
7.697917562794548196e+00 7.596440491533214434e+00
7.849385136659384976e+00 7.701444576167064682e+00
7.993288102621974645e+00 7.851365526333394129e+00
8.136173515445408455e+00 8.001333759926312794e+00
8.291255037396757288e+00 8.124854971643701518e+00
8.447187607858621661e+00 8.335278757073126599e+00
8.472856757277176243e+00 8.582998039475308261e+00
8.740578294368910761e+00 8.605850061567869247e+00
8.887450920177240477e+00 8.759215936754220166e+00
9.043372408482600378e+00 8.928196876470144261e+00
9.201079802533607577e+00 9.016872390524181213e+00
9.353951217377364458e+00 9.215189485130974134e+00
9.517002637448543467e+00 9.388629954040444758e+00
9.532756731539098638e+00 9.645446683954508771e+00
9.821436488786183361e+00 9.697746580180558240e+00
9.963654017910023697e+00 9.830303584182493282e+00
1.013067348439317072e+01 9.992447057309142622e+00
1.028572742857017630e+01 1.010867927197206839e+01
1.043542760849190287e+01 1.029984782758238460e+01
1.058762729898652211e+01 1.043019413689590280e+01
1.075386024180027178e+01 1.062255902753092407e+01
1.090369552892292404e+01 1.078623455379030105e+01
1.106068347407635244e+01 1.087849360378439023e+01
1.122174965229480392e+01 1.107727843478315677e+01
1.136681092626543688e+01 1.121388094796211377e+01
1.153570929901173869e+01 1.132952556905044261e+01
1.168938204541670345e+01 1.154448967889223709e+01
1.185141651819485809e+01 1.166308038763098054e+01
1.200792588716428000e+01 1.184804212714131033e+01
1.214826736531105666e+01 1.202945510134429341e+01
1.232544621947649510e+01 1.214502536964572776e+01
1.232817765178682734e+01 1.243267398871824803e+01
1.263307413361121334e+01 1.244542793185146046e+01
1.278212732177526512e+01 1.257951138873125529e+01
1.293921144248775690e+01 1.280085887760806784e+01
1.310398844059086088e+01 1.293241555910370089e+01
1.327581301794816682e+01 1.311573293731545320e+01
1.343063499247285009e+01 1.328269406180658407e+01
1.358906236130498968e+01 1.342737646688192577e+01
1.375929393269602663e+01 1.358274179247569258e+01
1.391506106797994491e+01 1.374528980079767493e+01
1.408777776061100973e+01 1.385511615199117408e+01
1.424800029137379731e+01 1.408940285834599848e+01
1.440193988308645245e+01 1.415704090970845286e+01
1.457283945410889459e+01 1.435982751763121890e+01
1.472773220927371618e+01 1.454510814478349801e+01
1.489166547815669261e+01 1.470471452338789931e+01
1.506866887399119292e+01 1.483809246665292747e+01
1.523903132606539224e+01 1.503158205329525465e+01
1.540333027232873242e+01 1.517594259106388854e+01
1.555879726939301655e+01 1.536128323425347908e+01
1.573453669405198951e+01 1.549700486379634867e+01
1.589259691084035708e+01 1.560910535016452449e+01
1.607495591282925673e+01 1.575146855694115544e+01
1.622654260214424582e+01 1.590629593687770793e+01
1.639023179663411867e+01 1.614540268497394138e+01
1.656513905929746500e+01 1.628977488395626949e+01
1.671406584062919265e+01 1.636108243104468229e+01
1.685939576246044425e+01 1.657311267149331968e+01
1.705108211614887281e+01 1.680672950427460322e+01
