0.000000000000000000e+00 0.000000000000000000e+00
2.202985423785199827e-03 0.000000000000000000e+00
6.703661799359056025e-03 -4.491268410457499236e-03
2.181382807162995235e-02 0.000000000000000000e+00
4.158194362412315909e-02 1.845348634124599745e-03
1.145857602370524975e-01 3.201524913993381571e-01
2.068858515661725073e-01 5.296442447110655261e-01
5.612275490922943311e-01 6.391463333745970310e-01
7.462816586400873309e-01 7.188865932670284176e-01
8.493222770091735097e-01 8.143161824692110029e-01
9.512625511458194794e-01 9.290932455184042205e-01
1.050790367799421698e+00 1.017884555706464633e+00
1.147755715403244503e+00 1.125463258243863063e+00
1.246136030899348990e+00 1.232570599358351116e+00
1.345331708111205060e+00 1.320056633697685111e+00
1.443641091934430465e+00 1.404998830927641995e+00
1.542881926006440807e+00 1.521573436551898473e+00
1.640601760676357213e+00 1.611579621422739805e+00
1.743406878155587814e+00 1.693318423005578444e+00
1.842538419850616949e+00 1.796647807787461248e+00
1.940474930812067678e+00 1.881167961987431969e+00
2.034947440657040918e+00 1.993551798886030069e+00
2.129670817976303976e+00 2.088197571525009621e+00
2.221486373785399149e+00 2.176001757793787572e+00
2.320663034719582907e+00 2.275901065972124382e+00
2.416833750532842995e+00 2.367906605504932926e+00
2.512102228860394693e+00 2.452353218131618551e+00
2.608186331460327967e+00 2.557630159377064949e+00
2.704440080237163979e+00 2.651445323430090095e+00
2.795254195340129755e+00 2.755063349882958423e+00
2.895082778795365908e+00 2.845407059616079426e+00
2.992739629321305994e+00 2.933215079761176014e+00
3.092850435375698481e+00 3.033422510186227772e+00
3.185271144190638282e+00 3.121917246284516168e+00
3.283854856984671056e+00 3.236196012528196331e+00
3.375982329265706738e+00 3.328310412471197743e+00
3.476553376185251842e+00 3.422224358865813887e+00
3.563403385695214087e+00 3.511218938529071298e+00
3.664828661375854058e+00 3.602696540421792548e+00
3.761847361279053725e+00 3.698301761908122653e+00
3.858944169869411578e+00 3.796097314244552656e+00
3.956720013451678675e+00 3.902962077574951394e+00
4.053274263804559574e+00 3.968604723728444306e+00
4.145874821576011726e+00 4.087258953888037283e+00
4.246477293949049603e+00 4.208881234546739236e+00
4.341105487512970207e+00 4.264567420691697919e+00
4.440591874652410453e+00 4.358784946128375637e+00
4.537134356277576330e+00 4.484350880510917570e+00
4.635873680118848483e+00 4.573754447117027944e+00
4.731901526501262722e+00 4.659764152743902876e+00
4.826908265442251711e+00 4.773309042597789542e+00
4.929749189150276045e+00 4.864469844130030474e+00
5.022426532245575004e+00 4.986588281339296991e+00
5.124172055668704928e+00 5.047207309800635144e+00
5.216036553028223111e+00 5.095841198641174685e+00
5.316117106971312900e+00 5.220428324857687485e+00
5.411998315310554197e+00 5.317138275813415582e+00
5.505436041625730859e+00 5.411044382919081741e+00
5.600534051852947393e+00 5.499386726134610548e+00
5.692687166053511660e+00 5.602358164205773150e+00
5.790557812647469049e+00 5.702494546061678271e+00
5.884765817486787398e+00 5.822068545828405384e+00
5.981982095565558488e+00 5.924159654491992555e+00
6.076636668602889202e+00 5.980289838659612833e+00
6.174355760751680577e+00 6.120838475514385202e+00
6.273824637596728593e+00 6.187340369903455262e+00
6.369660532984340762e+00 6.277343009189349843e+00
6.468493339996949310e+00 6.382178922104770002e+00
6.568677619920276101e+00 6.483055496873360468e+00
6.662000351972897860e+00 6.584222561502348192e+00
6.758632184833389012e+00 6.671132767600091107e+00
6.868303144029477281e+00 6.731653079774611470e+00
6.953999324380196079e+00 6.849316570858523967e+00
7.048118560955443535e+00 6.918663448102480018e+00
7.142537917961248262e+00 7.049760036364093096e+00
7.242921673074738997e+00 7.146519953083656951e+00
7.344552793726133899e+00 7.263664803482741128e+00
7.445212667123432659e+00 7.312485411438784944e+00
7.539580645091164435e+00 7.426701720213475966e+00
7.634141037300263832e+00 7.521086022371484603e+00
7.736653184022858731e+00 7.623461694972604619e+00
7.826036014020133713e+00 7.689608905898635882e+00
7.932076769955554774e+00 7.843672150524708009e+00
8.026260725936259277e+00 7.905466517550198802e+00
8.119421876373388969e+00 8.048769733544288485e+00
8.220965242395607220e+00 8.118804030860971466e+00
8.312787934862356565e+00 8.221933156285865962e+00
8.414092474618135142e+00 8.256036621342463633e+00
8.517827406237740817e+00 8.382148964853216810e+00
8.606628772315785270e+00 8.493102316305364496e+00
8.701450665583777777e+00 8.566204383660338095e+00
8.797113436737891590e+00 8.663117376711262807e+00
8.889024748217256189e+00 8.755269927121032580e+00
8.985467338476075483e+00 8.841931270500415607e+00
9.081027436735848113e+00 8.970852557170955421e+00
9.172414300991478697e+00 9.052570215644845320e+00
9.267454118516431194e+00 9.145188324869607754e+00
9.372040213363876049e+00 9.263021273451910176e+00
9.469314688535067859e+00 9.329041495340961276e+00
9.563612535761562228e+00 9.425596966290147094e+00
9.667023343651335310e+00 9.551876299635541301e+00
