0.000000000000000000e+00 0.000000000000000000e+00
0.000000000000000000e+00 0.000000000000000000e+00
5.146099115090988635e-02 0.000000000000000000e+00
3.270256915951050281e-02 0.000000000000000000e+00
2.721445707530052716e-02 0.000000000000000000e+00
2.762202685463505808e-02 3.466305786052130689e-01
2.101955451733643065e-01 5.682963958758175949e-01
6.371169039363022701e-01 6.923850734602976509e-01
7.678695433427950023e-01 7.971628372765281467e-01
9.049651408148238207e-01 8.850208803498729182e-01
1.012298651260879367e+00 9.915154857737839000e-01
1.116769772360771684e+00 1.087657538945431712e+00
1.221866811841426204e+00 1.181731081142470163e+00
1.323368990155012304e+00 1.289803201022237555e+00
1.428543829392253439e+00 1.392032872985623282e+00
1.529212595203325975e+00 1.499395166838247473e+00
1.633643202871363886e+00 1.589118140787501687e+00
1.732086889084430759e+00 1.705427944367164494e+00
1.835392770264871354e+00 1.791428327115891284e+00
1.935546002220312367e+00 1.899553793948850267e+00
2.035905378445976410e+00 2.003643421540463265e+00
2.132171176212076968e+00 2.109547897157278751e+00
2.237333731045040963e+00 2.197555009413020066e+00
2.336859690609179196e+00 2.305235713753226889e+00
2.443373499387782477e+00 2.393037516130662734e+00
2.546398890504310231e+00 2.499358870802976362e+00
2.647822713627685065e+00 2.615258322816814474e+00
2.749555962567991063e+00 2.689502175025390240e+00
2.851512334452049657e+00 2.809472551464157419e+00
2.958688863109281808e+00 2.892251412157404999e+00
3.064161455232033759e+00 3.022248348738032053e+00
3.168974069481345079e+00 3.090087122611287374e+00
3.271477641606310272e+00 3.198793207311457998e+00
3.369632903409149005e+00 3.287720612899172501e+00
3.473590037886354676e+00 3.393486104568248063e+00
3.577154650368520983e+00 3.511915485345204591e+00
3.684262867146300025e+00 3.630024246608358318e+00
3.778413394783002754e+00 3.692580212132333450e+00
3.882274133524491688e+00 3.810182961739311036e+00
3.987670526330116427e+00 3.893313693357754346e+00
4.090380831414080376e+00 3.994107495627694959e+00
4.183988631372410616e+00 4.101057504012530330e+00
4.289940778217451900e+00 4.201556556130059406e+00
4.383938800109151046e+00 4.315357632103520302e+00
4.493010006751121388e+00 4.418849628469084578e+00
4.595633586931484160e+00 4.522233815858035300e+00
4.694321324401379059e+00 4.617711314830884817e+00
4.796710152280564188e+00 4.706661443240346188e+00
4.901811395002177107e+00 4.823259289289310026e+00
5.002302719461825475e+00 4.927096004240858917e+00
5.106016885355941781e+00 5.052169819793850714e+00
5.199654543779987925e+00 5.144482914195501522e+00
5.301985265510257506e+00 5.198546876232262193e+00
5.406926902156968140e+00 5.330373019628455999e+00
5.505314713720657949e+00 5.422202659806985459e+00
5.610706074221083917e+00 5.517535617693472005e+00
5.715493554221082739e+00 5.666614370649789123e+00
5.813580640280557432e+00 5.700541115601809317e+00
5.913553041113137176e+00 5.838354928642113251e+00
6.023962495533627504e+00 5.905222194915426215e+00
6.124777283380761439e+00 6.033857051860834098e+00
6.220194211828009578e+00 6.103392142264786990e+00
6.318923142272174331e+00 6.249099657209190362e+00
6.423651652776634968e+00 6.346097579256602117e+00
6.533359387123124584e+00 6.474453503080164651e+00
6.642210864566740369e+00 6.539757677336858421e+00
6.743801598837912081e+00 6.622451101817741659e+00
6.839801082510276409e+00 6.758978163838503583e+00
6.951720781494396206e+00 6.844341334610227534e+00
7.046916716648466306e+00 6.929771560062616409e+00
7.160549346617349542e+00 7.044306842414289171e+00
7.254994062085184936e+00 7.148338218873895755e+00
7.356480397934231696e+00 7.264818900344059749e+00
7.455152869054309406e+00 7.360040229490550701e+00
7.560915276808811036e+00 7.458748913825214544e+00
7.661531828065723637e+00 7.545530756375883996e+00
7.762134092966111787e+00 7.632181300013081149e+00
7.860932943624002078e+00 7.730969122902354052e+00
7.974994720614939858e+00 7.839239465984759292e+00
8.060784693223817854e+00 7.959118968353467771e+00
8.165298658612250904e+00 8.048283515059280191e+00
8.266435504958936420e+00 8.188642047941819158e+00
8.365273487364628835e+00 8.257371990272792672e+00
8.470535991467382786e+00 8.302568904222688673e+00
8.572247349161083108e+00 8.442832219911020175e+00
8.665289272892067629e+00 8.506559344425655311e+00
8.772053058708095818e+00 8.674714226716732313e+00
8.877932823929903350e+00 8.780428450502094861e+00
8.973312222859091136e+00 8.842209164270739663e+00
9.082085470274892103e+00 8.963922629519807117e+00
9.184315760016716013e+00 9.075744716895675523e+00
9.283333262685443898e+00 9.159607844268554899e+00
9.386182560159001653e+00 9.258413834286995936e+00
9.490298363462702724e+00 9.357170427584778238e+00
9.592060991494092193e+00 9.498245136931107169e+00
9.695338891616101407e+00 9.563376204104205414e+00
9.797084193254708140e+00 9.686710052192699649e+00
9.902975090519817059e+00 9.764338254930875038e+00
1.000306634774075043e+01 9.829905394769742344e+00
1.010682840944267369e+01 9.965904166468360970e+00
1.020585822566763490e+01 1.005942190807019543e+01
