0.000000000000000000e+00 0.000000000000000000e+00
0.000000000000000000e+00 0.000000000000000000e+00
0.000000000000000000e+00 0.000000000000000000e+00
0.000000000000000000e+00 0.000000000000000000e+00
0.000000000000000000e+00 0.000000000000000000e+00
2.579933978364689837e-02 0.000000000000000000e+00
1.041210557602649445e+01 2.271628985823255675e+01
1.241417191200477887e+01 2.736423516888670804e+01
3.121700656432107834e+01 3.177850682243044034e+01
3.236440678721592690e+01 3.237935057614328116e+01
3.223881653349748433e+01 3.223820808796707382e+01
3.223474781128525279e+01 3.223439184978333572e+01
3.219853005450646322e+01 3.219773592113582339e+01
3.218812184480923833e+01 3.218762036878901256e+01
3.216552604138922078e+01 3.215507273833548396e+01
3.216673119227231581e+01 3.216668952390341474e+01
3.219416721544357785e+01 3.221639077585399491e+01
3.225708711694186093e+01 3.248270236279402923e+01
3.236485875655458244e+01 3.291826951545035485e+01
3.256002258489223067e+01 3.339538094212654329e+01
3.291440337801115135e+01 3.376617516757458759e+01
3.325051025995345100e+01 3.412383672826626224e+01
3.369658307979427292e+01 3.448250109887101900e+01
3.419350105394075001e+01 3.483758944054203965e+01
3.452806365671953870e+01 3.514634030974309553e+01
3.490240184597526962e+01 3.545433628230755119e+01
3.523123166626729841e+01 3.573584595726004665e+01
3.563240089612972383e+01 3.603311742220299863e+01
3.595753380207519001e+01 3.628828498047021611e+01
3.626950354005258248e+01 3.656349922198760538e+01
3.653721252882713344e+01 3.681469915802867376e+01
3.686173770638691138e+01 3.707802489147010760e+01
3.708354794519739528e+01 3.732288505714262072e+01
3.734614407685320714e+01 3.757468204409796897e+01
3.759941672686878178e+01 3.785203912533206250e+01
3.782819836721552775e+01 3.809008662618644081e+01
3.806023633534808681e+01 3.835609045895739655e+01
3.823275971499879944e+01 3.859980961817343825e+01
3.841193287857689143e+01 3.884053934779726092e+01
3.860235584145437571e+01 3.908727325041247269e+01
3.883912267211833580e+01 3.932455317108882298e+01
3.903843920854253469e+01 3.954394977926484245e+01
3.928512536659393817e+01 3.976397514806800615e+01
3.994824635103830701e+01 3.942105906067589416e+01
4.014741917325644494e+01 3.953415192238416864e+01
3.978588897109405309e+01 4.039014413283809546e+01
4.057427704647835043e+01 3.999838936853796412e+01
4.026648270592129109e+01 4.080924982051536887e+01
4.047983460813766499e+01 4.102610440363844901e+01
4.122718211846052583e+01 4.063043496777903840e+01
4.143733444616104578e+01 4.079930539182912952e+01
4.166185578577459125e+01 4.112455161740006560e+01
4.119453170710210799e+01 4.190065314200840163e+01
4.211705589298460239e+01 4.152010394543067662e+01
4.234178527328742803e+01 4.177966732276215112e+01
4.257997281004397649e+01 4.184545910910684086e+01
4.217277558098145818e+01 4.284483332196583660e+01
4.237873738722188222e+01 4.309197407218051268e+01
4.272126332531161097e+01 4.332465338648732711e+01
4.292105159245511459e+01 4.356853452263121795e+01
4.323463968453719275e+01 4.380311947660030825e+01
4.338699173268257425e+01 4.408065499760392925e+01
4.431730009014458460e+01 4.348996966528194008e+01
4.458568338770144379e+01 4.367781035555585589e+01
4.483462210853803498e+01 4.399909102449296228e+01
4.508864210466250455e+01 4.430221746708552644e+01
4.535093143117101278e+01 4.452110110834876622e+01
4.560997393663952693e+01 4.465117540966831200e+01
4.587561544051087026e+01 4.478173793678909220e+01
4.612839349164976710e+01 4.534156584633019094e+01
4.545622927138337843e+01 4.636034124808502099e+01
4.577503191941971750e+01 4.659939303250899911e+01
4.688769681960223323e+01 4.593556664745736384e+01
4.713870527563939561e+01 4.600533958101523524e+01
4.738577461401546742e+01 4.630302140991418014e+01
4.767154791620207277e+01 4.670249167201807694e+01
4.790744816596527045e+01 4.700880232652907154e+01
4.818785046755959200e+01 4.726393533739809527e+01
4.844670318195445446e+01 4.742780476873308970e+01
4.870077461423512943e+01 4.777368721575663102e+01
4.896072350293607656e+01 4.803020357691873699e+01
4.922269285794972404e+01 4.821228403690057718e+01
4.947753355032296696e+01 4.854705762164257976e+01
4.972828943394714685e+01 4.876780428164305903e+01
4.999285081991314428e+01 4.902249895948543923e+01
5.024685284491298631e+01 4.926285435079295638e+01
5.050349566634965726e+01 4.972328421648590790e+01
5.078213633835797935e+01 4.981774314220314892e+01
5.009980983995184545e+01 5.098183909369896583e+01
5.129292101722131747e+01 5.028734510843917604e+01
5.155107654861877364e+01 5.052686490236772698e+01
5.182717059574468266e+01 5.084145419217293949e+01
5.207654130877874366e+01 5.117899826985490108e+01
5.236828634420783857e+01 5.140391191810299176e+01
5.262197738886525400e+01 5.156292448399936035e+01
5.289196177728511117e+01 5.201533319747454698e+01
5.315490589676246458e+01 5.215882085663743339e+01
5.344102604446263882e+01 5.244777917535196821e+01
5.371403160946279343e+01 5.268296855520463140e+01
5.288325091844205161e+01 5.388191341550635372e+01
5.425107847556460428e+01 5.337809047552342179e+01
