0.000000000000000000e+00 0.000000000000000000e+00
2.375825649564510065e-03 0.000000000000000000e+00
1.323370066175340830e-02 -8.348902333842975350e-05
8.364039210796828105e-02 -2.345769786743981313e-03
1.821884786898967656e-01 0.000000000000000000e+00
1.756541593522029654e-01 3.909280712247491518e-01
5.013099363874967684e-01 4.774059471381210673e-01
6.046583199960604560e-01 5.879022320054896333e-01
7.095619686910848989e-01 6.993276753899130282e-01
8.073573771035615909e-01 7.957056330647708231e-01
9.015071483005585584e-01 8.793057040479891340e-01
9.951879699858523498e-01 9.603061218553058387e-01
1.090760051176071999e+00 1.074296307830489017e+00
1.188031612230112444e+00 1.158879257611279856e+00
1.279716924480708728e+00 1.236335781560012448e+00
1.369889374822165218e+00 1.345971766308396766e+00
1.463367078324996351e+00 1.438480380908208067e+00
1.558516500943565308e+00 1.515405451093053468e+00
1.650670579838250163e+00 1.628265850096205281e+00
1.740453224629877171e+00 1.707604042892028939e+00
1.834539993782575262e+00 1.787052843319811846e+00
1.922047551559693312e+00 1.891657438107039679e+00
2.016920711927053578e+00 1.986542187146958405e+00
2.110255045118411665e+00 2.076116446956118633e+00
2.202686442932585198e+00 2.164486364011012576e+00
2.297434038592286232e+00 2.261085488661074283e+00
2.385455109113143735e+00 2.345550446788505550e+00
2.475053453628412115e+00 2.444311491233313038e+00
2.569051171812001488e+00 2.516265786496306944e+00
2.659898004311114672e+00 2.598902337649181771e+00
2.752271119796898091e+00 2.692770945184557174e+00
2.843570532932544914e+00 2.770883820062052028e+00
2.936328208359887171e+00 2.897213379925632548e+00
3.027590356106556690e+00 2.987243803503124795e+00
3.119449354844601174e+00 3.076978380483654796e+00
3.206616586507088584e+00 3.154330799972286936e+00
3.301986636489406379e+00 3.250266280610117242e+00
3.397543306710736122e+00 3.323498111726234328e+00
3.483340720699561466e+00 3.405432987120362132e+00
3.578435369350882134e+00 3.520349399410130253e+00
3.673896152291633133e+00 3.590595029082556788e+00
3.762795608320654406e+00 3.689298559693246826e+00
3.851359547225962743e+00 3.795689656121733702e+00
3.944927188519146366e+00 3.881106825423201290e+00
4.033110072624343623e+00 3.963055433800754646e+00
4.123449004892271397e+00 4.044913085924878082e+00
4.214554467046871089e+00 4.151749087804311067e+00
4.305823079818852150e+00 4.242597583580135279e+00
4.397735311702928307e+00 4.333227916045655270e+00
4.487272337677815415e+00 4.413020528014277133e+00
4.579271225436230885e+00 4.503540198337804057e+00
4.671706440360236634e+00 4.603657768995658373e+00
4.763544851921405865e+00 4.685900688128254110e+00
4.854948067046328752e+00 4.789986299805573111e+00
4.944104334666600487e+00 4.858377962795436211e+00
5.040614159520753645e+00 4.982369515278811001e+00
5.126898131428896832e+00 5.084336544387581647e+00
5.224004800030301432e+00 5.167782534330418009e+00
5.311543156127255472e+00 5.255362753921845709e+00
5.412870259441023180e+00 5.353327394795194039e+00
5.502675647147019511e+00 5.436144336524653120e+00
5.595460400938184975e+00 5.514422995879804112e+00
5.685993718647116779e+00 5.617932870371722842e+00
5.773205964689848813e+00 5.669170603777407891e+00
5.868079983503388775e+00 5.776724213398872543e+00
5.959887392695503827e+00 5.865475134826075632e+00
6.054119768868815754e+00 5.988486865000478332e+00
6.149271505897935697e+00 6.040353886321091714e+00
6.232354101269305779e+00 6.153106382319027290e+00
6.319694802851870463e+00 6.230778685970914665e+00
6.421028808728768134e+00 6.343429360402313755e+00
6.514487240987766548e+00 6.420596269388954447e+00
6.611375184860826870e+00 6.510479335848288862e+00
6.697602166556582581e+00 6.615270077743422128e+00
6.790758523415560077e+00 6.684953868044003045e+00
6.879096588795166944e+00 6.786095645026412271e+00
6.976656915189442643e+00 6.880506012769322055e+00
7.064709830276208358e+00 6.972100790564867978e+00
7.154724563572345097e+00 7.035012363999235241e+00
7.245722638349248790e+00 7.167682481760418334e+00
7.340451214740349783e+00 7.239621227886368082e+00
7.433299917077610175e+00 7.359570604052254161e+00
7.520532591154674762e+00 7.432648971417808781e+00
7.613739137743372076e+00 7.504575996480226330e+00
7.696294859295628399e+00 7.598280304901689597e+00
7.786138321904624071e+00 7.682118014145438600e+00
7.882411366140661180e+00 7.803725837204775750e+00
7.966057561393985686e+00 7.899789584732440417e+00
8.068632108520329638e+00 7.953404419940845571e+00
8.156209497589184565e+00 8.062342773426268039e+00
8.243249158089383855e+00 8.138389610133485164e+00
8.349418130987398712e+00 8.213529113477477495e+00
8.440307538358512218e+00 8.330863577047908919e+00
8.523423793583758012e+00 8.428468563822653081e+00
8.626429813009144354e+00 8.513923037383710479e+00
8.714355006081145660e+00 8.602173388632472495e+00
8.811467162748225945e+00 8.642965752879025132e+00
8.901174643491311045e+00 8.795170250213686813e+00
8.986118723491578919e+00 8.887730852504027723e+00
9.086820970842314438e+00 8.954704986971112390e+00
9.175743352997754343e+00 9.057163705864638814e+00
