0.000000000000000000e+00 0.000000000000000000e+00
0.000000000000000000e+00 0.000000000000000000e+00
0.000000000000000000e+00 0.000000000000000000e+00
0.000000000000000000e+00 0.000000000000000000e+00
0.000000000000000000e+00 0.000000000000000000e+00
0.000000000000000000e+00 0.000000000000000000e+00
0.000000000000000000e+00 0.000000000000000000e+00
1.724809619425336504e-01 2.248205090316849120e+00
2.198987805077527558e+00 2.319302959033115563e+00
2.409464905839650228e+00 2.448157050700880966e+00
2.500228526136897056e+00 2.488899359522412258e+00
2.594235327807473457e+00 2.606542552742789010e+00
2.694091984006345974e+00 2.707478518971230042e+00
2.830568045466601568e+00 2.910741475031001890e+00
2.927302969637723518e+00 3.069802661807452537e+00
3.116942387085002597e+00 3.268155389700571956e+00
3.301908840922574306e+00 3.448085448679895304e+00
3.446089275864119283e+00 3.613163104723824848e+00
3.611706090250953238e+00 3.778192268433600898e+00
3.771518969320456272e+00 3.927884885699586270e+00
3.935826851715021668e+00 4.071963736275762358e+00
4.128739241237180835e+00 4.223386360004938389e+00
4.268627275197736104e+00 4.375805223455312642e+00
4.424737738561718814e+00 4.521091998204812334e+00
4.560128835826850136e+00 4.665510078610066280e+00
4.690547881995230206e+00 4.802329259236466363e+00
4.870079381257627738e+00 4.937149461974636111e+00
4.997696946506626325e+00 5.073604454780631379e+00
5.201509988663200801e+00 5.154083676784630974e+00
5.295672139912623422e+00 5.344587202384963653e+00
5.434580315935573225e+00 5.506857623886417308e+00
5.580044306311543245e+00 5.648123913200147506e+00
5.784571947773712530e+00 5.721260685883462926e+00
5.932556652015931853e+00 5.822059965388665326e+00
6.073132373256210137e+00 5.950103717831774830e+00
6.207654368584172744e+00 6.140802738681874651e+00
6.291700335507370845e+00 6.356168680372035418e+00
6.502622140013044394e+00 6.456759447726416745e+00
6.655531322162467234e+00 6.593230896293029275e+00
6.813873736048893015e+00 6.731929391135958340e+00
6.961865599327221155e+00 6.870703282335354878e+00
7.113462864917685202e+00 7.038971273568432885e+00
7.266948850103329249e+00 7.160628197208761314e+00
7.420085032225675725e+00 7.308267542533640970e+00
7.483660150422699608e+00 7.556137998581288429e+00
7.720749200366586074e+00 7.625942376694438529e+00
7.881292740093623905e+00 7.800713389683623156e+00
8.032420519638836964e+00 7.942263176822994097e+00
8.187896190868350743e+00 8.086955878526428165e+00
8.254823340445756941e+00 8.324436008840130796e+00
8.500035017061220444e+00 8.415106167196107378e+00
8.645998600197474460e+00 8.524567107807497379e+00
8.803826297512484800e+00 8.712805240702582665e+00
8.969487206590148531e+00 8.879427903928911903e+00
9.120973201773573180e+00 9.028899892529171467e+00
9.281149737811270839e+00 9.186465747797424086e+00
9.437103284875540510e+00 9.353084735741056477e+00
9.603967226849574601e+00 9.513770850711775751e+00
9.759178208876846838e+00 9.620111241261533053e+00
9.913106101866798525e+00 9.801206854833433013e+00
1.007681683656325156e+01 9.959270637018450500e+00
1.022655401057775215e+01 1.010007345271856494e+01
1.040238190224944859e+01 1.027691621072125550e+01
1.056101797006919618e+01 1.040574593028834194e+01
1.070461481940807325e+01 1.062856402771412156e+01
1.086963136360570914e+01 1.079760418157812296e+01
1.102805354380121194e+01 1.093751604685341761e+01
1.119743709511673302e+01 1.108923527289067579e+01
1.135403751451478982e+01 1.125456319449919818e+01
1.152438365943909382e+01 1.134664923625115662e+01
1.167924720798314020e+01 1.154507434438708735e+01
1.184223680303317394e+01 1.171850716067189246e+01
1.202243865114236954e+01 1.185597570467625061e+01
1.217694515650190823e+01 1.202535194883013858e+01
1.234400686597010655e+01 1.216005124162318651e+01
1.250370905379663355e+01 1.233321880455274844e+01
1.266457735833876974e+01 1.249088800969547108e+01
1.283553497047303082e+01 1.269341584289671054e+01
1.298734261548352897e+01 1.278001039550243512e+01
1.315560227818800065e+01 1.300282458375123440e+01
1.331198103203490035e+01 1.315883291211778783e+01
1.347284887691063560e+01 1.326905740999888295e+01
1.363351158879646263e+01 1.346140917171706342e+01
1.378854746242048002e+01 1.363363013844712768e+01
1.395264121933954016e+01 1.376678701974399033e+01
1.410939403557351746e+01 1.394616487501772539e+01
1.427214283750796930e+01 1.400587064419988081e+01
1.443710616146677239e+01 1.419101992434342563e+01
1.459957307573552932e+01 1.439659705612447382e+01
1.475898587313013977e+01 1.456364545385117459e+01
1.492955256831995925e+01 1.471857469577164856e+01
1.508979539740284359e+01 1.487194046435002548e+01
1.525503917479064242e+01 1.499939716856639293e+01
1.542104924483943762e+01 1.520257242305384437e+01
1.558365228773291733e+01 1.534637941403402728e+01
1.574307015139083177e+01 1.545279273171091994e+01
1.566025442589747385e+01 1.580662729249685938e+01
1.604956118595835690e+01 1.573125930382656712e+01
1.620959709314677966e+01 1.590680455116069858e+01
1.636237377215417155e+01 1.606791146140921001e+01
1.652392410035033876e+01 1.632868088246279470e+01
