0.000000000000000000e+00 0.000000000000000000e+00
0.000000000000000000e+00 0.000000000000000000e+00
0.000000000000000000e+00 0.000000000000000000e+00
0.000000000000000000e+00 0.000000000000000000e+00
0.000000000000000000e+00 -1.530540441043449704e-02
2.201085531824996111e-01 1.096132368778890975e-01
9.990095618694629087e-02 3.639966279710054042e+00
7.397185035070660830e-02 -2.370526989026427653e-02
7.352773014351787317e+00 8.611285793124332955e+00
8.100235260744376831e+00 8.520926566807551339e+00
8.520915759903797237e+00 8.510051470266720486e+00
8.563850295325117656e+00 8.548604796150119256e+00
8.585913508199208621e+00 8.601222612020528402e+00
8.620492145490793234e+00 8.657734972366803561e+00
8.705269289258103171e+00 8.787620338163179667e+00
8.896656760230481353e+00 9.087359658671887885e+00
9.151623619697630829e+00 9.322933442344840671e+00
9.401314907814320776e+00 9.610005937378858221e+00
9.634988365685668299e+00 9.929422102081806756e+00
9.883629308588295359e+00 1.019202791087165672e+01
1.005469857813803003e+01 1.043799787047659322e+01
1.028187732793106157e+01 1.070245945763806539e+01
1.047878945755923041e+01 1.092234951499991347e+01
1.081438533503426846e+01 1.113874587076757194e+01
1.104295841486675478e+01 1.136424669461341530e+01
1.134899838315255849e+01 1.158803444939279004e+01
1.154770974286790874e+01 1.179561974163401317e+01
1.180520990334622056e+01 1.200016548177529074e+01
1.202781265494730256e+01 1.220278466250367089e+01
1.229249463440063117e+01 1.240013538332735621e+01
1.245042886581069297e+01 1.259245378073647892e+01
1.267766974317503959e+01 1.278943031689652265e+01
1.287881082756110551e+01 1.298762051164778164e+01
1.310359542263629962e+01 1.318197319953517166e+01
1.329393896750186066e+01 1.336568269635943551e+01
1.345852476581224799e+01 1.353697277764888796e+01
1.370313909951145703e+01 1.356728895976643123e+01
1.363985268713077836e+01 1.390129679451553812e+01
1.405907789225031479e+01 1.384925258203971588e+01
1.385720018144226628e+01 1.426875980507079866e+01
1.416538548159110888e+01 1.447800041892489453e+01
1.441858099836701790e+01 1.465538651150664506e+01
1.482669218946089096e+01 1.453360313893583289e+01
1.464289231632617394e+01 1.504399045646685984e+01
1.489185005252646832e+01 1.524170248289208374e+01
1.542796372137367378e+01 1.503669661881386865e+01
1.561094133256436045e+01 1.520875134706506238e+01
1.580449592293349248e+01 1.546104649344278670e+01
1.565286906103252917e+01 1.600645851757889204e+01
1.620284846753286345e+01 1.586436794020077201e+01
1.640852516595077404e+01 1.600134650896658428e+01
1.620032915579425392e+01 1.660919254510421439e+01
1.680510690809175145e+01 1.644051680119035197e+01
1.700908197399886745e+01 1.658786972716443486e+01
1.685823043736291282e+01 1.719619070079707157e+01
1.740994582342270292e+01 1.710942905083685872e+01
1.761132497399348296e+01 1.722518638562551274e+01
1.780996654775411869e+01 1.744274822129668223e+01
1.758285552908960270e+01 1.801010360572916724e+01
1.780148240263497428e+01 1.823836588153889338e+01
1.844262408029833011e+01 1.805351738382184834e+01
1.866062407932535905e+01 1.824899959587791898e+01
1.884282461993876368e+01 1.845800660315564912e+01
1.905987192459702584e+01 1.866528639600143791e+01
1.926890360271451641e+01 1.886633220181625958e+01
1.902924425256159680e+01 1.944554973026322031e+01
1.968891944616156664e+01 1.925463930511017807e+01
1.989248593869893611e+01 1.952029315080785210e+01
2.011859355256970616e+01 1.966811365690411151e+01
1.991820174333597038e+01 2.028849558953169563e+01
2.053887656122503813e+01 2.016935293063887258e+01
2.074819913938100058e+01 2.030504522876174889e+01
2.056959199384406389e+01 2.092647962779507864e+01
2.117246703465646718e+01 2.075741093714835728e+01
2.137173695085356684e+01 2.096674708148268707e+01
2.117182726007063209e+01 2.154427067308361643e+01
2.179837025522098770e+01 2.139333165426396732e+01
2.200768381423593922e+01 2.162046039102415307e+01
2.222809145939220343e+01 2.187018266996150118e+01
2.244820293419210699e+01 2.201640944125853139e+01
2.266721220233656098e+01 2.227708752908515066e+01
2.287613529078170060e+01 2.249130266616823803e+01
2.309812361220041055e+01 2.272273545460296518e+01
2.331935285943597336e+01 2.296591588487896729e+01
2.352461159670322033e+01 2.321794235840802401e+01
2.375713928308476142e+01 2.331774469733481325e+01
2.396672779434936018e+01 2.352504086915347159e+01
2.419115534247787025e+01 2.382178837900301005e+01
2.441289634152843746e+01 2.406055756589087835e+01
2.465121497190028421e+01 2.429270290449947112e+01
2.486049132503046621e+01 2.448827596452188615e+01
2.509206241094791068e+01 2.472589290786940097e+01
2.531597043277145076e+01 2.496432013011787276e+01
2.553593641658373414e+01 2.517216194051357903e+01
2.574376262520742031e+01 2.542285080796509789e+01
2.596331090137584141e+01 2.565677631649724688e+01
2.617587466960126008e+01 2.591565615603495942e+01
2.642806190374413333e+01 2.611868375177075308e+01
2.663717113757729749e+01 2.627034021505361849e+01
2.683975711716090373e+01 2.646951481988530119e+01
2.709345561354394860e+01 2.682011081867945634e+01
