0.000000000000000000e+00 0.000000000000000000e+00
4.697494473315058996e-03 1.328983153435936860e-04
7.608858037344666536e-02 1.853258735290398695e-02
1.894612649007962057e-01 3.889296112943837341e-02
3.001817697105894633e-01 1.756396784793275156e-01
3.998869403921833654e-01 2.754409681148936029e-01
4.894132092375303444e-01 4.298139662989740040e-01
5.750607412576227429e-01 5.296856684495208079e-01
6.639826722991615249e-01 6.220613689033881455e-01
7.458669930421489846e-01 7.135559256959854713e-01
8.304972807396089340e-01 8.025920660745287094e-01
9.149992628094134606e-01 8.820487977159766624e-01
9.939285552326189155e-01 9.811832450903079650e-01
1.075581515475178662e+00 1.042476786799974686e+00
1.160669323108665330e+00 1.137699783385438757e+00
1.242704220347047750e+00 1.202865578067363828e+00
1.326927855011150514e+00 1.304924320247693448e+00
1.409549612927473827e+00 1.359582576995283398e+00
1.496630730614356253e+00 1.462321447528923235e+00
1.579653961687954578e+00 1.546670982057304800e+00
1.663635902442746728e+00 1.618649504697154740e+00
1.747244686267603209e+00 1.711684756660456275e+00
1.830000198966716951e+00 1.800223756572505440e+00
1.912865158929263787e+00 1.874812864264729040e+00
1.996648898025154217e+00 1.944244409334233925e+00
2.081189210811127399e+00 2.026946144496838631e+00
2.160791129029135949e+00 2.107884136162759159e+00
2.245211590151015457e+00 2.197322879005605856e+00
2.330761428267109192e+00 2.277330567237956682e+00
2.412564774583165317e+00 2.362589957063079282e+00
2.497949357356084921e+00 2.433716051357223797e+00
2.579076595173243724e+00 2.517183689213366549e+00
2.663187472535205380e+00 2.611878243156501966e+00
2.745109985154933430e+00 2.677814964535183417e+00
2.830055371114611695e+00 2.762427414967419725e+00
2.912467986461436453e+00 2.864620969127638528e+00
2.996592512738915914e+00 2.929156922336633606e+00
3.078863080533179808e+00 3.005958650718903780e+00
3.159364056639183627e+00 3.107338380520297427e+00
3.245929061977828933e+00 3.151271651304859756e+00
3.326353332465527224e+00 3.246773152254596617e+00
3.406664134926979948e+00 3.339514290363293281e+00
3.494926190041027336e+00 3.409455240495479877e+00
3.576780571858359625e+00 3.522078651813516093e+00
3.662103266725626582e+00 3.588429761825843833e+00
3.745189173304243280e+00 3.665701869774367072e+00
3.825671450323182565e+00 3.765323674150368838e+00
3.908147989504681341e+00 3.839611963561563979e+00
3.998501324739834661e+00 3.918535766035232903e+00
4.082070388574324582e+00 4.004394768041541042e+00
4.161318871907646155e+00 4.087831629696633939e+00
4.251576296459096405e+00 4.176253325451931175e+00
4.329019870920467916e+00 4.247008224884181615e+00
4.415845576155791541e+00 4.327723572411324326e+00
4.500416808320777839e+00 4.418823939733554695e+00
4.582462702776570751e+00 4.486116916622944650e+00
4.669698178044356496e+00 4.569499682849063049e+00
4.747041782598381054e+00 4.675060381581998215e+00
4.823298640637661450e+00 4.734718577646368054e+00
4.913509537162475738e+00 4.820373427194253324e+00
4.989933886413501440e+00 4.915715749796481404e+00
5.078515830717439172e+00 4.984378968850574410e+00
5.156335153425039231e+00 5.074808995336919537e+00
5.243550847722906028e+00 5.154243363981687587e+00
5.327730233817917771e+00 5.258045667311163740e+00
5.407518234200789031e+00 5.321602358214208017e+00
5.489321732223957362e+00 5.410432073584797941e+00
5.575583579140934276e+00 5.491140750612178323e+00
5.655163938534389700e+00 5.561333228710390486e+00
5.734944384099827985e+00 5.649195474987344312e+00
5.824052483720169704e+00 5.730496855569604087e+00
5.903693547023163291e+00 5.817994597780827171e+00
5.994090782528042283e+00 5.878935166689505998e+00
6.071103962118066910e+00 5.965383714669052928e+00
6.158011535517624147e+00 6.078137353422056854e+00
6.240837331454667236e+00 6.154533241793531673e+00
6.322426517616538177e+00 6.242575072967224692e+00
6.409844692537594035e+00 6.263665022419391271e+00
6.494386514680090094e+00 6.376524275438552714e+00
6.569328094935573681e+00 6.450447401373381240e+00
6.663897426675324809e+00 6.554504172327292544e+00
6.741832578759217043e+00 6.660613702132628156e+00
6.825751852954349275e+00 6.725467969307239002e+00
6.903484479276134955e+00 6.772977636098207910e+00
6.985292224878273615e+00 6.935946085519904436e+00
7.073813537413681907e+00 6.960115995103338449e+00
7.152118133496927044e+00 7.060911758697936413e+00
7.238900360546516310e+00 7.154265195350162365e+00
7.324928516785473853e+00 7.197749709694964082e+00
7.412160858102893712e+00 7.296136536788200289e+00
7.493405962636964013e+00 7.370072390714741850e+00
7.585105321831628444e+00 7.475896556925951231e+00
7.662743225744375941e+00 7.553574505377897097e+00
7.749406999085126202e+00 7.583527868324613230e+00
7.831004098363739452e+00 7.700270855830225081e+00
7.913306367941872033e+00 7.808134831075326687e+00
7.998864780107298067e+00 7.890726422304248366e+00
8.081407841743773801e+00 7.995104729221734097e+00
8.160403260773467338e+00 8.049625215943338574e+00
8.248334401938031135e+00 8.141175182012302614e+00
8.331669537184835050e+00 8.216010628053245668e+00
