0.000000000000000000e+00 0.000000000000000000e+00
0.000000000000000000e+00 0.000000000000000000e+00
0.000000000000000000e+00 0.000000000000000000e+00
0.000000000000000000e+00 0.000000000000000000e+00
0.000000000000000000e+00 0.000000000000000000e+00
0.000000000000000000e+00 0.000000000000000000e+00
1.486172417700452053e-01 3.504805109910805183e-02
3.554994309653251583e-01 8.562032838352678921e-01
2.822386283818251851e+00 3.584563873445196780e+00
4.103962177613776241e+00 4.163140635095751385e+00
4.285017522397582823e+00 4.283661979134976150e+00
4.364251020720605112e+00 4.364692769603516709e+00
4.434540411313328434e+00 4.434298501115432778e+00
4.496272119280680712e+00 4.534922057360776471e+00
4.607775049979235149e+00 4.722461703339725148e+00
4.752834162619262948e+00 4.957209637925505952e+00
4.911410490968007636e+00 5.116225040337202046e+00
5.132955990775635691e+00 5.348029548653530973e+00
5.349169083394789581e+00 5.581790782388843297e+00
5.532912808498368307e+00 5.758320312025258403e+00
5.697781477353220048e+00 5.974841199622335175e+00
5.936529012319074816e+00 6.160873858243145484e+00
6.144909900917951084e+00 6.345663195365671250e+00
6.362493780601672810e+00 6.525383321280912696e+00
6.519502314962942080e+00 6.694313921106285648e+00
6.664460129182811166e+00 6.869764177851314102e+00
6.833737487942657118e+00 7.042499457028943866e+00
6.985104284822162946e+00 7.215948236498352486e+00
7.180070157454856883e+00 7.375546742530430855e+00
7.343327927072370365e+00 7.540410313887887739e+00
7.514548106539743699e+00 7.708710487329208050e+00
7.688966827220157896e+00 7.868064424311726590e+00
7.861308300954129358e+00 8.031955999789051504e+00
8.040311459723753273e+00 8.193961500747318993e+00
8.201929358076979426e+00 8.351905866140196366e+00
8.358096192144394365e+00 8.507169132534587064e+00
8.525789885887773423e+00 8.668898198131262944e+00
8.827886428001123775e+00 8.682759546623859848e+00
8.979170347154896703e+00 8.814688370354296865e+00
9.138614239107480941e+00 8.981410224482074156e+00
9.131765786995270417e+00 9.316752920543327932e+00
9.468895930638227654e+00 9.281695735178754347e+00
9.636300259265192736e+00 9.446004861035918410e+00
9.798155419176730163e+00 9.614972711292310237e+00
9.966161465140579878e+00 9.806460397684583441e+00
9.972678049203853590e+00 1.012880985435044323e+01
1.029576393363635312e+01 1.015681559990306226e+01
1.033633216273918976e+01 1.044585806329612687e+01
1.048333332130738960e+01 1.060915871917093511e+01
1.079523477673955689e+01 1.059341926954917490e+01
1.097105734528096299e+01 1.082157378507249845e+01
1.113805551759681833e+01 1.094574349939982483e+01
1.132159123163330783e+01 1.109168823675573101e+01
1.132155623738247741e+01 1.148150301338919022e+01
1.165595595004317175e+01 1.151929404593692396e+01
1.183702485337644283e+01 1.169851921701615538e+01
1.187340565408357662e+01 1.198708139357537661e+01
1.217486997210978217e+01 1.203413890785167517e+01
1.235859167422939819e+01 1.223457457966236106e+01
1.252943925206468023e+01 1.237640135664767627e+01
1.271576901888645494e+01 1.254689472539305939e+01
1.290960588811631204e+01 1.275721545251148115e+01
1.309102621224532292e+01 1.294694356034613492e+01
1.328198923110616292e+01 1.307021247600293989e+01
1.329828505364778302e+01 1.342833259523754386e+01
1.364035401743735321e+01 1.341839613011140386e+01
1.383006313059439130e+01 1.362987964680438324e+01
1.400410526601512196e+01 1.375202137297073790e+01
1.419320585706705806e+01 1.401281780582868386e+01
1.437756751658527143e+01 1.420777768877771230e+01
1.455679751467478766e+01 1.433756754275080425e+01
1.474606863444238769e+01 1.454862595955390425e+01
1.493355896148597317e+01 1.470804424693312917e+01
1.510770593918356930e+01 1.492008169467696099e+01
1.528499454545343106e+01 1.502094091611535731e+01
1.548047120130399179e+01 1.516070515625723125e+01
1.566114070746917974e+01 1.545158775284669517e+01
1.586737509901341348e+01 1.560384139488569488e+01
1.576379679377852305e+01 1.599110929677005011e+01
1.623205752622790143e+01 1.600066194168592304e+01
1.640745866261913477e+01 1.621533254336355867e+01
1.661126764207792306e+01 1.633374772953989407e+01
1.678832335743025084e+01 1.654411669601813273e+01
1.696369635806921750e+01 1.678056583860493944e+01
1.716100489395683582e+01 1.694216758669186973e+01
1.735040245881453558e+01 1.710742872323598363e+01
1.754671403454022638e+01 1.732329794585913163e+01
1.773709901383866594e+01 1.744390128996502298e+01
1.791569032780707715e+01 1.773988410057448917e+01
1.811337638239989190e+01 1.782938187506695726e+01
1.830328852920645488e+01 1.807665785071714737e+01
1.849915724853614307e+01 1.827629209689175838e+01
1.868803407107119341e+01 1.846107325349504436e+01
1.887046840338076947e+01 1.857934797558321094e+01
1.907253858540573788e+01 1.880831375482509671e+01
1.925688311465890479e+01 1.902564663353147978e+01
1.946296396871989032e+01 1.918403081587381465e+01
1.965333476306886595e+01 1.933225840378253935e+01
1.984234547604507526e+01 1.952717865151913301e+01
2.003287372340487238e+01 1.969192200688802075e+01
2.022831289613082717e+01 1.993634460786992335e+01
