0.000000000000000000e+00 0.000000000000000000e+00
0.000000000000000000e+00 0.000000000000000000e+00
0.000000000000000000e+00 0.000000000000000000e+00
0.000000000000000000e+00 0.000000000000000000e+00
0.000000000000000000e+00 0.000000000000000000e+00
0.000000000000000000e+00 0.000000000000000000e+00
0.000000000000000000e+00 0.000000000000000000e+00
0.000000000000000000e+00 0.000000000000000000e+00
2.606036725214835176e-02 0.000000000000000000e+00
3.483622800062585734e-02 0.000000000000000000e+00
0.000000000000000000e+00 0.000000000000000000e+00
9.799287415514865845e-03 0.000000000000000000e+00
1.197690684118483603e-02 -1.524333597968979305e-02
1.306571655401982113e-02 0.000000000000000000e+00
1.964141422477467258e-01 4.355468495625653413e-01
7.889116755890183963e-02 0.000000000000000000e+00
1.702716865913227462e+00 5.802430920741063147e+00
5.246437842955986142e+00 5.416833752973308158e+00
6.180835034774212033e+00 6.385796826565883322e+00
6.287544301433807270e+00 6.391736958817486602e+00
6.515801077118839046e+00 6.516425448102344475e+00
6.503881661405727321e+00 6.669651495034393918e+00
6.700008002313188271e+00 6.673295660285279318e+00
6.818706594364133622e+00 6.939542847614325716e+00
6.921886644740414596e+00 7.115182605339771094e+00
7.119419577967583734e+00 7.224538680478754138e+00
7.277671857131554844e+00 7.389736876816987099e+00
7.454872446595133262e+00 7.616326984757728624e+00
7.602711377836326889e+00 7.771152839516610733e+00
7.751954476337466815e+00 7.897348995419590345e+00
7.922464010179330884e+00 8.052290069456716992e+00
8.118304024320515566e+00 8.199116190885360922e+00
8.319690157034745681e+00 8.283641391394450437e+00
8.415469567304207033e+00 8.514222474981368194e+00
8.567854486244863566e+00 8.674449419672701111e+00
8.734164090070548170e+00 8.824872105213142248e+00
8.883838985808885980e+00 8.974793769435702728e+00
9.037800401808748774e+00 9.117318249544865694e+00
9.269629589179913864e+00 9.202459386928646623e+00
9.427365917838637088e+00 9.344701870747286421e+00
9.578124904478901414e+00 9.511280749160023973e+00
9.740686145737184276e+00 9.650827183291347922e+00
9.885856517665001064e+00 9.807427839542365078e+00
1.004921149595527119e+01 9.978182275298369319e+00
1.021259428925153934e+01 1.013191625865728263e+01
1.037979487668850886e+01 1.024851313094396410e+01
1.053759168574281979e+01 1.044732818991306011e+01
1.070266512788436053e+01 1.062481154581235820e+01
1.087485246862219590e+01 1.074128348838374691e+01
1.103655173415334367e+01 1.090511157754511906e+01
1.120762519004087032e+01 1.111708210233788741e+01
1.138571077784654406e+01 1.131281522822727581e+01
1.155035938580311061e+01 1.141106552196945856e+01
1.172671743102767294e+01 1.164037732089710886e+01
1.189468501350919993e+01 1.178174001368880930e+01
1.207729237971276959e+01 1.191472401681166460e+01
1.226292057079091613e+01 1.212590065458940991e+01
1.243050646015331395e+01 1.229776785739647593e+01
1.260126039956796795e+01 1.242715446449438410e+01
1.278368195348027214e+01 1.262129818273076332e+01
1.296155327663910128e+01 1.282683552633935875e+01
1.315021259339889603e+01 1.302252013903425976e+01
1.334040604057397061e+01 1.313911500660707432e+01
1.352024516113657526e+01 1.334876181634306569e+01
1.369254499336081388e+01 1.347735584679446141e+01
1.388023816900114582e+01 1.367026221915082829e+01
1.407010268522715890e+01 1.383269832715657799e+01
1.424259666507355426e+01 1.402613089275239133e+01
1.444087300742387114e+01 1.416613723121266055e+01
1.462182131735900192e+01 1.433612383438291893e+01
1.479603710315558196e+01 1.455190487138624711e+01
1.497657005232183636e+01 1.473798902306348779e+01
1.515649599532827096e+01 1.491725288418963302e+01
1.535416845773433536e+01 1.512713993944801416e+01
1.554434351531480552e+01 1.534789115751185129e+01
1.572300953474206153e+01 1.545790058250594612e+01
1.591472440511559405e+01 1.566466894776068308e+01
1.610353739715112198e+01 1.581665324690851016e+01
1.629895079134627167e+01 1.596493722725676001e+01
1.647482584818505202e+01 1.618489002714885316e+01
1.665856868175834649e+01 1.642914544617104156e+01
1.684943759552852072e+01 1.657340307241177513e+01
1.704104640202525900e+01 1.674093133647468434e+01
1.722911753801602686e+01 1.687458009773713030e+01
1.741091795215026394e+01 1.708728080195151122e+01
1.758715270393557972e+01 1.721767387394021753e+01
1.779052396759976773e+01 1.747702348716927290e+01
1.796039788203473364e+01 1.768050647875853087e+01
1.815670167561115278e+01 1.786123305324945676e+01
1.834433977004182736e+01 1.803235858904769984e+01
1.851355285018801666e+01 1.815378516202020975e+01
1.871163990389991483e+01 1.833942801155137303e+01
1.889513657626778453e+01 1.854865491923896670e+01
1.907925132696119519e+01 1.869887529488481448e+01
1.925951953184038956e+01 1.886289516529198806e+01
1.946069999456656774e+01 1.916794146915790265e+01
1.963533541806205918e+01 1.932503616186548356e+01
1.982697551639245503e+01 1.949227971810678284e+01
2.002211764355407553e+01 1.962717399768936843e+01
2.020025770839934509e+01 1.987288230101344766e+01
2.039944042333344498e+01 2.004305404193654283e+01
