0.000000000000000000e+00 0.000000000000000000e+00
0.000000000000000000e+00 0.000000000000000000e+00
0.000000000000000000e+00 0.000000000000000000e+00
0.000000000000000000e+00 0.000000000000000000e+00
0.000000000000000000e+00 0.000000000000000000e+00
5.973879086276114025e-02 0.000000000000000000e+00
8.817592938197769958e-02 4.648421119878956564e-02
2.542219489814914746e-01 -2.321843732602318217e-02
3.019755001318836118e+00 2.640982772570887427e+00
4.458398688401127075e+00 4.262581609555510909e+00
4.177684518568414163e+00 4.336023950719739339e+00
4.383886505248285381e+00 4.377393489904080504e+00
4.464655614445085519e+00 4.514979518325593411e+00
4.533561539946411756e+00 4.608947473899853264e+00
4.725869464229784711e+00 4.780583645007427940e+00
4.860491145610287056e+00 4.964207806625466013e+00
4.948733903513630850e+00 5.142262194786823670e+00
5.149401957992528089e+00 5.311100665457111347e+00
5.315365960306887239e+00 5.528166166701129924e+00
5.500643122330256318e+00 5.758764865771960118e+00
5.707178349462643574e+00 5.990004044371836756e+00
5.919149953167374356e+00 6.182867971443984700e+00
6.160558435300722557e+00 6.365281209080649205e+00
6.347034376434726788e+00 6.541925165502137318e+00
6.530382864797655174e+00 6.722555558549476729e+00
6.736884246316960478e+00 6.895461286504784404e+00
6.925269336856549884e+00 7.064438152258320613e+00
7.106861724597769658e+00 7.219855356695666693e+00
7.276073061312239965e+00 7.388264134809157113e+00
7.454883880535574825e+00 7.549271223229980343e+00
7.631335568276133685e+00 7.712735223083552860e+00
7.799857810105126354e+00 7.869451342557749030e+00
7.950057467461913774e+00 8.038718144197158466e+00
8.110395939185343295e+00 8.198724470395836406e+00
8.270321214676588539e+00 8.353843602035613713e+00
8.497509273248482486e+00 8.414389202489276798e+00
8.539706289369060954e+00 8.666466150763524112e+00
8.713074068046772425e+00 8.834797496543874473e+00
8.861533329052145191e+00 8.993911135444731642e+00
9.143591985362792940e+00 9.039366366354686377e+00
9.305494913694735359e+00 9.116788963790634526e+00
9.467392034603578921e+00 9.310683099298271870e+00
9.629622083973179869e+00 9.476702091981755061e+00
9.804511248668523749e+00 9.627548911062939752e+00
9.974465490881783580e+00 9.819615272964837160e+00
1.014337473801608347e+01 9.942258617346581673e+00
1.031591532477504636e+01 1.015338356429681888e+01
1.048725108281977469e+01 1.032224947295103945e+01
1.046936866827410739e+01 1.065022882489700784e+01
1.083323035954018820e+01 1.062880204670876516e+01
1.100593430529806405e+01 1.075000066138074040e+01
1.117944511964265253e+01 1.098729060425948489e+01
1.115217465533001828e+01 1.134465687109394061e+01
1.151579638072891676e+01 1.132981614473334986e+01
1.147437345150122212e+01 1.168217858684857902e+01
1.187169577300973700e+01 1.165452654581890357e+01
1.203854181000216883e+01 1.185295326815511352e+01
1.223201262554969126e+01 1.194167562553378303e+01
1.241613395418852228e+01 1.222050393879673358e+01
1.259577746647277685e+01 1.235267461864520122e+01
1.254341036301588197e+01 1.272675066929807386e+01
1.293100141721180485e+01 1.273964694543636433e+01
1.289335121781733839e+01 1.305618786977747448e+01
1.327080746791446053e+01 1.307523138311131206e+01
1.344836917429828382e+01 1.324404932566974225e+01
1.345936981439283642e+01 1.358943565928134589e+01
1.379778844420215478e+01 1.358268056920575084e+01
1.397535744667592006e+01 1.376899402708293962e+01
1.415004810081586584e+01 1.399687041624084216e+01
1.435268081708488097e+01 1.410950515132295457e+01
1.453221151648444653e+01 1.433759856009596234e+01
1.472536989022451692e+01 1.443506249720302215e+01
1.489834024918154221e+01 1.465825206695806138e+01
1.486614033658463541e+01 1.503617562203728575e+01
1.526837662968368114e+01 1.500012881982657831e+01
1.544863931054703343e+01 1.519823344729226910e+01
1.563937915617404961e+01 1.538900307162786518e+01
1.582871627597240050e+01 1.559125716948816809e+01
1.600049779920841431e+01 1.570325000773984669e+01
1.620948360737754612e+01 1.594208144366059088e+01
1.638767549122685807e+01 1.610366450309398445e+01
1.657887870844331957e+01 1.633440079694358360e+01
1.678074594581055123e+01 1.641552263684249979e+01
1.696563395593248913e+01 1.669989012766502512e+01
1.715975313275808745e+01 1.686052414845991976e+01
1.736607223723646598e+01 1.707147064340003340e+01
1.754579987675668207e+01 1.723472259367504122e+01
1.739972882373081120e+01 1.766777891139816603e+01
1.791223914484950441e+01 1.761756431056883088e+01
1.808359339489472362e+01 1.780311489962822336e+01
1.827737050238494732e+01 1.800971094323828581e+01
1.845729098851430905e+01 1.820494336962908477e+01
1.863859075763677708e+01 1.838251412650810579e+01
1.884018606191101242e+01 1.858543947986900235e+01
1.902767267158174747e+01 1.875898719045150997e+01
1.922422242361361810e+01 1.898635466521820092e+01
1.940818626353348009e+01 1.915935998413223018e+01
1.960392121928689235e+01 1.935931477523304522e+01
1.979007613684886380e+01 1.953719168675173279e+01
1.998598547543415549e+01 1.973328452687236023e+01
2.018404416713605798e+01 1.992159220332914060e+01
