0.000000000000000000e+00 0.000000000000000000e+00
0.000000000000000000e+00 0.000000000000000000e+00
0.000000000000000000e+00 0.000000000000000000e+00
0.000000000000000000e+00 0.000000000000000000e+00
0.000000000000000000e+00 0.000000000000000000e+00
0.000000000000000000e+00 0.000000000000000000e+00
0.000000000000000000e+00 0.000000000000000000e+00
0.000000000000000000e+00 0.000000000000000000e+00
4.338122026511866125e-02 0.000000000000000000e+00
1.309374321347265280e-01 -8.540437708709167422e-03
4.880387279825849217e-02 0.000000000000000000e+00
1.250516798876963209e+00 3.535630185405486792e+00
4.052133088172244157e+00 5.071665900052110487e+00
5.060243778018351790e+00 5.119364710566085108e+00
5.107053709516895523e+00 5.304518714714355987e+00
5.293981675171703927e+00 5.329693091185842668e+00
5.420218636379015464e+00 5.416145755757323599e+00
5.554062538733326448e+00 5.549091426369680669e+00
5.663217144606895737e+00 5.788710803257431259e+00
5.829883033366701994e+00 6.001482864811217510e+00
5.995008103591237258e+00 6.216929916292134095e+00
6.183374733158204073e+00 6.382656267814273754e+00
6.382099480110261069e+00 6.525559168712292468e+00
6.536278550784290431e+00 6.659730227248441103e+00
6.744123913543189630e+00 6.846282782004680989e+00
6.884394117884808928e+00 7.068079321342020549e+00
7.047428032740910453e+00 7.256855383369576806e+00
7.211758131698800867e+00 7.432978696952803332e+00
7.383899655271971341e+00 7.605084548554419399e+00
7.554219976478946386e+00 7.757834435867370537e+00
7.728130107338284205e+00 7.913476873125523170e+00
7.900182416565688648e+00 8.059697010787370886e+00
8.091206427851984628e+00 8.222633488463287676e+00
8.279097996909904111e+00 8.375093370886480315e+00
8.439652603024091704e+00 8.530669178841089106e+00
8.610497666953296658e+00 8.681439838776237039e+00
8.769418899734683137e+00 8.831932138684404521e+00
8.983158326784538517e+00 8.918263704274972170e+00
9.136693929704653883e+00 9.046041967010660656e+00
9.291594247116137240e+00 9.172032070090752498e+00
9.449021822601487486e+00 9.308489456515143701e+00
9.469379280532137955e+00 9.617669665542129209e+00
9.669341761504430366e+00 9.782381915808874950e+00
9.815222057306172587e+00 9.946747291563326598e+00
1.011516759178857505e+01 9.994554108120556890e+00
1.027322909630039405e+01 1.012575097017063719e+01
1.043748331641803695e+01 1.029093399480586157e+01
1.061629566401671987e+01 1.049024522967752304e+01
1.078500497741561936e+01 1.067210739180426593e+01
1.094736929102830203e+01 1.078382443844018823e+01
1.112273752737099919e+01 1.100918232886732007e+01
1.128728273004965388e+01 1.117181531601251976e+01
1.147234506229007067e+01 1.133025073039102182e+01
1.164585342634185139e+01 1.151434828748240946e+01
1.181796088986001969e+01 1.170535777948136946e+01
1.198254952257331141e+01 1.186825125245094803e+01
1.216776767109100454e+01 1.204209222392802836e+01
1.235101267832841643e+01 1.221594704416963140e+01
1.250764402704386846e+01 1.235717640439512621e+01
1.269189720669595900e+01 1.253860045888796115e+01
1.285261194798975737e+01 1.273918242471128970e+01
1.302928969827351935e+01 1.289404075699155250e+01
1.320815591611483342e+01 1.308081775915029787e+01
1.337562725391606655e+01 1.324570985929932476e+01
1.356629147470220076e+01 1.343646927193698914e+01
1.374174244789102062e+01 1.362102717650998684e+01
1.392496396111241097e+01 1.379797986283959332e+01
1.409901838227566806e+01 1.397212767696660762e+01
1.428297167979043891e+01 1.408125525520884125e+01
1.446804818999906672e+01 1.431628514840271116e+01
1.465454245133766165e+01 1.449324898128257288e+01
1.483417606199294703e+01 1.467412455330980592e+01
1.502528447584620963e+01 1.484901187738809192e+01
1.519408997977410358e+01 1.496650708841123034e+01
1.539615292727225437e+01 1.519500548234599080e+01
1.541458714747339798e+01 1.548546300370869844e+01
1.573198923749451339e+01 1.555307118976389980e+01
1.590853388232150856e+01 1.570715725205384850e+01
1.609049585189120535e+01 1.578489440824421131e+01
1.628160591429767479e+01 1.607834248559840162e+01
1.647109286590161403e+01 1.629155340255938356e+01
1.665780647434198514e+01 1.648384532708536554e+01
1.685351380820936029e+01 1.662988581923073994e+01
1.703204559376325733e+01 1.682358002780085116e+01
1.722491152222124811e+01 1.701634973285794672e+01
1.739861083382460194e+01 1.725468108692359692e+01
1.759223117782844170e+01 1.735001243990348740e+01
1.777821254892142022e+01 1.754676994589048178e+01
1.797239155325390669e+01 1.777154336111770760e+01
1.816445632855651837e+01 1.803987670088903883e+01
1.835496087279328492e+01 1.818747294676060733e+01
1.854854034545797958e+01 1.830722118768310480e+01
1.873503484146606013e+01 1.842589350495898159e+01
1.892200312702131981e+01 1.872066458583886472e+01
1.911436271283318789e+01 1.895793313161610527e+01
1.930303808087262496e+01 1.907033466180155656e+01
1.950605570540803768e+01 1.925582741075987059e+01
1.968602023989090455e+01 1.943664031357504030e+01
1.988775528963028094e+01 1.962745960807972168e+01
2.010158029018391446e+01 1.981943575639464328e+01
2.029135686265809824e+01 2.002559287617435402e+01
