0.000000000000000000e+00 0.000000000000000000e+00
0.000000000000000000e+00 0.000000000000000000e+00
0.000000000000000000e+00 0.000000000000000000e+00
0.000000000000000000e+00 0.000000000000000000e+00
0.000000000000000000e+00 0.000000000000000000e+00
0.000000000000000000e+00 0.000000000000000000e+00
0.000000000000000000e+00 0.000000000000000000e+00
0.000000000000000000e+00 0.000000000000000000e+00
0.000000000000000000e+00 0.000000000000000000e+00
0.000000000000000000e+00 0.000000000000000000e+00
0.000000000000000000e+00 0.000000000000000000e+00
0.000000000000000000e+00 0.000000000000000000e+00
0.000000000000000000e+00 0.000000000000000000e+00
0.000000000000000000e+00 0.000000000000000000e+00
0.000000000000000000e+00 0.000000000000000000e+00
0.000000000000000000e+00 0.000000000000000000e+00
0.000000000000000000e+00 0.000000000000000000e+00
0.000000000000000000e+00 0.000000000000000000e+00
3.502131411627362051e-02 -3.021485846487942037e-02
7.375407550776451326e-02 -3.347653232472699858e-02
2.138405205459710245e-01 2.605528442026405322e+00
7.415845484118246400e-01 0.000000000000000000e+00
2.044062194146433420e+00 7.034947937803887719e+00
3.528997552165807683e+00 7.201705344626852856e+00
6.609221806434057989e+00 7.106346344965719375e+00
7.117828246369557021e+00 7.377330221727449455e+00
7.341347972914403108e+00 7.531419793336249668e+00
7.555926767433672531e+00 7.673160901272710888e+00
7.772833100406358220e+00 7.728796972909276697e+00
7.906038595811410552e+00 7.819413809182048425e+00
7.991609526760639959e+00 8.107256934090647960e+00
8.144337898551128774e+00 8.251145001628144016e+00
8.324065499826996728e+00 8.393527403038623547e+00
8.524992402957321858e+00 8.481583709136607752e+00
8.630546786053391983e+00 8.680190835850408959e+00
8.813491634407949249e+00 8.775464079172561327e+00
8.928305161686827418e+00 8.971256985988988575e+00
9.112346408198565229e+00 9.079547975674829630e+00
9.261579362916233293e+00 9.219024947158453998e+00
9.418308053355223919e+00 9.369801769291990823e+00
9.571897629196062240e+00 9.538957401685077997e+00
9.728611412032803329e+00 9.650217054900341651e+00
9.892529028922474765e+00 9.838489403261116095e+00
1.004954261068500543e+01 9.930159217699937813e+00
1.021761057102749248e+01 1.011680640852343238e+01
1.037828388853559503e+01 1.028907122051969480e+01
1.053973886375510638e+01 1.041499725413217092e+01
1.071576322786128799e+01 1.059855048399793276e+01
1.088569038509349518e+01 1.080772045367673151e+01
1.106200828045362350e+01 1.090836940894101303e+01
1.122181247280718530e+01 1.112392932287250957e+01
1.138723149236723486e+01 1.131070437017617358e+01
1.156352546751210042e+01 1.148293968084144900e+01
1.172958388422062193e+01 1.159930865598027871e+01
1.190236410732537031e+01 1.182020764357534759e+01
1.207389703966827810e+01 1.198353266109423565e+01
1.225417839745163029e+01 1.210091813918464965e+01
1.243286588970814321e+01 1.223158870569400314e+01
1.260520688122917221e+01 1.242454375607566952e+01
1.278719293909991528e+01 1.266043778636058725e+01
1.296497289304840272e+01 1.281414359635797950e+01
1.313383864437929205e+01 1.300405421152729879e+01
1.331665586755791608e+01 1.320061074445090910e+01
1.349826441614606942e+01 1.329445427537284452e+01
1.368829802398022366e+01 1.354120955205207899e+01
1.386958073006096726e+01 1.371514948680335877e+01
1.404272310391945311e+01 1.391897191276238921e+01
1.422133922543529394e+01 1.404618016395176028e+01
1.440563951217912475e+01 1.427237151490370159e+01
1.458623907495216621e+01 1.446345084275261961e+01
1.477150367874086356e+01 1.455896177113499768e+01
1.495471404424916884e+01 1.475590016345320343e+01
1.512916892174752981e+01 1.491707918212124007e+01
1.531899305437807079e+01 1.514222821167793498e+01
1.549430545927170400e+01 1.528618130983871026e+01
1.568893567558532887e+01 1.545768942996258666e+01
1.586669284748040276e+01 1.562710197194329531e+01
1.605025229830377498e+01 1.587853003307205491e+01
1.624079674245218641e+01 1.598700751263183406e+01
1.643311989274445750e+01 1.627030113792965338e+01
1.662512187575276812e+01 1.631447399017125832e+01
1.681225507629495297e+01 1.655981365670685079e+01
1.698542095920247519e+01 1.678835357983143695e+01
1.717411102802800116e+01 1.690744033267987589e+01
1.736611175977384747e+01 1.704352959047268357e+01
1.755506447572939166e+01 1.720601194552027735e+01
1.773628482011331897e+01 1.746234915044867719e+01
1.792295249065513119e+01 1.762696556167292883e+01
1.811422816978971184e+01 1.770758356900530828e+01
1.829478183692792470e+01 1.804530590260921130e+01
1.849633919279856542e+01 1.810673077194411817e+01
1.867989423088824452e+01 1.840860030569177752e+01
1.887945694706296251e+01 1.855461016608295211e+01
1.906686120216866698e+01 1.867084759471702071e+01
1.926198311491297588e+01 1.889267323814011590e+01
1.945803373613608045e+01 1.902095514221522166e+01
1.965012450036214275e+01 1.921781494195462514e+01
1.984433431802778713e+01 1.951811580574080196e+01
2.003920560662723460e+01 1.960032273330370245e+01
2.021960727216148257e+01 1.980297852352715893e+01
2.041977838392816835e+01 2.004035593909990709e+01
