0.000000000000000000e+00 0.000000000000000000e+00
4.118644844191129972e-02 8.695383915112862849e-02
3.114998100750762666e-01 3.061068857894428952e-01
5.230483106237386881e-01 5.020585835977009470e-01
7.336839756041145799e-01 7.297531815222129126e-01
9.471825829133263541e-01 9.311954316793638053e-01
1.143373360006731287e+00 1.139663754282522534e+00
1.349629068825947797e+00 1.331481580237408702e+00
1.528243049038412016e+00 1.539138047866396297e+00
1.733926746576663902e+00 1.740425477069794891e+00
1.946586615416478594e+00 1.924790355909628881e+00
2.146578516002128900e+00 2.111961311144960440e+00
2.355543043182329210e+00 2.336113387504582306e+00
2.553208709466249893e+00 2.527096319403040692e+00
2.721982198917213935e+00 2.756686008353578909e+00
2.926780217577812149e+00 2.957014362552518261e+00
3.125035247391047211e+00 3.157267597836030504e+00
3.354255832540394611e+00 3.301567318758706904e+00
3.507495003952684431e+00 3.551575817630495457e+00
3.739543489742791493e+00 3.709947270184061008e+00
3.937156334940247415e+00 3.898174813183622245e+00
4.134400340721831490e+00 4.077356515656747504e+00
4.287185224257993532e+00 4.331283885512474008e+00
4.532290189418050730e+00 4.461681404532082063e+00
4.663049275608024402e+00 4.730016258743868995e+00
4.864786499866426972e+00 4.921450333139490319e+00
5.129453267176615761e+00 5.057699269373365780e+00
5.318075820370762763e+00 5.265334413374873179e+00
5.511921563955604952e+00 5.458878231871453934e+00
5.717553686125453893e+00 5.618339350832814993e+00
5.854541608579870271e+00 5.916240758458481075e+00
6.121982359530409035e+00 6.018286919593354156e+00
6.231844987134157243e+00 6.321362406326902494e+00
6.514243141983384611e+00 6.446808867842204194e+00
6.706714284328134212e+00 6.590877952255667971e+00
6.890798418254437507e+00 6.803023012667214431e+00
7.102753774673738363e+00 7.001750557052813129e+00
7.206666399322502414e+00 7.294817323863864722e+00
7.410418841376397836e+00 7.506584964683161054e+00
7.695003365817902896e+00 7.564036926451133347e+00
7.780472936245754312e+00 7.895070826987406143e+00
8.088630326241071700e+00 7.963922948889037734e+00
8.280909911105505117e+00 8.151644068264097598e+00
8.481343095146073097e+00 8.343033709974841727e+00
8.540737655450488575e+00 8.673001997235818550e+00
8.725314807483734114e+00 8.857808757895709206e+00
9.062696307877356361e+00 8.929287131636970187e+00
9.240134306968268874e+00 9.094913102283454620e+00
9.298786178552511217e+00 9.445573345382257457e+00
9.557893245048695974e+00 9.641530287700382118e+00
9.838014670394352734e+00 9.754265775574591402e+00
9.878318038383325117e+00 1.003221790774241740e+01
1.010798603637547011e+01 1.022885371627182849e+01
1.030754611813868848e+01 1.042539054499378182e+01
1.061377069523700101e+01 1.047702535638762633e+01
1.081462611838276189e+01 1.067815953050797440e+01
1.088974293055296272e+01 1.100236833346900589e+01
1.120056942109490450e+01 1.107874216981177717e+01
1.139690808098872843e+01 1.130749647038132899e+01
1.148990262092995707e+01 1.159804434209261359e+01
1.179097010557077319e+01 1.164996374739478924e+01
1.198722318608760062e+01 1.189918918434270623e+01
1.220569370181092772e+01 1.207392007009876522e+01
1.228367655849150530e+01 1.240545877717056378e+01
1.247471325189233582e+01 1.261175037837757174e+01
1.280158509239936038e+01 1.270568538611070863e+01
1.287045141161460471e+01 1.300414611168093693e+01
1.320095041639134514e+01 1.308047254760307432e+01
1.339734217414263462e+01 1.327318123784385229e+01
1.360722801842013219e+01 1.346240119192623297e+01
1.364791415226558868e+01 1.379822316436099250e+01
1.400168950361796583e+01 1.386425752116892340e+01
1.420986801098779395e+01 1.405281410944559006e+01
1.426711666392338351e+01 1.441736133006972231e+01
1.461899869407830010e+01 1.440364722401501929e+01
1.479467436040929940e+01 1.467888190272356219e+01
1.486108481162728978e+01 1.500050920679873734e+01
1.518981133284351337e+01 1.501860853326273393e+01
1.523827605281589825e+01 1.538255156146903246e+01
1.540012714546711514e+01 1.558493525562501780e+01
1.563906693364288003e+01 1.578163338133163229e+01
1.581589230359845288e+01 1.597389304193375814e+01
1.617584342708209988e+01 1.601602388625521556e+01
1.637525345133676069e+01 1.623841101048099844e+01
1.646668173235013910e+01 1.656665872527291938e+01
1.676286835013756971e+01 1.662926109275625564e+01
1.685230813898443003e+01 1.696860370337264712e+01
1.715480148375008795e+01 1.703456644780755624e+01
1.725533673564221004e+01 1.734449586443726687e+01
1.756101476055646060e+01 1.743728315692420594e+01
1.775688956429300802e+01 1.758503540480904803e+01
1.793492042107931184e+01 1.781555017262292751e+01
1.815103322377095196e+01 1.802946993841016621e+01
1.823536813467907081e+01 1.834004101525585995e+01
1.836885769255298584e+01 1.854457845168612806e+01
1.873233135643910785e+01 1.862723175905223982e+01
1.884573910178339418e+01 1.894200756727284940e+01
1.901761228940561921e+01 1.912137858734777041e+01
1.933056944386052933e+01 1.923130024691009865e+01
1.939563211431104861e+01 1.951805251509626160e+01
1.960630908135083317e+01 1.971354619518368168e+01
