0.000000000000000000e+00 0.000000000000000000e+00
0.000000000000000000e+00 0.000000000000000000e+00
0.000000000000000000e+00 0.000000000000000000e+00
0.000000000000000000e+00 0.000000000000000000e+00
0.000000000000000000e+00 0.000000000000000000e+00
0.000000000000000000e+00 0.000000000000000000e+00
0.000000000000000000e+00 0.000000000000000000e+00
0.000000000000000000e+00 0.000000000000000000e+00
0.000000000000000000e+00 0.000000000000000000e+00
0.000000000000000000e+00 0.000000000000000000e+00
0.000000000000000000e+00 0.000000000000000000e+00
0.000000000000000000e+00 0.000000000000000000e+00
0.000000000000000000e+00 0.000000000000000000e+00
0.000000000000000000e+00 5.104438825680407632e+00
2.629322674794527526e+00 1.291932772510009375e-01
3.771846359493079781e+00 5.872744398945411781e+00
5.532360359089604884e+00 5.631472774301311546e+00
5.975446325090208788e+00 5.993073496981660142e+00
6.014824037529129974e+00 6.032799043570840958e+00
6.163101308821399726e+00 6.143163703259180153e+00
6.273814439210128491e+00 6.302180036348317138e+00
6.392256629980032301e+00 6.524550876670291544e+00
6.545467354892616996e+00 6.732395731827351959e+00
6.677907872170746550e+00 6.888008768069401100e+00
6.861443589349704553e+00 7.079559716371726985e+00
7.080583865096826912e+00 7.208888072553421011e+00
7.304268608890497561e+00 7.216677567941554905e+00
7.364698784166853862e+00 7.498904486108795453e+00
7.542319619421959942e+00 7.687287178898269957e+00
7.728564833043601645e+00 7.848304464407664049e+00
7.861199384811043522e+00 7.993778760362545199e+00
8.021886453199256195e+00 8.138514443782575825e+00
8.179500696484534927e+00 8.288774313629243551e+00
8.419750492651624896e+00 8.335850807071313540e+00
8.476146937883374477e+00 8.583999711881462602e+00
8.647603745988870827e+00 8.739650617219380635e+00
8.876461879102167885e+00 8.799634353253713570e+00
9.030828369809448475e+00 8.940936913911542661e+00
9.178257855340193672e+00 9.086402849512007052e+00
9.265987016776689345e+00 9.337502778016551375e+00
9.490492684040027882e+00 9.421188208114084972e+00
9.642395500169978817e+00 9.592680919688508112e+00
9.802380648520660600e+00 9.741117581660596159e+00
9.967257733883856829e+00 9.911380220589924406e+00
1.004413239602878605e+01 1.013079299114976983e+01
1.029968988835629418e+01 1.022148745209728915e+01
1.046041928878614158e+01 1.041396200506981629e+01
1.062393472204839640e+01 1.057093726228821140e+01
1.079240375233707283e+01 1.073835161411085792e+01
1.097084012818008070e+01 1.088969184564130721e+01
1.113917931637461223e+01 1.108095173154524460e+01
1.130762377806252417e+01 1.125420379832198137e+01
1.148596095566314368e+01 1.142341308621022122e+01
1.165922714102906710e+01 1.155927260512101640e+01
1.183203766074432828e+01 1.172427954889193380e+01
1.200616501232552658e+01 1.188258300769846265e+01
1.218174111920824743e+01 1.213101409916495221e+01
1.235870160857842492e+01 1.227776666846257037e+01
1.253558167051759575e+01 1.245526765897221466e+01
1.271320695011574742e+01 1.256428087256284165e+01
1.288644307717335380e+01 1.272725545050883866e+01
1.307590012700690885e+01 1.291221037929628324e+01
1.325448753305097149e+01 1.315046094914275621e+01
1.342750939783936559e+01 1.326600014470179723e+01
1.362809049561740871e+01 1.352404873136037899e+01
1.380962380089896868e+01 1.370245364312172853e+01
1.399789489733583636e+01 1.387128795706980888e+01
1.417204869226553399e+01 1.399113288487016149e+01
1.435619989095057392e+01 1.419460104775991738e+01
1.453219621474652890e+01 1.441236254885101786e+01
1.472597902556922733e+01 1.453727831992413400e+01
1.490549312151504502e+01 1.477497638805648528e+01
1.509085459419084252e+01 1.493722306675025813e+01
1.527875796040364165e+01 1.508512424696202459e+01
1.546598674121098327e+01 1.526154060057889694e+01
1.564665007713813161e+01 1.545181008993911931e+01
1.582993163750096599e+01 1.556134101820144089e+01
1.601890775085797003e+01 1.583219692458189343e+01
1.620568856722365325e+01 1.603607560047525382e+01
1.638064691032599640e+01 1.623092417089674200e+01
1.657957523234114916e+01 1.639325831898495522e+01
1.676264710978021100e+01 1.649609934212299223e+01
1.695703807156906606e+01 1.674723688843836555e+01
1.714954824962103785e+01 1.691189676153579313e+01
1.733414535098948051e+01 1.710543467548928476e+01
1.752364212993467518e+01 1.735999637606566282e+01
1.769854349446917041e+01 1.742430990281595271e+01
1.789352655587929064e+01 1.768033210767825381e+01
1.808190117980015543e+01 1.784751328877609922e+01
1.826743691328987751e+01 1.801925864330151583e+01
1.846996890201634756e+01 1.814251091856173659e+01
1.864234628848929631e+01 1.840662992065722747e+01
1.882657152327995576e+01 1.853465333434126094e+01
1.903779251908123271e+01 1.869269202733846313e+01
1.922741129599880949e+01 1.887958432312753487e+01
1.941402578968201453e+01 1.894256159802587547e+01
1.959935340968170081e+01 1.930771875340881749e+01
1.979205434906014816e+01 1.953031125632919895e+01
1.998438765350939761e+01 1.960107141611161552e+01
2.019879165500217866e+01 1.983625727352485413e+01
2.037431974090328524e+01 2.005000081408175561e+01
