0.000000000000000000e+00 0.000000000000000000e+00
0.000000000000000000e+00 0.000000000000000000e+00
0.000000000000000000e+00 0.000000000000000000e+00
0.000000000000000000e+00 0.000000000000000000e+00
0.000000000000000000e+00 0.000000000000000000e+00
0.000000000000000000e+00 0.000000000000000000e+00
0.000000000000000000e+00 0.000000000000000000e+00
0.000000000000000000e+00 0.000000000000000000e+00
0.000000000000000000e+00 0.000000000000000000e+00
0.000000000000000000e+00 0.000000000000000000e+00
0.000000000000000000e+00 0.000000000000000000e+00
0.000000000000000000e+00 0.000000000000000000e+00
0.000000000000000000e+00 0.000000000000000000e+00
0.000000000000000000e+00 0.000000000000000000e+00
0.000000000000000000e+00 0.000000000000000000e+00
0.000000000000000000e+00 0.000000000000000000e+00
0.000000000000000000e+00 -8.097499857589535166e-02
1.311608609152233318e-01 -4.154234225741266356e-02
1.463490619854146413e-01 3.742384926139725176e-01
2.253105445483621905e-01 0.000000000000000000e+00
2.684326302071594617e-01 3.523596305979430188e+00
3.549728830132241608e-01 0.000000000000000000e+00
6.102268945432036684e-01 0.000000000000000000e+00
2.943541199747213288e-01 1.940730943440312828e+00
1.588316446076857735e+00 7.117903658808551803e+00
5.542281701145151729e+00 7.346043885907236337e+00
7.113129374001470495e+00 7.529899960701944117e+00
7.411388752591343554e+00 7.711502209560610055e+00
7.611050961568787798e+00 7.861842848821942731e+00
7.948215569572240291e+00 7.830750655169229191e+00
8.076107820909285806e+00 7.958945239358961921e+00
8.120684187361502993e+00 8.271260609456451363e+00
8.321069594267672898e+00 8.435735100965496613e+00
8.490727164276139050e+00 8.575287927338802518e+00
8.640968947975196102e+00 8.714411299257552201e+00
8.777855202402555790e+00 8.853877815704313647e+00
9.002997774766713590e+00 8.957568533701977032e+00
9.151696782374168393e+00 9.087944534077795566e+00
9.292598389948574678e+00 9.267948152698647135e+00
9.452335747837105728e+00 9.402736755492355769e+00
9.606072095635974861e+00 9.563992132027355098e+00
9.761950278535017844e+00 9.695618399741229965e+00
9.922260649515743935e+00 9.863227184392682645e+00
1.007951000190407598e+01 1.000714121824943170e+01
1.024895886763054342e+01 1.016112502305584719e+01
1.041055097597183554e+01 1.023414351497308239e+01
1.056984223777555876e+01 1.043424113091801253e+01
1.073881807430236890e+01 1.062005370395255710e+01
1.089844576145252120e+01 1.079263903339974462e+01
1.107484034728916455e+01 1.096929107682712079e+01
1.123990312403586067e+01 1.110475639019685623e+01
1.141328734132529199e+01 1.118404270556950664e+01
1.157954258507208145e+01 1.142066377562894353e+01
1.175827656851187619e+01 1.151712216972270575e+01
1.193996223569936532e+01 1.174753190200637398e+01
1.210931020078868769e+01 1.185365564864118681e+01
1.229030794372555491e+01 1.206455289783438545e+01
1.245724461572464392e+01 1.223162222713868452e+01
1.264093624799918558e+01 1.245058991591993625e+01
1.282416495516118182e+01 1.265858199752781488e+01
1.299142821419410510e+01 1.278516931140837265e+01
1.316983361269949349e+01 1.292820279645592585e+01
1.334105276398743634e+01 1.307885956570831887e+01
1.352167157492539218e+01 1.325982023096255524e+01
1.368705105184545978e+01 1.347352383279222110e+01
1.386360199781024605e+01 1.367581418170201246e+01
1.405668398827357102e+01 1.385324602510583958e+01
1.424058671980013457e+01 1.395215734531102925e+01
1.441068565535779911e+01 1.416759834596926559e+01
1.460718398189660228e+01 1.428654892132944454e+01
1.476307373871801509e+01 1.457388084909068304e+01
1.495651901720266785e+01 1.474832448635956972e+01
1.513653090127862733e+01 1.481031418480224104e+01
1.532104879913759099e+01 1.504803230244347745e+01
1.550948215983259715e+01 1.523324312171043715e+01
1.570050637645454650e+01 1.546313336048204867e+01
1.587919725883930333e+01 1.550930731800663764e+01
1.607053891774345900e+01 1.581423806452574432e+01
1.626365229314814442e+01 1.600828544114185092e+01
1.644521806387697893e+01 1.614468484017034910e+01
1.663413068942790574e+01 1.636525081195940245e+01
1.682525489541682973e+01 1.650153632699012363e+01
1.701929127961270183e+01 1.672629536519325200e+01
1.719467192753864282e+01 1.681317592153239815e+01
1.737220262273144300e+01 1.707346274497638206e+01
1.756790187909370005e+01 1.721707889077099196e+01
1.776301028874484800e+01 1.746708732085266291e+01
1.795220678372276879e+01 1.755607870228536171e+01
1.812868235798898198e+01 1.786451921484914607e+01
1.831654196268533141e+01 1.800112240498447491e+01
1.850834918799934314e+01 1.815948154013908677e+01
1.871068625241927919e+01 1.834179683019643647e+01
1.888968307064030228e+01 1.848275863972223831e+01
1.906426315402814708e+01 1.862105703856860472e+01
1.926183227920920515e+01 1.875062916213400754e+01
1.944909384206260583e+01 1.895752458038842292e+01
1.963660990525627170e+01 1.918287874477238120e+01
1.982823118999062473e+01 1.944243675023367857e+01
2.001274347259489517e+01 1.954350289939029750e+01
2.020426552388419594e+01 1.970883203460092403e+01
2.040298593102683355e+01 1.993644513084632308e+01
