0.000000000000000000e+00 0.000000000000000000e+00
0.000000000000000000e+00 0.000000000000000000e+00
0.000000000000000000e+00 0.000000000000000000e+00
0.000000000000000000e+00 0.000000000000000000e+00
0.000000000000000000e+00 0.000000000000000000e+00
0.000000000000000000e+00 0.000000000000000000e+00
0.000000000000000000e+00 0.000000000000000000e+00
0.000000000000000000e+00 0.000000000000000000e+00
0.000000000000000000e+00 0.000000000000000000e+00
0.000000000000000000e+00 0.000000000000000000e+00
0.000000000000000000e+00 0.000000000000000000e+00
0.000000000000000000e+00 0.000000000000000000e+00
0.000000000000000000e+00 0.000000000000000000e+00
0.000000000000000000e+00 0.000000000000000000e+00
0.000000000000000000e+00 0.000000000000000000e+00
0.000000000000000000e+00 0.000000000000000000e+00
0.000000000000000000e+00 0.000000000000000000e+00
0.000000000000000000e+00 0.000000000000000000e+00
0.000000000000000000e+00 0.000000000000000000e+00
1.197641116767825392e-01 3.625364863896482159e+00
1.264392421689202628e+00 -1.607986050053306359e-01
1.134183741033103043e+00 1.903366021667520558e+00
1.962464121058475897e+00 6.897064174309437412e+00
6.107740603987322103e+00 7.055933716561657576e+00
7.146568910991783596e+00 7.236438817782126165e+00
7.317173938034706282e+00 7.292502557325651225e+00
7.449078758665293343e+00 7.482816580099628467e+00
7.571815610344088121e+00 7.629748773154587660e+00
7.734186392978766200e+00 7.825429930210873408e+00
7.884885921786493057e+00 7.952607209948822309e+00
8.007542965208322983e+00 8.091154698126967304e+00
8.167360825569433658e+00 8.225236528437752881e+00
8.353408193191722120e+00 8.305839135959736552e+00
8.453377249852437103e+00 8.506392272480283623e+00
8.639043227084931331e+00 8.610711657768970184e+00
8.781157778608202236e+00 8.762460085201366766e+00
8.934537285711931176e+00 8.891214099855599073e+00
9.083107403079621278e+00 9.020089196140682830e+00
9.193264688907905935e+00 9.242732724965526003e+00
9.391659974056789650e+00 9.309685648669194791e+00
9.499323320095736989e+00 9.556894295040102350e+00
9.708691898524541841e+00 9.672910825439071658e+00
9.866714937139926533e+00 9.833971796649652930e+00
9.967939842270544304e+00 1.001579492493390156e+01
1.018091164290427209e+01 1.011536446733722272e+01
1.035318908317973374e+01 1.026704551907849705e+01
1.051256854917910388e+01 1.045353619710567550e+01
1.067832580130226816e+01 1.061675623389099421e+01
1.085673039803491058e+01 1.078438908259438200e+01
1.103143910117589854e+01 1.097457372801435760e+01
1.121400201286123810e+01 1.112378395147216814e+01
1.138659747050722615e+01 1.128788263868722197e+01
1.155141853071553903e+01 1.148253673429007904e+01
1.173771354813843892e+01 1.163183549958155538e+01
1.191824788922142453e+01 1.180833301613378516e+01
1.207727348124604205e+01 1.199988138478293642e+01
1.225377545764970577e+01 1.217399790134888704e+01
1.243534526084434333e+01 1.235943989252304931e+01
1.260765919296985871e+01 1.247442445236902131e+01
1.276033059306297268e+01 1.264326152584315999e+01
1.293242624366653359e+01 1.281308848360556851e+01
1.312138167256154553e+01 1.305211146633051733e+01
1.329797280871821918e+01 1.321772831573389517e+01
1.347201835157502359e+01 1.344061753849873675e+01
1.365924096481711203e+01 1.355613547859638501e+01
1.382591890924264177e+01 1.366533854412484494e+01
1.401956559581374862e+01 1.386145203885748067e+01
1.420152120098936877e+01 1.404861698269129455e+01
1.437731756149154627e+01 1.423445647368997768e+01
1.456661176819421399e+01 1.438411365897690786e+01
1.474776891369570642e+01 1.462204182557659493e+01
1.492471938213694571e+01 1.481918575495989288e+01
1.512979762632029512e+01 1.497549781710763916e+01
1.530904459595995704e+01 1.504890157308515164e+01
1.549450388371019649e+01 1.536054090747401268e+01
1.569349097321912012e+01 1.553930771877484140e+01
1.588335688425397052e+01 1.568699655099865886e+01
1.606760660635084648e+01 1.577037950958030343e+01
1.625827874894232750e+01 1.594592195656001010e+01
1.645450575610306032e+01 1.616961124857147070e+01
1.663269450498138724e+01 1.633300028087689526e+01
1.681421267007594977e+01 1.643440135971138005e+01
1.700462058769838691e+01 1.666207194031067473e+01
1.719850458710807573e+01 1.690764014277295857e+01
1.739337538433071728e+01 1.709262429361317004e+01
1.758171811386720762e+01 1.717969266862990452e+01
1.776930865652209590e+01 1.742983159299878437e+01
1.795061679648154396e+01 1.769191859820907453e+01
1.814625463694382645e+01 1.779516845692819871e+01
1.833596549586821567e+01 1.803169312217874065e+01
1.852149913307566820e+01 1.817856792047803793e+01
1.869317905438003891e+01 1.839338056014906897e+01
1.889435737379857727e+01 1.845830265635900247e+01
1.909699331235106712e+01 1.875599588841035370e+01
1.928846451737831202e+01 1.882493208219156955e+01
1.946236264205967004e+01 1.898855399547807465e+01
1.966179844292625489e+01 1.922441977961256043e+01
1.983497584846944761e+01 1.945777937089686205e+01
2.004123150074683579e+01 1.954412400355367652e+01
2.021045560314037814e+01 1.973522985411653252e+01
2.040935155876490015e+01 2.000602518032447108e+01
