0.000000000000000000e+00 0.000000000000000000e+00
0.000000000000000000e+00 0.000000000000000000e+00
0.000000000000000000e+00 0.000000000000000000e+00
0.000000000000000000e+00 0.000000000000000000e+00
0.000000000000000000e+00 0.000000000000000000e+00
1.239048486286597854e-02 -1.049206012780240418e-03
4.689545622813107856e-02 0.000000000000000000e+00
0.000000000000000000e+00 1.631321026609408475e+00
3.019859367433247677e+00 5.426299886503572978e+00
5.700283141528256436e+00 5.709260748446080669e+00
5.714431375954792003e+00 5.714086750856114172e+00
5.760562880171049116e+00 5.758288317740582585e+00
5.817858271019692218e+00 5.817402041196366724e+00
5.875901116597320950e+00 5.926351269819644330e+00
5.994268626276162415e+00 6.225646150693769698e+00
6.101584820685979516e+00 6.428501664740773336e+00
6.316486890419806599e+00 6.661460900853325207e+00
6.655406879922262320e+00 6.924914451749016209e+00
6.796664165923028911e+00 7.119742663881950762e+00
6.987488898057232944e+00 7.382959414072371551e+00
7.222361493907014207e+00 7.595928936816671140e+00
7.471496721633671179e+00 7.827488580797879791e+00
7.773765125852262869e+00 8.024011981710133412e+00
7.990949811202839648e+00 8.227696197407951217e+00
8.188228791495832937e+00 8.421240964617920710e+00
8.388315566501583831e+00 8.611732622252857183e+00
8.558885381145664439e+00 8.795055586018195370e+00
8.732519092570282027e+00 8.964758267849937567e+00
8.954729201571584696e+00 9.134988097723660161e+00
9.128781774588066611e+00 9.310490789774460652e+00
9.318643668570951277e+00 9.466660379183636564e+00
9.465162433218246463e+00 9.638284279045539193e+00
9.776702649641325849e+00 9.606271452757761509e+00
9.808565273881770352e+00 9.980741239577383794e+00
9.986480809716468343e+00 1.017028983260802733e+01
1.013144963862065140e+01 1.036011709507542200e+01
1.030099737352674616e+01 1.054495931989871593e+01
1.053817127914669882e+01 1.072305005767532826e+01
1.072724176031269572e+01 1.090805443155612409e+01
1.106572329798566123e+01 1.085268317657722648e+01
1.106741437123090144e+01 1.126272199092746007e+01
1.143064267139460455e+01 1.118840458008394734e+01
1.139970157150350971e+01 1.161831575745669198e+01
1.156327329543872473e+01 1.179457581286173529e+01
1.196225103556667690e+01 1.170060708136217897e+01
1.191141269269046177e+01 1.213441390271483478e+01
1.210637206427603019e+01 1.230717912740437825e+01
1.230239178651731358e+01 1.248958822712741146e+01
1.244674126606827613e+01 1.266402812571026359e+01
1.261275110240445230e+01 1.284442345285314957e+01
1.303166501932200383e+01 1.279797844901378490e+01
1.321024141678069341e+01 1.303561286844389500e+01
1.322933971789814933e+01 1.338804624825333889e+01
1.357772492434079759e+01 1.334656520128570989e+01
1.375900811443843885e+01 1.349863328099570303e+01
1.394415715356682917e+01 1.370766911467215188e+01
1.395346781437327621e+01 1.412607253263188944e+01
1.431822989710656735e+01 1.416779596725417001e+01
1.450478144127539082e+01 1.428161608678562189e+01
1.450085997118292092e+01 1.466590648858490020e+01
1.489145150545289731e+01 1.470433324960144184e+01
1.506961697802322320e+01 1.491686589262987717e+01
1.525823274799287077e+01 1.510477417947042511e+01
1.546149301389162467e+01 1.528756438937068296e+01
1.565472866275796804e+01 1.546818242645112562e+01
1.584450064796637037e+01 1.565269340173435175e+01
1.603536015284382543e+01 1.591359517728437467e+01
1.623500421457990228e+01 1.601736101547322022e+01
1.643578297832649326e+01 1.621622863157848826e+01
1.663613654359308569e+01 1.638842568689995716e+01
1.684742902229141848e+01 1.664201805587611815e+01
1.685132939373652761e+01 1.700264117327819591e+01
1.721216382342655749e+01 1.697737169821686365e+01
1.741546745475838520e+01 1.717397155463461189e+01
1.760522845751152587e+01 1.738538715152062863e+01
1.781914608222899687e+01 1.759231960404882145e+01
1.801489200987735728e+01 1.777866770145720565e+01
1.821849613706088888e+01 1.797787888890701424e+01
1.842080333504132739e+01 1.821791678401832115e+01
1.843131598517087255e+01 1.856834800595701651e+01
1.879832461936281618e+01 1.852013528136542675e+01
1.899762013225228330e+01 1.878766212736852026e+01
1.921368985015141106e+01 1.899543009493039847e+01
1.942446566196891311e+01 1.918007142581015145e+01
1.962095040975999183e+01 1.937737042738498872e+01
1.984626247929001863e+01 1.946126961759223661e+01
2.003585219937165007e+01 1.976775584498631133e+01
2.023698131377657816e+01 1.995037333602027019e+01
2.046019631167450470e+01 2.016228852963520524e+01
2.066274299367252709e+01 2.034564967572790906e+01
2.086392418993697362e+01 2.053578441366310514e+01
2.107463598284389050e+01 2.078273625157942917e+01
2.127340118935987334e+01 2.096784587243742237e+01
2.149696584618249418e+01 2.120652541340833608e+01
2.169903498114713614e+01 2.141434187260531630e+01
2.192817090522719781e+01 2.165547160300842577e+01
2.210955245584553097e+01 2.184051230703347102e+01
2.231822422107694948e+01 2.206246587979639173e+01
2.252949952429193559e+01 2.218084171002125515e+01
2.273021908025108218e+01 2.243326586950605872e+01
2.294803700327714324e+01 2.270891668865919755e+01
