0.000000000000000000e+00 0.000000000000000000e+00
0.000000000000000000e+00 0.000000000000000000e+00
1.277387998120371455e-04 0.000000000000000000e+00
3.390035748180990696e-03 0.000000000000000000e+00
5.680667576642702693e-03 0.000000000000000000e+00
6.145914746203717111e-02 0.000000000000000000e+00
2.948562232430565477e-01 1.536502957494004784e-01
4.411513609504680300e-01 1.021399472469809444e-01
5.469389504018351555e-01 9.462699670089651516e-01
1.051549412673035810e+00 1.171977637584497467e+00
1.248532056925273803e+00 1.309182713146646693e+00
1.383486164631281268e+00 1.441809923498300838e+00
1.506375955639052577e+00 1.555606835250617159e+00
1.665433561192659839e+00 1.633407608706916481e+00
1.777783181650283817e+00 1.742381367147146198e+00
1.855965735511548864e+00 1.901930460511256804e+00
2.016215275794310813e+00 1.984262571331686820e+00
2.136487621027209904e+00 2.114849833937939572e+00
2.229502365473047476e+00 2.254605218006020539e+00
2.374602519445594417e+00 2.353459557859325368e+00
2.493209028142914008e+00 2.468003657561434139e+00
2.614845255939531210e+00 2.589712894505564744e+00
2.735663516712027565e+00 2.711430187416921544e+00
2.850841437855254235e+00 2.822581136326081541e+00
2.962271894613250023e+00 2.947554683078570381e+00
3.085205898082528098e+00 3.054033034687742454e+00
3.206834324641390399e+00 3.166468738933667648e+00
3.335083892979755493e+00 3.294480498869726492e+00
3.450248973362186611e+00 3.408797871634482668e+00
3.572168147566261442e+00 3.535846028402204411e+00
3.702058885438139324e+00 3.651867092454510466e+00
3.820797469176102190e+00 3.786093207512859493e+00
3.940148729437155772e+00 3.908584486034299754e+00
4.068462712514743451e+00 4.033885413656374652e+00
4.190800963594636386e+00 4.125107420295849536e+00
4.310123870316549421e+00 4.245483721816874834e+00
4.435689453322285480e+00 4.371715776081630978e+00
4.557601300055981852e+00 4.488757395200524414e+00
4.679478414185130219e+00 4.592904372840683536e+00
4.803724906296667818e+00 4.726104831628253677e+00
4.925148320951356240e+00 4.816366581132014879e+00
5.045547513809276019e+00 4.981270820989401216e+00
5.166821564366498976e+00 5.101989792291682591e+00
5.293181394136921902e+00 5.210636426267155841e+00
5.417395556671651846e+00 5.319167042386871103e+00
5.545977936774435513e+00 5.457484776657277159e+00
5.664338322979298290e+00 5.572213648603259628e+00
5.793373582644187003e+00 5.722905090401896544e+00
5.912675870847932558e+00 5.835235881212636144e+00
6.034048877826269752e+00 5.976264117601340686e+00
6.163669969273511740e+00 6.077472568075524606e+00
6.286086896258189505e+00 6.205577012237305290e+00
6.407636110650336114e+00 6.294109607733030742e+00
6.534187412438488884e+00 6.415110399508717975e+00
6.662664749187091395e+00 6.570454100290278987e+00
6.781694836102860613e+00 6.666097261376632055e+00
6.906750756568304617e+00 6.769997760463346559e+00
7.027317641567858431e+00 6.947352926442193599e+00
7.150266806790024354e+00 7.033332772590376258e+00
7.275825033340334258e+00 7.159894288089748038e+00
7.396045172995240335e+00 7.288090983144919655e+00
7.518879555163809236e+00 7.404054761554065500e+00
7.638485727698196115e+00 7.500187697174010459e+00
7.766803565347444760e+00 7.638922817434094625e+00
7.892631413687252184e+00 7.765802937763213620e+00
8.007919486527102393e+00 7.841274021613267919e+00
8.128228278534441742e+00 7.994667988844143203e+00
8.250597889203341140e+00 8.140662885582884201e+00
8.383028604643467219e+00 8.310851298482791805e+00
8.503420176454939750e+00 8.325110456611666265e+00
8.623042208678132425e+00 8.538761170058970507e+00
8.748092824379172683e+00 8.608913370713457525e+00
8.875233122880013426e+00 8.757533326678197838e+00
8.995036714248250576e+00 8.889891077025477983e+00
9.113471112022400789e+00 8.984949303961055733e+00
9.230049452387415698e+00 9.101842676176751468e+00
9.359282779083518022e+00 9.237487378670005356e+00
9.478405460153236817e+00 9.346241633638948443e+00
9.596634180120741320e+00 9.444176024341976117e+00
9.726808357043497111e+00 9.610286232849622579e+00
9.843302291037266727e+00 9.703615315469987124e+00
9.955182986689383284e+00 9.801118691912783731e+00
1.008476373385565061e+01 9.971919854181262366e+00
1.020657531735848522e+01 1.005543838067004181e+01
1.032771601333156219e+01 1.014627530655193866e+01
1.044716452651770311e+01 1.029451562664002928e+01
1.058410529464947558e+01 1.049167943579662499e+01
1.069866799324421969e+01 1.061265334052807674e+01
1.081640577486911958e+01 1.067266282744076200e+01
1.094734383966468450e+01 1.079203196974653167e+01
1.106286603246561029e+01 1.089418242532677361e+01
1.117866527817135491e+01 1.100991600374291224e+01
1.130563458968149071e+01 1.116827810472326732e+01
1.143788561631799361e+01 1.125431432956855637e+01
1.155756041960457914e+01 1.141083295655767138e+01
1.167818680021497357e+01 1.149642510427299413e+01
1.180168858542482369e+01 1.169809540164273720e+01
1.192175878060153238e+01 1.175079583682333251e+01
1.205776805217200831e+01 1.188868019004652687e+01
1.216433204035453564e+01 1.205706669408787057e+01
1.229696409362426301e+01 1.220851259964300972e+01
