0.000000000000000000e+00 0.000000000000000000e+00
5.983755887232039897e-03 -3.350838233182083532e-03
6.289248036241477935e-02 -5.205064425151553417e-03
1.680034512418606407e-01 4.848845891592758889e-03
2.888208190231945638e-01 1.181367268919337049e-01
3.980906416159825656e-01 2.387484476346244666e-01
5.010155079936376987e-01 4.167187760478736069e-01
5.920503663915335224e-01 5.560508057519093494e-01
6.864608982867161924e-01 6.455503261090758116e-01
7.767138269712537957e-01 7.505544887383340802e-01
8.645995455026205256e-01 8.417149485979037449e-01
9.577548358856117217e-01 9.348877654482609101e-01
1.045973470102690595e+00 1.014189584749127349e+00
1.131192926916080310e+00 1.099184272526463335e+00
1.220151466627055203e+00 1.198034412638163682e+00
1.306222494088807862e+00 1.274185569046939692e+00
1.394681911202114932e+00 1.353798754669084170e+00
1.480321624633692990e+00 1.453977635621927833e+00
1.569722212412219875e+00 1.534476627215684230e+00
1.657284455582306526e+00 1.615178790767033634e+00
1.745943284075574864e+00 1.696148637242284485e+00
1.832708024454394069e+00 1.784848587710994527e+00
1.923836544068032284e+00 1.872929494997376709e+00
2.011661741275703630e+00 1.968882157889985995e+00
2.097321207267475174e+00 2.026587353920307422e+00
2.185488409471495697e+00 2.138319859135959344e+00
2.274635307992616706e+00 2.218776975355921444e+00
2.357185367228982642e+00 2.291685690165564004e+00
2.442918382684660550e+00 2.391494706728275688e+00
2.534295301067880146e+00 2.475425478555721703e+00
2.618151535179241485e+00 2.573520618744409738e+00
2.707292869017563941e+00 2.649934570684198132e+00
2.793201567842418243e+00 2.730646341438859537e+00
2.882159261057218647e+00 2.811337121530779193e+00
2.972863954346394166e+00 2.916979266286589656e+00
3.055316457155604404e+00 3.004345435326279734e+00
3.143614567303071983e+00 3.075586137812405418e+00
3.230658182474355211e+00 3.177715894782598305e+00
3.313173054597867040e+00 3.246284936704386670e+00
3.397221986666576488e+00 3.343390116745249774e+00
3.487441721718974375e+00 3.449180184050814724e+00
3.577185321394823703e+00 3.513341473557199279e+00
3.667832349056754371e+00 3.598356178492755131e+00
3.755189219578654036e+00 3.679789783419958660e+00
3.840319270848007616e+00 3.790866884227953815e+00
3.927912713200212735e+00 3.860331640755007676e+00
4.017339234322172103e+00 3.962910740034093493e+00
4.109468940813090221e+00 4.029510608943150274e+00
4.190266350829738862e+00 4.136674199747027103e+00
4.278412837756844667e+00 4.221718111875520485e+00
4.362661442431012837e+00 4.311372853475999634e+00
4.450338177986448152e+00 4.389092661875641177e+00
4.534658786023924470e+00 4.453816525945970106e+00
4.625757801771233524e+00 4.562930372621050168e+00
4.708718653058343584e+00 4.647264200667855505e+00
4.802412490196058314e+00 4.729524496165666392e+00
4.885574140064030679e+00 4.841780982105935216e+00
4.973772729388254099e+00 4.896811006186472248e+00
5.056816391238274200e+00 4.984737117497620495e+00
5.145689913688481276e+00 5.050546658379814424e+00
5.235351379256563575e+00 5.143209348342811182e+00
5.324592980241102502e+00 5.244279895626605459e+00
5.403982525424681604e+00 5.313533930289466412e+00
5.490401741854688211e+00 5.417690440052192358e+00
5.580056548030677632e+00 5.507613039440442115e+00
5.674849806824372678e+00 5.586353990305683581e+00
5.763787791363236934e+00 5.675675618074496498e+00
5.847765155481660315e+00 5.753208903301235466e+00
5.934397547979317622e+00 5.849851051038072569e+00
6.030642162923830263e+00 5.930736194992796584e+00
6.111284011807858185e+00 6.029477147502290357e+00
6.201583919926494382e+00 6.092978384544950998e+00
6.291141682864743068e+00 6.181514774090540065e+00
6.375806549106513010e+00 6.266119353670778658e+00
6.463855518802932743e+00 6.353907656512978619e+00
6.548632256565309895e+00 6.441116324997027576e+00
6.636912247849218183e+00 6.536578236511013884e+00
6.727738152828195872e+00 6.642745495747922391e+00
6.814172018698025468e+00 6.710404146206117915e+00
6.898043205466308336e+00 6.795846396110998278e+00
6.986300141736671243e+00 6.872839982786480562e+00
7.075917562152754137e+00 6.950218156561375871e+00
7.160978083035493214e+00 7.057603918166218016e+00
7.245788056939288957e+00 7.149352480801670850e+00
7.326279391956333598e+00 7.219672238412915277e+00
7.412014944983865483e+00 7.327101306328277275e+00
7.509579250763987801e+00 7.387525391661647234e+00
7.597565212546189883e+00 7.483135242896776340e+00
7.685193798378507246e+00 7.600884584082533202e+00
7.774064698542595409e+00 7.673060495121786673e+00
7.863865324608106278e+00 7.767542068773578556e+00
7.948243317493863813e+00 7.845729313978247355e+00
8.033159815326138542e+00 7.942983991961462209e+00
8.123750413763003664e+00 7.999350610954087060e+00
8.209723652831231178e+00 8.115615969369878613e+00
8.297351881711820809e+00 8.191263548386231719e+00
8.383138728254596828e+00 8.247476809417380039e+00
8.475529970478334008e+00 8.373609860230827096e+00
8.558629438403187351e+00 8.447013270857382849e+00
8.643820455151955073e+00 8.512289830450802341e+00
8.733604141659800035e+00 8.586032846209699088e+00
