0.000000000000000000e+00 0.000000000000000000e+00
0.000000000000000000e+00 0.000000000000000000e+00
2.814668269053909565e-03 0.000000000000000000e+00
2.083281671730435880e-02 0.000000000000000000e+00
4.601622725681465964e-02 1.385538010084441662e-01
3.113469025808438539e-01 1.921348015606279547e-01
3.603862496019119566e-01 5.736012353863984004e-01
6.341241275200569794e-01 6.987028058177583434e-01
8.043754535899044766e-01 7.684635170346977295e-01
9.073399514870622573e-01 8.866775122443134594e-01
1.013019275215004678e+00 9.796868576260148176e-01
1.116744769402908011e+00 1.092182235332098239e+00
1.221106899375572707e+00 1.199635539288157249e+00
1.321748758715846739e+00 1.293804517607499038e+00
1.423075231656537820e+00 1.394784118914729198e+00
1.518341420720072277e+00 1.503313265841933477e+00
1.628160848079174272e+00 1.601767020950554343e+00
1.729456210306180353e+00 1.702720379413375396e+00
1.827859206107816714e+00 1.805708584588723298e+00
1.936473132842729594e+00 1.912019774690671081e+00
2.038645079841166829e+00 2.007703589972843705e+00
2.144715371495769407e+00 2.099225659231952257e+00
2.249583802327153936e+00 2.196355072761121185e+00
2.354507681058861213e+00 2.301624545055769300e+00
2.453672145660958037e+00 2.390968596502086818e+00
2.552627738977200966e+00 2.497581752052163928e+00
2.656064701490382429e+00 2.608122238063910192e+00
2.757063413146821684e+00 2.699311913219323067e+00
2.855453068193109623e+00 2.821075320550485266e+00
2.956242621487845668e+00 2.923591038753935223e+00
3.060602863046307132e+00 3.009509616785069230e+00
3.167280549322221805e+00 3.114034435212882812e+00
3.265516517168791655e+00 3.222406771880522935e+00
3.370112425260739286e+00 3.311063064958138735e+00
3.477785229821920066e+00 3.426722411017429692e+00
3.579214906050193878e+00 3.513737473528942168e+00
3.680641262198344865e+00 3.619027112731809659e+00
3.779516989260573112e+00 3.726102897369932165e+00
3.879748109790461807e+00 3.804960615446190353e+00
3.984047115740742662e+00 3.916149536899784955e+00
4.082940446430098902e+00 4.017607594555741457e+00
4.189594725949803866e+00 4.134933980956883026e+00
4.295704669257188080e+00 4.228897307237398095e+00
4.394243633470900967e+00 4.324414551449049071e+00
4.501964084311943282e+00 4.435692581604077311e+00
4.601909038234951232e+00 4.499223012767745722e+00
4.709100650388058362e+00 4.621505046335365741e+00
4.809262545079090678e+00 4.726983739047617483e+00
4.907111649164201062e+00 4.827100291968492662e+00
5.014478598054356695e+00 4.929478415510432754e+00
5.114795754819017937e+00 5.027373801036617351e+00
5.220050031927542022e+00 5.138409727635363744e+00
5.319635200291128463e+00 5.251205959281902480e+00
5.422473343400936230e+00 5.328246582475446580e+00
5.523035709358871337e+00 5.427298184308709139e+00
5.622335997640253602e+00 5.535962189189308269e+00
5.723865495335904718e+00 5.612458049537427662e+00
5.834372211392424568e+00 5.734687807926730052e+00
5.938328947403727298e+00 5.842902694293868215e+00
6.035250691973290671e+00 5.910493859135863559e+00
6.127847776256657220e+00 6.046917702637490066e+00
6.234794713898381247e+00 6.139682290532689990e+00
6.334790701423491655e+00 6.243237442215179733e+00
6.434822449508375897e+00 6.346616083111811690e+00
6.530015532901404463e+00 6.415096906558876100e+00
6.636039321354940235e+00 6.547705012694164495e+00
6.738021133445228905e+00 6.633356357008132420e+00
6.842047463202355573e+00 6.740017325035267959e+00
6.943160904189329408e+00 6.838083599820985903e+00
7.039565136302725179e+00 6.935986889821174728e+00
7.137250639983744094e+00 7.054213462627663134e+00
7.238781455291518618e+00 7.134990531098055477e+00
7.344535878565650044e+00 7.222125093255259642e+00
7.453224637120695384e+00 7.378470599478917258e+00
7.552594645319672395e+00 7.431628240078460124e+00
7.654092444687457863e+00 7.560921162646988769e+00
7.759599181509043042e+00 7.625006911274543775e+00
7.861482930931255275e+00 7.737610332696246651e+00
7.962932102295064318e+00 7.821363759257427439e+00
8.062123588687477138e+00 7.952976463615555325e+00
8.163433256921091896e+00 8.062705611871235689e+00
8.271603739932645638e+00 8.175097070836862656e+00
8.375437358358885476e+00 8.264539068920591092e+00
8.478122762726234996e+00 8.370085997332315841e+00
8.582524176284318074e+00 8.415192209533307377e+00
8.676746975019188568e+00 8.571218432805288501e+00
8.779238800231503603e+00 8.683199327769802522e+00
8.880251944038159095e+00 8.757207780858930590e+00
8.991152200516138393e+00 8.821612026713530952e+00
9.089459049479142294e+00 8.958217861088256129e+00
9.188208692440875680e+00 9.066014768033427984e+00
9.284914638464469405e+00 9.195786495658357040e+00
9.382201975442676201e+00 9.281409296561379918e+00
9.490111880159592062e+00 9.398822474214457046e+00
9.592641759369326948e+00 9.454106514585115306e+00
9.691598051091283139e+00 9.580860520369631317e+00
9.792476355733583659e+00 9.677360934547403204e+00
9.898285047611116383e+00 9.734857185454062645e+00
9.991887580592663909e+00 9.834426156104569827e+00
1.010522747427884660e+01 9.958490210149399502e+00
1.020135965665536837e+01 1.010756903807284246e+01
