0.000000000000000000e+00 0.000000000000000000e+00
5.397359332424610419e-03 0.000000000000000000e+00
5.412153869784968457e-02 -3.004759811352542952e-03
1.043012538713871534e-01 2.673194609252640963e-02
2.528795598014906831e-01 1.105526665330717195e-01
2.734923143734783735e-01 3.400746486049808781e-01
4.464509095359555646e-01 4.240896670766787779e-01
5.360485267301178247e-01 5.128986647335568305e-01
6.212342858431905146e-01 5.953627417179294667e-01
7.089292979386825344e-01 6.692170280263894933e-01
7.887861488840278712e-01 7.596513144110204063e-01
8.674770970585919949e-01 8.414861953042054310e-01
9.499388533739765439e-01 9.314782522747048210e-01
1.030939034638141072e+00 9.993616796411053382e-01
1.109856334803172917e+00 1.077725469408485459e+00
1.191364880450652253e+00 1.156780551635032461e+00
1.271134481987768128e+00 1.232549957156415132e+00
1.349187097856888284e+00 1.318955619713982452e+00
1.426494120563297496e+00 1.386566287054937341e+00
1.508335524635846969e+00 1.470943731075706751e+00
1.588797208260774640e+00 1.539599832978171712e+00
1.670801104082034971e+00 1.606944773079428623e+00
1.752021947869585317e+00 1.708529537297355905e+00
1.832557103989626901e+00 1.793221547984704900e+00
1.910711615691274012e+00 1.847108709915765035e+00
1.987308132127134641e+00 1.936591926239004113e+00
2.068353837304355736e+00 2.032299498235683899e+00
2.147790791108486808e+00 2.089570056771602236e+00
2.229944534825955671e+00 2.173756736463390293e+00
2.311128323517011030e+00 2.255966177957529517e+00
2.392433477063595770e+00 2.315638686198970397e+00
2.467133818929605926e+00 2.407254185540857794e+00
2.547582036386639714e+00 2.498996679555618883e+00
2.626586079159193510e+00 2.560607605002417575e+00
2.704392050484135002e+00 2.657218577302003393e+00
2.783586481067370499e+00 2.719049593613233284e+00
2.864788171623640078e+00 2.811054016621044038e+00
2.946410501171152330e+00 2.881297535770986684e+00
3.025663001670173102e+00 2.952894268013582124e+00
3.102184337493135935e+00 3.040335398583549509e+00
3.177700861450751812e+00 3.120628554439635494e+00
3.259930384352029975e+00 3.195403522762455761e+00
3.334112984543700531e+00 3.282231660824139308e+00
3.411923256212241462e+00 3.366675493404208019e+00
3.495268975747011453e+00 3.425250165682375503e+00
3.575876694785882215e+00 3.515106864867003189e+00
3.656442409593085419e+00 3.579435142058849273e+00
3.736858788287949373e+00 3.700613016814327860e+00
3.816561004895015152e+00 3.758143254159584057e+00
3.894656251694611715e+00 3.838498476905468859e+00
3.975897186084366375e+00 3.906667024216704309e+00
4.049774569037217553e+00 3.969361026509441004e+00
4.132719647827783227e+00 4.074083233901596657e+00
4.218066773402014746e+00 4.131428044506064268e+00
4.295449640825074411e+00 4.222145523167290193e+00
4.381630611916685680e+00 4.309317425065297691e+00
4.458454452503181287e+00 4.372767373866760288e+00
4.536201361146993349e+00 4.442130495004092516e+00
4.614089959970632648e+00 4.518286976304916713e+00
4.691501505737100786e+00 4.599806294786658256e+00
4.771069021528901999e+00 4.708043757051773248e+00
4.849490908159427960e+00 4.782479807058934718e+00
4.932048801148773087e+00 4.854798937820005378e+00
5.008332763279109479e+00 4.940598909143166573e+00
5.089741755402668488e+00 4.990025142854542572e+00
5.167189142644743605e+00 5.092880273992134832e+00
5.244206839967474387e+00 5.161077786719344473e+00
5.324122578067377098e+00 5.232197236975437704e+00
5.407113477229742671e+00 5.332857007471106137e+00
5.489791582604590658e+00 5.409370925443974798e+00
5.569958638978872223e+00 5.467549738231649137e+00
5.654272120157445514e+00 5.572806172095766897e+00
5.734695473933189014e+00 5.616497826318078701e+00
5.814179804741264945e+00 5.708441059348455582e+00
5.890097436918378726e+00 5.826523511559286383e+00
5.971918992235361046e+00 5.893395847427759016e+00
6.048737460731473448e+00 5.936866473504208486e+00
6.131388753584881002e+00 6.034677210289402183e+00
6.208488160927699617e+00 6.116117339029365496e+00
6.288333388204223162e+00 6.169600085486997898e+00
6.368616412901682899e+00 6.277991073345823736e+00
6.445302742941908747e+00 6.321779457548725389e+00
6.529224833081995527e+00 6.427945349644872408e+00
6.605505316152928685e+00 6.468105754735880453e+00
6.686798876539115533e+00 6.586258311335297932e+00
6.765769463116911631e+00 6.643950218221543302e+00
6.849006260886432607e+00 6.732796789849342822e+00
6.919255454622097012e+00 6.799640346500524402e+00
7.006385104783237061e+00 6.890821329467147649e+00
7.088381397247099258e+00 6.965240730261341717e+00
7.169857246020023389e+00 7.062001534722583962e+00
7.245384607269919286e+00 7.116582410519541213e+00
7.323400068114631623e+00 7.206341501626300605e+00
7.406411708898590796e+00 7.275569002534019170e+00
7.474621799505380082e+00 7.370668127740423792e+00
7.564345197770950158e+00 7.432073915248490259e+00
7.641370618225716171e+00 7.507980176796947624e+00
7.710995293656991656e+00 7.622985041351671320e+00
7.794647018608831246e+00 7.633895131808682066e+00
7.875527054316799891e+00 7.788804373812651782e+00
7.956102355457947972e+00 7.859316851410756755e+00
