0.000000000000000000e+00 0.000000000000000000e+00
0.000000000000000000e+00 0.000000000000000000e+00
0.000000000000000000e+00 0.000000000000000000e+00
0.000000000000000000e+00 0.000000000000000000e+00
0.000000000000000000e+00 0.000000000000000000e+00
0.000000000000000000e+00 0.000000000000000000e+00
0.000000000000000000e+00 0.000000000000000000e+00
0.000000000000000000e+00 0.000000000000000000e+00
0.000000000000000000e+00 0.000000000000000000e+00
0.000000000000000000e+00 0.000000000000000000e+00
0.000000000000000000e+00 0.000000000000000000e+00
1.760977776686137308e-01 -1.682069068587138325e-02
0.000000000000000000e+00 0.000000000000000000e+00
2.352836919637925628e-01 -6.392727985572700666e-02
2.300756694671240443e-01 -3.249564221198749520e-02
3.367231130360220370e-01 0.000000000000000000e+00
2.673084059727950379e-01 -6.534681537967106102e-02
2.952212746836176960e-01 2.819697504705563240e+00
5.958717944046629800e-01 6.005352834675608875e+00
5.525326722852071271e+00 6.125915087061209796e+00
6.300593935604045903e+00 5.915939022476946363e+00
6.529228921097794291e+00 6.565215785738068632e+00
6.615093549760939773e+00 6.711992321943787587e+00
6.773197653492172954e+00 6.917308559884952857e+00
6.968644423756371609e+00 6.887209822103362633e+00
7.082732529267648403e+00 7.241869612960091906e+00
7.260909670305675689e+00 7.415815731259517207e+00
7.395510200833321335e+00 7.550523096245488119e+00
7.546812356755762785e+00 7.688832396551638304e+00
7.807794488992641391e+00 7.714139154689536149e+00
7.945641611700112961e+00 7.847485170549148847e+00
7.990068705901004265e+00 8.136324508694208646e+00
8.192263619454346113e+00 8.284135225434836158e+00
8.386026332014619555e+00 8.431289865406840889e+00
8.570249458443978341e+00 8.531287127769372702e+00
8.719290933425122958e+00 8.689587869453811564e+00
8.866194164890403684e+00 8.842830170954243840e+00
9.021566547781194600e+00 8.966376560853081656e+00
9.176165225911077528e+00 9.114958928489540924e+00
9.336565646359471060e+00 9.283046262225182588e+00
9.494894157626298181e+00 9.441934079225548615e+00
9.664160834312374604e+00 9.586477140321242985e+00
9.809436876755940560e+00 9.776432029449154015e+00
9.968076805351822500e+00 9.910594515387744607e+00
1.013871062696457948e+01 1.009467932397155998e+01
1.030095398226414005e+01 1.026577089566755063e+01
1.046981291226513200e+01 1.040042351398316001e+01
1.063395711736565019e+01 1.053674469730372465e+01
1.081857656290010006e+01 1.072842900219031748e+01
1.098267004264278768e+01 1.089010784591360093e+01
1.115592432822515967e+01 1.103468124564800057e+01
1.133872021105335826e+01 1.123716630979424203e+01
1.151459728399740179e+01 1.137516153512456185e+01
1.168831014061695939e+01 1.153974235002347015e+01
1.186675166429400363e+01 1.175981655533750470e+01
1.204521047165547110e+01 1.189990464550690952e+01
1.221843822623331377e+01 1.208930649715769334e+01
1.239924114873604744e+01 1.224054391199738667e+01
1.257000899715372810e+01 1.246494051068820497e+01
1.274451814155666440e+01 1.263212075655147615e+01
1.292339148202524335e+01 1.282283657566721580e+01
1.309704599308062356e+01 1.296827823313683048e+01
1.327791654882232386e+01 1.317322831930236227e+01
1.346379226700330101e+01 1.328959340052389848e+01
1.363642103513427983e+01 1.344083968710686783e+01
1.381318352766203184e+01 1.367646663421371223e+01
1.398501350460630022e+01 1.383365139208143546e+01
1.417558706084094844e+01 1.404219227189516417e+01
1.436139929133861592e+01 1.425773691801112264e+01
1.453530372806562987e+01 1.443308873775776924e+01
1.472660029462828390e+01 1.453084507528223668e+01
1.490816433766651627e+01 1.469334583830318586e+01
1.508899040569716199e+01 1.496009430858109290e+01
1.526815284778833259e+01 1.508297585844071342e+01
1.545049611243511656e+01 1.530323284563938913e+01
1.563722147048361144e+01 1.549260516679729527e+01
1.581892135148168954e+01 1.555653495536605035e+01
1.599535891520696218e+01 1.586066162490992504e+01
1.618224376838149325e+01 1.589740704152505124e+01
1.638302037513554055e+01 1.620364520728090341e+01
1.656624165237746737e+01 1.635770404772649300e+01
1.675555503657706424e+01 1.657354816950032017e+01
1.695151933306220826e+01 1.672400451657770759e+01
1.713297542067424217e+01 1.693477486352182382e+01
1.730773896986922011e+01 1.714115159981320602e+01
1.750405337806556005e+01 1.733546503915747294e+01
1.769275709625134496e+01 1.751374991112970392e+01
1.787594503966688819e+01 1.767559041153506882e+01
1.805631783833736392e+01 1.791534927576722680e+01
1.825530601217981896e+01 1.794145643754497499e+01
1.844217642966165727e+01 1.827422793245875354e+01
1.862237169887115940e+01 1.834888436059418382e+01
1.882603235718533696e+01 1.854841590512443261e+01
1.900198859421254483e+01 1.875545942104002606e+01
1.922395776045852145e+01 1.893549441557847146e+01
1.940475205154172755e+01 1.921381437289415928e+01
1.958994947008343246e+01 1.933670805297869322e+01
1.979156001421773681e+01 1.951004230294042685e+01
1.997452796679151632e+01 1.968244688170350543e+01
2.017312214509615131e+01 1.993859281776160586e+01
2.035766447227038256e+01 2.009909959176744465e+01
