0.000000000000000000e+00 0.000000000000000000e+00
0.000000000000000000e+00 0.000000000000000000e+00
0.000000000000000000e+00 0.000000000000000000e+00
0.000000000000000000e+00 0.000000000000000000e+00
0.000000000000000000e+00 0.000000000000000000e+00
0.000000000000000000e+00 0.000000000000000000e+00
0.000000000000000000e+00 0.000000000000000000e+00
1.396225290066703019e-02 0.000000000000000000e+00
1.609019902840455263e+00 3.935916587906583164e+00
4.145414994749158311e+00 3.708051833864186353e+00
4.225454674362007168e+00 4.219423012510456594e+00
4.263102584304658826e+00 4.263504024406169712e+00
4.337220383933036771e+00 4.328872342967152065e+00
4.407942194805216651e+00 4.430712826426756124e+00
4.502336662780551890e+00 4.550127309237127271e+00
4.667903903538469734e+00 4.852175902039003397e+00
4.915098028931046414e+00 5.105982900377648903e+00
5.135895635996543973e+00 5.351624516957635969e+00
5.345495703800517084e+00 5.582718466080028641e+00
5.575193938475337063e+00 5.784224118400301151e+00
5.745197044271632691e+00 5.978231714105898931e+00
5.949549489581396067e+00 6.153447798620613085e+00
6.147722594620721459e+00 6.324742464279968779e+00
6.356599771756858530e+00 6.493445973365135515e+00
6.568027207852309424e+00 6.651412388414084553e+00
6.741787968100383388e+00 6.808565984331233167e+00
6.908437525562045600e+00 6.966122701173744325e+00
7.055692166362461215e+00 7.125654713001269513e+00
7.217906952204217852e+00 7.275370137078406074e+00
7.372812447626543531e+00 7.428420765297561346e+00
7.570676305697453756e+00 7.526033099323834463e+00
7.714338372995743320e+00 7.689980724393823408e+00
7.866234028521595256e+00 7.829987932733666334e+00
7.935798442143031650e+00 8.038086635018913739e+00
8.152658306857594184e+00 8.202194834832011949e+00
8.352800851785300296e+00 8.246058645471670445e+00
8.509120472945761904e+00 8.424632181601467096e+00
8.592867458332923647e+00 8.692290200522618804e+00
8.774333288566053213e+00 8.857086427777169035e+00
8.944677918955033391e+00 9.020556793945779361e+00
9.193852081983585833e+00 9.159799589929191299e+00
9.363135007362933138e+00 9.265593224949473239e+00
9.523347088853498121e+00 9.401493447422090810e+00
9.697849134806318716e+00 9.623745465104406094e+00
9.866135254648773056e+00 9.771121488583172976e+00
1.004638311101066250e+01 9.931206010451404609e+00
1.021666034598874973e+01 1.012236362357165476e+01
1.038509311822320313e+01 1.026192490486539377e+01
1.055577196960362762e+01 1.044079951650032001e+01
1.073588679664440981e+01 1.061117617000350144e+01
1.090934513244291892e+01 1.079758583675645056e+01
1.109925559676645435e+01 1.095662326055946600e+01
1.114114666878865911e+01 1.125133205577198581e+01
1.143295636011378846e+01 1.131420224443327882e+01
1.161977399487440010e+01 1.145775203803393616e+01
1.179258902585162261e+01 1.164648902641195782e+01
1.197280356925474365e+01 1.186229246949586091e+01
1.203851966376553406e+01 1.212473191633274539e+01
1.232107983735008894e+01 1.219515944715823075e+01
1.250062315575649308e+01 1.239839374855418797e+01
1.268713328114492533e+01 1.257301526325562158e+01
1.284815953203063543e+01 1.272475441317091338e+01
1.305631893880148908e+01 1.288295840237891809e+01
1.324304558369055584e+01 1.304736752482086182e+01
1.341821608494912432e+01 1.330185698867929034e+01
1.361853742536413137e+01 1.344361152627428702e+01
1.364767270327146420e+01 1.375556589464232182e+01
1.396405834293836712e+01 1.380263047532333509e+01
1.399355677083950233e+01 1.410134034827710714e+01
1.432192110759667258e+01 1.411865904337093447e+01
1.450182515735246547e+01 1.436458564791762704e+01
1.467853145702089179e+01 1.454101331580389456e+01
1.486425875025152088e+01 1.473589545674357737e+01
1.505485843738865270e+01 1.494564688546294207e+01
1.525147454270455150e+01 1.505406157707874293e+01
1.543108233752016289e+01 1.527342564266036185e+01
1.562723348884173724e+01 1.545051378229574723e+01
1.581510895940591332e+01 1.565423890326125544e+01
1.600949533634130262e+01 1.581093366362805419e+01
1.619186068049269167e+01 1.603455972820417230e+01
1.639190972760634324e+01 1.622149875326335078e+01
1.658809237775819412e+01 1.642542320779778819e+01
1.677328420284065302e+01 1.652662784335187851e+01
1.694977469569073847e+01 1.670768092067014621e+01
1.714114942554168408e+01 1.692374378343210140e+01
1.732874479114890676e+01 1.717845422712438364e+01
1.752031072572439285e+01 1.734776056699363167e+01
1.770903091243601679e+01 1.756087125825690620e+01
1.790221808139495607e+01 1.764535150812137232e+01
1.788602552595020967e+01 1.801127090195543090e+01
1.824777587434770965e+01 1.804297327821769414e+01
1.844981758620834356e+01 1.819220052527687059e+01
1.863396148446128109e+01 1.836182977311049669e+01
1.882778349170936139e+01 1.856194889540515547e+01
1.901388997917697665e+01 1.876986331850538292e+01
1.921596814623512373e+01 1.898184187171840875e+01
1.940382762301716824e+01 1.914655643721596689e+01
1.960851627689486421e+01 1.940267523927461113e+01
1.979624082264648166e+01 1.955042748396331120e+01
1.998571216470431366e+01 1.966831379415709335e+01
2.018439323710112632e+01 1.999931003937905416e+01
