0.000000000000000000e+00 0.000000000000000000e+00
0.000000000000000000e+00 0.000000000000000000e+00
0.000000000000000000e+00 0.000000000000000000e+00
0.000000000000000000e+00 0.000000000000000000e+00
0.000000000000000000e+00 0.000000000000000000e+00
0.000000000000000000e+00 0.000000000000000000e+00
0.000000000000000000e+00 0.000000000000000000e+00
0.000000000000000000e+00 0.000000000000000000e+00
0.000000000000000000e+00 0.000000000000000000e+00
0.000000000000000000e+00 0.000000000000000000e+00
0.000000000000000000e+00 0.000000000000000000e+00
0.000000000000000000e+00 0.000000000000000000e+00
0.000000000000000000e+00 0.000000000000000000e+00
0.000000000000000000e+00 -4.902167966230531332e-02
4.698492455129629763e-02 0.000000000000000000e+00
1.321065759161146880e-01 0.000000000000000000e+00
5.581870389864695969e-02 0.000000000000000000e+00
3.214232878563713647e-02 0.000000000000000000e+00
6.304715382961562087e-02 0.000000000000000000e+00
1.572491213348597983e-01 2.156773414885871709e+00
0.000000000000000000e+00 5.901791542933434442e+00
3.694776835288399397e+00 1.035003409778325612e+00
3.836575650881192345e+00 7.066780180412764345e+00
6.367372496306556329e+00 7.043710288952600429e+00
6.773184626047044965e+00 7.226704534570674632e+00
7.229050563813876451e+00 7.321988591484878128e+00
7.423633710387776752e+00 7.373478211361473633e+00
7.526262776124464260e+00 7.682174728464233660e+00
7.709815024601359923e+00 7.837418571059167505e+00
7.912903114108418734e+00 7.824010503623354928e+00
7.970294125115588102e+00 8.153816034890496667e+00
8.159248604312656639e+00 8.293217416666863073e+00
8.408870939350633122e+00 8.318298160135769947e+00
8.545370558979842102e+00 8.403131913511874274e+00
8.602532564668562642e+00 8.723830378529825680e+00
8.766850580279712091e+00 8.860382824599154716e+00
8.953567379290962691e+00 9.003128941543039332e+00
9.155292997887240602e+00 9.100565103201748940e+00
9.307106579446585926e+00 9.229217531766421345e+00
9.457933515188942764e+00 9.377256840586518649e+00
9.617084168300278790e+00 9.524656480225926813e+00
9.771174632930232917e+00 9.670265691307058376e+00
9.926412617118330672e+00 9.836486005425994605e+00
1.008549887680240609e+01 1.000466946874303886e+01
1.026097949225206740e+01 1.014756043435107280e+01
1.042483570623820199e+01 1.032793950981550424e+01
1.058968376634855346e+01 1.048226892143677524e+01
1.074997419795846376e+01 1.067289473950589418e+01
1.091389005936762402e+01 1.079615718982757322e+01
1.108389488135471801e+01 1.097124513277243452e+01
1.125049879267309727e+01 1.105390951722374560e+01
1.142427894216300288e+01 1.131292256110098826e+01
1.158988756361425487e+01 1.135963603840448499e+01
1.175807743202699207e+01 1.167835443993158684e+01
1.192825065398045048e+01 1.180622940832472523e+01
1.210143317500684290e+01 1.196112613758316101e+01
1.226400472450041690e+01 1.208179962070092728e+01
1.244520026201456453e+01 1.225866830851686728e+01
1.260874530174425345e+01 1.247050949742371451e+01
1.278914397122196789e+01 1.261905768192060684e+01
1.295834684266827175e+01 1.282019447395962253e+01
1.312804495491762680e+01 1.293948389604824634e+01
1.331630394372649029e+01 1.315036214996998076e+01
1.348698809860956516e+01 1.332783309848371545e+01
1.367440935416859560e+01 1.345035893319114884e+01
1.384932495582771672e+01 1.359992567207644498e+01
1.403301529381669965e+01 1.386102719789340831e+01
1.422496704028966441e+01 1.395576769765128944e+01
1.440354110688514666e+01 1.413337627971246135e+01
1.458392298508482732e+01 1.441614052459200757e+01
1.477703334920473210e+01 1.457288799368793164e+01
1.496529763016707726e+01 1.466436659664468856e+01
1.515633705225651440e+01 1.489897661771143511e+01
1.534953340739273386e+01 1.507454148581394371e+01
1.553271641539812720e+01 1.530115783173012289e+01
1.571576719236218800e+01 1.541210288974318310e+01
1.589746100120862238e+01 1.559109555880126763e+01
1.608313863530214860e+01 1.576396892512799930e+01
1.627602143609717089e+01 1.583794756964994122e+01
1.646439145139115112e+01 1.609587230954814885e+01
1.664117073178491779e+01 1.634179682579348736e+01
1.681958548919413232e+01 1.652321306930037181e+01
1.700496602333327090e+01 1.663276639316115535e+01
1.721010660698134487e+01 1.684813918077962569e+01
1.738002202767168214e+01 1.709262538256015063e+01
1.756445054458569288e+01 1.724934100383585189e+01
1.776369990610314176e+01 1.740976480324719233e+01
1.793567631239362115e+01 1.760102680150192711e+01
1.813079986317928061e+01 1.768951725748867077e+01
1.830464754115282133e+01 1.788180475771518729e+01
1.851813015723319111e+01 1.815224578777381836e+01
1.869380231286757521e+01 1.824636287135966128e+01
1.887117033655497522e+01 1.846630591661639542e+01
1.906817041511905586e+01 1.869135086994129580e+01
1.925331647264273016e+01 1.886976825818619119e+01
1.943306259951941328e+01 1.900575845894399762e+01
1.962224891935541748e+01 1.924496322521221003e+01
1.981534677536706468e+01 1.936956747942252477e+01
2.001173817103882513e+01 1.951509978383439758e+01
2.018148544111479836e+01 1.978585112905680887e+01
2.038518280087811618e+01 1.992017116999553039e+01
