0.000000000000000000e+00 0.000000000000000000e+00
0.000000000000000000e+00 0.000000000000000000e+00
0.000000000000000000e+00 0.000000000000000000e+00
0.000000000000000000e+00 0.000000000000000000e+00
0.000000000000000000e+00 0.000000000000000000e+00
0.000000000000000000e+00 0.000000000000000000e+00
0.000000000000000000e+00 0.000000000000000000e+00
0.000000000000000000e+00 0.000000000000000000e+00
0.000000000000000000e+00 0.000000000000000000e+00
0.000000000000000000e+00 0.000000000000000000e+00
0.000000000000000000e+00 0.000000000000000000e+00
0.000000000000000000e+00 3.200071756551740587e-01
7.065873269540581814e-02 0.000000000000000000e+00
4.940415107172533432e-02 2.774424955046689512e+00
2.013345320772932823e+00 5.552615548765811759e+00
5.054112937246887149e+00 4.964541903953191948e+00
5.330359104819385685e+00 5.710045566217053725e+00
5.910130044004599625e+00 5.908319268652561185e+00
6.010333916315603986e+00 6.060668792424309004e+00
6.193124916061032437e+00 6.192925409597314079e+00
6.266253216768087775e+00 6.294353585661339068e+00
6.389576435650271335e+00 6.558175024960150701e+00
6.549717141132750164e+00 6.675371868344119441e+00
6.757577693059160673e+00 6.795051947994795505e+00
6.889955553960465551e+00 6.857571336602561018e+00
7.017204407203476713e+00 7.008115998985840811e+00
7.110134539329044934e+00 7.341550501274328511e+00
7.338955060324291679e+00 7.553579437864684998e+00
7.537638640671668888e+00 7.713568504226496536e+00
7.716665776240962060e+00 7.885017053283460697e+00
7.895006276194011186e+00 8.026786994726395008e+00
8.059269771405338290e+00 8.161049476090408206e+00
8.214344721978543262e+00 8.308089048048191927e+00
8.443349890784363154e+00 8.386919288810691597e+00
8.529407260428484960e+00 8.613944289341286975e+00
8.723225224133702937e+00 8.758130741735500990e+00
8.883296875265779491e+00 8.898197891063755804e+00
9.046581298383040703e+00 9.013058870888190910e+00
9.197478940948142778e+00 9.178949817903927055e+00
9.350103563248103100e+00 9.276246956102518482e+00
9.516274291291804133e+00 9.426924062200933818e+00
9.682009828414786412e+00 9.573079969049402393e+00
9.848626822066192332e+00 9.747070261446159734e+00
1.001452288343671349e+01 9.923334146890944396e+00
1.018243040773260688e+01 1.003437440324557173e+01
1.034886799050504536e+01 1.023167819761215824e+01
1.051566007150540294e+01 1.035229624440068896e+01
1.067858077669040284e+01 1.056994442718938920e+01
1.084866778992264535e+01 1.075174116716400796e+01
1.102298179822589752e+01 1.089474550683994636e+01
1.119033041476722445e+01 1.106193565824457714e+01
1.137677659087009019e+01 1.123155949800127296e+01
1.154607412028198254e+01 1.143199025158058646e+01
1.170887608209984165e+01 1.160136620813477748e+01
1.188334421422268505e+01 1.170037093942633888e+01
1.204898633568321742e+01 1.191955878446327333e+01
1.222481316396701523e+01 1.207662000835872895e+01
1.240730745376919408e+01 1.221850635385957773e+01
1.257301160069201806e+01 1.237609540890735360e+01
1.275609352369560412e+01 1.256926221200382798e+01
1.292495508135958993e+01 1.284215264228311959e+01
1.309893738141571973e+01 1.292339348802857302e+01
1.327655239721326375e+01 1.311279244342656014e+01
1.346316383248523962e+01 1.331928278548755351e+01
1.363291098988561068e+01 1.348639344669328999e+01
1.381468666426776970e+01 1.367037995319876664e+01
1.400527700511464779e+01 1.384398548368216630e+01
1.417448296687813958e+01 1.400348028439233694e+01
1.437010351347981008e+01 1.417144491307438514e+01
1.455085255059309368e+01 1.436871524326823213e+01
1.473612621861148497e+01 1.456204891546436109e+01
1.492445308780686020e+01 1.477288566447583840e+01
1.511366869729902085e+01 1.495747683085316559e+01
1.529997509216226881e+01 1.511696118851537030e+01
1.548098339069447782e+01 1.531461199158862208e+01
1.568609078530751866e+01 1.547456117819984200e+01
1.587313300339319255e+01 1.564004125286395563e+01
1.605735293459836655e+01 1.582974396642443971e+01
1.625152178692257365e+01 1.601927950314902915e+01
1.643775232662979491e+01 1.620331728543387229e+01
1.663303500064854390e+01 1.628298511211858823e+01
1.682864538790687448e+01 1.657280889119720158e+01
1.701516871972329170e+01 1.671467669225619801e+01
1.720413148721416263e+01 1.684147511578391487e+01
1.740729537142285821e+01 1.702501839564076747e+01
1.758388497732779854e+01 1.726054036076482845e+01
1.777060863797789736e+01 1.745904598864155943e+01
1.796162190790828106e+01 1.761096778840425259e+01
1.816498917666542923e+01 1.782291078336299250e+01
1.834279225793482127e+01 1.802611741588542671e+01
1.853688471260937476e+01 1.813491727221533978e+01
1.872491205454324970e+01 1.828303000379818855e+01
1.891388134449032421e+01 1.857058970421860522e+01
1.909963130624948491e+01 1.882709569901144064e+01
1.929504832101142497e+01 1.893673332821784072e+01
1.946530750043271496e+01 1.913439504871205088e+01
1.966089401459865016e+01 1.927350624789027833e+01
1.986009398980318252e+01 1.951224264332897818e+01
2.004978663875964173e+01 1.966135523757038683e+01
2.023829787946743153e+01 1.978891378905103338e+01
2.044057157885711007e+01 2.009633474979243672e+01
