0.000000000000000000e+00 0.000000000000000000e+00
0.000000000000000000e+00 0.000000000000000000e+00
0.000000000000000000e+00 0.000000000000000000e+00
0.000000000000000000e+00 0.000000000000000000e+00
0.000000000000000000e+00 0.000000000000000000e+00
0.000000000000000000e+00 0.000000000000000000e+00
0.000000000000000000e+00 0.000000000000000000e+00
0.000000000000000000e+00 0.000000000000000000e+00
0.000000000000000000e+00 0.000000000000000000e+00
0.000000000000000000e+00 0.000000000000000000e+00
0.000000000000000000e+00 0.000000000000000000e+00
0.000000000000000000e+00 0.000000000000000000e+00
0.000000000000000000e+00 0.000000000000000000e+00
3.750123221940037527e-02 0.000000000000000000e+00
8.171728846192796714e-02 -3.079311430295166366e-02
0.000000000000000000e+00 0.000000000000000000e+00
1.358132267150124195e-01 2.829951406582642374e-03
2.908232660167647810e-01 0.000000000000000000e+00
7.767739745684398844e-02 0.000000000000000000e+00
7.310941880480545385e-02 5.045834783687778824e+00
6.000160483607734463e+00 6.733598340012433070e+00
5.464064765516064348e+00 6.778413659158213811e+00
6.775182351586809482e+00 6.743128650606541541e+00
6.924711766697817517e+00 6.889031521724987783e+00
7.047399097056678663e+00 7.175886259354897767e+00
7.120181002356264166e+00 7.335368829950197345e+00
7.321279506328352227e+00 7.448413958869399387e+00
7.495075831163586777e+00 7.554148458298103996e+00
7.665852161901343109e+00 7.699803338071554926e+00
7.814124644288886756e+00 7.841269722653373186e+00
7.973179018827113218e+00 8.089035942773165289e+00
8.091347286897860869e+00 8.280621134144123374e+00
8.236727222016636318e+00 8.447238817763718544e+00
8.396351017752010648e+00 8.582283457147251937e+00
8.569787619398743672e+00 8.721995279136201873e+00
8.865508939306785408e+00 8.721501294392481896e+00
8.925536156746193939e+00 9.005657916205873192e+00
9.095201990198418684e+00 9.153563346697303871e+00
9.304802979660461659e+00 9.261208047094511286e+00
9.461928303323098532e+00 9.404638839262545957e+00
9.617494874916260983e+00 9.545741613249592916e+00
9.773374531501804796e+00 9.678551757331865346e+00
9.933843953621849465e+00 9.834806291883307239e+00
1.010428246767553517e+01 9.982565993645289737e+00
1.026517677036696874e+01 1.012148830476125561e+01
1.043324054002018464e+01 1.029593838332437805e+01
1.059825362668397730e+01 1.044743058293664539e+01
1.076498235740703002e+01 1.056997520989066075e+01
1.092633427617997910e+01 1.076302731237135824e+01
1.108610075834364395e+01 1.093046344648732848e+01
1.125465694290165253e+01 1.111364358189343982e+01
1.142386740565549808e+01 1.127713038735876161e+01
1.159560494430681743e+01 1.141897374273889554e+01
1.176522986657824887e+01 1.166135373369343853e+01
1.193363145655163038e+01 1.174480790918664574e+01
1.209739908444059253e+01 1.194855033034839487e+01
1.227879856224146593e+01 1.212921584035585099e+01
1.244979530715907146e+01 1.232902249436014408e+01
1.262504467304881750e+01 1.242095055889978994e+01
1.280997443065298214e+01 1.262597740836721094e+01
1.297850953879956926e+01 1.274764044644649630e+01
1.315712238357107466e+01 1.301378807267293425e+01
1.332807069602187688e+01 1.308290356555634304e+01
1.350976843818834361e+01 1.339151853740708376e+01
1.370012187162160444e+01 1.352474530547437048e+01
1.387674029176264767e+01 1.365447641381704713e+01
1.406435626483941626e+01 1.387566075740905802e+01
1.424955055131728621e+01 1.405433681611518182e+01
1.443181460129778770e+01 1.429554409761716016e+01
1.461120872273228422e+01 1.439028719498854869e+01
1.479215187663003661e+01 1.453502710086695870e+01
1.497260488275333756e+01 1.477683456958291153e+01
1.515671838194994869e+01 1.492649720272310532e+01
1.533897468915045792e+01 1.505545027055224772e+01
1.551694662048195283e+01 1.525958755432019665e+01
1.569238655199943899e+01 1.540564057617820026e+01
1.588705155363698651e+01 1.561619586245418567e+01
1.607581190024123075e+01 1.576363186270232042e+01
1.624729391478562945e+01 1.599890350127081362e+01
1.643376579985143948e+01 1.615298756118545853e+01
1.661649524312510096e+01 1.639652399983906506e+01
1.680573938509634146e+01 1.659102796774074662e+01
1.698362152427532124e+01 1.666993624613553493e+01
1.718979628036651874e+01 1.684190050926669358e+01
1.737045512852527551e+01 1.705753280409815176e+01
1.755771850965323466e+01 1.714895992788872903e+01
1.775796716166997413e+01 1.734632406101424706e+01
1.794340498508362813e+01 1.767817394197750147e+01
1.813504374587549961e+01 1.774133829838648069e+01
1.833104204703125006e+01 1.796817460702884972e+01
1.852896647414984344e+01 1.814085441008055355e+01
1.871010824918147009e+01 1.829223971751876476e+01
1.890141481027074732e+01 1.844303285523817948e+01
1.907844186640748063e+01 1.869752559677547055e+01
1.926059416423875348e+01 1.884643077535552180e+01
1.944842148588134734e+01 1.914192066684593030e+01
1.964891640844109588e+01 1.919354678962917049e+01
1.983343791796978550e+01 1.947215671778011981e+01
2.001662675659298074e+01 1.968969607257063714e+01
2.019451319207392359e+01 1.986348252226426325e+01
2.040306829380786979e+01 1.995026596888661885e+01
