0.000000000000000000e+00 0.000000000000000000e+00
6.237246836895561641e-02 1.127821073140615749e-01
4.342834036510728191e-01 4.421339088832192954e-01
6.774817600974912812e-01 6.766972884799821175e-01
8.727596238388669603e-01 8.726291177412937028e-01
1.055879027457780284e+00 1.043624016095381357e+00
1.249076366859347198e+00 1.233564671889360698e+00
1.445342766848851657e+00 1.426315208604628237e+00
1.637793136256617155e+00 1.604452912458351310e+00
1.831559927042743174e+00 1.788929042674441972e+00
1.992219696037816234e+00 2.016727137505012202e+00
2.188487721886788417e+00 2.219054657517356421e+00
2.413983315169102806e+00 2.374257492911778566e+00
2.558104138137102357e+00 2.607756130574595765e+00
2.802430651022887798e+00 2.759860231111379125e+00
2.953447616829018685e+00 3.000043146853561549e+00
3.202671314646100775e+00 3.153264502851699458e+00
3.386057049399002761e+00 3.343374535887049248e+00
3.581456667269645067e+00 3.509907709661105102e+00
3.720696450811507461e+00 3.776585308019396070e+00
3.967585770898288455e+00 3.913111286425007940e+00
4.097199734580589059e+00 4.169260553796786617e+00
4.372397203627420126e+00 4.289749930577838377e+00
4.553443513756834093e+00 4.509075800980157922e+00
4.710108715355389997e+00 4.745037802998790077e+00
4.895034452721225726e+00 4.937814638934602485e+00
5.079795145614625973e+00 5.135796392671373667e+00
5.300832784324962965e+00 5.336643950114781099e+00
5.487258824926325218e+00 5.537741269413107403e+00
5.679890379078116780e+00 5.732459159617793176e+00
5.871627118148864177e+00 5.928881586180414942e+00
6.054977837279455599e+00 6.119150529506882208e+00
6.252353106332754429e+00 6.322743284683438603e+00
6.515078761779640182e+00 6.454564976336592430e+00
6.654419935643048234e+00 6.727267604354477015e+00
6.921595940820814974e+00 6.828684172436131128e+00
7.113595577880407639e+00 7.030623261550069003e+00
7.223030430281259129e+00 7.313729505575855327e+00
7.433517749150178489e+00 7.512788384782679074e+00
7.642552460038979589e+00 7.709349408401538817e+00
7.835067336322531162e+00 7.901719791211663235e+00
8.038205268000613302e+00 8.098232030684286542e+00
8.232365908415053113e+00 8.285877959367569545e+00
8.487075489179808585e+00 8.380872527250302184e+00
8.602159584234472689e+00 8.673482782476265029e+00
8.821322743208527939e+00 8.879274597124235058e+00
9.084367142344474289e+00 9.005490811386671623e+00
9.273066959777203522e+00 9.182146049485178096e+00
9.468302194488156687e+00 9.417704887140923020e+00
9.651942437923610285e+00 9.574313378621424064e+00
9.773062237742976777e+00 9.843464252726768393e+00
1.003428198789791281e+01 9.977550854500067956e+00
1.023576667315680488e+01 1.017283093335543320e+01
1.042178855196952014e+01 1.035025716708345733e+01
1.055270574110254600e+01 1.062964071753735418e+01
1.083046028597002319e+01 1.078017898099806082e+01
1.099669973462490269e+01 1.102910341916574666e+01
1.115293694254601142e+01 1.122723027869368906e+01
1.135549529533563273e+01 1.142707505429165593e+01
1.155397189701550609e+01 1.164475526388250692e+01
1.183920861105963951e+01 1.171644145577535134e+01
1.190254639595436359e+01 1.203699567412435911e+01
1.210728386919326915e+01 1.225061384918754825e+01
1.232752678371077515e+01 1.244923282571281753e+01
1.251319416043960331e+01 1.264261121608743466e+01
1.274334217839031069e+01 1.284431544973022454e+01
1.293594891613482112e+01 1.304407701157632538e+01
1.323615154437538344e+01 1.308536139637284812e+01
1.344032603357987199e+01 1.333594492095981288e+01
1.350412950306635729e+01 1.363638212825858176e+01
1.382722001796558153e+01 1.374904874848738068e+01
1.403107978629288155e+01 1.389078002357557828e+01
1.422225016737861658e+01 1.407724992072341941e+01
1.431945407931164560e+01 1.443512401730463779e+01
1.461894822349205825e+01 1.449205528864874637e+01
1.481770503193761357e+01 1.464354690381258806e+01
1.493124778664587105e+01 1.501269588027856017e+01
1.519679840351998479e+01 1.509943460585184560e+01
1.539194429454857627e+01 1.530168956566759952e+01
1.543235832210408454e+01 1.559773450857736066e+01
1.579130874454260614e+01 1.565255096567112503e+01
1.585514191001952611e+01 1.597867642604001581e+01
1.610621042541715298e+01 1.616760795694352737e+01
1.637408620103336787e+01 1.624369230791969798e+01
1.647519179292775249e+01 1.656468098726559290e+01
1.668753360564810606e+01 1.677890610723017417e+01
1.686975806104405606e+01 1.696206401108695871e+01
1.716272789483948813e+01 1.703350077547121799e+01
1.729605052031328327e+01 1.736452489750637085e+01
1.755465285187706215e+01 1.745856295162864669e+01
1.775557996613617817e+01 1.768587883196439137e+01
1.794674104276289484e+01 1.783364949385885012e+01
1.815444695454795365e+01 1.802384068868080647e+01
1.824772784894482669e+01 1.833554157506125648e+01
1.846241167863229293e+01 1.853932599854852370e+01
1.873371681563532931e+01 1.862081357987261043e+01
1.879972362366988392e+01 1.893370843018417204e+01
1.902768511600214296e+01 1.914499336779723038e+01
1.932101840015792149e+01 1.918830501306726433e+01
1.952899407609259796e+01 1.937342962608460795e+01
1.962346261642905532e+01 1.972342221739073764e+01
