0.000000000000000000e+00 0.000000000000000000e+00
0.000000000000000000e+00 0.000000000000000000e+00
0.000000000000000000e+00 0.000000000000000000e+00
0.000000000000000000e+00 0.000000000000000000e+00
0.000000000000000000e+00 0.000000000000000000e+00
0.000000000000000000e+00 0.000000000000000000e+00
0.000000000000000000e+00 0.000000000000000000e+00
0.000000000000000000e+00 0.000000000000000000e+00
1.563703512817249675e-01 4.076870498968317852e-02
2.405719087686583602e-01 3.762807223289049041e+00
3.832426371727442493e+00 4.735143252713058359e+00
4.365644063806549902e+00 4.600013960552631787e+00
4.737300084578878412e+00 4.754128019340805089e+00
4.803398290008169091e+00 4.798879884078343316e+00
4.904400551889174231e+00 4.894997968184872761e+00
4.999777252701441022e+00 4.985446900440591023e+00
5.179993014630699832e+00 5.208059692324902734e+00
5.279335060162854809e+00 5.533602683188285631e+00
5.465166460421428063e+00 5.749368211115267080e+00
5.691522484477514077e+00 5.927417832731175729e+00
5.893978509579837599e+00 6.078500296149182525e+00
6.155739493352719194e+00 6.286333053003767546e+00
6.348004858092979319e+00 6.473391243533677120e+00
6.489669918947303273e+00 6.670038236917894992e+00
6.624695792404091677e+00 6.828574998030360277e+00
6.786476591631605437e+00 6.990498852563909793e+00
6.957960144601369024e+00 7.145567876137830510e+00
7.135210536333635112e+00 7.311992146058724273e+00
7.291596878421938932e+00 7.465526659833967571e+00
7.502838292076551951e+00 7.621531029125243606e+00
7.675376512677493324e+00 7.773921313915415077e+00
7.827309156293747350e+00 7.923961663217241380e+00
7.994884502755577493e+00 8.071798712885930982e+00
8.212680378495106126e+00 8.168675274438252032e+00
8.257444183719330866e+00 8.386371097525707086e+00
8.525489308134309496e+00 8.430345904879144925e+00
8.672926934083898587e+00 8.565204816587328907e+00
8.712782281177739563e+00 8.854101909730774267e+00
9.006760005179604178e+00 8.908043013862183557e+00
9.162043376517948090e+00 9.034358292769853804e+00
9.323160047449105647e+00 9.172141606195250318e+00
9.486184202193163273e+00 9.374857660650610214e+00
9.655351635417686040e+00 9.504325789757732679e+00
9.831396517596727946e+00 9.689335561443384037e+00
9.992706038965666338e+00 9.863493259043311312e+00
1.017444098615540859e+01 1.004913920612397327e+01
1.020519368251668624e+01 1.033926549278154639e+01
1.038693625524142483e+01 1.051282958113765176e+01
1.068451048644404899e+01 1.055082791978723300e+01
1.085528094815706623e+01 1.073268901018103527e+01
1.102475964544408882e+01 1.087312071889613030e+01
1.119322904362898008e+01 1.104201352839787198e+01
1.137125231318377239e+01 1.118560305999424287e+01
1.154423685953351253e+01 1.140784579581955249e+01
1.171182079702761847e+01 1.158565345126115531e+01
1.188225802159301914e+01 1.178177236968591046e+01
1.205281177171670315e+01 1.190085194897104870e+01
1.222834591622985378e+01 1.211409434160655785e+01
1.241114244691167556e+01 1.230532798225521418e+01
1.257802037545822493e+01 1.248739970490830942e+01
1.275512582003618256e+01 1.266851301802948626e+01
1.293915297805497922e+01 1.278689990747119687e+01
1.311339445613239540e+01 1.298280702986121327e+01
1.330761831006679685e+01 1.317864769746480746e+01
1.349186959260226004e+01 1.339918154323016886e+01
1.367035468976797041e+01 1.360096741810072452e+01
1.384632885632780308e+01 1.374199687851377050e+01
1.385068346674912476e+01 1.397337180512083776e+01
1.419026910248971696e+01 1.401815174268890196e+01
1.437874574211707213e+01 1.430278133892323034e+01
1.454700355780915899e+01 1.437179464429329556e+01
1.473934533007275327e+01 1.460284026011325054e+01
1.492589070898885240e+01 1.479367020658484222e+01
1.511228510521419288e+01 1.499696139026229780e+01
1.529607418378687811e+01 1.517170891392655996e+01
1.548971187104580594e+01 1.540593051006755410e+01
1.566433174249558746e+01 1.553911790408780469e+01
1.584201369821045446e+01 1.567367277615783472e+01
1.603470542028569668e+01 1.592178295833082480e+01
1.623580901682207411e+01 1.607039376309661804e+01
1.641808275345362844e+01 1.625192708532442509e+01
1.662279308289485868e+01 1.643665010287028139e+01
1.680873221793748584e+01 1.662434375446086321e+01
1.700713090266546601e+01 1.683419611706130326e+01
1.720589675278834818e+01 1.701950925849066110e+01
1.739940270142651002e+01 1.727183610288532734e+01
1.758283473529347063e+01 1.739540743393375521e+01
1.777183561799616385e+01 1.755297571598363149e+01
1.796830892227951182e+01 1.775725423358503008e+01
1.815804549347941332e+01 1.787341108606381823e+01
1.836171420553053935e+01 1.812128753702239692e+01
1.852720493229353593e+01 1.836005863345632250e+01
1.872840424399850079e+01 1.849188103850177001e+01
1.891937921916191812e+01 1.859652589907041076e+01
1.910078779456015852e+01 1.887313961661654105e+01
1.929729909788462905e+01 1.906440466236080056e+01
1.948195417506170912e+01 1.927639697758069204e+01
1.966522256881853892e+01 1.954317026525356482e+01
1.985370832495450699e+01 1.960723502900723147e+01
2.004773900932051944e+01 1.977259065209884170e+01
2.022702698046230552e+01 2.002198918144746287e+01
