0.000000000000000000e+00 0.000000000000000000e+00
0.000000000000000000e+00 0.000000000000000000e+00
0.000000000000000000e+00 0.000000000000000000e+00
0.000000000000000000e+00 0.000000000000000000e+00
0.000000000000000000e+00 0.000000000000000000e+00
0.000000000000000000e+00 0.000000000000000000e+00
2.599344945454020589e-02 -2.129869143326173359e-03
2.599344945454020589e-02 1.232374400182792762e+00
5.025690517870511353e-01 2.010116233276007858e+00
2.203672640696645590e+00 2.369338041743633827e+00
2.489599842166073884e+00 2.551259409317265359e+00
2.606521861121920303e+00 2.642882257298734050e+00
2.756393050644338150e+00 2.792741434850500859e+00
2.827483985912062625e+00 2.966961364135701551e+00
3.020204297606238875e+00 3.107978024089453672e+00
3.106119550714784516e+00 3.245261725862377489e+00
3.317490235024532552e+00 3.389753511325522606e+00
3.460276080638747143e+00 3.550391679387846722e+00
3.579930068602787951e+00 3.695406742487347351e+00
3.743114377522584579e+00 3.846891927057967564e+00
3.945287996706363653e+00 3.899276950856618296e+00
4.045700460981487723e+00 4.162236225434861048e+00
4.222741205952004862e+00 4.322277785649823123e+00
4.396432847218227913e+00 4.476235677381716016e+00
4.546050044352663910e+00 4.634394941414051061e+00
4.704367242200905963e+00 4.773445377784661936e+00
4.846468175803481770e+00 4.916959847312070586e+00
4.991892174349083611e+00 5.062442431927008712e+00
5.198103359897919162e+00 5.104173945735903217e+00
5.253272775807221073e+00 5.338945488188204358e+00
5.473273062467900907e+00 5.403008510456992930e+00
5.616597247746845767e+00 5.551212066823676849e+00
5.699263177309951800e+00 5.769423608458843056e+00
5.910331747839064676e+00 5.860313292923693851e+00
5.982289640336076353e+00 6.056584373266662880e+00
6.203426733816912453e+00 6.140868879379502765e+00
6.359252465880350869e+00 6.282670075185396108e+00
6.496983549839296934e+00 6.434311329105060651e+00
6.643592687734109603e+00 6.574633390325793414e+00
6.787517810893552550e+00 6.707275140993282037e+00
6.934048673766938897e+00 6.890959481073861248e+00
7.037921182532317133e+00 7.063842479343152903e+00
7.233175229677146767e+00 7.208179821158005041e+00
7.389303128832676038e+00 7.319863964159029734e+00
7.543629029339472325e+00 7.508743510804730903e+00
7.646037211239997688e+00 7.685415965209806188e+00
7.856450420884253383e+00 7.804316793684415998e+00
8.001364982178087004e+00 7.944348271296407304e+00
8.162321612290471151e+00 8.090636585118653912e+00
8.241457155250541788e+00 8.291169041565451536e+00
8.464438082969376609e+00 8.408962765752063362e+00
8.626155154857272578e+00 8.591751590417981532e+00
8.778293801582574218e+00 8.697904800052135954e+00
8.949744581854266912e+00 8.865544098708445730e+00
9.106288327222962664e+00 8.973735808507790068e+00
9.273070035244856513e+00 9.151373572960114444e+00
9.431606726597467016e+00 9.316381200650930339e+00
9.587563858773464176e+00 9.448493537400544540e+00
9.738461810734490243e+00 9.634174176965556669e+00
9.903491202879310507e+00 9.801986019312327159e+00
1.005642516455575830e+01 9.908653662028662268e+00
1.022190424349070526e+01 1.012752696278173836e+01
1.036791887377193611e+01 1.024729003949966888e+01
1.053632596399990007e+01 1.042931162675787782e+01
1.069039302303152184e+01 1.057156465582446181e+01
1.085929131135684678e+01 1.073916848077788799e+01
1.102152771436171541e+01 1.091067683373802133e+01
1.118185720728637733e+01 1.102552557451769388e+01
1.134505514187573105e+01 1.126005412506168035e+01
1.149782006139643187e+01 1.140155900983928738e+01
1.166678591354696337e+01 1.152418577543068068e+01
1.183345148805116764e+01 1.166346926661948835e+01
1.198881163717434362e+01 1.187014034680791852e+01
1.216862642340357148e+01 1.204805291322782956e+01
1.232601597401079907e+01 1.218926237618217989e+01
1.249593309977294098e+01 1.234332366527859470e+01
1.266285266801226683e+01 1.248500962547900883e+01
1.282101052440000366e+01 1.264646264768110662e+01
1.297162535414451945e+01 1.272304896314729206e+01
1.314277585013575589e+01 1.294524071116298281e+01
1.329372574351787328e+01 1.308308377733229477e+01
1.346798030314038286e+01 1.327690880455989664e+01
1.363401722643260250e+01 1.351160131966192779e+01
1.378377407420563472e+01 1.360585274364458641e+01
1.394263508491090064e+01 1.371493006721901331e+01
1.410639151030430583e+01 1.394836303725700510e+01
1.426051509108124371e+01 1.412361937098333975e+01
1.443252167768440053e+01 1.423251123728579337e+01
1.459202520182672735e+01 1.442949790469853610e+01
1.475252595777379305e+01 1.460125232288501174e+01
1.491770756843025758e+01 1.470025429575113662e+01
1.507591265674416192e+01 1.489676124462295093e+01
1.524033630295404684e+01 1.496616761669429074e+01
1.540560140732744543e+01 1.525810473164358605e+01
1.556778140670554045e+01 1.529314443477829677e+01
1.573069728677208268e+01 1.553834821685082090e+01
1.590444053474200814e+01 1.571759574858134734e+01
1.606886616870995610e+01 1.586026252806815151e+01
1.622954998754634559e+01 1.595188508124612881e+01
1.639193009031750847e+01 1.611904778493556378e+01
1.656030955420706618e+01 1.633966601966955423e+01
