0.000000000000000000e+00 0.000000000000000000e+00
2.488793690168358331e-04 0.000000000000000000e+00
1.604211266214353518e-02 -2.892347639684225702e-03
6.994490184546066705e-03 9.816383038284584583e-02
2.277070410605104567e-01 1.046550571098001092e-01
2.840550399130520320e-01 3.805041854658938183e-01
4.914754158223978431e-01 4.737438259368489946e-01
5.886307118191167476e-01 5.646058862745934048e-01
6.887050644367038732e-01 6.384544426361703495e-01
7.735678741027947058e-01 7.329209028729271047e-01
8.651468577277902083e-01 8.294010673827962865e-01
9.524766130262056762e-01 9.085814902176505559e-01
1.041428277499882649e+00 1.000439413213450424e+00
1.129649813258290836e+00 1.104348890105824488e+00
1.218445517289672431e+00 1.198222481200113432e+00
1.305960602431202267e+00 1.270739940836969062e+00
1.394241838538770484e+00 1.347277047137085182e+00
1.483611259531332660e+00 1.447508744857831209e+00
1.572769687984967746e+00 1.513887301465612234e+00
1.663326141325151442e+00 1.618944611750145590e+00
1.748792161283691193e+00 1.704209945195737097e+00
1.838116831332136325e+00 1.800472563287681460e+00
1.926689527079889608e+00 1.886949338609432480e+00
2.011357763993586456e+00 1.978416379476302334e+00
2.096766084597855961e+00 2.049358081192701686e+00
2.185246282531861262e+00 2.128158326912459763e+00
2.275596309423929320e+00 2.208111013781191900e+00
2.356601284635313043e+00 2.322913978266870849e+00
2.444869475720555130e+00 2.382337415472391307e+00
2.532806220649849394e+00 2.476336215936786100e+00
2.616364156642922989e+00 2.568047328939191853e+00
2.704328660741286416e+00 2.651478764865395910e+00
2.790608018375417831e+00 2.747855867090394977e+00
2.876615685381241683e+00 2.807186060475044709e+00
2.965517071530297422e+00 2.890394399946349502e+00
3.052954149246315030e+00 3.011629103648173711e+00
3.137858625593616946e+00 3.084260853812825776e+00
3.228721359799737733e+00 3.171914402036958514e+00
3.309977137341094888e+00 3.258792058537736125e+00
3.401505808824022647e+00 3.352241075286564342e+00
3.488664928099117990e+00 3.428925890415379207e+00
3.571971946969623612e+00 3.514166101973795087e+00
3.660485879777072071e+00 3.559511936459165860e+00
3.749627974628797045e+00 3.709793692604179682e+00
3.836372790986275483e+00 3.769717938361960563e+00
3.918082891905040999e+00 3.849788105940520122e+00
4.012107710339872568e+00 3.932653408045739596e+00
4.098378719614188093e+00 4.031803539509584589e+00
4.187215668349933750e+00 4.108678078761974106e+00
4.271156838119341437e+00 4.198494821420545087e+00
4.364396722222923408e+00 4.275410645095488071e+00
4.449773920069849176e+00 4.370249326058657680e+00
4.536328854061579818e+00 4.449376359745135012e+00
4.624887184218346547e+00 4.557354067144355092e+00
4.711808790580748862e+00 4.643257233988788535e+00
4.799595722384136565e+00 4.727595698402063285e+00
4.890661089908667769e+00 4.785598165814937133e+00
4.975632244557254502e+00 4.906502566205332094e+00
5.066164743996678155e+00 4.998504942481544866e+00
5.146715136560809256e+00 5.062097942689099739e+00
5.239515220896407754e+00 5.169187495160296741e+00
5.325214136241483764e+00 5.223066528689559895e+00
5.404936818438432766e+00 5.282793506287042362e+00
5.496773332886135677e+00 5.434749803713280869e+00
5.578533437563105934e+00 5.465742451034578231e+00
5.667710792805590536e+00 5.578453886968419262e+00
5.756956334872425529e+00 5.665100409471088838e+00
5.843711412977230957e+00 5.726416437324199471e+00
5.930160665378055640e+00 5.829457047712514495e+00
6.017717111474095049e+00 5.949417827285087945e+00
6.104614435612443657e+00 6.006462223870630446e+00
6.196507865638355206e+00 6.102509200165026293e+00
6.284401804000665948e+00 6.189329885270700160e+00
6.366245484828078283e+00 6.271356987527100912e+00
6.462942044564717214e+00 6.335972867798876251e+00
6.545057574470398265e+00 6.450827247572842538e+00
6.628403231346410074e+00 6.532506408970195189e+00
6.718382213496752797e+00 6.648493305598194070e+00
6.806381892802410682e+00 6.701022902646276869e+00
6.894388013108884827e+00 6.799159006550713258e+00
6.986720850760043788e+00 6.870660321077123989e+00
7.070410816828126777e+00 6.950947588698048740e+00
7.160213057800564940e+00 7.021660513931117009e+00
7.241833321459269612e+00 7.148935049022869137e+00
7.330436791913756522e+00 7.218245745024704618e+00
7.422226673080961845e+00 7.278900702399029754e+00
7.505113969853583811e+00 7.415346896508166807e+00
7.595375565372330051e+00 7.411589013580091923e+00
7.681954988044957133e+00 7.543336829216509720e+00
7.767780741613031559e+00 7.634801573834461230e+00
7.855503703890112988e+00 7.736225320174143327e+00
7.944146682350122113e+00 7.802227480152368777e+00
8.033025481534348700e+00 7.913744508771636710e+00
8.124969638569446317e+00 8.017656083464544281e+00
8.207544021832392289e+00 8.074672408433256621e+00
8.290137393680968358e+00 8.144800509273080635e+00
8.379971761290370580e+00 8.244912471177350710e+00
8.468845684156075748e+00 8.356739558648280664e+00
8.556791318218973430e+00 8.430365129648603073e+00
8.640061747004081028e+00 8.530557385207179877e+00
8.726138456684964240e+00 8.621062960859831037e+00
