0.000000000000000000e+00 0.000000000000000000e+00
0.000000000000000000e+00 0.000000000000000000e+00
0.000000000000000000e+00 0.000000000000000000e+00
0.000000000000000000e+00 0.000000000000000000e+00
0.000000000000000000e+00 0.000000000000000000e+00
9.325791833028171385e-02 1.583911966261458915e+00
5.401947135517593673e-02 0.000000000000000000e+00
3.862654322772158810e-01 1.289284086271344343e+01
2.151196225723639088e+01 3.256243477016528232e+01
2.898334214590390800e+01 3.209725396163206312e+01
3.211497627284268219e+01 3.210728600112071263e+01
3.206143989687532070e+01 3.206142167707806578e+01
3.206592764194596867e+01 3.206595787485666449e+01
3.204376878643078186e+01 3.204365406018548867e+01
3.203610777702314039e+01 3.203543787751394234e+01
3.204911160261241321e+01 3.204905577472555223e+01
3.208655403380576843e+01 3.227816183925533977e+01
3.226434438479697064e+01 3.256275172846871868e+01
3.248705907312422170e+01 3.296392851464725027e+01
3.274238009460577814e+01 3.347276457952035855e+01
3.319875139252382468e+01 3.387490958275851938e+01
3.361513960473648410e+01 3.430844196955813175e+01
3.387063839133523402e+01 3.470172198511102835e+01
3.430373519741215915e+01 3.505084840759091236e+01
3.468153420190283498e+01 3.534063479224143123e+01
3.501757912078300450e+01 3.563432517003231226e+01
3.534687719992949440e+01 3.594037628408789686e+01
3.566005973335626322e+01 3.620425425718229206e+01
3.600865467098666528e+01 3.646639421743194731e+01
3.627614103365556986e+01 3.672699140125594397e+01
3.663759403654503188e+01 3.697259664287845737e+01
3.689283169408622598e+01 3.723183107574872253e+01
3.711775952784271482e+01 3.748443200084265214e+01
3.742226367646942720e+01 3.772592512522531649e+01
3.762256913647195233e+01 3.797206567389757481e+01
3.784920019052615459e+01 3.821928590051811625e+01
3.813277372463941362e+01 3.845334096109712618e+01
3.837038746902960895e+01 3.868403693204168547e+01
3.853578546072575506e+01 3.892100794967108612e+01
3.907990939969449329e+01 3.877849965340303129e+01
3.893440488767490848e+01 3.934991793343952793e+01
3.911012229476107649e+01 3.957979967821578526e+01
3.928395180963203615e+01 3.980224456307145431e+01
3.999571142577825356e+01 3.950019979495011313e+01
4.019532470267949265e+01 3.961927210721700021e+01
4.041550634888579197e+01 3.965551512539806822e+01
3.995616937428305704e+01 4.065321682701026873e+01
4.085006022263281977e+01 4.031411684869438261e+01
4.108826111021035388e+01 4.032813280345838791e+01
4.130889803624028644e+01 4.049007725686616510e+01
4.154131446945480377e+01 4.074404439025376945e+01
4.107552616003628998e+01 4.177976117000379475e+01
4.199205231706520891e+01 4.125134207205208980e+01
4.156096405424447227e+01 4.225749232107065723e+01
4.170587111043256812e+01 4.250098677618705523e+01
4.272505031198020475e+01 4.197907164766701271e+01
4.213677969197733830e+01 4.296465053369894349e+01
4.252312503800271060e+01 4.320308931402147579e+01
4.343722411735716094e+01 4.278198975251604708e+01
4.367171099469187112e+01 4.288331852501457320e+01
4.390747188317390481e+01 4.326381977382658306e+01
4.325992218872788442e+01 4.414463874917615271e+01
4.376821046606590215e+01 4.437226073123047598e+01
4.460912601461345872e+01 4.386968504031407434e+01
4.484399966882432409e+01 4.406816207267218033e+01
4.507976038362479443e+01 4.430482538824698224e+01
4.531886999716374476e+01 4.446567877867404661e+01
4.556884027874420440e+01 4.487265849583737065e+01
4.502937500128773252e+01 4.579829273722040739e+01
4.606152816388744498e+01 4.514958429554452124e+01
4.630106883806959672e+01 4.544229002162276032e+01
4.573389001747000293e+01 4.652562013606733160e+01
4.679825496606057555e+01 4.605789811572900305e+01
4.704373678846148010e+01 4.615622462913555779e+01
4.730318481947709586e+01 4.630907333868903919e+01
4.755389653516265724e+01 4.672231876787551386e+01
4.782049896590373095e+01 4.697207604667788416e+01
4.806615120666705110e+01 4.718012602839795022e+01
4.752719463107508346e+01 4.828922019048728487e+01
4.777484846032449184e+01 4.852069644699401607e+01
4.882754393541207349e+01 4.796410069412390698e+01
4.816375870689002880e+01 4.903436285146206330e+01
4.935401156691425939e+01 4.834888895993742608e+01
4.962333258384802548e+01 4.881442294929698988e+01
4.990607118278096976e+01 4.901388649741705450e+01
5.016020286725144928e+01 4.918597349733722268e+01
5.044043796844204763e+01 4.938285344395631427e+01
4.975718345465967474e+01 5.065190679248600247e+01
5.095188601172431930e+01 4.982615726079440321e+01
5.123057300524885704e+01 5.038683756473894704e+01
5.149260801334501991e+01 5.053476611469508128e+01
5.083961657775157050e+01 5.167537097161717696e+01
5.201091773631545578e+01 5.110430818007782960e+01
5.225963911956109342e+01 5.118884009487544517e+01
5.157510854135298217e+01 5.246645339761781912e+01
5.278197519100625357e+01 5.202340110602304435e+01
5.305015405095325320e+01 5.212416711378481438e+01
5.332824467385443512e+01 5.241399362151587127e+01
5.364044003799195792e+01 5.252002904942916217e+01
5.386327014130635149e+01 5.282017661139158804e+01
5.357983493144921283e+01 5.408031503298190046e+01
