0.000000000000000000e+00 0.000000000000000000e+00
0.000000000000000000e+00 0.000000000000000000e+00
0.000000000000000000e+00 0.000000000000000000e+00
0.000000000000000000e+00 0.000000000000000000e+00
0.000000000000000000e+00 0.000000000000000000e+00
1.264016514767449771e-02 0.000000000000000000e+00
7.057477805532381965e-02 0.000000000000000000e+00
0.000000000000000000e+00 1.131501975281695849e+01
1.371670146021238956e+01 1.373090756471336782e+01
1.432014799464563382e+01 1.441335815084962135e+01
1.438561553316275443e+01 1.439373519081054198e+01
1.441328460280663926e+01 1.441378615912753247e+01
1.435891973238237185e+01 1.435734460627587517e+01
1.437604266036687939e+01 1.437467449248246254e+01
1.440209227385598822e+01 1.440212420451032038e+01
1.444351124396908759e+01 1.444093684603230088e+01
1.449741098111041104e+01 1.457561397183729746e+01
1.463127494346721136e+01 1.495206587446543089e+01
1.477264783500242551e+01 1.535848920410124130e+01
1.523546688482067246e+01 1.583864922985041979e+01
1.553376421620322034e+01 1.620727904228223437e+01
1.597402647001739773e+01 1.652954738872312745e+01
1.623615662424581529e+01 1.682601352836338648e+01
1.664216946779266948e+01 1.709390433568334089e+01
1.692815645406950509e+01 1.736042880731429960e+01
1.724886742272638074e+01 1.761769763028374314e+01
1.749918500029089330e+01 1.785287382086656649e+01
1.771135426429968618e+01 1.808531747020860792e+01
1.802188166871509623e+01 1.830923977224667709e+01
1.819843918749370459e+01 1.854310148544291081e+01
1.845524821620460898e+01 1.876261958822535547e+01
1.873490609805092078e+01 1.898980291033371159e+01
1.895961744511057034e+01 1.921232808862711749e+01
1.917043406492318169e+01 1.941469007816669290e+01
1.943652812468393520e+01 1.965404540903738706e+01
1.964940958594775466e+01 1.987892725771247271e+01
1.983547859059787299e+01 2.010362170453554143e+01
2.007471119025047912e+01 2.033004064737181693e+01
2.029374550523300869e+01 2.054326244391856093e+01
2.048798153657823562e+01 2.075455629845936301e+01
2.065292259321995516e+01 2.097557488942641513e+01
2.088914013177216589e+01 2.118042946836195384e+01
2.134821631064836467e+01 2.103838415771473436e+01
2.154946247352996380e+01 2.112161557095268805e+01
2.140759359819661611e+01 2.178728686188372166e+01
2.154814505931714308e+01 2.199256566501193078e+01
2.218268850329610942e+01 2.176322640339161651e+01
2.190287557370990257e+01 2.241454944439876584e+01
2.216528435776425709e+01 2.262859913087877217e+01
2.282014938137006155e+01 2.239614659369282279e+01
2.250836207466891636e+01 2.303575826418667205e+01
2.323312850627590009e+01 2.266769802281593016e+01
2.298185038742680320e+01 2.345387573932796954e+01
2.365731790048762306e+01 2.313663528934869618e+01
2.387820983631302596e+01 2.333304126084818364e+01
2.365326470572646755e+01 2.408897062643089626e+01
2.379730147716576738e+01 2.430746824523921390e+01
2.399740059121955227e+01 2.450723806821819650e+01
2.474318581218069113e+01 2.421565088704287305e+01
2.494012762184177134e+01 2.441115301234059487e+01
2.516840039352668157e+01 2.463605043060807276e+01
2.486451934676250275e+01 2.536820451563169243e+01
2.560092235859332632e+01 2.508987603836084901e+01
2.583409399263751993e+01 2.532677282132734575e+01
2.558625214013027716e+01 2.602961100562557206e+01
2.569010544806388552e+01 2.624568117543824286e+01
2.648376439410468208e+01 2.603152807969373939e+01
2.672061198901142021e+01 2.607986581420722771e+01
2.695143353679025466e+01 2.640944449206772404e+01
2.719361827526927300e+01 2.666253304852528316e+01
2.741515982183420519e+01 2.690950868323891143e+01
2.765173883951680978e+01 2.705753980850793639e+01
2.787989508903406488e+01 2.735357734389996764e+01
2.812233222857814852e+01 2.753411465569532979e+01
2.835661881319942879e+01 2.773044656792489349e+01
2.858973130869306090e+01 2.805473234795585924e+01
2.882555723608463438e+01 2.824038961378563428e+01
2.906016632318648618e+01 2.850206107184812865e+01
2.930072433509628738e+01 2.868469903491509854e+01
2.955475565342215916e+01 2.895294043227780989e+01
2.978799405465452210e+01 2.913273658891814577e+01
3.002054763206784571e+01 2.942577761505274481e+01
3.026698762657018449e+01 2.970406789849348073e+01
3.048714462573126838e+01 2.988680461383015796e+01
3.071988608865407855e+01 3.007208197861860910e+01
3.096605724553220895e+01 3.035057549823435252e+01
3.118902211699341365e+01 3.069496542101637360e+01
3.142176450754223183e+01 3.092948002792895323e+01
3.106802608019842538e+01 3.159610447807223466e+01
3.190811352518725030e+01 3.141242748914044114e+01
3.215164764343357007e+01 3.158222770449725303e+01
3.239055893491109117e+01 3.179091424084319328e+01
3.262943976682015546e+01 3.212360894788162113e+01
3.289045348672610203e+01 3.236560241554747819e+01
3.315387075953508855e+01 3.254184490491453374e+01
3.338797427202963064e+01 3.283294917892415299e+01
3.307859208305654874e+01 3.353106208399871235e+01
3.386098302209329347e+01 3.334152060703917897e+01
3.409826966659235126e+01 3.350184977279423748e+01
3.435533287802130076e+01 3.369733360844320202e+01
3.460035365524630890e+01 3.415330623592847559e+01
