0.000000000000000000e+00 0.000000000000000000e+00
0.000000000000000000e+00 0.000000000000000000e+00
0.000000000000000000e+00 0.000000000000000000e+00
0.000000000000000000e+00 0.000000000000000000e+00
0.000000000000000000e+00 0.000000000000000000e+00
0.000000000000000000e+00 0.000000000000000000e+00
7.442140232248030396e-02 -2.795783218577400919e-02
6.359631964274521654e-02 3.242861673730686178e-02
1.294276963595748509e-01 4.998515119025900511e+00
5.108848365342367082e+00 5.016910093575795315e+00
5.659289741108243454e+00 5.714744757993764246e+00
5.787822011125367538e+00 5.818294706918254455e+00
5.793353133260504606e+00 5.791844208835390972e+00
5.937081790310148932e+00 5.939003192827366107e+00
6.031191933955527773e+00 6.188254830324662947e+00
6.212279024902692015e+00 6.502846940964293054e+00
6.397294569106682260e+00 6.753851927726668869e+00
6.675883691312147761e+00 7.022312069709413684e+00
6.896567819182690684e+00 7.246095458903205611e+00
7.082907720775144966e+00 7.431134443790805122e+00
7.421985899502779205e+00 7.628998468822409507e+00
7.661289059320223416e+00 7.858469770215380734e+00
7.831717551527889398e+00 8.061854104581188452e+00
8.046746356893750729e+00 8.263938980832421066e+00
8.195338132909466111e+00 8.449989726049652816e+00
8.396723603853804008e+00 8.641872273557291706e+00
8.614595230501105760e+00 8.826250841108350897e+00
8.824826462386953452e+00 9.016773882997167533e+00
9.037856689317871783e+00 9.209596763707622813e+00
9.244510972595165299e+00 9.378866928853136997e+00
9.401206528627831460e+00 9.562985156674447040e+00
9.609729584972814820e+00 9.736751960679214335e+00
9.781536659948153911e+00 9.920325110387352652e+00
9.984351936243497150e+00 1.008887600933276474e+01
1.015567309150338993e+01 1.025784573275655731e+01
1.031819629376025560e+01 1.042690490677145654e+01
1.048397491324575981e+01 1.060642320911673764e+01
1.075114442241896207e+01 1.066067459845881338e+01
1.076488026248018492e+01 1.094536878462479912e+01
1.088886965947407859e+01 1.112881451841714231e+01
1.109686926954601915e+01 1.130133453279160527e+01
1.146167954032078207e+01 1.127235826188601742e+01
1.163394836834137358e+01 1.138112236114824860e+01
1.178750394027860260e+01 1.152656691563112723e+01
1.197082005595454568e+01 1.172004508541277978e+01
1.190781626674902327e+01 1.215136196829864090e+01
1.233521404023412060e+01 1.206922002862736854e+01
1.252364069767169497e+01 1.224329593211381706e+01
1.270530338811427207e+01 1.241508796693181438e+01
1.289213453294662060e+01 1.265181508470248062e+01
1.307540384772926245e+01 1.280771812196030091e+01
1.325779299369933639e+01 1.295292230905675801e+01
1.343966521412798976e+01 1.316050161735971358e+01
1.362935799313895657e+01 1.337612946995654006e+01
1.381168209816782522e+01 1.354720729326716722e+01
1.400899764719715357e+01 1.371538981536742519e+01
1.420519774882963127e+01 1.389214616544168912e+01
1.439755013358257330e+01 1.407606898485321523e+01
1.459482585422066769e+01 1.432243784648526841e+01
1.480277456181773310e+01 1.452117280169772151e+01
1.466026780404110674e+01 1.497834155644541632e+01
1.488058165411556466e+01 1.516180568627746084e+01
1.535900231218309031e+01 1.503053776568935795e+01
1.526303401905355628e+01 1.553503160862219978e+01
1.574145983442074836e+01 1.548573035162163691e+01
1.593502505628956456e+01 1.565798974209356942e+01
1.613768305343327114e+01 1.581072111690913395e+01
1.633323565922378151e+01 1.603455967341125543e+01
1.654279455638445739e+01 1.624579656246559622e+01
1.674915569549729710e+01 1.643315830883872053e+01
1.692939345016110764e+01 1.664570023050204739e+01
1.714099196065427222e+01 1.684139858342334506e+01
1.733035590807465809e+01 1.701338306859717875e+01
1.752595196383289888e+01 1.723980584312275255e+01
1.740936214072284827e+01 1.767611813449650882e+01
1.790910021560848264e+01 1.762807037595726101e+01
1.809200960632511368e+01 1.781025178104743034e+01
1.829324582853638503e+01 1.804364028471279724e+01
1.848568147821197982e+01 1.824132809374271247e+01
1.868424734129183662e+01 1.844942758929155247e+01
1.888853455817470461e+01 1.866762754931461288e+01
1.908294737932216378e+01 1.879521461397533955e+01
1.929745101719662514e+01 1.897856671326636047e+01
1.948960960074101223e+01 1.923425702991213981e+01
1.967841020277794684e+01 1.938469228639267783e+01
1.988139296447110382e+01 1.969605936004302293e+01
2.007254723324461310e+01 1.979090067722113488e+01
2.028224258008156866e+01 2.010775768734440305e+01
2.047065401927126871e+01 2.026176734755958009e+01
2.068253782496148219e+01 2.044541205821444407e+01
2.087640547791753676e+01 2.060045309209109732e+01
2.109845143019857261e+01 2.086607131659356895e+01
2.129577259211620088e+01 2.105056844065285304e+01
2.148215954256320970e+01 2.126443557780711302e+01
2.170173159061179646e+01 2.151038931018326750e+01
2.191630209662875828e+01 2.162756030256296214e+01
2.211391848247034275e+01 2.185357091277776220e+01
2.231405651105746202e+01 2.198042926064245961e+01
2.253817560557680011e+01 2.223399488853962680e+01
2.273276535984925673e+01 2.242431167786528334e+01
2.295584231906764572e+01 2.278715204362965707e+01
