0.000000000000000000e+00 0.000000000000000000e+00
8.218416254252338673e-04 0.000000000000000000e+00
1.913127610568568504e-02 -4.158593074099053641e-03
5.702946503193693367e-02 0.000000000000000000e+00
7.334385801930234927e-02 2.596807556890921020e-01
3.671850461554100886e-01 3.150063373856486493e-01
4.699027706859821296e-01 4.145912661815640554e-01
5.677274520389370416e-01 5.210010481189897291e-01
6.527409220163773451e-01 6.107221062155323565e-01
7.376241858995592482e-01 6.991580523561128357e-01
8.257073351502423053e-01 7.939740596059913225e-01
9.071652801602064775e-01 8.849063179274003765e-01
9.959119482247943411e-01 9.608855139738363693e-01
1.080400465362770346e+00 1.039855699123415356e+00
1.161526939116561241e+00 1.122161607199773092e+00
1.244168596046210995e+00 1.213725716922656961e+00
1.331809062968458912e+00 1.294360056904927170e+00
1.413470021039927360e+00 1.376635458531759060e+00
1.497552787489205617e+00 1.457463714256618692e+00
1.579121135691026856e+00 1.545166624630418983e+00
1.660810999822271539e+00 1.621285937051253567e+00
1.743510324060001393e+00 1.695706469045107578e+00
1.827938588793582397e+00 1.789458812344427274e+00
1.913623931788479560e+00 1.874517303738926444e+00
1.996467958298356438e+00 1.946706305714750673e+00
2.078859018755603305e+00 2.017357115738374507e+00
2.161518697924873056e+00 2.124399735898071295e+00
2.243531624742519437e+00 2.196890383457480667e+00
2.328144662435254197e+00 2.285335885360467056e+00
2.411557904274412856e+00 2.360099660172832348e+00
2.495107642808460202e+00 2.447868280403986851e+00
2.577347827176718287e+00 2.545298796686032983e+00
2.661433618348537422e+00 2.610821111101448544e+00
2.743497381282986591e+00 2.710029097999144376e+00
2.830234407858040147e+00 2.780468244635143638e+00
2.912151498523855242e+00 2.848014325678904335e+00
2.991551132914760824e+00 2.936272964859127921e+00
3.077159156207161850e+00 3.016539160655347551e+00
3.161835488518434101e+00 3.082580769139712906e+00
3.246396587792386601e+00 3.176826762470973176e+00
3.330246610773019977e+00 3.257476146084066659e+00
3.416643176115282898e+00 3.346198460712839218e+00
3.499661911861108532e+00 3.429589009897842100e+00
3.580159143098109453e+00 3.512752547756995636e+00
3.666804459063892185e+00 3.604698444712051142e+00
3.749805414012264304e+00 3.669514068434630349e+00
3.830256524867162504e+00 3.732393421780627385e+00
3.910435936609584662e+00 3.842023834597311005e+00
3.995608791238339563e+00 3.911696959879409796e+00
4.081822034629413842e+00 4.022955647182500094e+00
4.161845568459543010e+00 4.084739379280886595e+00
4.240941719823388745e+00 4.143314134250774217e+00
4.325649548479178819e+00 4.254355202590215157e+00
4.407381193186560964e+00 4.330872963279079002e+00
4.493056333097460886e+00 4.381958564303955583e+00
4.579139464464895504e+00 4.486279987466367025e+00
4.659700645146036990e+00 4.574144074324178355e+00
4.746022054760040909e+00 4.659943230267415082e+00
4.832602613952863280e+00 4.758397157150939805e+00
4.910664640964101935e+00 4.816554673470309744e+00
4.993362871941346981e+00 4.907751712298600744e+00
5.068564978206717697e+00 4.992061376957325436e+00
5.155926400618886518e+00 5.069674994936011814e+00
5.241410706259171270e+00 5.158976370053559357e+00
5.318936199482287464e+00 5.240722625943160295e+00
5.404106721028315796e+00 5.315112185833332781e+00
5.486059891226164886e+00 5.409404334170818451e+00
5.570662439290128276e+00 5.465896567674274564e+00
5.644299203790019703e+00 5.582402068253346172e+00
5.730640954259087927e+00 5.671062171018288467e+00
5.819898914778943499e+00 5.724414013939560952e+00
5.897317953179420869e+00 5.817387704905843115e+00
5.981027852594881011e+00 5.900972622358862552e+00
6.068643738154114509e+00 5.987403709785268369e+00
6.151999002635114344e+00 6.079104096007027280e+00
6.237807506062305052e+00 6.135230764707103823e+00
6.323103972030650333e+00 6.217882302143425299e+00
6.407580953443803295e+00 6.300665625455497576e+00
6.495823197045685227e+00 6.403744678950791247e+00
6.573693168660297736e+00 6.517151933120236329e+00
6.657359217504420279e+00 6.560848844981807204e+00
6.740426577708678479e+00 6.658104481279679021e+00
6.833455165873338011e+00 6.719458819642691871e+00
6.906819184045543736e+00 6.800879891884143547e+00
6.998660257453577671e+00 6.880497144827634415e+00
7.084538557625021049e+00 6.941876349750132569e+00
7.165011199948696508e+00 7.035308909592858484e+00
7.247629837343554371e+00 7.161604017215276841e+00
7.333220623153388296e+00 7.251194467678613975e+00
7.415622568358283928e+00 7.302545783735240548e+00
7.496524651375706227e+00 7.364824167457440396e+00
7.577647442385081256e+00 7.490618735507495352e+00
7.654974605448400915e+00 7.577063078820936326e+00
7.745137207845086635e+00 7.613304276912132629e+00
7.829451778378130555e+00 7.708455505054613965e+00
7.913074044530492124e+00 7.811000910658703056e+00
7.992358743071283023e+00 7.903158319840973611e+00
8.074325680249479831e+00 7.941718048920049178e+00
8.156676153351071434e+00 8.058393964299026990e+00
8.238736959499801671e+00 8.092931809652307962e+00
8.318840130355342311e+00 8.221481017978678807e+00
