0.000000000000000000e+00 0.000000000000000000e+00
0.000000000000000000e+00 0.000000000000000000e+00
0.000000000000000000e+00 0.000000000000000000e+00
0.000000000000000000e+00 0.000000000000000000e+00
0.000000000000000000e+00 0.000000000000000000e+00
0.000000000000000000e+00 0.000000000000000000e+00
0.000000000000000000e+00 0.000000000000000000e+00
0.000000000000000000e+00 0.000000000000000000e+00
0.000000000000000000e+00 0.000000000000000000e+00
0.000000000000000000e+00 0.000000000000000000e+00
0.000000000000000000e+00 0.000000000000000000e+00
0.000000000000000000e+00 0.000000000000000000e+00
0.000000000000000000e+00 0.000000000000000000e+00
0.000000000000000000e+00 0.000000000000000000e+00
0.000000000000000000e+00 0.000000000000000000e+00
0.000000000000000000e+00 0.000000000000000000e+00
0.000000000000000000e+00 0.000000000000000000e+00
0.000000000000000000e+00 0.000000000000000000e+00
0.000000000000000000e+00 0.000000000000000000e+00
0.000000000000000000e+00 0.000000000000000000e+00
0.000000000000000000e+00 0.000000000000000000e+00
0.000000000000000000e+00 0.000000000000000000e+00
0.000000000000000000e+00 0.000000000000000000e+00
0.000000000000000000e+00 0.000000000000000000e+00
0.000000000000000000e+00 0.000000000000000000e+00
0.000000000000000000e+00 0.000000000000000000e+00
0.000000000000000000e+00 0.000000000000000000e+00
0.000000000000000000e+00 0.000000000000000000e+00
0.000000000000000000e+00 0.000000000000000000e+00
0.000000000000000000e+00 0.000000000000000000e+00
0.000000000000000000e+00 0.000000000000000000e+00
0.000000000000000000e+00 0.000000000000000000e+00
0.000000000000000000e+00 0.000000000000000000e+00
0.000000000000000000e+00 0.000000000000000000e+00
1.365397530824019904e-03 0.000000000000000000e+00
3.692695124133069662e-01 0.000000000000000000e+00
2.979657286703065178e-01 0.000000000000000000e+00
1.439029824720063078e-01 0.000000000000000000e+00
7.271342418777783090e-01 0.000000000000000000e+00
6.183681803589482495e-01 4.443365263666988696e+00
4.198085774991449082e-01 8.216756347468139765e+00
4.287077698065918874e+00 1.014128084798626439e+01
7.856138135991042937e+00 1.172851504870517303e+01
1.237530418847384794e+01 1.371658477277925137e+01
1.374496954248106917e+01 1.428294016561154933e+01
1.461797684106343986e+01 1.503635726367226866e+01
1.519803215945428931e+01 1.545005427218342930e+01
1.549916251363703168e+01 1.599780840336992149e+01
1.591489477980687539e+01 1.634080840691946435e+01
1.631139722895029465e+01 1.661862856413836909e+01
1.662831774857952283e+01 1.688549376828638771e+01
1.702989664613190612e+01 1.715627045659524796e+01
1.726010106937969013e+01 1.741912305157487850e+01
1.757030695432437639e+01 1.770158316023596967e+01
1.780769385208176914e+01 1.797108024781432434e+01
1.804274156265703510e+01 1.821772138300109489e+01
1.830546589706589700e+01 1.846507743293882342e+01
1.855305825575247880e+01 1.872169272865004430e+01
1.882475106505266282e+01 1.895542338002487170e+01
1.919554364289738757e+01 1.907151777392047975e+01
1.942393869014388130e+01 1.929975985847251607e+01
1.967572326320619780e+01 1.954646445084689788e+01
1.982218790231207350e+01 1.991948260048437902e+01
2.017221440918513409e+01 2.008140790200480197e+01
2.042610281669449535e+01 2.031719912505366921e+01
2.068884404351667072e+01 2.059079330890001813e+01
2.095592812254287196e+01 2.083987185857299806e+01
2.111632916917186265e+01 2.119962348558618714e+01
2.147300085469284525e+01 2.139504464620232227e+01
2.174104584205020885e+01 2.162474329894135749e+01
2.201130797769165781e+01 2.189584694448173252e+01
2.229504175236810681e+01 2.216090482604117540e+01
2.243831896278967974e+01 2.251685155197360189e+01
2.281692479254893868e+01 2.275528117444851262e+01
2.308261343928901255e+01 2.296462401482786930e+01
2.336658287552382873e+01 2.324767083769050657e+01
2.362856799185138357e+01 2.355209859688294571e+01
2.392169717914826066e+01 2.384994808819192613e+01
2.420547602470859516e+01 2.413763337628863326e+01
2.451083470061007219e+01 2.437606384463983389e+01
2.480091696336974394e+01 2.460682330406244489e+01
2.510053498832771623e+01 2.497416497385762568e+01
2.540515280906315709e+01 2.527442420440071302e+01
2.570209113058083972e+01 2.556472682042087996e+01
2.598316312654207039e+01 2.580998199411326866e+01
2.627551987583779791e+01 2.611179888847872377e+01
2.656785449212025441e+01 2.640230548235933128e+01
2.686076437368644676e+01 2.666872882569991177e+01
2.714460871473600534e+01 2.696510809224253435e+01
2.743103958606065618e+01 2.722028458839565701e+01
2.773161936887171919e+01 2.748302679579138541e+01
2.801495057544590139e+01 2.788474422910094574e+01
2.831539374826153832e+01 2.809803217503875317e+01
2.861237922401443612e+01 2.837244786507564953e+01
2.891670433470562429e+01 2.870609831877995077e+01
2.921795389901486573e+01 2.891705007280548401e+01
2.952647514439857090e+01 2.922532914616176924e+01
2.983729579198548620e+01 2.948371860530181010e+01
3.015676910420697254e+01 2.979733758956515643e+01
3.044932942297537792e+01 3.010848566112991875e+01
3.075075133184465770e+01 3.040253129980388636e+01
