6.314073180538011532e-02 7.394380170614022196e-01
8.220626537283096669e-01 8.220007199365357842e-01
8.640813120112739165e-01 8.639961529914200744e-01
9.358324800782382713e-01 1.121837804823980766e+00
1.127768667136276326e+00 1.242920974384169375e+00
1.304451148054100562e+00 1.403677684033014517e+00
1.417391825331713484e+00 1.558831426267423215e+00
1.539533120462490468e+00 1.698050912201236606e+00
1.712175057817564516e+00 1.837930485556455551e+00
1.840397052126346633e+00 1.973673923648976425e+00
1.963842804959634147e+00 2.103215429123035829e+00
2.111926629463671379e+00 2.225114043109139406e+00
2.244248112575231602e+00 2.351736258036453364e+00
2.375577361029400869e+00 2.466706103795159866e+00
2.499976505767707025e+00 2.584120063814470569e+00
2.630726663843454993e+00 2.692039722936040214e+00
2.745550315653772167e+00 2.811437645455670875e+00
2.859088008645664036e+00 2.931030221699905791e+00
3.044932045419469713e+00 2.979112497048947539e+00
3.162086828661064608e+00 3.062971365493140308e+00
3.193877580672636718e+00 3.274018639695507993e+00
3.395353553025961535e+00 3.273128041548158951e+00
3.518808627564879110e+00 3.431983651509039390e+00
3.551188202994754128e+00 3.640371959718455397e+00
3.682151919963807085e+00 3.762563583970238046e+00
3.885117015456862166e+00 3.776926481197775853e+00
4.001053297999161984e+00 3.929822302864283579e+00
4.126643410822231850e+00 4.043864141453906491e+00
4.240613311042029210e+00 4.175352218992377296e+00
4.359394133385436909e+00 4.268441013763368375e+00
4.477071085213887969e+00 4.396867176174676928e+00
4.517323594626430072e+00 4.594569778725871245e+00
4.729432537331927477e+00 4.685437257198415750e+00
4.858642687554757700e+00 4.780292021148756731e+00
4.987239556915986860e+00 4.877345530661098216e+00
5.115193385339090071e+00 5.022813806204347920e+00
5.245677374428545647e+00 5.085715672321987846e+00
5.295650538784150818e+00 5.350223915255590157e+00
5.496014636957233357e+00 5.384858809599773366e+00
5.617001232500618890e+00 5.538276906720425607e+00
5.666895317526334352e+00 5.721501074502877593e+00
5.867212952645683544e+00 5.754816311237774151e+00
5.994241526429259892e+00 5.884447233370678099e+00
6.128094352634036568e+00 6.038101099336063093e+00
6.261258814692493679e+00 6.108673965605130540e+00
6.392701461536077545e+00 6.291351951549650323e+00
6.523253858895170509e+00 6.397434771599328940e+00
6.648035020782574911e+00 6.505420664093665373e+00
6.786907180188034516e+00 6.658510628781983520e+00
6.922702925815570119e+00 6.760220750571567017e+00
7.037842644814878312e+00 6.889775462770693082e+00
7.182522015132289717e+00 7.010465771526195766e+00
7.315658191180538950e+00 7.157761165265016601e+00
7.449186148576245614e+00 7.290783032821471110e+00
7.572402801153118368e+00 7.384833770619889215e+00
7.525832010030652164e+00 7.666345113785585141e+00
7.829229611189350457e+00 7.667776471501023039e+00
7.960852922071293136e+00 7.784460836843346776e+00
8.085304086481716723e+00 7.906189846135239563e+00
8.217123061474772783e+00 8.038834256064447459e+00
8.351977167445873818e+00 8.187779408797696945e+00
8.488759045407009651e+00 8.321723384571647841e+00
8.615934948970080498e+00 8.442642206693074414e+00
8.741048941918863946e+00 8.560139846122449825e+00
8.887797562278080932e+00 8.690261386877919492e+00
9.005680813559202136e+00 8.832420664632284257e+00
9.137786488628874437e+00 8.970503758568462160e+00
9.272574079779015932e+00 9.032551544870921489e+00
9.405130210823660519e+00 9.199503879220189972e+00
9.542085689136603932e+00 9.295281887427146117e+00
9.668454354290140884e+00 9.432190295121987589e+00
9.797060344521611341e+00 9.595816720185943893e+00
9.929051564233416727e+00 9.724841063973878263e+00
1.005653110175686393e+01 9.831057518386016270e+00
1.019124099266454486e+01 9.991691851101853317e+00
1.033474727638225410e+01 1.005834563628740597e+01
1.045045132491585527e+01 1.027575845896409490e+01
1.058470667732861159e+01 1.037821049528968942e+01
1.072233156303768098e+01 1.047846403047446806e+01
1.084278683689144351e+01 1.062135199019621368e+01
1.098257550347540423e+01 1.076105793490573781e+01
1.112452051648185858e+01 1.090763589406531864e+01
1.125979648820120893e+01 1.102641087898407690e+01
1.138181818681132640e+01 1.115796133690852798e+01
1.151994567023920979e+01 1.130520067691413288e+01
1.165799080147820277e+01 1.139858171847401991e+01
1.177136344852369199e+01 1.152960243796111683e+01
1.190900659683927287e+01 1.166385456271328636e+01
1.204501583406117682e+01 1.184176732564160517e+01
1.217234901496811972e+01 1.196014845482786981e+01
1.230744073065804045e+01 1.206185044926854033e+01
1.245039123356975885e+01 1.221404709551674195e+01
1.257625439881338281e+01 1.234312894208982492e+01
1.268658782914534200e+01 1.251830806686972686e+01
1.282979210833137707e+01 1.259610015782034509e+01
1.295286419012862922e+01 1.275882077110627222e+01
1.309376710894978046e+01 1.284053580102655268e+01
1.322514991295795639e+01 1.303606763144169101e+01
1.333798631486198616e+01 1.314440809246996622e+01
1.340787939461669431e+01 1.325860973442964408e+01
1.362485924251806324e+01 1.340738994543179530e+01
