0.000000000000000000e+00 0.000000000000000000e+00
0.000000000000000000e+00 0.000000000000000000e+00
0.000000000000000000e+00 0.000000000000000000e+00
0.000000000000000000e+00 0.000000000000000000e+00
0.000000000000000000e+00 0.000000000000000000e+00
0.000000000000000000e+00 0.000000000000000000e+00
0.000000000000000000e+00 0.000000000000000000e+00
0.000000000000000000e+00 0.000000000000000000e+00
0.000000000000000000e+00 0.000000000000000000e+00
0.000000000000000000e+00 0.000000000000000000e+00
0.000000000000000000e+00 0.000000000000000000e+00
0.000000000000000000e+00 0.000000000000000000e+00
0.000000000000000000e+00 0.000000000000000000e+00
0.000000000000000000e+00 0.000000000000000000e+00
0.000000000000000000e+00 0.000000000000000000e+00
0.000000000000000000e+00 0.000000000000000000e+00
0.000000000000000000e+00 0.000000000000000000e+00
0.000000000000000000e+00 0.000000000000000000e+00
0.000000000000000000e+00 0.000000000000000000e+00
0.000000000000000000e+00 0.000000000000000000e+00
0.000000000000000000e+00 0.000000000000000000e+00
0.000000000000000000e+00 0.000000000000000000e+00
0.000000000000000000e+00 0.000000000000000000e+00
0.000000000000000000e+00 0.000000000000000000e+00
0.000000000000000000e+00 0.000000000000000000e+00
0.000000000000000000e+00 0.000000000000000000e+00
0.000000000000000000e+00 0.000000000000000000e+00
0.000000000000000000e+00 0.000000000000000000e+00
0.000000000000000000e+00 0.000000000000000000e+00
0.000000000000000000e+00 0.000000000000000000e+00
0.000000000000000000e+00 1.854138553042830873e-01
4.133395351438842180e-01 1.133049937565351550e+00
3.505005998779767928e+00 5.969699688158319084e+00
1.699712161706238733e+00 9.001878581967837079e+00
9.954650242041623187e+00 1.049551323814012882e+01
1.144013479002128619e+01 1.180397693303979700e+01
1.173082551095387061e+01 1.208292251155323882e+01
1.200451579960220627e+01 1.240940056949970227e+01
1.266993665493011001e+01 1.287905522429355365e+01
1.289289004780727055e+01 1.317936926277109677e+01
1.324495550257706888e+01 1.346766497407900687e+01
1.359305167672545522e+01 1.372181038520049690e+01
1.380094054009944315e+01 1.399723709442819164e+01
1.404768947904143772e+01 1.425027798430134318e+01
1.431330885490519655e+01 1.449091992590255629e+01
1.453412723705715059e+01 1.472597560251545268e+01
1.475655559029432240e+01 1.495779531945918173e+01
1.495495550984478861e+01 1.519146760315443956e+01
1.521562425365236138e+01 1.541800163204069918e+01
1.545785388319003495e+01 1.563072901701616146e+01
1.572046376842479276e+01 1.584723172467956509e+01
1.604574901960734223e+01 1.592923041711016729e+01
1.611541602513748117e+01 1.627952050393438910e+01
1.648692746917058116e+01 1.631675963749205849e+01
1.657884487271330087e+01 1.672530039649215183e+01
1.694268373784457182e+01 1.680702645144728180e+01
1.716783727379350921e+01 1.701386917720257230e+01
1.740255483603187869e+01 1.727326966601699354e+01
1.748205605273944840e+01 1.762696187430931971e+01
1.785221614448433769e+01 1.775214915751575262e+01
1.809106466273432545e+01 1.797676412524686995e+01
1.832920395240006428e+01 1.821539461593055620e+01
1.845660689188306947e+01 1.856094332504733657e+01
1.880987404407719055e+01 1.868838336050763260e+01
1.904885195089101302e+01 1.892152489917801361e+01
1.929743074997350050e+01 1.916480292196833446e+01
1.953920579202639374e+01 1.939913486061940873e+01
1.978502218927064504e+01 1.965926193815982614e+01
2.004183670447092425e+01 1.992575544835100132e+01
2.030021635273785563e+01 2.017996432457712430e+01
2.054881128753728348e+01 2.042036080616436777e+01
2.078924101071876507e+01 2.069956812460841888e+01
2.104464859564208723e+01 2.093175305452632529e+01
2.131149961351528077e+01 2.119773202863520822e+01
2.156840840846754404e+01 2.144627368549808821e+01
2.183987242926974304e+01 2.170847461177551807e+01
2.209202660297863474e+01 2.195655916559365650e+01
2.234524842127786926e+01 2.220654775582280749e+01
2.260985898784139536e+01 2.248869455483045243e+01
2.288408038614839768e+01 2.269584256817529422e+01
2.313513861059039556e+01 2.301398130665967301e+01
2.339387925307958938e+01 2.324326816492782299e+01
2.366136720432136897e+01 2.351569862509629516e+01
2.392376776800318083e+01 2.375340267590454957e+01
2.419899353024502986e+01 2.404344748162443679e+01
2.445901084001143744e+01 2.435658483108363725e+01
2.473421195017111529e+01 2.460451474807234717e+01
2.501319804901018884e+01 2.481759696010037075e+01
2.529048613310602178e+01 2.507687194144365250e+01
2.555588411331147469e+01 2.538078839306152190e+01
2.582314768307836061e+01 2.565005338540710511e+01
2.608781159994289567e+01 2.588975013938873104e+01
2.635006188062233790e+01 2.615764796754428545e+01
2.662836414254170592e+01 2.649606466289028717e+01
2.690301428784014703e+01 2.671576549745287110e+01
2.718151210813483232e+01 2.696510775293193518e+01
2.746318896850030811e+01 2.723776855491839299e+01
2.773191976068187969e+01 2.750313640622339406e+01
2.799404029133337346e+01 2.779897693187225016e+01
2.826230073254948394e+01 2.801481656843642298e+01
2.853593172127188637e+01 2.840197582046714686e+01
