0.000000000000000000e+00 4.299963823532831908e-01
9.655654340823036641e-01 1.115337264431822240e+00
1.075975894278312417e+00 1.076364502076260221e+00
1.111047307788604943e+00 1.121876728643523391e+00
1.214571960993077182e+00 1.246203491746286973e+00
1.362352859693831020e+00 1.517497712487794859e+00
1.546907308629169364e+00 1.666996794430084305e+00
1.736196055021219209e+00 1.817464201002860769e+00
1.852189969277649784e+00 1.991470986211440364e+00
1.970167301540216576e+00 2.142520474932590346e+00
2.110454554953931527e+00 2.299820383670789781e+00
2.259146503619525070e+00 2.428966834043365886e+00
2.414248567032840409e+00 2.551533672875743619e+00
2.535834174385742656e+00 2.679568785971442324e+00
2.688433737230148779e+00 2.799501827824761424e+00
2.872289216205198059e+00 2.910572542492236625e+00
3.003342232645279886e+00 3.031933689431167256e+00
3.130281073012640913e+00 3.151526383162337019e+00
3.266076107661819883e+00 3.245495895441182999e+00
3.326066287910839581e+00 3.388285849742402878e+00
3.508342624670588439e+00 3.442273417656626311e+00
3.629407939701365216e+00 3.533383935842608015e+00
3.761031400504183608e+00 3.622341041072731471e+00
3.879226778569764278e+00 3.742511228419671099e+00
4.006357531361836699e+00 3.870765962421618411e+00
4.120604927109650539e+00 4.002292400874641665e+00
4.247726716899768995e+00 4.125806572181431875e+00
4.372249763661757882e+00 4.263099167557468760e+00
4.393055287979227508e+00 4.502046171676224340e+00
4.626051264737879087e+00 4.507280728981156948e+00
4.754627172565757398e+00 4.637269545042622454e+00
4.890920677951990037e+00 4.766265652213669490e+00
5.021521160020841812e+00 4.847823701989041112e+00
5.151528822319485279e+00 5.007449397289730264e+00
5.276826570562420216e+00 5.114882754005589227e+00
5.253199832653836054e+00 5.407721582829919882e+00
5.547913950461784260e+00 5.352819852504237197e+00
5.672383221859826463e+00 5.520250833105292187e+00
5.809311332965330976e+00 5.620232019649031407e+00
5.939085190582120255e+00 5.797706844687109395e+00
6.069538841271114649e+00 5.892906865192139243e+00
6.051715603418153400e+00 6.173759818461329374e+00
6.323416431311559727e+00 6.169359818029987785e+00
6.444850093457455742e+00 6.295779506317819241e+00
6.436336248369398660e+00 6.558158559103262064e+00
6.707289988033999784e+00 6.570172522343165511e+00
6.830719484263805263e+00 6.691126375072253829e+00
6.958158393533686592e+00 6.820949766446383400e+00
7.097010633469499119e+00 6.939161047541047012e+00
7.221721670424342321e+00 7.040718300827758291e+00
7.352990205359700049e+00 7.222715447086591745e+00
7.321419731241268103e+00 7.454721919754105031e+00
7.607622428730136832e+00 7.479758214496526669e+00
7.740413855382482389e+00 7.622027517698392707e+00
7.746003539812187810e+00 7.834674053708550190e+00
7.996529356107513919e+00 7.889718706674908155e+00
8.126463962188202217e+00 8.021651966303032566e+00
8.255409940438605432e+00 8.125077296824734674e+00
8.386421490625744823e+00 8.273155490394406897e+00
8.527274875131878318e+00 8.407001767094957501e+00
8.654631881430997709e+00 8.561007825808923499e+00
8.795938276304658743e+00 8.721678476506124156e+00
8.936102646991560761e+00 8.781195152363387990e+00
9.067101537767525699e+00 8.957600657232111629e+00
9.208412868549585184e+00 9.065414252372541171e+00
9.351938629285967863e+00 9.235455780484402410e+00
9.482106411203156782e+00 9.337285922356503676e+00
9.623369693590579033e+00 9.492789594054730884e+00
9.768609671669059580e+00 9.622943175271727156e+00
9.889954927343859836e+00 9.786303779224935440e+00
1.002704822430332321e+01 9.884439564239331233e+00
1.017330745386467328e+01 1.002516911231780483e+01
1.031417629915371670e+01 1.019688064068921385e+01
1.046804312704991524e+01 1.031670444287999899e+01
1.058860804144578793e+01 1.045119617773491960e+01
1.072117953771732068e+01 1.057501978286990862e+01
1.086955687211056620e+01 1.069577670271074865e+01
1.100408900873609674e+01 1.084185256041278045e+01
1.112867234166361108e+01 1.100968991085867366e+01
1.127584792930007396e+01 1.109915652861179147e+01
1.120030846494457855e+01 1.133706455507849675e+01
1.152303759412052031e+01 1.138288538063189748e+01
1.166393257296667940e+01 1.151045441862221885e+01
1.178356415863708229e+01 1.165810016529744431e+01
1.192499228079848095e+01 1.178173361501262129e+01
1.207297025765756082e+01 1.195039162363299567e+01
1.220254976783728829e+01 1.207948341048945018e+01
1.234655610636636602e+01 1.211426579671933901e+01
1.247887478957617624e+01 1.218261746095149967e+01
1.261321171328187596e+01 1.249475966220953360e+01
1.276052968542238020e+01 1.264220515210157458e+01
1.288742558248843295e+01 1.277936998439752436e+01
1.302877959465720359e+01 1.285744278277442199e+01
1.318478628819531373e+01 1.299556608252445322e+01
1.329597724978229678e+01 1.312641585538047018e+01
1.344413297438614840e+01 1.329198844645238964e+01
1.357861682009304971e+01 1.343645656252596865e+01
1.369775890442928556e+01 1.355860221687326828e+01
1.385081316241287297e+01 1.364294865654732014e+01
1.398218066445042496e+01 1.387885883461554570e+01
1.412822034593205878e+01 1.397103061888131137e+01
