0.000000000000000000e+00 0.000000000000000000e+00
0.000000000000000000e+00 0.000000000000000000e+00
0.000000000000000000e+00 0.000000000000000000e+00
0.000000000000000000e+00 0.000000000000000000e+00
0.000000000000000000e+00 0.000000000000000000e+00
0.000000000000000000e+00 0.000000000000000000e+00
5.427505468451847281e-02 0.000000000000000000e+00
2.998902169480750501e+00 2.697974431005739859e+00
1.887035996215167710e+00 3.773734203562474576e+00
3.862188423978909935e+00 3.852972906891348970e+00
3.925587541757801446e+00 3.911306310131171138e+00
3.991979286478619660e+00 4.050530149690330539e+00
4.045904211110843640e+00 4.202093880673377413e+00
4.184476805933001309e+00 4.409294995840881803e+00
4.431409979101288421e+00 4.591942236180411641e+00
4.625668095527601054e+00 4.911034473230360575e+00
4.858863129984404949e+00 5.055675436542620638e+00
5.101287386006055691e+00 5.262582608017144281e+00
5.244103271428085300e+00 5.450013299032649527e+00
5.429890337261642053e+00 5.640026245218777490e+00
5.601381989284077711e+00 5.835572251500503071e+00
5.773728425453371393e+00 6.000461101465853098e+00
5.960644871065301054e+00 6.185529961431093682e+00
6.183809304482219105e+00 6.350290448396110676e+00
6.344983864393560324e+00 6.517843073477974869e+00
6.523658150598111050e+00 6.669568727507995121e+00
6.728218428235245518e+00 6.827961419256292075e+00
6.886593567462983678e+00 6.976163068553083768e+00
7.039185280955139845e+00 7.133482765700132511e+00
7.179133502468973305e+00 7.281184656493122631e+00
7.361799044870851461e+00 7.437071911480278352e+00
7.566429792956566480e+00 7.534427151049446714e+00
7.618774812694761422e+00 7.735084011234758528e+00
7.880308040429418348e+00 7.795030418172615327e+00
8.030688987003040680e+00 7.971105787930444109e+00
8.186426067919127192e+00 8.073938170104982603e+00
8.341526751415269558e+00 8.256854233741087512e+00
8.493203772327055034e+00 8.381734491162097456e+00
8.557529356716765179e+00 8.666899379995225416e+00
8.821318607970111358e+00 8.739419840015417051e+00
8.991616754754216956e+00 8.888654743585384210e+00
9.153042182095267876e+00 9.020373015216048174e+00
9.325002649837299984e+00 9.217124316436121845e+00
9.488043834750969907e+00 9.391030441139244900e+00
9.656770700093245452e+00 9.542776165400029598e+00
9.722588870847047815e+00 9.822501582050064073e+00
9.987624325625695576e+00 9.897193520754662188e+00
1.016016633248393575e+01 1.009408772073203586e+01
1.033446187506624270e+01 1.021276609136079117e+01
1.049622203706960377e+01 1.039725310995836161e+01
1.066858215151614964e+01 1.055185427019474353e+01
1.077576795031810519e+01 1.080923092048176493e+01
1.092031167585661677e+01 1.098181954887132683e+01
1.116192615881946892e+01 1.109903138552817836e+01
1.126199275079345163e+01 1.130607061664328050e+01
1.151033037772054968e+01 1.143483797531015256e+01
1.157979516706076417e+01 1.166126615827919721e+01
1.185526806174488534e+01 1.174504146018789896e+01
1.203728915617881690e+01 1.194196198101910866e+01
1.222286390954396573e+01 1.210560406557153534e+01
1.231874345956190098e+01 1.236999913762054426e+01
1.257854475010928397e+01 1.239278189736064562e+01
1.275123340602133126e+01 1.262713234205091695e+01
1.293356711321943209e+01 1.276471006100896766e+01
1.313040348329441187e+01 1.299527935381464694e+01
1.331285383615893814e+01 1.311353431206499209e+01
1.348464050012128190e+01 1.332363092228228396e+01
1.368499245687210930e+01 1.350865313787601174e+01
1.385415277382271881e+01 1.366877394609470642e+01
1.404069910978555313e+01 1.387215537875578342e+01
1.407818180248733952e+01 1.417032400983909390e+01
1.439532794063410570e+01 1.419596979326334818e+01
1.456725733496094044e+01 1.444304178105597458e+01
1.473925565404730875e+01 1.459359065933173838e+01
1.493001744371275308e+01 1.475131900727710921e+01
1.510448156927758490e+01 1.497755581095357513e+01
1.530377330369744193e+01 1.510926714111876912e+01
1.548199510853568306e+01 1.530660645368935313e+01
1.567009297359187769e+01 1.555128716198634109e+01
1.585756650476686325e+01 1.569261739977297587e+01
1.606046810473532460e+01 1.585894774001852170e+01
1.625105288498623324e+01 1.608850534783833908e+01
1.643465160117296264e+01 1.625582279944570629e+01
1.661386515796512242e+01 1.642708892517466523e+01
1.680684165188551660e+01 1.665776182150063534e+01
1.699512425941691518e+01 1.683367332092522517e+01
1.718086802258719459e+01 1.691913592877450156e+01
1.736896291095394673e+01 1.714158006429039105e+01
1.755635733554808553e+01 1.735013039537719592e+01
1.773825027738173787e+01 1.759925848068692744e+01
1.792566491388290828e+01 1.771274302851981020e+01
1.811199465647353790e+01 1.792705432114568609e+01
1.830606917564099234e+01 1.807762533089330859e+01
1.849163898597892342e+01 1.827283421602594515e+01
1.866295150220708265e+01 1.845497002232117367e+01
1.885579349623093393e+01 1.870208734854909949e+01
1.904673147149513923e+01 1.883587201370590591e+01
1.923192284533149632e+01 1.894079550256434885e+01
1.939956214865778250e+01 1.919174788663545783e+01
1.958257675923275087e+01 1.932624841898499213e+01
1.978313924648263367e+01 1.964295450436557999e+01
