8.439354337192104261e-01 8.427866550315593619e-01
7.803713256602866633e-01 7.790940249686897356e-01
8.142225451061128050e-01 8.165192386976639627e-01
8.853114150526331105e-01 9.409705195392574772e-01
1.006002439597617037e+00 1.126999465885235141e+00
1.113003606175054561e+00 1.256794072302348519e+00
1.257197209239723223e+00 1.404011984584475625e+00
1.445825000952808859e+00 1.557318764474713069e+00
1.557126025271162062e+00 1.687113253939459989e+00
1.682557819559721501e+00 1.816601358034716229e+00
1.802910296814639768e+00 1.939051278907771625e+00
1.938705019058759804e+00 2.054622302116573707e+00
2.080322000696363194e+00 2.165119175804699481e+00
2.198207039835372800e+00 2.275601504082349624e+00
2.308885452747439171e+00 2.390411179833095368e+00
2.434125931231716056e+00 2.502269904682966839e+00
2.611770966136196304e+00 2.547464173764283579e+00
2.725907402938311908e+00 2.614542938004836614e+00
2.841593902233125135e+00 2.725995003393154370e+00
2.830541907353568920e+00 2.952604443802842482e+00
3.071699399107633788e+00 2.933576370085510643e+00
3.183152151018174614e+00 3.069465251626680491e+00
3.299982750265653131e+00 3.188301321640539587e+00
3.410277035310170568e+00 3.306060364885970326e+00
3.543881992220893284e+00 3.431337254172243334e+00
3.658294659072514499e+00 3.545080725190277615e+00
3.779716459473490442e+00 3.670072954148261957e+00
3.901687643740774369e+00 3.784927937771223050e+00
4.024250824757899636e+00 3.902911470212165668e+00
4.044027662587741823e+00 4.135343866160186010e+00
4.264079935466373428e+00 4.162876628656106526e+00
4.278846558900552211e+00 4.358872843995071911e+00
4.492027426547679170e+00 4.406877988844263960e+00
4.616717114444548464e+00 4.536696022161760489e+00
4.735244093622096528e+00 4.625494841758317932e+00
4.857091982651957629e+00 4.764149436810897420e+00
4.976719246253989759e+00 4.892345050171414300e+00
4.990689395552871055e+00 5.079208033207479822e+00
5.212523224089541607e+00 5.127000543480509265e+00
5.328554972478680263e+00 5.249605460441549631e+00
5.451933310152227818e+00 5.354861458409526875e+00
5.572369548157086072e+00 5.470667806737276706e+00
5.693289042815937506e+00 5.600344982157142937e+00
5.828959192268313494e+00 5.717926853185298697e+00
5.945646459156508357e+00 5.852002518368371931e+00
6.061664548509277495e+00 5.961925107387008538e+00
6.191530662643832450e+00 6.082111750614701329e+00
6.309915196201998810e+00 6.219650111236334489e+00
6.432003749584280783e+00 6.332833693202961634e+00
6.554442483993083712e+00 6.458672444939835167e+00
6.681993532635130073e+00 6.588846348940582409e+00
6.802710341277368400e+00 6.666699765492142049e+00
6.919359770712272706e+00 6.840974382674591681e+00
7.038757998390058113e+00 6.984004932589421344e+00
7.162784772465297323e+00 7.093687052486379763e+00
7.280727738962949225e+00 7.212980116277056375e+00
7.416442867335976352e+00 7.386290583277060229e+00
7.533185326237365587e+00 7.457706420664767855e+00
7.652383023804329554e+00 7.543419022449132427e+00
7.787434469345821952e+00 7.733191281172476117e+00
7.905457104938836466e+00 7.871674913081025515e+00
8.036666826392959706e+00 7.950024707674373303e+00
8.162793519259592401e+00 8.078125992112182630e+00
8.289661445533340611e+00 8.231636021016129234e+00
8.422731733359006157e+00 8.336582637795299178e+00
8.546273500540218393e+00 8.504065084164137645e+00
8.590163738717995656e+00 8.624058743657416315e+00
8.796280473528682364e+00 8.728754660963680578e+00
8.808395642407850445e+00 8.874432512235530979e+00
9.043943384645999117e+00 8.971248787544912062e+00
9.161378081729033340e+00 9.126926686712199199e+00
9.295219208072950323e+00 9.110676072501606271e+00
9.430271670640737014e+00 9.363478558813829622e+00
9.545464336235427893e+00 9.454935937468244234e+00
9.682804352570357764e+00 9.558322211841838723e+00
9.815455475439192057e+00 9.712999042962131568e+00
9.938403131355554976e+00 9.821317094380006552e+00
1.006410032229582541e+01 9.951718188803182485e+00
1.018635634204810181e+01 1.009966075241332106e+01
1.032403423352168303e+01 1.015419467040928936e+01
1.045220922090894078e+01 1.031670933141015567e+01
1.058757474891591599e+01 1.048186633157021674e+01
1.069671507289085355e+01 1.060202516769173542e+01
1.083103108800878900e+01 1.063046085906376526e+01
1.094545522548684247e+01 1.085480656294348556e+01
1.108087002793307008e+01 1.098682919847448147e+01
1.119967324195340552e+01 1.111506312516548434e+01
1.134071502416480115e+01 1.120576941379962932e+01
1.146714649107798323e+01 1.140335618117719640e+01
1.159288678948323970e+01 1.149339486866432480e+01
1.172391180229078600e+01 1.156547218686691281e+01
1.172898893306937751e+01 1.175218299217176110e+01
1.197945840208828372e+01 1.181475562151332781e+01
1.210143570130340684e+01 1.201089752761967233e+01
1.223777335976513747e+01 1.206519845385931333e+01
1.234566319966099535e+01 1.222993763846410786e+01
1.247831478415292139e+01 1.234610451288406807e+01
1.262690269530055076e+01 1.252742577754271913e+01
1.274902577325793018e+01 1.261822446787784280e+01
1.287781625018388354e+01 1.279931618328704168e+01
1.300981235743352471e+01 1.289459155922040345e+01
