0.000000000000000000e+00 0.000000000000000000e+00
0.000000000000000000e+00 0.000000000000000000e+00
0.000000000000000000e+00 0.000000000000000000e+00
0.000000000000000000e+00 0.000000000000000000e+00
0.000000000000000000e+00 0.000000000000000000e+00
0.000000000000000000e+00 0.000000000000000000e+00
0.000000000000000000e+00 0.000000000000000000e+00
0.000000000000000000e+00 0.000000000000000000e+00
0.000000000000000000e+00 0.000000000000000000e+00
0.000000000000000000e+00 0.000000000000000000e+00
0.000000000000000000e+00 0.000000000000000000e+00
0.000000000000000000e+00 0.000000000000000000e+00
0.000000000000000000e+00 0.000000000000000000e+00
0.000000000000000000e+00 0.000000000000000000e+00
0.000000000000000000e+00 0.000000000000000000e+00
0.000000000000000000e+00 0.000000000000000000e+00
2.002338163227491141e-01 1.358112756166950152e+00
0.000000000000000000e+00 0.000000000000000000e+00
6.397656940399304437e-01 2.470098769692315344e+00
8.826007731871403639e-01 3.614262488125326911e+00
3.972928292978042730e+00 2.182671651211441244e+00
5.225891742172498411e+00 6.757929997089568097e+00
7.137461159019979462e+00 7.481007470860455477e+00
8.138954164199878605e+00 8.167920234470622987e+00
8.335122256688817899e+00 8.336433845846704216e+00
8.541757892497344073e+00 8.572520727085240821e+00
8.715880222986005066e+00 8.810245636763442079e+00
8.885585114196118184e+00 8.906960964253684665e+00
9.061197841775969763e+00 9.082318176444893254e+00
9.205291698375264176e+00 9.275655847398699194e+00
9.367800687236998769e+00 9.568773431500405380e+00
9.605997934002880712e+00 9.858235440243806380e+00
9.807231006565210407e+00 1.011814292835124363e+01
1.007592281406956936e+01 1.038035051094635541e+01
1.031496938294452548e+01 1.060039856502802813e+01
1.056474964160054242e+01 1.082061747932169915e+01
1.083186031297772267e+01 1.103691279792647428e+01
1.106415490341391106e+01 1.125285155541491555e+01
1.128586032676297535e+01 1.146101950721914875e+01
1.151746732187617361e+01 1.165419857582791252e+01
1.169650062711727756e+01 1.184986584545672095e+01
1.193250012699559548e+01 1.205161421469179928e+01
1.213036567643006336e+01 1.225716757970430848e+01
1.232519363972259185e+01 1.244938606322723018e+01
1.251441588793205284e+01 1.263215058968501658e+01
1.280988906424834006e+01 1.268516003215359866e+01
1.300670656054510133e+01 1.285945567207307683e+01
1.298044909499340882e+01 1.320783411043307254e+01
1.323470001675299557e+01 1.341658480910344409e+01
1.359875239620580167e+01 1.344644150088714341e+01
1.381183086624451484e+01 1.364153174983172612e+01
1.383020835441801921e+01 1.401376473609864703e+01
1.421644753594312327e+01 1.405006880484155829e+01
1.440954162052521426e+01 1.422860562633282200e+01
1.443081931803789963e+01 1.460268006667930862e+01
1.481449190930285020e+01 1.465778978815973765e+01
1.502835666327869824e+01 1.485007219112963917e+01
1.523189608999677702e+01 1.508063171369239264e+01
1.545153518971760498e+01 1.529620885578314393e+01
1.547378926263789012e+01 1.564445188978009860e+01
1.586980609081718718e+01 1.572769170080042933e+01
1.607891196190914229e+01 1.591732230085056621e+01
1.629891460377823975e+01 1.608012062326573499e+01
1.651922783923874860e+01 1.635617904625728869e+01
1.673850975310864087e+01 1.659925692612508641e+01
1.694606381492248914e+01 1.678585502228545323e+01
1.718255451020285562e+01 1.701485296890102816e+01
1.739976192976744329e+01 1.721770284151750730e+01
1.761545406677400649e+01 1.742851449725244706e+01
1.784234540612832376e+01 1.768541425712125204e+01
1.806942777178964832e+01 1.790684511523459577e+01
1.829170453619018488e+01 1.807428966706645568e+01
1.852203541734219172e+01 1.832921785049263264e+01
1.874425446191901656e+01 1.852012901331446670e+01
1.898282993215007863e+01 1.878034280097783792e+01
1.920157918322180635e+01 1.900031346136969645e+01
1.944676793157276151e+01 1.927433069731258186e+01
1.966034094947758959e+01 1.947083058805584344e+01
1.988540926115065588e+01 1.968031354832978863e+01
2.012110430174116260e+01 1.991355656369838911e+01
2.034540027826991349e+01 2.016435911730767927e+01
2.055307417277904847e+01 2.034110259963660994e+01
2.080128580139161443e+01 2.057939555712074409e+01
2.104313495243513898e+01 2.080599587569943765e+01
2.126896294942871535e+01 2.100373062681741132e+01
2.151542009572685998e+01 2.127697030879971507e+01
2.174429174932536313e+01 2.149056501446708367e+01
2.197816284799775133e+01 2.174335660233619905e+01
2.221787127303355192e+01 2.193568920563690838e+01
2.245540690478601675e+01 2.220745661060725595e+01
2.268506893398236102e+01 2.243782079162198784e+01
2.292411366389966432e+01 2.262992078069946800e+01
2.316722149682849974e+01 2.290524683562007269e+01
2.340683793435590943e+01 2.312749571837935392e+01
2.365142708175762110e+01 2.332299833677686252e+01
2.389327001633945002e+01 2.357287375120216311e+01
2.413101101789209579e+01 2.382317363183402392e+01
2.437741737890756255e+01 2.405752689991898308e+01
2.461852754751004468e+01 2.433002780351813854e+01
2.486260626470967949e+01 2.448532440638873453e+01
2.510758492695868682e+01 2.474347952960278718e+01
