0.000000000000000000e+00 0.000000000000000000e+00
0.000000000000000000e+00 0.000000000000000000e+00
0.000000000000000000e+00 0.000000000000000000e+00
0.000000000000000000e+00 0.000000000000000000e+00
0.000000000000000000e+00 0.000000000000000000e+00
0.000000000000000000e+00 0.000000000000000000e+00
0.000000000000000000e+00 0.000000000000000000e+00
0.000000000000000000e+00 0.000000000000000000e+00
6.361098620740364140e-01 1.912385602429021558e+00
1.621610428973561113e+00 3.758750125340829751e+00
3.330271458146374819e+00 3.895753572026773526e+00
4.055054831372721047e+00 4.131581272085528944e+00
4.165719061110856103e+00 4.287322017359974424e+00
4.299444203156268074e+00 4.481466495761218027e+00
4.465311954829528140e+00 4.740491470654753847e+00
4.681375763563579540e+00 4.881023570436717307e+00
4.857222354311143242e+00 5.075591738682008192e+00
5.079129616732632968e+00 5.321163776723721206e+00
5.240882183498496438e+00 5.520835687267036995e+00
5.412501834703430603e+00 5.738598847111370027e+00
5.665953140854262493e+00 5.942685068029446072e+00
5.915457676124321829e+00 6.125260676940732729e+00
6.148645514234353904e+00 6.320102041914134716e+00
6.337385887356251857e+00 6.484984489099543836e+00
6.513894608693938437e+00 6.660640806173417694e+00
6.669737390458367443e+00 6.825824501437094405e+00
6.842350257780904776e+00 6.987091228802098541e+00
7.025672334062322832e+00 7.150027100992731199e+00
7.175242550381108586e+00 7.307960236917415919e+00
7.373658209297051513e+00 7.469895113059227043e+00
7.500736187314538839e+00 7.622479393219367516e+00
7.696239817714682019e+00 7.778658548474625789e+00
7.915145888780629413e+00 7.816621920255280465e+00
7.974932844153599376e+00 8.092961926570735542e+00
8.129941043415422897e+00 8.250881479225942172e+00
8.401032058439181327e+00 8.277339066550558400e+00
8.453702274474792944e+00 8.574054509159754645e+00
8.720951263628098360e+00 8.611409000264879765e+00
8.761517413985389524e+00 8.898877594115427669e+00
9.064327257972898622e+00 8.887214737514002039e+00
9.222874381843263691e+00 9.072272191953175025e+00
9.240234323556160589e+00 9.399073552695309530e+00
9.560040887285385480e+00 9.402515718128960032e+00
9.729463614604210164e+00 9.538879212494819626e+00
9.750080525237843077e+00 9.909088882664192965e+00
1.007055059063717906e+01 9.913244692129060454e+00
1.023980962484741575e+01 1.007400492637837530e+01
1.040081897554970425e+01 1.023103410397471080e+01
1.057443292365973875e+01 1.038635332006556844e+01
1.074092343013757223e+01 1.052396719358525345e+01
1.090493775601595061e+01 1.079146162107815066e+01
1.091506775097373705e+01 1.107638466669373223e+01
1.125654239026100534e+01 1.104998598726604975e+01
1.143629867937519151e+01 1.125094308816666988e+01
1.160949708864780483e+01 1.142802535394236507e+01
1.178483524750736855e+01 1.162239820344191621e+01
1.176498004264772845e+01 1.194947994686990533e+01
1.195461586427263434e+01 1.210847654355775838e+01
1.229500250135243178e+01 1.212971237961291138e+01
1.247649215572437775e+01 1.233042376585777689e+01
1.266693951998913370e+01 1.247807673222341940e+01
1.284628952796763279e+01 1.269290626400339050e+01
1.303947989677322639e+01 1.285676566901490858e+01
1.321434417425046526e+01 1.303301830365739100e+01
1.340584333106963832e+01 1.324574479089384127e+01
1.359697425744900556e+01 1.338957468102449155e+01
1.377741519954071592e+01 1.359993654521551321e+01
1.396867159106110456e+01 1.379196936147191010e+01
1.416562861579785526e+01 1.404749550586756790e+01
1.434275868601829629e+01 1.415105595008382444e+01
1.453382997705431556e+01 1.435190911901925404e+01
1.471817269242461101e+01 1.454859806625308138e+01
1.491054462501077360e+01 1.473763247209267213e+01
1.509525172759505374e+01 1.487941762369478482e+01
1.528969369528661559e+01 1.507857178161897771e+01
1.545795847336944284e+01 1.527760418545777910e+01
1.564177202360710872e+01 1.543954889279428144e+01
1.583800709717478838e+01 1.563932579377335941e+01
1.602385273350973094e+01 1.579182962986187455e+01
1.620956938411230297e+01 1.600801283399619734e+01
1.638876249423597997e+01 1.617780142597278470e+01
1.657418967429634549e+01 1.638233327572031328e+01
1.676347135737239924e+01 1.655853544015049650e+01
1.694792007537242284e+01 1.673415945500259738e+01
1.711561982463403453e+01 1.697598472825283622e+01
1.731677368711623188e+01 1.711087783615923996e+01
1.750687123581665006e+01 1.731424427966069857e+01
1.767656924582053080e+01 1.748769253810337787e+01
1.788171793825318190e+01 1.769879302904579532e+01
1.807003541055016882e+01 1.788540556857073582e+01
1.824894802066225097e+01 1.811599356861444932e+01
1.845404436366650103e+01 1.823594711866573448e+01
1.863848069859577095e+01 1.847625199812143748e+01
1.883931030736984269e+01 1.863141120902827197e+01
1.902761617935542660e+01 1.883951226476260388e+01
1.921460938947383212e+01 1.897043338562446024e+01
1.940322500596710498e+01 1.914402373475360619e+01
1.958667433529258517e+01 1.939345461289091688e+01
1.978791653354749513e+01 1.960428669904750265e+01
1.997188604293541303e+01 1.975614443894594530e+01
2.015874525073259704e+01 2.002042888078618432e+01
