0.000000000000000000e+00 0.000000000000000000e+00
0.000000000000000000e+00 0.000000000000000000e+00
0.000000000000000000e+00 0.000000000000000000e+00
0.000000000000000000e+00 0.000000000000000000e+00
0.000000000000000000e+00 0.000000000000000000e+00
6.332575918642273372e-02 -3.545840162997903125e-03
1.236990440125365909e-01 1.372631903428797928e+00
1.005373566026291687e+00 2.401751545354328332e+00
2.667245116468412558e+00 2.672058220223034297e+00
2.838295981278092128e+00 2.844754380416036899e+00
3.006198157120103076e+00 2.995754835609650613e+00
3.135869563794685178e+00 3.129244870064476824e+00
3.280848178674096616e+00 3.256755809679942271e+00
3.426189813769989545e+00 3.569826863975593678e+00
3.624204293378011421e+00 3.722236919770930186e+00
3.802170525487046149e+00 3.888941315602611137e+00
4.027419301750512659e+00 3.998294270874139134e+00
4.170137512238929034e+00 4.231532226722948486e+00
4.326342929063287990e+00 4.396073280772710312e+00
4.545019364018238583e+00 4.520546316238215567e+00
4.704381551345893087e+00 4.669771502876801428e+00
4.856483549694401880e+00 4.942315613758513138e+00
5.038223177918653484e+00 5.151247869483601249e+00
5.244300002115704018e+00 5.336205599704653579e+00
5.426083861701382460e+00 5.511684502579591083e+00
5.625240001959484815e+00 5.680554161048920747e+00
5.771083693805726611e+00 5.862143757113695841e+00
6.030563467771782982e+00 5.941199181296613396e+00
6.131061046336330200e+00 6.212073007696235827e+00
6.381341051585040169e+00 6.301971384961134959e+00
6.549446853161130733e+00 6.463715326199557687e+00
6.621658378048474347e+00 6.719402069727835602e+00
6.823994492981841020e+00 6.909395217125675615e+00
7.082360347691346369e+00 7.026422682904984285e+00
7.257439807066641713e+00 7.172829359693314366e+00
7.430809950814147413e+00 7.360962644303337576e+00
7.612471381113548929e+00 7.541071620474776971e+00
7.788036869538326634e+00 7.723468058333629926e+00
7.978500343184027344e+00 7.892182500455729333e+00
8.169030717169123434e+00 8.073500355224792813e+00
8.364920671685577958e+00 8.256883879474797183e+00
8.546755058547748973e+00 8.434471407454372738e+00
8.729741221804479423e+00 8.626038704395822876e+00
8.923639416920032374e+00 8.829691440006079972e+00
9.104098659240534630e+00 9.018741703898983886e+00
9.299594023360766570e+00 9.184184934905076148e+00
9.467679926766738419e+00 9.322181683651471928e+00
9.670103343180647570e+00 9.517120433595817275e+00
9.854253030803874935e+00 9.727319521424938387e+00
1.004415286032122445e+01 9.933658555448293015e+00
1.023011816672552143e+01 1.010439614321338198e+01
1.041177748791308133e+01 1.024900382747083327e+01
1.061187581407758707e+01 1.048125050543320036e+01
1.079539944594359646e+01 1.060043566603582121e+01
1.098916922536612262e+01 1.083649666387563393e+01
1.117781834188434331e+01 1.104739436620790549e+01
1.137303775969709108e+01 1.119389249897218619e+01
1.155408544528616765e+01 1.140235474256873616e+01
1.174445853152242236e+01 1.158763410666946214e+01
1.193257386459172054e+01 1.178926157143817299e+01
1.213353502068570222e+01 1.200333019798997114e+01
1.232261194374871316e+01 1.222638856653431283e+01
1.252066273783087524e+01 1.231240056338175926e+01
1.272120232232725812e+01 1.256067020467090067e+01
1.291440383553741889e+01 1.276888460754360999e+01
1.310558105633056059e+01 1.286834872793654050e+01
1.330525892826825896e+01 1.309997269992863167e+01
1.349714444041925709e+01 1.325995503365667538e+01
1.368364826849801297e+01 1.344358029019080547e+01
1.387442156506256552e+01 1.359129890152705755e+01
1.406898065395610864e+01 1.387816098180857871e+01
1.425137805692475546e+01 1.411087484346278131e+01
1.444785078612465590e+01 1.421719225797803965e+01
1.464252172518694195e+01 1.434954468466293953e+01
1.483092834504455304e+01 1.459739096525619928e+01
1.477199309024624974e+01 1.492348071990465641e+01
1.519221963967792277e+01 1.497223702039150339e+01
1.536395089457369423e+01 1.518263902988882919e+01
1.554826088372069393e+01 1.535665594617027274e+01
1.574769717884378650e+01 1.553929312586616440e+01
1.594001813122263833e+01 1.567476878047472155e+01
1.614540288759679498e+01 1.592231161900046743e+01
1.634284853435282159e+01 1.612763526445485240e+01
1.654979433775834963e+01 1.634120605599532539e+01
1.673705270546937385e+01 1.655353555185869396e+01
1.693896067212131129e+01 1.669609782755825833e+01
1.712927604261980363e+01 1.686700752798726555e+01
1.733578554618883771e+01 1.698493817303548070e+01
1.751804660263149671e+01 1.730353766749986377e+01
1.770343952169686830e+01 1.741662202424005912e+01
1.792767402642743590e+01 1.763624859912464515e+01
1.810638155763258439e+01 1.792348077676673057e+01
1.831312574088775591e+01 1.802294960793084044e+01
1.849925842288807587e+01 1.815272977990699133e+01
1.869606731029840674e+01 1.835983904657567578e+01
1.888733731962962636e+01 1.861699416284172770e+01
1.911200164686288261e+01 1.873976520527837053e+01
1.929560931472312291e+01 1.898088675772469003e+01
1.951195306108288108e+01 1.916968859271825565e+01
1.968699205799130780e+01 1.937335245948940354e+01
1.989179078687830682e+01 1.961099954426290282e+01
