0.000000000000000000e+00 0.000000000000000000e+00
1.001756820386021657e-05 0.000000000000000000e+00
3.654369800160130730e-04 0.000000000000000000e+00
1.803992870485541036e-02 0.000000000000000000e+00
1.045664478398523334e-01 -3.444286609757264174e-03
2.502154622772054249e-01 9.106733352940649118e-01
9.733851301433660286e-01 1.155507345003348396e+00
1.335065250082258403e+00 1.371397223747997440e+00
1.565775849182296842e+00 1.528584347693747958e+00
1.776091642957948302e+00 1.740222491645564418e+00
1.977086233008414018e+00 1.906422662393713940e+00
2.174912778107921163e+00 2.139894274662764051e+00
2.372544108273973329e+00 2.320250424656076227e+00
2.570139727582215095e+00 2.486592994883519481e+00
2.763099163101305322e+00 2.689540091949610634e+00
2.963034817673653620e+00 2.860189962011442599e+00
3.163690000191552887e+00 3.071915697295903414e+00
3.358209465484245815e+00 3.273352806309422380e+00
3.550822740282669532e+00 3.448197008732222013e+00
3.739737320962642997e+00 3.650566706589314148e+00
3.937392066900018417e+00 3.839482822784408889e+00
4.152580386460507533e+00 4.030960793465252934e+00
4.346769511996265933e+00 4.227018866009458087e+00
4.539481363319440632e+00 4.429836311104382141e+00
4.721673833853278879e+00 4.617967775264312458e+00
4.922154759604730145e+00 4.818670033137186337e+00
5.117090853240515713e+00 4.972324094516241466e+00
5.307200120910972707e+00 5.209612766444483789e+00
5.506350221481481455e+00 5.414992462362732795e+00
5.705066743277571462e+00 5.597556149813716075e+00
5.903168856640887974e+00 5.812856651080783088e+00
6.087054056349207265e+00 5.997833782785728651e+00
6.293062246272744353e+00 6.193042978184425174e+00
6.482837144685308139e+00 6.394387154639010085e+00
6.680758201083929926e+00 6.579526740743753876e+00
6.882184088174666314e+00 6.767511263645131336e+00
7.075642071010218359e+00 6.966029450813178592e+00
7.271460811692895376e+00 7.160597421121177142e+00
7.464686896309584263e+00 7.349431072057934777e+00
7.655960121549510333e+00 7.517434649072420427e+00
7.847669040742278668e+00 7.682604678274724819e+00
8.041465686495955723e+00 7.881587502444745930e+00
8.236958936549042321e+00 8.095297900347729225e+00
8.423067663114432335e+00 8.217628756469531837e+00
8.629082876084847697e+00 8.421177043233912585e+00
8.831361584795713426e+00 8.672149677035189796e+00
9.030578829265254015e+00 8.850012813456219263e+00
9.221340536592387949e+00 9.099387995392318018e+00
9.417562286677616967e+00 9.235795065914699009e+00
9.630688802110981328e+00 9.428552141261508979e+00
9.836355416912899940e+00 9.691052289868999026e+00
1.004338843027512418e+01 9.847225146193093082e+00
1.022965075305174310e+01 9.965624269554144377e+00
1.044451610888382476e+01 1.023608425960660639e+01
1.063746639099570679e+01 1.038482243264033222e+01
1.083065113612043540e+01 1.058428189505814387e+01
1.103657110874479308e+01 1.084433688169238508e+01
1.122957271521952727e+01 1.098136495751178288e+01
1.142243473053491876e+01 1.116793339422897624e+01
1.161848003723195966e+01 1.144230781559354959e+01
1.181775757397898907e+01 1.159839188839505120e+01
1.202866916146425069e+01 1.178160858692191226e+01
1.222608509788583220e+01 1.203157631428147845e+01
1.241998746613981197e+01 1.216102307527733473e+01
1.263043111394024187e+01 1.236068943775761575e+01
1.281801214368435637e+01 1.255903638137262845e+01
1.300306449646495643e+01 1.273099106611268994e+01
1.322391479186253171e+01 1.295028043439128851e+01
1.340594270112833186e+01 1.316799774453322058e+01
1.360829169138859385e+01 1.330827361128961073e+01
1.381161438560710231e+01 1.352259849974917394e+01
1.400593475652836162e+01 1.370016482941731972e+01
1.418842017509306963e+01 1.394623512541753385e+01
1.439135964600985851e+01 1.409917598270195604e+01
1.459838211716723144e+01 1.426383824615168372e+01
1.478347467082117994e+01 1.442005231467870630e+01
1.498882116722375279e+01 1.466680065774875885e+01
1.518237929363455407e+01 1.480020289602855499e+01
1.538322272080739239e+01 1.511216625005521585e+01
1.558296333057118765e+01 1.528961733728517558e+01
1.578406241255223108e+01 1.549548820407481209e+01
1.597064739858492999e+01 1.567430855924301270e+01
1.615770573936202936e+01 1.589715629717782441e+01
1.636287901544719503e+01 1.603022259696410856e+01
1.656573442213732150e+01 1.624111362982546680e+01
1.676376704089578951e+01 1.649661355413566710e+01
1.695931167358746094e+01 1.659654587877851029e+01
1.713836007250829852e+01 1.673141208987537354e+01
1.733746240687703022e+01 1.696091545773701981e+01
1.752057365306672310e+01 1.722586501946907944e+01
1.771145764961055136e+01 1.733160762955553835e+01
1.792643143715939047e+01 1.753858805909008822e+01
1.811507549274904960e+01 1.782882496553735407e+01
1.831745391630295927e+01 1.788499917758093716e+01
1.851968223888475151e+01 1.819305613847224734e+01
1.871404257488406131e+01 1.836498232860407498e+01
1.890467449028632885e+01 1.859576546089044413e+01
1.910480108254524723e+01 1.879937075234010280e+01
1.929087343839504598e+01 1.892353846334772172e+01
1.949810258717362643e+01 1.908335499133832514e+01
1.968604826772666172e+01 1.949940201321701494e+01
