0.000000000000000000e+00 0.000000000000000000e+00
0.000000000000000000e+00 0.000000000000000000e+00
0.000000000000000000e+00 0.000000000000000000e+00
0.000000000000000000e+00 0.000000000000000000e+00
0.000000000000000000e+00 0.000000000000000000e+00
0.000000000000000000e+00 0.000000000000000000e+00
0.000000000000000000e+00 0.000000000000000000e+00
4.638588646961381429e-02 -3.725391949258314434e-02
4.638588646961381429e-02 0.000000000000000000e+00
5.301244167955863895e-02 -5.146826235138699489e-03
1.022498179074936842e-01 6.610842538788355149e-01
1.165312185830823299e+00 3.899125067087470864e+00
3.405468441768461751e+00 4.592106970726337778e+00
4.385405995913840727e+00 4.859236518107712399e+00
5.074901420758927806e+00 5.187319192661123957e+00
5.154056206516044902e+00 5.214145130964718433e+00
5.232833677527231941e+00 5.366016704347972954e+00
5.420441184697696535e+00 5.546523677830772492e+00
5.578961920880026959e+00 5.688905625750649619e+00
5.763962343232187813e+00 5.932498787003788188e+00
5.947205860305545322e+00 6.122181167143571301e+00
6.130923374736822140e+00 6.263739199223790521e+00
6.282977047810310189e+00 6.514660593109055320e+00
6.431614849999575334e+00 6.722637824617804903e+00
6.581456678886753231e+00 6.938937219155518754e+00
6.842380884127287288e+00 7.103773611435578061e+00
7.018833399390234540e+00 7.262279610618228354e+00
7.217345757106968129e+00 7.406985322681441275e+00
7.420688865049556604e+00 7.559403283979489352e+00
7.622528733963710224e+00 7.707491381336342151e+00
7.781019493154757605e+00 7.863456640408112541e+00
7.931538067805101733e+00 8.011595214255848418e+00
8.110030074371829656e+00 8.152081973309750040e+00
8.296720379601335793e+00 8.250475669730285233e+00
8.446586743811220543e+00 8.363844717340029433e+00
8.586851532170760137e+00 8.525949032307009290e+00
8.737940957946378262e+00 8.676012953072184786e+00
8.899637182958404225e+00 8.787811942306804625e+00
9.045202896875181864e+00 8.930235762741601135e+00
9.106753450025561136e+00 9.217704928394097053e+00
9.379002764629646549e+00 9.287656423861633925e+00
9.538498867508279133e+00 9.437576808979686760e+00
9.706448808693810548e+00 9.539809128098816871e+00
9.873032959659393981e+00 9.723618768661868472e+00
9.923740799196446360e+00 1.003559380729602069e+01
1.009728060191745769e+01 1.019175294583245162e+01
1.036319984434791408e+01 1.023505957654614207e+01
1.053680404067286069e+01 1.045095290189738968e+01
1.070562156575398838e+01 1.058277368131299312e+01
1.087297780923542589e+01 1.074075301356314327e+01
1.104017376556060803e+01 1.095471638245093260e+01
1.122289064378225909e+01 1.109593246567198932e+01
1.139564912063432445e+01 1.127665528669388806e+01
1.158125673881369089e+01 1.146192814641820767e+01
1.176354685657341292e+01 1.161481133500966223e+01
1.193938477934925224e+01 1.174664148652916928e+01
1.210177858724422961e+01 1.197227575207671890e+01
1.227366431321975604e+01 1.215345478688863423e+01
1.244342992389140790e+01 1.230749925040089465e+01
1.262691708945479796e+01 1.244654197721534850e+01
1.282016271349074721e+01 1.266026485985953265e+01
1.298407222061924493e+01 1.287018050532503644e+01
1.315983201471095931e+01 1.303072193997054029e+01
1.335783226612724306e+01 1.323632212571048505e+01
1.352191152861499646e+01 1.339439994211847740e+01
1.372908028657794333e+01 1.358230603960877225e+01
1.391287196359551359e+01 1.374787099530027490e+01
1.409426670616422506e+01 1.391041642817273605e+01
1.428083686978511047e+01 1.410201248234633375e+01
1.446324331073966007e+01 1.429424010618947882e+01
1.466490470690920311e+01 1.449624113397749170e+01
1.485088526449554358e+01 1.465678707812668335e+01
1.503836928884626367e+01 1.484459361723838988e+01
1.522440124691351038e+01 1.504929849240297912e+01
1.541678844349670285e+01 1.520779089632139325e+01
1.560293180195132479e+01 1.534843729243743660e+01
1.579250823539117832e+01 1.552851699680217479e+01
1.598630639052817592e+01 1.578225821038286192e+01
1.616597902394493858e+01 1.591182461877027876e+01
1.635393590345075054e+01 1.617503852202686332e+01
1.653389176229794799e+01 1.633503351954130522e+01
1.672632451176811230e+01 1.652690482814026396e+01
1.690458023682796096e+01 1.670908526176025077e+01
1.708691492271988110e+01 1.692905304444964898e+01
1.727527291871318837e+01 1.704512584381367546e+01
1.745796762622417830e+01 1.713722349033207237e+01
1.764359069276468617e+01 1.740647749666656452e+01
1.784509727059376161e+01 1.759556271604827060e+01
1.801118258306576436e+01 1.781957801638764849e+01
1.820677318041242287e+01 1.797654336912010109e+01
1.839672581437394427e+01 1.818047389682840276e+01
1.858398006028188121e+01 1.838960397539721114e+01
1.877314518394854659e+01 1.849193353530260353e+01
1.895166583695167972e+01 1.876088754885862286e+01
1.913254561995218594e+01 1.895957814016479048e+01
1.931535768445441548e+01 1.911209692582856334e+01
1.950975042263103987e+01 1.929491490100383544e+01
1.970500914801836956e+01 1.948530248851528768e+01
1.989725498137401871e+01 1.964485571039539735e+01
2.008744835541042306e+01 1.980010366617129591e+01
2.028154407856403196e+01 2.005983763005164988e+01
