0.000000000000000000e+00 0.000000000000000000e+00
0.000000000000000000e+00 0.000000000000000000e+00
0.000000000000000000e+00 0.000000000000000000e+00
0.000000000000000000e+00 0.000000000000000000e+00
0.000000000000000000e+00 0.000000000000000000e+00
0.000000000000000000e+00 0.000000000000000000e+00
0.000000000000000000e+00 0.000000000000000000e+00
0.000000000000000000e+00 0.000000000000000000e+00
3.375144336997604189e-02 0.000000000000000000e+00
3.239202169883712706e-02 -3.409409018173314987e-02
8.201822586210537336e-02 0.000000000000000000e+00
7.117333467086808807e-02 0.000000000000000000e+00
5.002550463999230063e-02 0.000000000000000000e+00
2.820064542287931131e-02 0.000000000000000000e+00
1.564317078926579646e-02 0.000000000000000000e+00
0.000000000000000000e+00 0.000000000000000000e+00
0.000000000000000000e+00 0.000000000000000000e+00
3.484137799463006557e-02 -2.447413666179333938e-02
3.950986321242655475e-02 0.000000000000000000e+00
2.165977493898341155e-02 0.000000000000000000e+00
2.478017945624499951e-01 7.146200657131263512e+00
3.010450990439905272e+00 6.844463954297405728e+00
6.819273787217522198e+00 6.954369923549688082e+00
6.489903418517771527e+00 7.024786193939655199e+00
7.127175452000376943e+00 7.088958901405838731e+00
7.226521393499122148e+00 7.307439751347531320e+00
7.366708715325859913e+00 7.422906078679411657e+00
7.496933406503744735e+00 7.609385421606257083e+00
7.669178223066701605e+00 7.625637261098410669e+00
7.764219300188090145e+00 7.957192582535414616e+00
7.927382097043160769e+00 8.096527004346585343e+00
8.090372975216336471e+00 8.235354331469039835e+00
8.355289998351766556e+00 8.241936959460888446e+00
8.398049038697767088e+00 8.502497799510779330e+00
8.583546770182918451e+00 8.653286353751559190e+00
8.795435554841363412e+00 8.766601270932248724e+00
8.945658059905184700e+00 8.892857296233179554e+00
9.085605556889333911e+00 9.025779363304629044e+00
9.235059100575178093e+00 9.156476141567038596e+00
9.392224420021026532e+00 9.281582727747299089e+00
9.547488732273777146e+00 9.434113398922210791e+00
9.712711084335680312e+00 9.570893994187603226e+00
9.880363439821683968e+00 9.762554524204215767e+00
1.004792922036489955e+01 9.927434946874713617e+00
1.021188395674826310e+01 1.009396831362325742e+01
1.038191657180619210e+01 1.023633707389283565e+01
1.054121265730474377e+01 1.040659000482672525e+01
1.070491106842258233e+01 1.056052167214765980e+01
1.086853725614415822e+01 1.074396633192064598e+01
1.103360047802557631e+01 1.092369012013103813e+01
1.120284312097053103e+01 1.108689750919461403e+01
1.137324850452496428e+01 1.124089989458517813e+01
1.154767785779060318e+01 1.140250827400444322e+01
1.172187749713500260e+01 1.157738793096754648e+01
1.189562179385427676e+01 1.176347275882327992e+01
1.206292162293016723e+01 1.191408411061657979e+01
1.223861843592589516e+01 1.208608701426039467e+01
1.241674786483053872e+01 1.230440090842344425e+01
1.258104085172061737e+01 1.243893699590071300e+01
1.275657504216627380e+01 1.264791280082866365e+01
1.292901912133109299e+01 1.279180130918179970e+01
1.309754448528284954e+01 1.301226324955466573e+01
1.328114243490733237e+01 1.317390146033429232e+01
1.345623672310774133e+01 1.326538218214221132e+01
1.363604891477248415e+01 1.352810641591360685e+01
1.381873993368181885e+01 1.370739322780145208e+01
1.399783400142104206e+01 1.391249585582900572e+01
1.419442494321925885e+01 1.407731088789251928e+01
1.437612958372167249e+01 1.413831045466043079e+01
1.456593914292984415e+01 1.436601162903793139e+01
1.474765641000769278e+01 1.460159348447523264e+01
1.492092758216677417e+01 1.477912694763572254e+01
1.511741786704659241e+01 1.494371090450341200e+01
1.530547068381734199e+01 1.508051933575213610e+01
1.549242625655453587e+01 1.529370535305105783e+01
1.568063706340002206e+01 1.546925945237865463e+01
1.586450403758471950e+01 1.568421129587128782e+01
1.604773816772729589e+01 1.586252501755238242e+01
1.623236353973146606e+01 1.605581924491609058e+01
1.641343536591394425e+01 1.618000748219003526e+01
1.660712759661496918e+01 1.634086495612414680e+01
1.678647925826581044e+01 1.653822688043406330e+01
1.697221371394013190e+01 1.668342393534173951e+01
1.716142371744224349e+01 1.687581419226170709e+01
1.734740188647013781e+01 1.714892779610226370e+01
1.753569856214545197e+01 1.725446013831228598e+01
1.772546670186434525e+01 1.747332077180006848e+01
1.790052592888790528e+01 1.755720934708623915e+01
1.809047466727333386e+01 1.788666802683352941e+01
1.829481261808464865e+01 1.799369981546760044e+01
1.847775791466333573e+01 1.815536069684228337e+01
1.867340185286060361e+01 1.840438287438675147e+01
1.885062074109932695e+01 1.852283482830969774e+01
1.904397984185370163e+01 1.869789060831554295e+01
1.924448004590927752e+01 1.895358445844123807e+01
1.943694356899674602e+01 1.910373840528057343e+01
1.961998078498813314e+01 1.935767465258496500e+01
1.981992372551285087e+01 1.943021934106913307e+01
2.001844440845590967e+01 1.952068166016458051e+01
2.019222224150582079e+01 1.983560986990893582e+01
2.038890924062069843e+01 1.999646358954346326e+01
