0.000000000000000000e+00 0.000000000000000000e+00
0.000000000000000000e+00 0.000000000000000000e+00
0.000000000000000000e+00 0.000000000000000000e+00
0.000000000000000000e+00 0.000000000000000000e+00
0.000000000000000000e+00 0.000000000000000000e+00
0.000000000000000000e+00 0.000000000000000000e+00
0.000000000000000000e+00 0.000000000000000000e+00
0.000000000000000000e+00 0.000000000000000000e+00
0.000000000000000000e+00 0.000000000000000000e+00
0.000000000000000000e+00 0.000000000000000000e+00
0.000000000000000000e+00 0.000000000000000000e+00
0.000000000000000000e+00 0.000000000000000000e+00
0.000000000000000000e+00 0.000000000000000000e+00
0.000000000000000000e+00 0.000000000000000000e+00
0.000000000000000000e+00 0.000000000000000000e+00
0.000000000000000000e+00 0.000000000000000000e+00
0.000000000000000000e+00 0.000000000000000000e+00
0.000000000000000000e+00 0.000000000000000000e+00
1.762780647342248874e-01 9.262062368407975033e-01
7.454233123891933488e-01 3.464162201153247800e+00
1.133158718469419624e+00 5.416997861337910614e+00
3.888963671251391752e+00 6.560277160017855103e+00
6.234310146909788131e+00 6.753827912021516333e+00
6.891433828826526664e+00 6.962563824801901724e+00
6.993518027352406463e+00 7.126424966492590052e+00
7.157843292952084546e+00 7.233730946804716844e+00
7.307741911472477980e+00 7.434716022931247892e+00
7.467004216822498819e+00 7.628540534450609201e+00
7.707552988225187640e+00 7.631696006374247609e+00
7.772204370386405436e+00 7.950890435427258041e+00
7.957406366827281197e+00 8.096708990843739073e+00
8.215579820394294686e+00 8.108861049172627844e+00
8.281900811847656030e+00 8.405368445301471425e+00
8.417863247346650368e+00 8.541993453341483189e+00
8.596428090796473853e+00 8.683186800759951751e+00
8.824567115693433550e+00 8.766140674839359548e+00
8.968538379264757054e+00 8.886599913777397219e+00
9.038979234041390143e+00 9.134139340163654808e+00
9.213240652513436046e+00 9.285164664050483907e+00
9.437624150942172108e+00 9.390571322848483504e+00
9.590223451917530895e+00 9.467639707394575055e+00
9.743584679345692834e+00 9.652505115585880091e+00
9.909698541975506814e+00 9.746021684019510190e+00
1.006020032275728759e+01 9.930207434819601886e+00
1.022728070169621439e+01 1.008152025143046515e+01
1.038244026364708361e+01 1.026583208294303518e+01
1.055627821371152031e+01 1.039215897544711176e+01
1.071907980107436664e+01 1.055626245805645880e+01
1.088643365532437102e+01 1.068785296052769596e+01
1.105725412492239634e+01 1.088946597184806997e+01
1.123727551700845950e+01 1.107828590431444482e+01
1.140361139901667364e+01 1.122079976044129168e+01
1.158102751025156785e+01 1.141270692885198912e+01
1.176493210885779206e+01 1.157932835371025782e+01
1.192973188638757875e+01 1.177364170164804591e+01
1.209866524308916880e+01 1.194575125865841159e+01
1.227388942910747538e+01 1.211604995137648544e+01
1.245063426298010967e+01 1.227834090998932659e+01
1.262048054846880341e+01 1.247100920867075935e+01
1.279897595951931066e+01 1.265931653381558242e+01
1.297068295952300687e+01 1.279080478090575745e+01
1.315863309013342430e+01 1.295382881705582179e+01
1.332657167379715801e+01 1.316509477219195645e+01
1.350232415347656278e+01 1.332360314303188709e+01
1.368524923741226296e+01 1.352669390403734617e+01
1.385247382175286113e+01 1.370671980733220785e+01
1.403353930032480967e+01 1.387130980829618387e+01
1.420486974473260489e+01 1.404620420691004412e+01
1.438558464882178889e+01 1.418139524982769117e+01
1.456863431954714017e+01 1.429610938088542405e+01
1.475492798645874259e+01 1.461174266943254985e+01
1.493396943752726891e+01 1.470972367239415313e+01
1.511885237736003340e+01 1.486383560326535935e+01
1.530294409298260483e+01 1.507548312525776346e+01
1.549297350313394972e+01 1.528372415905207227e+01
1.566631270809672749e+01 1.544840445972818976e+01
1.585172944778122073e+01 1.561403697518401046e+01
1.603701633167173313e+01 1.582266978312890693e+01
1.623471991809538295e+01 1.602146231461832571e+01
1.642026288277709867e+01 1.615601404476650060e+01
1.660554105469270780e+01 1.634585442821596146e+01
1.678934321146163455e+01 1.654877950900771921e+01
1.698476394631389397e+01 1.682406987445233071e+01
1.716578485922239850e+01 1.691389609175132591e+01
1.734798927769772092e+01 1.710649836349281472e+01
1.753037065793888516e+01 1.724858162690034291e+01
1.773592984482158741e+01 1.748628920341076665e+01
1.791181404471062066e+01 1.767203108628371311e+01
1.809553510046185210e+01 1.782853324582882237e+01
1.830448537253712615e+01 1.801383023492483559e+01
1.847601684651005272e+01 1.819523662348597526e+01
1.866530665559577784e+01 1.834727935704555080e+01
1.885805424633468874e+01 1.850276121770526672e+01
1.904252547485065961e+01 1.873595849843715655e+01
1.923301916828577873e+01 1.890925246993360886e+01
1.943041402254458561e+01 1.911477444953840532e+01
1.962905133069198627e+01 1.920826031282923907e+01
1.980407600858206507e+01 1.945771022516398929e+01
1.999016316886432776e+01 1.960112780896601592e+01
2.020796302371017106e+01 1.977024839188233329e+01
2.037964992502812578e+01 2.003371620449680535e+01
