0.000000000000000000e+00 0.000000000000000000e+00
0.000000000000000000e+00 -5.994117067716719580e-03
1.052113785202593299e-01 6.054076796502302349e-01
1.016017940030690792e+00 8.970712177227015971e-01
1.710323369823281370e+00 1.755801535680837411e+00
1.829521158142675130e+00 1.909212863809330418e+00
2.038521378477285317e+00 2.060635410782801547e+00
2.204847047275027894e+00 2.237470641649812464e+00
2.344870061514564341e+00 2.428590087222681770e+00
2.524578215736677844e+00 2.636129077436254242e+00
2.706556666755616458e+00 2.825671943528074159e+00
2.878967802692514066e+00 3.012399033304757001e+00
3.081060849073836927e+00 3.210618326613570161e+00
3.282577700986607283e+00 3.403401730463231800e+00
3.456450003202014898e+00 3.588781080388300015e+00
3.698044836931332124e+00 3.771721825999659661e+00
3.866794446866847146e+00 3.962826116471893645e+00
4.062590118137248574e+00 4.147712453463801907e+00
4.242932449112083226e+00 4.333167406262320220e+00
4.442255358051413694e+00 4.518567960133894168e+00
4.629094764365896175e+00 4.705497710942808887e+00
4.805049475065267472e+00 4.890618102575068349e+00
4.969976182181046198e+00 5.073627052026560058e+00
5.160590991030567842e+00 5.253933431084197636e+00
5.419683215237046880e+00 5.293964241277319793e+00
5.587038605348992881e+00 5.490573065009785481e+00
5.753311496506126055e+00 5.653029757938601740e+00
5.915174337518192438e+00 5.851434108184053962e+00
6.088340686155461867e+00 6.017360182882825370e+00
6.186788017816371443e+00 6.272084858731663992e+00
6.441382252855330393e+00 6.393233005570060357e+00
6.562078036075068788e+00 6.638737971108436220e+00
6.745703220402937461e+00 6.824166974891342718e+00
7.008671282539494563e+00 6.905370804461224310e+00
7.187464703362112850e+00 7.117003305318207573e+00
7.356377211762100465e+00 7.298954700940211815e+00
7.540237043748146739e+00 7.493234567328766360e+00
7.622273062389440135e+00 7.725190886612653962e+00
7.904133257434041049e+00 7.844041456890291641e+00
8.030815656454588947e+00 8.094500946886428849e+00
8.219705992635539360e+00 8.294843787253020295e+00
8.413978420103983780e+00 8.488346080807119165e+00
8.668554342028688353e+00 8.603043185954632577e+00
8.852785977578159660e+00 8.809979535608666978e+00
8.960297826778722552e+00 9.057409466960608668e+00
9.156382074421729911e+00 9.248143132999842919e+00
9.437684859092062339e+00 9.348510387579789693e+00
9.556752288289791508e+00 9.639460189115837352e+00
9.830687290320788918e+00 9.717098961294682979e+00
1.002106608478948679e+01 9.939198530780474883e+00
1.020151779302564954e+01 1.007709079945795594e+01
1.040029252701771512e+01 1.031671005951429620e+01
1.059085285815486444e+01 1.049079212148774509e+01
1.077968378968562568e+01 1.071648845798013561e+01
1.096649061885808329e+01 1.087908195102147779e+01
1.104690703920713446e+01 1.115185849740957380e+01
1.135077570273907632e+01 1.125143081017914248e+01
1.154581661415051563e+01 1.145770450896396220e+01
1.163271497130214982e+01 1.173525013643371473e+01
1.180539129251358155e+01 1.192014675962259851e+01
1.212428464897472224e+01 1.201203678232699268e+01
1.231349560930016196e+01 1.220637695560545311e+01
1.242624134656580104e+01 1.250728588801668728e+01
1.269673152868005239e+01 1.257434949140465008e+01
1.289163938406542798e+01 1.275389814709658332e+01
1.295481303453295574e+01 1.309208831932251194e+01
1.329429282758151842e+01 1.314280273775461438e+01
1.348030977903655803e+01 1.332469922232602144e+01
1.367400423147706690e+01 1.354098230945091608e+01
1.371712921884507175e+01 1.386220578859780517e+01
1.406602985810410900e+01 1.391032391180853089e+01
1.414204072102887721e+01 1.423300752700335359e+01
1.443137058635103998e+01 1.432432107669630028e+01
1.449269392982882643e+01 1.460767404878917830e+01
1.478922261565093699e+01 1.469325371992309393e+01
1.489472127216950348e+01 1.498310970199930203e+01
1.517394123668220018e+01 1.506943712329864304e+01
1.523566383547854386e+01 1.536708161674482831e+01
1.542336377430982708e+01 1.555122380594638543e+01
1.575187493144933448e+01 1.562822305211827079e+01
1.595639676284605279e+01 1.584537363567684842e+01
1.604369738644827592e+01 1.611727015703122490e+01
1.632528888849443760e+01 1.626186384905756555e+01
1.653493859883949213e+01 1.643712545683231951e+01
1.672197871518268997e+01 1.661315376817131195e+01
1.682181651616031104e+01 1.690581508918897313e+01
1.711175232865870655e+01 1.702609568208984570e+01
1.730779382650255016e+01 1.717938741470664965e+01
1.741320365744543253e+01 1.747712242381774317e+01
1.768438420783114395e+01 1.760122426032097565e+01
1.788596812013639337e+01 1.781551083853308981e+01
1.799285399489393811e+01 1.805808774850049403e+01
1.828098292150721349e+01 1.818372967445229804e+01
1.847704243164189108e+01 1.831316452621911495e+01
1.867922604195714342e+01 1.851709709976502438e+01
1.886480587335097425e+01 1.875382840887277780e+01
1.905356414675149068e+01 1.897312715506030045e+01
1.925936981206108456e+01 1.916997623375205606e+01
1.944277754652867785e+01 1.930335953139811522e+01
1.963494524030302202e+01 1.954052790858257538e+01
1.984562698756480970e+01 1.972856044503793171e+01
