0.000000000000000000e+00 0.000000000000000000e+00
0.000000000000000000e+00 0.000000000000000000e+00
0.000000000000000000e+00 0.000000000000000000e+00
0.000000000000000000e+00 0.000000000000000000e+00
0.000000000000000000e+00 0.000000000000000000e+00
0.000000000000000000e+00 0.000000000000000000e+00
0.000000000000000000e+00 0.000000000000000000e+00
0.000000000000000000e+00 0.000000000000000000e+00
0.000000000000000000e+00 0.000000000000000000e+00
0.000000000000000000e+00 0.000000000000000000e+00
0.000000000000000000e+00 0.000000000000000000e+00
0.000000000000000000e+00 0.000000000000000000e+00
0.000000000000000000e+00 0.000000000000000000e+00
4.041628720254363677e-02 -3.278550894676235394e-02
3.865648130844749619e-02 0.000000000000000000e+00
0.000000000000000000e+00 0.000000000000000000e+00
2.021663305693953694e-01 0.000000000000000000e+00
9.911076455834903765e-02 -3.658609237848985118e-02
9.024283394994873919e-02 0.000000000000000000e+00
1.530132859486932617e-01 0.000000000000000000e+00
2.676864351904930661e-01 0.000000000000000000e+00
2.076616786618760369e+00 4.903930527351969992e+00
1.251225414523341462e+00 6.821163126219246919e+00
5.843709991228235090e+00 7.108878507639748712e+00
7.027699106986468713e+00 7.254365312227283091e+00
7.243239419319910333e+00 7.411190732538186055e+00
7.473614356177181506e+00 7.432096903173286861e+00
7.587270903238062303e+00 7.529158100327357772e+00
7.704803205886580741e+00 7.661109317367752247e+00
7.835621856245007066e+00 7.993762495535722046e+00
8.061023932248254198e+00 7.957551019395028291e+00
8.117530324183334756e+00 8.259441162851640428e+00
8.291607959578717768e+00 8.434353054965121999e+00
8.509487205138142940e+00 8.567418540730779242e+00
8.656751020370414551e+00 8.709439148792291974e+00
8.847896464295438079e+00 8.796971832272983960e+00
8.989540686674153847e+00 8.953105421707885370e+00
9.105154589592094894e+00 9.158603859001985370e+00
9.292043011332212998e+00 9.257274828467737748e+00
9.450214500881793711e+00 9.414164814515871171e+00
9.603880422152499818e+00 9.567143795773729309e+00
9.763844934740522064e+00 9.719710636929969283e+00
9.917468678713406760e+00 9.892471977084735357e+00
1.008244842802212204e+01 9.999131855766233201e+00
1.023391232622335778e+01 1.006754566676070795e+01
1.039715911648505653e+01 1.026042866762394645e+01
1.055439995022627819e+01 1.042612005564135913e+01
1.072596777250459432e+01 1.060917717667473070e+01
1.089256150335548412e+01 1.070415735615063468e+01
1.106405702346761366e+01 1.091674448362157257e+01
1.123825861573121010e+01 1.109701537921392678e+01
1.140533947768462930e+01 1.127233569432537585e+01
1.158935350806691034e+01 1.138213054678442404e+01
1.176163463555116806e+01 1.159351224227870425e+01
1.193980678296436260e+01 1.171324286813820059e+01
1.210596581454217180e+01 1.193483587321641792e+01
1.227682087937349742e+01 1.207362592042248650e+01
1.245282916611209245e+01 1.230879731770231089e+01
1.262011215690397137e+01 1.245608829725325428e+01
1.280958794755867913e+01 1.260993684754704525e+01
1.297728156938107347e+01 1.278008365849013650e+01
1.316690207907381449e+01 1.299821675720940028e+01
1.333540827262089223e+01 1.312706079260366288e+01
1.350994933839453616e+01 1.328373996454682526e+01
1.369504382518953989e+01 1.350232873277529855e+01
1.387998133926191890e+01 1.363915090443056854e+01
1.405989798042863015e+01 1.381819275931622748e+01
1.425029479875515293e+01 1.403909472205228148e+01
1.443735645224952613e+01 1.419170047945917901e+01
1.461309295827880028e+01 1.434532543342280952e+01
1.479989383781244427e+01 1.451731274391072013e+01
1.497575815684614575e+01 1.476123990805971431e+01
1.516214082772505733e+01 1.485129482358101072e+01
1.534459586315226431e+01 1.507165740436834511e+01
1.552244265961595993e+01 1.525894774989471259e+01
1.571183905552826587e+01 1.548719259902203405e+01
1.590177247815008954e+01 1.564502922979083621e+01
1.607673113692576550e+01 1.576391787370778630e+01
1.626018902381808218e+01 1.592311654343188465e+01
1.645567767409949056e+01 1.621665359549415086e+01
1.663012758451626283e+01 1.629953935410319588e+01
1.682196682112103048e+01 1.647062867272781261e+01
1.700374449443321367e+01 1.665734358709722329e+01
1.718289489717320961e+01 1.684742800250934636e+01
1.736550846037032159e+01 1.701954340307319313e+01
1.756060418905987319e+01 1.715397006032699423e+01
1.773744334276853607e+01 1.738852432665832026e+01
1.792638262364484447e+01 1.756245044937672972e+01
1.812768864942369262e+01 1.774339150841313639e+01
1.831270588419134526e+01 1.797789096846764423e+01
1.852633505363061772e+01 1.807882182630984147e+01
1.871163525176013920e+01 1.824829097578876613e+01
1.889753268740096104e+01 1.856730119192726747e+01
1.908853748853135812e+01 1.854288962637141580e+01
1.929299885471822407e+01 1.882300478195055859e+01
1.947676605345058931e+01 1.896515325005310260e+01
1.967227401098262973e+01 1.929523917963316748e+01
1.984110131483630823e+01 1.932235131625350633e+01
2.003844550519196233e+01 1.958966076691173441e+01
2.022209663053062556e+01 1.984934469746912455e+01
2.041971010359273464e+01 1.989911740785236560e+01
