0.000000000000000000e+00 0.000000000000000000e+00
0.000000000000000000e+00 0.000000000000000000e+00
0.000000000000000000e+00 0.000000000000000000e+00
0.000000000000000000e+00 0.000000000000000000e+00
0.000000000000000000e+00 0.000000000000000000e+00
0.000000000000000000e+00 0.000000000000000000e+00
0.000000000000000000e+00 0.000000000000000000e+00
0.000000000000000000e+00 0.000000000000000000e+00
0.000000000000000000e+00 0.000000000000000000e+00
0.000000000000000000e+00 0.000000000000000000e+00
0.000000000000000000e+00 0.000000000000000000e+00
0.000000000000000000e+00 0.000000000000000000e+00
0.000000000000000000e+00 0.000000000000000000e+00
4.048916674103623936e-02 1.415325997976016437e+00
4.360371802880826098e-02 -5.710010694248698893e-02
1.076884981969107036e-01 0.000000000000000000e+00
5.108289890614020612e-01 5.490549504439688810e+00
1.426090005332679045e+00 6.360705034786822587e+00
5.885277750831517274e+00 4.698237925064978171e+00
6.414773244990397139e+00 6.453064728454997123e+00
6.501708838837477522e+00 6.640864574406917242e+00
6.654431561734821088e+00 6.606059356200753463e+00
6.756784687596214312e+00 6.828001862980750403e+00
6.903450392936011148e+00 7.011592818704930785e+00
7.073781531165305836e+00 6.977905732487998058e+00
7.197872459665724421e+00 7.274265765368958192e+00
7.355009812585658224e+00 7.431005909217983429e+00
7.526471959403419731e+00 7.498728458617515358e+00
7.607476791803371441e+00 7.727417980803702235e+00
7.790441280605159058e+00 7.879889575383645983e+00
7.957051853411461373e+00 8.045084498654301086e+00
8.088497580357387307e+00 8.191570517071635749e+00
8.237495276021821411e+00 8.337397501452141313e+00
8.465471910421031865e+00 8.391525247156771172e+00
8.540269887941006388e+00 8.620029641424565625e+00
8.691166794599988421e+00 8.778238036513471343e+00
8.920566659482402017e+00 8.836832774522314082e+00
9.067732585479255647e+00 9.007150757287670118e+00
9.213081275967040185e+00 9.145862862655283365e+00
9.372617643955297950e+00 9.310452803830814972e+00
9.524846797633987450e+00 9.462344719447170149e+00
9.689132521537180409e+00 9.614118483753243183e+00
9.849171663511263830e+00 9.779678755300601267e+00
9.940121336638485516e+00 9.994522626714328339e+00
1.017159183131511035e+01 1.011928848417371540e+01
1.033448708063426658e+01 1.027792438498317651e+01
1.049589987918520428e+01 1.044929957061245140e+01
1.065361829946993133e+01 1.061187554166773062e+01
1.083140411549084980e+01 1.076982792905363695e+01
1.099803434505457034e+01 1.095733563240539965e+01
1.115732609852106272e+01 1.105571754630317294e+01
1.133573752119460565e+01 1.127671667480911744e+01
1.150919579077551980e+01 1.146494107402797624e+01
1.167334310506726247e+01 1.160182899117232402e+01
1.185645030813973655e+01 1.177624553067733437e+01
1.202697006204340546e+01 1.197718526177519571e+01
1.221060772860249166e+01 1.211835603838196995e+01
1.238036822995646702e+01 1.226913029229282159e+01
1.257069785324303446e+01 1.250163790033283817e+01
1.274833564916846029e+01 1.262725386688574503e+01
1.293247967588692227e+01 1.275267039131233560e+01
1.311147664017959613e+01 1.301731915968884756e+01
1.327727020833350302e+01 1.307990868898811421e+01
1.347308201971271302e+01 1.335497242876937563e+01
1.364479628392911614e+01 1.349543458449424627e+01
1.382088722211766196e+01 1.370487517439032565e+01
1.400857151950375190e+01 1.389429038188514198e+01
1.418216901730773394e+01 1.403952460646768330e+01
1.436619922717617470e+01 1.416799229096374901e+01
1.456112135561699539e+01 1.439668733276704238e+01
1.473201972997643594e+01 1.457604153416505177e+01
1.492201915358071140e+01 1.476772116681538627e+01
1.510749441363958034e+01 1.496860882518931213e+01
1.530003441703472511e+01 1.513791726236336288e+01
1.547952143116996737e+01 1.524527605520152918e+01
1.567274010096152459e+01 1.549014935689111638e+01
1.584753710646538138e+01 1.567352631779657557e+01
1.603422377105728103e+01 1.580994387651838373e+01
1.621453854721861987e+01 1.595292385738116536e+01
1.638953129444431056e+01 1.617356381066121784e+01
1.658572480328170684e+01 1.629847993958535923e+01
1.677836096215277095e+01 1.650353135960355289e+01
1.697495255908089362e+01 1.668199183755683279e+01
1.715177173575862568e+01 1.693573933265569664e+01
1.734042662396779377e+01 1.702433848381779669e+01
1.755962845783678716e+01 1.726115966482799280e+01
1.772543227740820981e+01 1.748011449664099359e+01
1.792633716276434441e+01 1.766862358282938672e+01
1.810988000743850179e+01 1.787862980519581768e+01
1.830690402662009575e+01 1.804663068038258089e+01
1.849802703130941950e+01 1.823438492660678278e+01
1.868415306215669247e+01 1.830890494692678061e+01
1.887046429554992244e+01 1.854689771664958897e+01
1.905076287492082443e+01 1.871000446924846372e+01
1.924068311173969192e+01 1.901103057010741537e+01
1.943294408766638881e+01 1.907741038961014013e+01
1.961847764842034181e+01 1.938162469285076739e+01
1.981461454970813207e+01 1.950481263703460044e+01
2.002310509544847861e+01 1.961612686693862884e+01
2.020911275456620970e+01 1.981522020444287691e+01
2.038739279661433201e+01 2.009179226366282833e+01
