0.000000000000000000e+00 0.000000000000000000e+00
0.000000000000000000e+00 0.000000000000000000e+00
0.000000000000000000e+00 0.000000000000000000e+00
0.000000000000000000e+00 0.000000000000000000e+00
0.000000000000000000e+00 0.000000000000000000e+00
0.000000000000000000e+00 0.000000000000000000e+00
0.000000000000000000e+00 0.000000000000000000e+00
0.000000000000000000e+00 0.000000000000000000e+00
0.000000000000000000e+00 0.000000000000000000e+00
0.000000000000000000e+00 0.000000000000000000e+00
0.000000000000000000e+00 -6.391493988342049348e-02
1.924849908001488308e-01 4.018250600497044744e-01
3.241112958617730633e-01 7.766535593493778533e-02
1.968838873269709855e-01 4.960519879996781789e+00
5.208587146928341127e+00 5.555490594360285250e+00
5.684726655297843934e+00 5.718068925569614436e+00
5.852118626146742386e+00 5.894542088594876716e+00
5.911820480365989283e+00 5.933809573802179216e+00
6.011272370898799622e+00 6.006702001166645211e+00
6.078379495948761146e+00 6.190198007596214858e+00
6.245473094124727176e+00 6.377859712477214060e+00
6.376357680128148964e+00 6.511349711305678412e+00
6.572651899712539603e+00 6.614500271881105675e+00
6.698314080649609537e+00 6.752860230956010845e+00
6.837485565052814351e+00 6.956559757480387240e+00
6.991465333683557937e+00 7.185242733682936311e+00
7.154714176103288636e+00 7.336756848652232321e+00
7.292436700576773845e+00 7.484213808326405371e+00
7.476375361965414079e+00 7.636489114121406629e+00
7.664538880333283899e+00 7.797999775917537235e+00
7.919695107150391600e+00 7.808051610065755099e+00
7.970946627152516228e+00 8.139783466254684186e+00
8.146499195811005123e+00 8.300712328031643494e+00
8.350082184266520713e+00 8.452064236154402721e+00
8.511185952973319147e+00 8.606863914282499195e+00
8.684657198187426985e+00 8.756524196348474121e+00
8.831600443989412241e+00 8.914042646903144629e+00
9.059751064374333751e+00 9.006240794463288069e+00
9.154265301325938964e+00 9.214166387566859129e+00
9.364864277702498185e+00 9.298126183234462161e+00
9.523584964864031832e+00 9.408492008442834731e+00
9.676856800116860668e+00 9.562927441719542898e+00
9.826617922672529204e+00 9.756758617175243842e+00
9.890319991496143714e+00 9.984351488654301221e+00
1.015217064048831297e+01 1.005758650087082451e+01
1.031822472657378320e+01 1.019392354364413045e+01
1.049135808195877750e+01 1.037073663439739768e+01
1.064941943228087062e+01 1.052381699982700702e+01
1.082398058741509139e+01 1.071457262116908282e+01
1.089148967405730239e+01 1.096133686315143407e+01
1.115030403175704343e+01 1.107479131569698971e+01
1.133370811760474162e+01 1.116147705083297836e+01
1.149559708804312308e+01 1.135139633860742059e+01
1.167245511374839140e+01 1.155441482932308972e+01
1.184943415295965963e+01 1.167804950247672657e+01
1.203399025411300194e+01 1.187998642881779610e+01
1.220231225006113185e+01 1.205688000412658312e+01
1.238233002368286506e+01 1.222878058025712278e+01
1.256044040778502335e+01 1.240272488424347941e+01
1.273505463899852330e+01 1.259410568348373083e+01
1.293063449180744406e+01 1.275607059632584850e+01
1.309283177513793639e+01 1.294129667318390986e+01
1.327856299955578656e+01 1.312264220760333089e+01
1.346062136662911790e+01 1.332828183991786020e+01
1.363755828107009727e+01 1.343936265052571599e+01
1.382354347626636226e+01 1.368515743636267423e+01
1.400847367041619584e+01 1.388873665779940403e+01
1.418626990288945677e+01 1.398495114136658479e+01
1.436681841977245178e+01 1.420878850254181458e+01
1.454738330351351117e+01 1.439704108043532216e+01
1.472869975658363728e+01 1.458698332967300892e+01
1.489886906527189048e+01 1.467721514015826934e+01
1.508479687282313186e+01 1.498249145887372968e+01
1.526799658204260446e+01 1.511825277639761822e+01
1.544914683514534381e+01 1.529837071381943936e+01
1.564395329118693390e+01 1.544456323953697208e+01
1.580672766975760091e+01 1.569679998579665714e+01
1.601118221136147923e+01 1.586167422482944822e+01
1.619612912104512148e+01 1.608266516459688589e+01
1.638482772027998280e+01 1.620117667443600595e+01
1.657665814957237771e+01 1.633960791436806304e+01
1.673946806903060036e+01 1.658973194608285695e+01
1.693703115196484177e+01 1.676413698205958980e+01
1.712493237299573678e+01 1.696162566537491756e+01
1.731204834607410703e+01 1.716722832925560027e+01
1.748309219726775865e+01 1.733781662765558451e+01
1.767745053883895778e+01 1.748441638411103938e+01
1.783968052672831917e+01 1.763229134317571578e+01
1.804082627021483276e+01 1.781408417132286814e+01
1.823083002730714952e+01 1.804328777785629967e+01
1.842777681180138316e+01 1.822207604750387588e+01
1.862540302037227846e+01 1.847720947556391025e+01
1.880170847615235630e+01 1.860565007113754632e+01
1.899344777946580720e+01 1.880783933033736588e+01
1.918054656875616715e+01 1.901252395608513623e+01
1.938296788009129656e+01 1.917044024429052840e+01
1.957552674582906249e+01 1.942289731183026191e+01
1.976484892071444932e+01 1.938167368933361701e+01
1.995362058511819470e+01 1.969893148006869765e+01
2.014259909897753431e+01 1.991920080357967038e+01
2.035237184878609540e+01 2.012756394335781707e+01
