0.000000000000000000e+00 0.000000000000000000e+00
0.000000000000000000e+00 0.000000000000000000e+00
0.000000000000000000e+00 0.000000000000000000e+00
0.000000000000000000e+00 0.000000000000000000e+00
0.000000000000000000e+00 0.000000000000000000e+00
0.000000000000000000e+00 0.000000000000000000e+00
0.000000000000000000e+00 0.000000000000000000e+00
0.000000000000000000e+00 0.000000000000000000e+00
0.000000000000000000e+00 0.000000000000000000e+00
0.000000000000000000e+00 0.000000000000000000e+00
0.000000000000000000e+00 0.000000000000000000e+00
0.000000000000000000e+00 0.000000000000000000e+00
0.000000000000000000e+00 0.000000000000000000e+00
0.000000000000000000e+00 0.000000000000000000e+00
0.000000000000000000e+00 0.000000000000000000e+00
0.000000000000000000e+00 0.000000000000000000e+00
0.000000000000000000e+00 0.000000000000000000e+00
0.000000000000000000e+00 -5.201830984313594169e-02
1.768973439827044580e-01 0.000000000000000000e+00
3.857218033734381990e-01 2.093870879468569868e+00
4.201119318308188522e-01 4.431763417174279240e+00
1.839459741846147356e+00 4.769395717450652050e+00
2.450363279046945397e+00 8.445711245137315082e-01
2.993657518055218070e+00 6.437678547243673499e+00
6.770386328354415895e+00 7.080655247894336313e+00
7.077151871984426634e+00 7.346239475526111562e+00
7.319972099258061249e+00 7.545124623495457428e+00
7.590816066921655114e+00 7.506165397192074984e+00
7.724096321792400133e+00 7.834334786203323020e+00
7.835511119629532395e+00 7.971215084838576104e+00
8.018459863093587714e+00 8.120296617434519248e+00
8.241764379338262003e+00 8.174276597902755626e+00
8.330607278483190825e+00 8.395245175000503934e+00
8.447722353799001382e+00 8.537783332895967803e+00
8.672857741561813327e+00 8.606600908350765522e+00
8.818980467026698022e+00 8.717562574763181971e+00
8.901196474759439425e+00 8.985092074426923148e+00
9.120962721008133656e+00 9.051518384911421577e+00
9.275731231891761297e+00 9.215982359676639035e+00
9.421704917455377526e+00 9.365352276399480758e+00
9.583759172289349593e+00 9.528847609536576613e+00
9.739690300578898174e+00 9.653019954642788392e+00
9.903628272756590079e+00 9.802473175489506474e+00
1.007580754470049378e+01 9.971076428163524241e+00
1.023414914297682365e+01 1.013874734465034599e+01
1.039275780098706825e+01 1.030592907351938514e+01
1.055405363755130210e+01 1.047355470699197788e+01
1.071832768576876838e+01 1.062605438416576042e+01
1.087312224795603477e+01 1.077995109072355362e+01
1.105299283547809353e+01 1.094377070837959565e+01
1.121816333211909722e+01 1.109764797794846913e+01
1.137922915123720458e+01 1.130009944442808312e+01
1.153711176232924274e+01 1.144581931755854853e+01
1.170371358947114437e+01 1.158646121362923154e+01
1.186658778755262666e+01 1.173779284953525881e+01
1.205403141383665577e+01 1.187769960348707166e+01
1.222999727053562857e+01 1.215336953309948242e+01
1.241447711247364616e+01 1.228007330593159807e+01
1.259364204714995772e+01 1.241098331110718256e+01
1.276853936267713507e+01 1.259879576905492904e+01
1.293979777236704543e+01 1.276487958183949978e+01
1.313623766369564017e+01 1.297081714223406124e+01
1.331200876813368694e+01 1.312781517363001349e+01
1.348523404042986407e+01 1.330379662942879015e+01
1.366624038149091369e+01 1.355623531598806153e+01
1.383557590634407042e+01 1.369130464305675510e+01
1.403691519217274752e+01 1.383379334161560692e+01
1.421065067810120652e+01 1.397334584826571380e+01
1.439737872851642386e+01 1.415890525411442979e+01
1.457956329741153922e+01 1.441260952312989119e+01
1.477486603937656007e+01 1.453318869888308384e+01
1.494597989561944296e+01 1.471224658249154871e+01
1.513451184564801189e+01 1.479807418951106257e+01
1.532374401794434249e+01 1.508446424869897307e+01
1.550106535892788884e+01 1.524765010219795158e+01
1.569946753765920455e+01 1.532849006491209742e+01
1.588548941190188124e+01 1.565113558398630111e+01
1.607463538878859310e+01 1.573142604400344347e+01
1.625567690059758519e+01 1.583004894542184360e+01
1.643758018304387747e+01 1.613809375211408081e+01
1.662589289034513840e+01 1.632857450932888455e+01
1.681000059040862737e+01 1.645772785400994564e+01
1.699310880630434184e+01 1.667574636135242372e+01
1.717763769398156271e+01 1.686448027150613527e+01
1.736156926072111162e+01 1.711485322677102516e+01
1.755773708893773843e+01 1.719280439689601891e+01
1.774012567859317002e+01 1.739901187281767392e+01
1.794284333254740815e+01 1.756959011510747004e+01
1.813294895418565744e+01 1.776906225374538195e+01
1.830956704540396984e+01 1.794169487822129128e+01
1.849269817656483283e+01 1.811029626269871429e+01
1.868690738140825758e+01 1.838455607927015478e+01
1.887277840136240314e+01 1.841658161511102776e+01
1.906608384490062491e+01 1.862260835630244316e+01
1.924789946326673729e+01 1.881172834630459079e+01
1.944421980776854397e+01 1.901859899680501442e+01
1.962520035369535165e+01 1.923812512900828509e+01
1.982377030249705285e+01 1.934815286011295399e+01
2.002147407521029976e+01 1.960681109467240191e+01
2.022275443269215245e+01 1.972603330575373448e+01
2.040002435563181393e+01 2.001776225917620522e+01
