0.000000000000000000e+00 0.000000000000000000e+00
0.000000000000000000e+00 0.000000000000000000e+00
0.000000000000000000e+00 0.000000000000000000e+00
0.000000000000000000e+00 0.000000000000000000e+00
0.000000000000000000e+00 0.000000000000000000e+00
0.000000000000000000e+00 0.000000000000000000e+00
0.000000000000000000e+00 0.000000000000000000e+00
0.000000000000000000e+00 0.000000000000000000e+00
5.548022409678046718e-02 0.000000000000000000e+00
6.107683383665323262e-01 2.078335722396480012e+00
4.438040974071786882e-01 3.972032036209358186e+00
4.282806979972697548e+00 4.435718378137660345e+00
4.655471582155493060e+00 4.640373312877575707e+00
4.727331158212630058e+00 4.725892302184457883e+00
4.870749885121868239e+00 4.893909010082538202e+00
4.962053381804039986e+00 4.917229947306159588e+00
5.101537947548290042e+00 5.245525332487019909e+00
5.295317017888698352e+00 5.423768810499832504e+00
5.456047252999240094e+00 5.640089844126570995e+00
5.642196536724335409e+00 5.788675109441409283e+00
5.810269666093738294e+00 5.979257736279451230e+00
6.050584881788354963e+00 5.954449762912871869e+00
6.167887629748157075e+00 6.394970177244776899e+00
6.348846271411273001e+00 6.586676971823360205e+00
6.539958078938058250e+00 6.784660334325583797e+00
6.743080077767894309e+00 6.968578280493582966e+00
6.908560595269559457e+00 7.133590969042002072e+00
7.120858594958418664e+00 7.305049764414189184e+00
7.306529824710691123e+00 7.459990494696578267e+00
7.504227807699050956e+00 7.628371291050430436e+00
7.599613362472485534e+00 7.780278741846037960e+00
7.816147789179080263e+00 7.935648719094087866e+00
7.975164412249949208e+00 8.095889526436376826e+00
8.153194688646538069e+00 8.255186106962220549e+00
8.394286062497510414e+00 8.326776656543829702e+00
8.444662066035501624e+00 8.553188740441648008e+00
8.707123125656609730e+00 8.623882639205788792e+00
8.856213972653067756e+00 8.714027418118256207e+00
9.006498437181486239e+00 8.898694935577800891e+00
9.159257014140491648e+00 9.002632150265791111e+00
9.183319597527692224e+00 9.322587240880890747e+00
9.367446817797006275e+00 9.472066327296811750e+00
9.542039538134545751e+00 9.623036087237940350e+00
9.790918266582131935e+00 9.687343413136344950e+00
9.967544103943266620e+00 9.826055658362678358e+00
1.013824538152223020e+01 1.000427278102137052e+01
1.031053225496944137e+01 1.009375519653775832e+01
1.034630491962007071e+01 1.046341364669226159e+01
1.052068815623657905e+01 1.063468651835768419e+01
1.081676842673305394e+01 1.072563391775143948e+01
1.098395919776934804e+01 1.087152764174007125e+01
1.115204895584071387e+01 1.105531405748103779e+01
1.133558828690758524e+01 1.119548568252047716e+01
1.135206419274927825e+01 1.148472469967347820e+01
1.167314756216708815e+01 1.156695615855312731e+01
1.184182325370197830e+01 1.170385689754218639e+01
1.201646639410199846e+01 1.191601396028693216e+01
1.220006304483877280e+01 1.205519093638615225e+01
1.238524737993271785e+01 1.228883511267551043e+01
1.256811309404599797e+01 1.245998102535539864e+01
1.275852030965216777e+01 1.259504214401682631e+01
1.294112177039454536e+01 1.281094867561819761e+01
1.312084238199147279e+01 1.292006347399128074e+01
1.331141291120562542e+01 1.314615745057382235e+01
1.348879963789428338e+01 1.334598341083431805e+01
1.369341155220932826e+01 1.349753616851565496e+01
1.387147144595354575e+01 1.370459621790016413e+01
1.404468517580196618e+01 1.383918994095971478e+01
1.423537434422293124e+01 1.404132621002815284e+01
1.441919574590940556e+01 1.423313042185545640e+01
1.460250873096575752e+01 1.443743331968523691e+01
1.478569219341640917e+01 1.456160517686246436e+01
1.497631238717823798e+01 1.477311052674844127e+01
1.515663391050958353e+01 1.496127701921173347e+01
1.533803565257432311e+01 1.510879297354201967e+01
1.552819282352530728e+01 1.531494276718502157e+01
1.571715547830955373e+01 1.548828407490726278e+01
1.591164463867200851e+01 1.564880483491839236e+01
1.610125330010651368e+01 1.589705354155780093e+01
1.627428602543529124e+01 1.605980241125696750e+01
1.647479635339405846e+01 1.621804494963702936e+01
1.666520689900434249e+01 1.642806228914095357e+01
1.684529366657327643e+01 1.661430408587099450e+01
1.702291252603721361e+01 1.680386025654033944e+01
1.721650554531628785e+01 1.687432345368992515e+01
1.739969440552571101e+01 1.719407566655155151e+01
1.759199410227451210e+01 1.732665175744248387e+01
1.752645411835507261e+01 1.766837032208344027e+01
1.794247840408845107e+01 1.771814304210366942e+01
1.811937187114427061e+01 1.788801695963181970e+01
1.831040458801745174e+01 1.809003652950750407e+01
1.851463140654909623e+01 1.830060329944495834e+01
1.869734698460228017e+01 1.847509524037231188e+01
1.888344670278874560e+01 1.861034435301972323e+01
1.907266530777883418e+01 1.882167006608156257e+01
1.925863338925956469e+01 1.900947668855659956e+01
1.945452298203537822e+01 1.923834075881284633e+01
1.964784119305749499e+01 1.935675545377100448e+01
1.982062245486400798e+01 1.959090913760075381e+01
2.002150451274461673e+01 1.977001320818647301e+01
2.021949097094975656e+01 1.998578974426126109e+01
