0.000000000000000000e+00 0.000000000000000000e+00
0.000000000000000000e+00 0.000000000000000000e+00
0.000000000000000000e+00 0.000000000000000000e+00
0.000000000000000000e+00 0.000000000000000000e+00
0.000000000000000000e+00 0.000000000000000000e+00
0.000000000000000000e+00 0.000000000000000000e+00
0.000000000000000000e+00 0.000000000000000000e+00
0.000000000000000000e+00 0.000000000000000000e+00
0.000000000000000000e+00 0.000000000000000000e+00
0.000000000000000000e+00 0.000000000000000000e+00
0.000000000000000000e+00 0.000000000000000000e+00
0.000000000000000000e+00 0.000000000000000000e+00
0.000000000000000000e+00 0.000000000000000000e+00
0.000000000000000000e+00 0.000000000000000000e+00
0.000000000000000000e+00 0.000000000000000000e+00
0.000000000000000000e+00 0.000000000000000000e+00
0.000000000000000000e+00 0.000000000000000000e+00
0.000000000000000000e+00 0.000000000000000000e+00
1.332139990944073704e-01 2.005964072531885023e+00
0.000000000000000000e+00 6.803192951190071280e-01
1.028844559248113022e+00 5.547775970757196973e+00
2.801351015273233269e+00 6.719890691042052389e+00
5.504488910697950210e+00 6.837636572893379672e+00
6.884162861674465894e+00 6.933236087807174819e+00
7.050174216509570435e+00 7.088228940746784446e+00
7.175699661332778589e+00 7.171976884207528435e+00
7.316838852694202089e+00 7.433253969816062678e+00
7.457253642812254668e+00 7.413971520058566966e+00
7.607753737000741090e+00 7.758016082057626939e+00
7.769796125732830738e+00 7.915631871154655386e+00
7.939723443989419316e+00 8.053148072277309666e+00
8.176698114637622083e+00 8.075872477098840818e+00
8.248375560189966649e+00 8.325895166914417445e+00
8.411986196948024741e+00 8.492483210173141117e+00
8.592945823446802578e+00 8.654898094116116880e+00
8.745412390349651233e+00 8.817220567231167649e+00
8.908267572400371037e+00 8.969761751029880159e+00
9.064768559637348844e+00 9.131873066508306991e+00
9.215728914239022629e+00 9.282214673966176832e+00
9.374400854627326751e+00 9.435819328073655754e+00
9.590442759043691368e+00 9.528128138894564003e+00
9.748828006457705087e+00 9.690208058046236417e+00
9.905840945048746349e+00 9.838081298982441325e+00
1.007339437584895947e+01 9.961866975155194481e+00
1.021977776269489269e+01 1.008369458120122530e+01
1.038814649840061044e+01 1.028393490855388848e+01
1.054935315121438855e+01 1.042602471770935324e+01
1.071313255796084896e+01 1.058676204513399277e+01
1.088423068378527780e+01 1.078994276491337345e+01
1.105317445098718210e+01 1.092126436427260394e+01
1.122770916118171236e+01 1.109959487330073991e+01
1.140225307857039283e+01 1.121995024134188945e+01
1.157405695100613308e+01 1.141252263784050314e+01
1.174483214568604872e+01 1.159114790182802324e+01
1.192628547266054007e+01 1.175815635058306086e+01
1.209319130879527826e+01 1.189771328531713301e+01
1.227061991817750553e+01 1.210246542935931835e+01
1.245717941132557982e+01 1.226570806939527536e+01
1.263441089924826066e+01 1.248156824633121431e+01
1.282078768417044223e+01 1.263631659885492198e+01
1.298648285623444032e+01 1.277866197353148614e+01
1.317683354843026322e+01 1.296271394478308459e+01
1.334154433018573727e+01 1.314717630004214222e+01
1.353967899630323224e+01 1.325407300909057717e+01
1.371862403172996814e+01 1.347841899420704515e+01
1.389976241526207623e+01 1.365811213450017725e+01
1.408303866945899863e+01 1.384237749336435286e+01
1.425180722291954005e+01 1.401100217980172147e+01
1.445143092440287980e+01 1.420742570437103147e+01
1.462385861233164519e+01 1.442010975853105315e+01
1.481299797914927474e+01 1.455062222593331889e+01
1.499553481411378009e+01 1.474067749819980833e+01
1.516203864751033414e+01 1.500163936729181380e+01
1.534696388939351053e+01 1.513775440116442184e+01
1.551413346150178896e+01 1.524659096353124177e+01
1.570964296278123307e+01 1.550242360720974943e+01
1.587897586337206590e+01 1.558240516270789122e+01
1.607867376945068116e+01 1.575396479701617558e+01
1.625072162552229926e+01 1.599058017653431918e+01
1.644275500206093810e+01 1.619443086816547606e+01
1.660615038434544033e+01 1.634969881896984845e+01
1.678991108047745229e+01 1.657769245760063015e+01
1.698148643966966631e+01 1.668030235681713336e+01
1.715716324029169471e+01 1.693189333588396295e+01
1.733865709921483855e+01 1.705521922504976118e+01
1.752605533809742155e+01 1.723622861804764028e+01
1.769564511633661397e+01 1.743834205466786358e+01
1.789859263458982142e+01 1.762055334449407340e+01
1.806755277187021846e+01 1.783862940889548554e+01
1.825147896169121964e+01 1.802623782602701397e+01
1.843477902148601189e+01 1.819006599331025953e+01
1.862492479308800952e+01 1.836373731678535037e+01
1.881448075479793758e+01 1.853014509786306974e+01
1.901281617659951451e+01 1.866849014158592013e+01
1.920341034926472901e+01 1.894605740471727273e+01
1.939547357100460090e+01 1.909948653992243450e+01
1.959533874634637129e+01 1.929487923111664571e+01
1.977613083991358067e+01 1.940164525770123305e+01
1.996775376319462936e+01 1.960797662738350766e+01
2.017160248000559974e+01 1.980290593416112088e+01
2.035868016073526476e+01 1.998389876572682766e+01
