0.000000000000000000e+00 0.000000000000000000e+00
0.000000000000000000e+00 0.000000000000000000e+00
1.713488585981716862e-04 0.000000000000000000e+00
7.065015232221798502e-01 1.585419296479552376e+00
1.751807959571917150e+00 1.814385627850874094e+00
1.921687231112236383e+00 1.924240021150012803e+00
2.036292515236765244e+00 2.062054355869106459e+00
2.148463411321400063e+00 2.221322221658838636e+00
2.302617766339126071e+00 2.397721275013086295e+00
2.468604391461652892e+00 2.590528178602969689e+00
2.670218766996295567e+00 2.782920866650622660e+00
2.832340696646864497e+00 2.966849756406259697e+00
3.042083886898739653e+00 3.159466463226812127e+00
3.249695269500569417e+00 3.349028867004653076e+00
3.405137127892199356e+00 3.542547801334635427e+00
3.601762880966870028e+00 3.723422150885700166e+00
3.792780567352353138e+00 3.908018353550658741e+00
3.982671624453936854e+00 4.097230120650790397e+00
4.193487314642053931e+00 4.291936560584798777e+00
4.374484489377398866e+00 4.482800450319727403e+00
4.569233828779144524e+00 4.678950850150668472e+00
4.742529750780695608e+00 4.869270650988635651e+00
4.941703770063643475e+00 5.049455884686385509e+00
5.124638455759959577e+00 5.231183303765035042e+00
5.394357975718923726e+00 5.278629130025185745e+00
5.474108134811678461e+00 5.591891126026323100e+00
5.643552121827736023e+00 5.786571619559010671e+00
5.849619917695887850e+00 5.970074336921061153e+00
6.044571964397152719e+00 6.157417002068252820e+00
6.228774306996958998e+00 6.345620368292736124e+00
6.428156085759598959e+00 6.535854010885233656e+00
6.617776233570229927e+00 6.717946184796126374e+00
6.799603972506781169e+00 6.905599357875330746e+00
6.953655679215375862e+00 7.106440105710963628e+00
7.280983576039956162e+00 7.150580152021475122e+00
7.330648492183462039e+00 7.481216261728741657e+00
7.651224320784894672e+00 7.516920878929674643e+00
7.830449665230927003e+00 7.685628562363792327e+00
7.994920374929706419e+00 7.885252031851901044e+00
8.041170659684135913e+00 8.184278798105101060e+00
8.267473566783221983e+00 8.368675103107563018e+00
8.545979583095300924e+00 8.416059714668477909e+00
8.726283784879139915e+00 8.582960264598733957e+00
8.802347130371279249e+00 8.909789103484358819e+00
8.997299194680422829e+00 9.104149450965797641e+00
9.173085518816353812e+00 9.302530583295220978e+00
9.479626851057625814e+00 9.370845438951320716e+00
9.665429275437931622e+00 9.578476084755241260e+00
9.731378043884157947e+00 9.847748954358614526e+00
1.003706115778921770e+01 9.949953812010324583e+00
1.022188942929103561e+01 1.013209754232829418e+01
1.029376417213923212e+01 1.041737551256337468e+01
1.052664491542684821e+01 1.061126500539951500e+01
1.079420400593400053e+01 1.071958173774382139e+01
1.091376984623313717e+01 1.098717864905545127e+01
1.108390409803941878e+01 1.119116805823292360e+01
1.137604380734616782e+01 1.127100039582040303e+01
1.156209973112269829e+01 1.145491577148001028e+01
1.176654280928003971e+01 1.161210280817206453e+01
1.195773770459456919e+01 1.183684809638850588e+01
1.215046772426247479e+01 1.204076973446665555e+01
1.234713249615449371e+01 1.221676521510688396e+01
1.244394672353385545e+01 1.252808753969380184e+01
1.272125000029461894e+01 1.260699908125325841e+01
1.276478328381370808e+01 1.291418601988439718e+01
1.310802003899753387e+01 1.300025222833761696e+01
1.315922747647106839e+01 1.328782608433454548e+01
1.348053089743570254e+01 1.337528815680128425e+01
1.366783960564372968e+01 1.352451840912068981e+01
1.385540654818207429e+01 1.377421234426907759e+01
1.395100638394199422e+01 1.402676215245314140e+01
1.405239648171193778e+01 1.422108371344534916e+01
1.441996914404940355e+01 1.431680690321228155e+01
1.460565088833499914e+01 1.444219215863809858e+01
1.461046339821858098e+01 1.478540946473898110e+01
1.498673518453778009e+01 1.488209236855158579e+01
1.505921154375210591e+01 1.516461749845919549e+01
1.537320467610549457e+01 1.521255703343357624e+01
1.555740982730436528e+01 1.547669636848439367e+01
1.575668790143330256e+01 1.564316077702859964e+01
1.596501901646796640e+01 1.580217653884387197e+01
1.614902680348274799e+01 1.600401179434023291e+01
1.621073812227070832e+01 1.633535798002702322e+01
1.638191487670093238e+01 1.652018877696675858e+01
1.673294157107014613e+01 1.659721477125935962e+01
1.678657756794306977e+01 1.689891616909246963e+01
1.696192820653481803e+01 1.709665345700386752e+01
1.712245471636601479e+01 1.729015784536728262e+01
1.749312490304817302e+01 1.736105276562240363e+01
1.753352841689666874e+01 1.766931962142799861e+01
1.787775888742240937e+01 1.776230161312414424e+01
1.806069396936720750e+01 1.793630924729674092e+01
1.824887361680127995e+01 1.811774635096001518e+01
1.846135597980620346e+01 1.834394919381028899e+01
1.864729486773144984e+01 1.853119159580464625e+01
1.883442558491952568e+01 1.870914966557650416e+01
1.903297933458836866e+01 1.891150050307324904e+01
1.924229050270282571e+01 1.909246291748348412e+01
1.926545863875793074e+01 1.940190078639235338e+01
1.962541262104431539e+01 1.950986746451730625e+01
1.968456925108167255e+01 1.978970843447528338e+01
