0.000000000000000000e+00 0.000000000000000000e+00
0.000000000000000000e+00 0.000000000000000000e+00
0.000000000000000000e+00 0.000000000000000000e+00
0.000000000000000000e+00 0.000000000000000000e+00
0.000000000000000000e+00 0.000000000000000000e+00
0.000000000000000000e+00 0.000000000000000000e+00
0.000000000000000000e+00 0.000000000000000000e+00
0.000000000000000000e+00 0.000000000000000000e+00
0.000000000000000000e+00 0.000000000000000000e+00
0.000000000000000000e+00 0.000000000000000000e+00
3.995951527059344310e-01 3.341594065162106775e-02
9.860714362837173785e-02 3.429530400118030453e-02
5.731945396928525560e-02 -8.702150725473674353e-02
4.599952025335624084e-01 4.541413921857690994e+00
5.657805565862924269e+00 5.662208390904729605e+00
5.534051289173866905e+00 5.654635539718127824e+00
5.704449038796412630e+00 5.742708731404356115e+00
5.819559485386510467e+00 5.824130689327390975e+00
5.935572379135397370e+00 5.927167820529250619e+00
6.050108055519515027e+00 6.074096676289775232e+00
6.145619966226380626e+00 6.142872185530527496e+00
6.296476490524785419e+00 6.374076689500137505e+00
6.421061622847209271e+00 6.647335401124840892e+00
6.601419911386693151e+00 6.806357509986467491e+00
6.823133871541044115e+00 7.018656219056736312e+00
6.999944138328905829e+00 7.190712092262628197e+00
7.186625234778223792e+00 7.338534448607152427e+00
7.331441511406558753e+00 7.491455580597946806e+00
7.597725837308625607e+00 7.459426357548853304e+00
7.602635025158330784e+00 7.799651559918337362e+00
7.816347280251380703e+00 7.962554654625618511e+00
7.999410102722550597e+00 8.115881620507806815e+00
8.168366844817526840e+00 8.276160942102565699e+00
8.350512706893978176e+00 8.421554443161765491e+00
8.512395978802802077e+00 8.570127688914785935e+00
8.711316789943538197e+00 8.625548600687794831e+00
8.861748250687094597e+00 8.703398348910846849e+00
9.013138452309286563e+00 8.862637666275519521e+00
9.159797069995386565e+00 9.019855327301446124e+00
9.306924938211652787e+00 9.161653880572377062e+00
9.455397642668970093e+00 9.325464767315081005e+00
9.624377838915590289e+00 9.454895924164922860e+00
9.778534526533515958e+00 9.659631463779003724e+00
9.818939730114172093e+00 9.930277722157466513e+00
1.009353582269438832e+01 9.993919274085415694e+00
1.026114517783359581e+01 1.014076936650168470e+01
1.044065709100541284e+01 1.028023126793181774e+01
1.048485450156300480e+01 1.057815066678387694e+01
1.075811478342149030e+01 1.063794152523733949e+01
1.092870700774716397e+01 1.082829861361158130e+01
1.109316264103177296e+01 1.097446600286446916e+01
1.126799032426347225e+01 1.113763226766626957e+01
1.143462689473291327e+01 1.127322571564492293e+01
1.160527505011735983e+01 1.148401454121955467e+01
1.179174202646908753e+01 1.163627876387324100e+01
1.195623454871269864e+01 1.183306884545516446e+01
1.213950206072861704e+01 1.199158308195173284e+01
1.232093649481857156e+01 1.215585471719995958e+01
1.250562347439874777e+01 1.238180996744983098e+01
1.268124315903789245e+01 1.250888506620915663e+01
1.286255245477728515e+01 1.269888439637648681e+01
1.304128121512831839e+01 1.289086868351462201e+01
1.321585090497183756e+01 1.306414047990855920e+01
1.340518580280236627e+01 1.320960955984663876e+01
1.357895822750408499e+01 1.340219903551673397e+01
1.375713112630557333e+01 1.359543589461685897e+01
1.395295856048858241e+01 1.376636859879677388e+01
1.412476250117970977e+01 1.396175254589550541e+01
1.430745391082781204e+01 1.412627104953932822e+01
1.448685677374990455e+01 1.426567720335774148e+01
1.466653634750387525e+01 1.447854924127124221e+01
1.485453333736126602e+01 1.470223536719960755e+01
1.503847018201325270e+01 1.487875579518716229e+01
1.522636549831450381e+01 1.503286717768921399e+01
1.540260113051139612e+01 1.522253846667704913e+01
1.558888003120081578e+01 1.541407743153312282e+01
1.576794823978245219e+01 1.556547582211658387e+01
1.595349069843060974e+01 1.577630053903016005e+01
1.613709451663960337e+01 1.595957904624578916e+01
1.631812592107508308e+01 1.616937002335855311e+01
1.651099110632599221e+01 1.628744619491310885e+01
1.669893729924294234e+01 1.654980928713099075e+01
1.688336299231186999e+01 1.676465283340629497e+01
1.707494325673130220e+01 1.691072444972863664e+01
1.727580772060879610e+01 1.703095774434943266e+01
1.745817388673338044e+01 1.731461389039835908e+01
1.765887447665724252e+01 1.748702427737594434e+01
1.784845409305683717e+01 1.764003739762447864e+01
1.803345355727039134e+01 1.788110883873163814e+01
1.822111840734049792e+01 1.800296304430493777e+01
1.841032770348128977e+01 1.824006089122519114e+01
1.859331037684586363e+01 1.834937958226242927e+01
1.879479944642097422e+01 1.856155406629771321e+01
1.898897752407138029e+01 1.878436658748940857e+01
1.917455721311424455e+01 1.896768211105383628e+01
1.937220352268481349e+01 1.912836621790397729e+01
1.955689777342418623e+01 1.926468397412541123e+01
1.976645726045878249e+01 1.950312866062026629e+01
1.993655618884634961e+01 1.968062409377723654e+01
2.012952904786450148e+01 1.992599177719076309e+01
2.032620588598371469e+01 2.009732466868848633e+01
