0.000000000000000000e+00 0.000000000000000000e+00
0.000000000000000000e+00 0.000000000000000000e+00
1.762801558439142102e-01 5.887333832661021393e-01
9.371812579452580838e-01 7.810938264012701193e-01
1.315799922893265528e+00 1.720376829558146303e+00
1.824587604379008354e+00 1.802545571451964923e+00
2.003215048749792615e+00 2.027698999466292840e+00
2.137990796515869985e+00 2.224683732618214282e+00
2.342346789074900570e+00 2.414356283375235890e+00
2.514666528957768321e+00 2.603700131022691711e+00
2.714032800202235141e+00 2.792012126621593371e+00
2.922544459442988352e+00 2.985483715708019403e+00
3.116569454234857872e+00 3.176825249917866856e+00
3.295669327197409348e+00 3.371300467805654844e+00
3.460408252337007884e+00 3.564842747269690637e+00
3.642094241264576926e+00 3.752471228521563784e+00
3.799800740614271533e+00 3.932912618837333341e+00
4.010375960438253173e+00 4.120573733797841420e+00
4.215663277827945699e+00 4.300119386209733996e+00
4.386846711121149767e+00 4.483844947534175951e+00
4.638080488079342700e+00 4.537966972995959303e+00
4.711213855680753682e+00 4.831233832485148483e+00
4.898845409193061329e+00 5.026066635741990751e+00
5.085367642709715419e+00 5.216672832936025017e+00
5.257905859387918213e+00 5.411953661327630449e+00
5.460220863227687182e+00 5.601510067738929344e+00
5.625538778927748673e+00 5.780720908065254626e+00
5.954765041707564599e+00 5.834862495537672444e+00
6.135221243501346677e+00 5.988540455446414335e+00
6.176386367095394014e+00 6.326930463316790210e+00
6.503565986122914033e+00 6.349445098891527195e+00
6.679546735000020163e+00 6.539620328593298559e+00
6.713146635242241977e+00 6.873517645563982370e+00
6.892062164709590988e+00 7.059025895779408977e+00
7.229997675940167845e+00 7.079118330255851355e+00
7.420338280624807936e+00 7.260316253866394121e+00
7.605499691247632477e+00 7.462520681121369570e+00
7.666317167942616528e+00 7.804764477499076314e+00
7.987031581653438295e+00 7.865951054397207542e+00
8.010322441546136929e+00 8.178889629738845812e+00
8.364003045032312400e+00 8.212841860785934145e+00
8.543330489008562623e+00 8.413952271000599836e+00
8.726742424628433525e+00 8.552468424850554030e+00
8.807760194959827871e+00 8.926298349521387010e+00
8.987911162902674889e+00 9.098384415859337437e+00
9.191054023999335243e+00 9.284215910959694895e+00
9.361029307955901047e+00 9.470638906305470783e+00
9.550647350856705131e+00 9.646178878931635836e+00
9.830544746631488806e+00 9.718071256242948763e+00
1.001378245893741337e+01 9.903858286395248456e+00
1.020189625572384351e+01 1.011444906266109101e+01
1.040157458156990522e+01 1.027407137944147131e+01
1.058095201502325722e+01 1.046325061140806234e+01
1.077579478310569172e+01 1.066242806128004084e+01
1.096436776567218807e+01 1.084991400796799255e+01
1.117143054813637804e+01 1.103653197223180449e+01
1.121663097685739707e+01 1.134878839699544173e+01
1.155735505530080331e+01 1.140196524990557059e+01
1.174702072953027887e+01 1.163121249744486896e+01
1.183591466096899936e+01 1.194327771621459533e+01
1.213772056334862448e+01 1.200330925433812368e+01
1.218942103545034072e+01 1.230197860615020566e+01
1.238975403759495464e+01 1.250322388293113995e+01
1.269719980562329908e+01 1.256790059432598383e+01
1.275737888193294900e+01 1.288440802433068377e+01
1.307612172216944124e+01 1.299257702490945832e+01
1.327172644227439058e+01 1.315383304352996952e+01
1.345273411305686651e+01 1.333554898310283043e+01
1.351045385041505220e+01 1.363557030928780556e+01
1.371728399507090934e+01 1.382862525171221968e+01
1.388455839599479447e+01 1.402237752858112430e+01
1.420832702563846794e+01 1.404233367447476155e+01
1.440120457015501465e+01 1.430154359546236442e+01
1.452622933857772836e+01 1.456356788465284957e+01
1.476818945243561743e+01 1.459257464192806708e+01
1.496266984573686010e+01 1.484119721386628754e+01
1.515766823024384280e+01 1.503113615046421359e+01
1.535961235363648214e+01 1.524323265595044319e+01
1.545166904367634153e+01 1.553238852953351135e+01
1.568525856883255010e+01 1.572289665284889537e+01
1.583934886269973497e+01 1.591112694765780589e+01
1.611632958228676671e+01 1.603078512740101758e+01
1.621637725450175083e+01 1.628974063344265133e+01
1.650295135779611044e+01 1.639871362596704074e+01
1.670059911974928823e+01 1.663507747394929837e+01
1.689449853700186921e+01 1.680562938239205906e+01
1.709697196946686049e+01 1.697243790144528219e+01
1.729476030202380343e+01 1.720152990639641288e+01
1.747636175917614665e+01 1.736903774999314010e+01
1.767777142146120894e+01 1.754074760649658415e+01
1.787144134104148208e+01 1.777555741360145802e+01
1.808361639585001512e+01 1.794085393157559949e+01
1.828450833690137145e+01 1.819524376358500817e+01
1.847129103738557632e+01 1.833706656092736864e+01
1.868002915231998173e+01 1.854959783864365619e+01
1.885754479187220767e+01 1.871653050142894159e+01
1.907141166460431236e+01 1.893073965769508860e+01
1.925580617421906027e+01 1.905007063067483486e+01
1.944398295981910962e+01 1.928347174356936833e+01
1.964476292868299723e+01 1.951422945242756413e+01
1.969750825909434155e+01 1.982929439839251984e+01
