0.000000000000000000e+00 0.000000000000000000e+00
0.000000000000000000e+00 0.000000000000000000e+00
0.000000000000000000e+00 0.000000000000000000e+00
0.000000000000000000e+00 0.000000000000000000e+00
0.000000000000000000e+00 0.000000000000000000e+00
0.000000000000000000e+00 0.000000000000000000e+00
5.462303113466970839e-01 1.844786392336185576e+00
2.463111023308285130e+00 3.424457111530337716e+00
3.428092406594553943e+00 3.492928530007129773e+00
3.601094418361510119e+00 3.613212281806444715e+00
3.698945433569461816e+00 3.750046832485686821e+00
3.842806018005711088e+00 3.947440828511390887e+00
3.953745757588788656e+00 4.108823030825423217e+00
4.197181846337210587e+00 4.343383173609765890e+00
4.400587189166876634e+00 4.487022969021499996e+00
4.548590025613982846e+00 4.705984303912631894e+00
4.690166772007478002e+00 4.903399309296254671e+00
4.863773171433073195e+00 5.079200860739982559e+00
5.056354692826991126e+00 5.248025599292035714e+00
5.242592098921162069e+00 5.430321779480533628e+00
5.414532878240094327e+00 5.619212488128286331e+00
5.599466469080345732e+00 5.804176364790738063e+00
5.699255350680481058e+00 5.984823900228038340e+00
5.922201057478131858e+00 6.167359506208033970e+00
6.124720324057571830e+00 6.336027189024378004e+00
6.356026053302964662e+00 6.524235267524137960e+00
6.559844723195587868e+00 6.700880977814184902e+00
6.752915325783380496e+00 6.879308465686024832e+00
6.917387871072992134e+00 7.055667942111595536e+00
7.101598596557633591e+00 7.225556114928553875e+00
7.277940210712658953e+00 7.392380371145092610e+00
7.467582446669339902e+00 7.562593762833052402e+00
7.634453096182041598e+00 7.728974964094919464e+00
7.779587364288453877e+00 7.888219340560878479e+00
8.045206010177977873e+00 7.898349817473867773e+00
8.050961275712385401e+00 8.212838715226665087e+00
8.364038591392574773e+00 8.257772564786954206e+00
8.533114807189960516e+00 8.368467697560484808e+00
8.557645149706280208e+00 8.716340479764795646e+00
8.749603636479591273e+00 8.883632105811486213e+00
9.044846815259033335e+00 8.939038923712448792e+00
9.208268984737136620e+00 9.028967505056971987e+00
9.386133163194049445e+00 9.211002458993025499e+00
9.552646770307823942e+00 9.373167459258137768e+00
9.725610327661252441e+00 9.532885569726225583e+00
9.907414327713858881e+00 9.713402017026455226e+00
9.914228737199630714e+00 1.008624540639995359e+01
1.007102218081555733e+01 1.024732033623537397e+01
1.042265096455726514e+01 1.026641634737356590e+01
1.059989123831259938e+01 1.044653655626866140e+01
1.077635273972205354e+01 1.062405661479608021e+01
1.080669663175181938e+01 1.095229710123624223e+01
1.113950971534954704e+01 1.099669646840524884e+01
1.132396134033936441e+01 1.113540566263427856e+01
1.150415906240289310e+01 1.135112635764106059e+01
1.151974414116541290e+01 1.166277551489148578e+01
1.186157945169914640e+01 1.167372021958547101e+01
1.203942653851969169e+01 1.188444189384764726e+01
1.222653003879186606e+01 1.202612549482137538e+01
1.240399519892674540e+01 1.224900177696377135e+01
1.259602969270295780e+01 1.240693696495269371e+01
1.277638660831815542e+01 1.257187734478482177e+01
1.296634596875981416e+01 1.276721205344801646e+01
1.315935209636868386e+01 1.295406262667088271e+01
1.334670389925024381e+01 1.311707778684270131e+01
1.332962371591548489e+01 1.350580670119707527e+01
1.370523434747879676e+01 1.349850844915141757e+01
1.388854545622850090e+01 1.371195307424892462e+01
1.408212335213023003e+01 1.391627047674082718e+01
1.426180174580881932e+01 1.404918135573621463e+01
1.445817107196967477e+01 1.423554552000543794e+01
1.464562967780099534e+01 1.442046791430375841e+01
1.483357387166657126e+01 1.458380414079305964e+01
1.502621700693444495e+01 1.482082146022564650e+01
1.520741181202530790e+01 1.495909558398816763e+01
1.540505383327894862e+01 1.516193245121087685e+01
1.558510800086185455e+01 1.531563157416710119e+01
1.577981396325584917e+01 1.556729256785886406e+01
1.596494793446375482e+01 1.576456233696770504e+01
1.614984703924929832e+01 1.595814001188092135e+01
1.634069647163617489e+01 1.612031143717487325e+01
1.634024767030553349e+01 1.647512075230437034e+01
1.669489477310845160e+01 1.647354910929522731e+01
1.687749227910084571e+01 1.667327430146194800e+01
1.706729867623374020e+01 1.678614192658332982e+01
1.725148129378484541e+01 1.710313365256211426e+01
1.744876729605924126e+01 1.723284833392366977e+01
1.763196645771363791e+01 1.747096809213502766e+01
1.782145258174122304e+01 1.764746492779408271e+01
1.800598212585357061e+01 1.783450937046153228e+01
1.818805144462725565e+01 1.798934567423283326e+01
1.839260345828147081e+01 1.821893343095125672e+01
1.856784939896130737e+01 1.837962933951541444e+01
1.877511850029679152e+01 1.850140250245797802e+01
1.896688304781970658e+01 1.882628435711032466e+01
1.914929509057317247e+01 1.898578959671160860e+01
1.935556469905832344e+01 1.914423597097199803e+01
1.954458882514184026e+01 1.941619219060467927e+01
1.973750365098318227e+01 1.958488019907840538e+01
1.990161754621497892e+01 1.962555645292744089e+01
2.011279915979409338e+01 1.993968491616370287e+01
