0.000000000000000000e+00 0.000000000000000000e+00
0.000000000000000000e+00 0.000000000000000000e+00
0.000000000000000000e+00 7.037728301194781655e-02
3.929140996776006589e-02 1.932986282917678947e-02
1.917417290735454471e-01 7.721687590038016358e-02
5.953721131944170741e-01 2.083567286616540226e+00
2.384661804685753506e+00 2.554167760490762884e+00
2.726638340951910600e+00 2.737068225502667485e+00
2.918154603256427837e+00 2.954106036423645332e+00
3.038928894186663232e+00 3.127021854207255203e+00
3.170814992479360939e+00 3.351219833371249290e+00
3.379056783156610511e+00 3.538247751899743054e+00
3.529481854495339022e+00 3.742693824681906811e+00
3.751562955325657978e+00 3.931829276675754326e+00
3.926782004211445631e+00 4.128834931393920549e+00
4.183913668044128897e+00 4.317671370600008274e+00
4.349065597764491642e+00 4.502190224931589491e+00
4.567677715092055557e+00 4.688001588772090500e+00
4.739931234691869832e+00 4.872356458263021217e+00
4.899053620710745349e+00 5.061127061781953707e+00
5.098301511537402853e+00 5.236281264148590964e+00
5.268288276830740635e+00 5.422917113312824888e+00
5.471895608125779908e+00 5.610291245932947923e+00
5.635195162908281930e+00 5.787446709821078450e+00
5.818825171448927414e+00 5.961514700811616940e+00
5.996634234315060041e+00 6.136094943008484570e+00
6.186631691454135940e+00 6.295941035643414452e+00
6.445805128453972799e+00 6.361007067938755810e+00
6.518132852888984807e+00 6.632359883697549030e+00
6.785649874957074168e+00 6.680595087336333116e+00
6.815546509144271070e+00 6.962687215565145138e+00
7.127950189716524498e+00 6.998022327877012394e+00
7.291162581642053553e+00 7.177808585841411571e+00
7.360075874633720261e+00 7.485441257570418117e+00
7.644535932855963445e+00 7.526565870989124996e+00
7.802880464455290266e+00 7.672612070806650308e+00
7.860397867098409819e+00 7.981337489524380047e+00
8.032246066676515639e+00 8.169477192968882306e+00
8.229363106159510721e+00 8.363337622546845651e+00
8.404240939617729111e+00 8.539347503234516523e+00
8.595355554347953841e+00 8.717118897129097377e+00
8.773046266075315458e+00 8.893372050140182949e+00
9.073289950759553690e+00 8.963302940293472076e+00
9.255376559937831260e+00 9.148603002728512124e+00
9.270261708415963753e+00 9.440156960785799356e+00
9.615437938374991944e+00 9.487821992203269161e+00
9.664151290507545511e+00 9.809415133092519667e+00
9.859374889200278602e+00 9.979158167738940932e+00
1.004596507171324760e+01 1.017481246002958173e+01
1.019943695727023147e+01 1.034549642581000484e+01
1.039776358720305893e+01 1.052983210914144152e+01
1.059578371146025511e+01 1.071092510313083501e+01
1.087941457144884438e+01 1.078528241657836695e+01
1.106952664845140255e+01 1.098150822127555770e+01
1.125548833181517239e+01 1.113495563522724119e+01
1.142677972019792776e+01 1.131645256412099165e+01
1.161579233511556097e+01 1.150141458174151943e+01
1.180617693169774718e+01 1.169638584324235531e+01
1.188800719807665907e+01 1.198347489265188770e+01
1.217899867901820343e+01 1.206187141198528145e+01
1.237706878191684368e+01 1.223353273150268627e+01
1.256309833091237671e+01 1.244919254552121046e+01
1.264447972471215920e+01 1.273191362109074554e+01
1.294062614693194924e+01 1.285710787234479824e+01
1.312585964196261479e+01 1.301560824792263737e+01
1.332470355805359219e+01 1.321997831705103721e+01
1.351455331152352279e+01 1.337988832292628771e+01
1.354149355593562909e+01 1.368404882333963180e+01
1.386838718072865539e+01 1.377414119875501797e+01
1.405017998176537475e+01 1.393132819344814877e+01
1.424360014371160510e+01 1.416002042332260835e+01
1.444324897237186534e+01 1.430026781590301965e+01
1.452542218038488464e+01 1.459801259723067801e+01
1.479550543315871280e+01 1.472844339805824809e+01
1.499956119734749471e+01 1.490025861306105348e+01
1.518515299996406398e+01 1.503777510968452447e+01
1.538421279333221214e+01 1.524591143729197107e+01
1.544934533860083725e+01 1.552964063134126604e+01
1.562830581952887421e+01 1.569408337667672093e+01
1.591596176045895916e+01 1.576168258247915688e+01
1.611142505178486672e+01 1.602049989397829322e+01
1.629725701223875234e+01 1.620137349970655194e+01
1.635019855243528397e+01 1.645796760032228079e+01
1.653308377910092020e+01 1.663859968774957565e+01
1.687217034302699048e+01 1.672044540873417517e+01
1.704603807522312309e+01 1.689754237524885028e+01
1.724303082496271244e+01 1.703143433138563267e+01
1.744419124921520492e+01 1.734438695977242872e+01
1.762279275496561226e+01 1.749941422998527329e+01
1.781975791949226462e+01 1.769759053786324543e+01
1.802023540247192912e+01 1.790284302891527091e+01
1.821431381677379946e+01 1.805784478676239857e+01
1.840293844353432817e+01 1.832463114708524898e+01
1.858207949974727669e+01 1.841544196670108136e+01
1.878320027904873868e+01 1.863463705764566924e+01
1.897068819876461987e+01 1.888067340736547450e+01
1.914888388416039433e+01 1.902994792886185138e+01
1.936000234485488036e+01 1.919329455253056338e+01
1.955495306183438231e+01 1.937096461767350775e+01
1.958055166945716508e+01 1.967964710931341443e+01
1.992948168163937339e+01 1.985059525824125970e+01
