0.000000000000000000e+00 0.000000000000000000e+00
4.761415683551208815e-05 0.000000000000000000e+00
2.733535068467655635e-02 -2.432637710656504644e-03
8.165004437256347114e-02 0.000000000000000000e+00
2.009287563055170145e-01 8.325362914436085227e-03
7.055464829982610597e-02 4.397448300697959223e-01
5.458309168014351398e-01 4.311851074656869454e-01
6.589463658505202437e-01 6.218359185372396292e-01
7.619342206503263437e-01 7.217745419080277003e-01
8.611637565061820432e-01 8.195525814213818760e-01
9.587839518352897494e-01 9.290045884407296395e-01
1.054164404809631472e+00 1.042930804112570664e+00
1.154081103972505851e+00 1.124195469161813454e+00
1.252660947809880465e+00 1.217993768846275637e+00
1.349186685967667110e+00 1.323129005049802132e+00
1.448642661082246264e+00 1.411298745761395024e+00
1.546522637098045383e+00 1.510647894443459816e+00
1.642861336105597481e+00 1.612808870977352482e+00
1.737978263441676718e+00 1.702907187308874803e+00
1.834442824469486144e+00 1.804235732830089090e+00
1.932099034033228913e+00 1.884144300525128823e+00
2.028349623990815420e+00 1.985714286162617359e+00
2.122123578081535733e+00 2.062671904247426191e+00
2.217199536372814084e+00 2.188253656167672201e+00
2.318350961361131723e+00 2.269221865098925761e+00
2.417524162360782380e+00 2.371155254772819632e+00
2.512765441805130173e+00 2.452851050346914530e+00
2.610301517057087128e+00 2.564122145587886425e+00
2.704481745833456685e+00 2.638277355269339264e+00
2.801175253940706433e+00 2.743680016049490966e+00
2.899080299034138886e+00 2.832906950078726727e+00
3.000283836374023849e+00 2.944534254350931857e+00
3.094113969375675399e+00 3.028708448419624943e+00
3.191773523197983575e+00 3.101405954783345909e+00
3.283134429927552222e+00 3.229040561208119442e+00
3.384812159107488672e+00 3.331014074548455550e+00
3.481206791589463556e+00 3.437120602916117207e+00
3.578436227362618016e+00 3.523444924100129327e+00
3.674180000758866083e+00 3.626809434800857268e+00
3.768592865414880144e+00 3.680281023226366521e+00
3.867997841506593204e+00 3.801455007154490140e+00
3.963645888901434766e+00 3.893179804412991274e+00
4.059109340501779073e+00 3.980726787729172322e+00
4.153904359584164929e+00 4.065633453206046077e+00
4.250041463436367017e+00 4.183013483899619800e+00
4.347732286161992477e+00 4.268384912957161603e+00
4.446072793073258644e+00 4.365384723695974856e+00
4.541398547064479985e+00 4.463234969480104120e+00
4.638762467444982995e+00 4.555401929162906427e+00
4.731943551061868369e+00 4.663236568141877036e+00
4.825222479550622445e+00 4.773825354473030913e+00
4.927642848457681524e+00 4.858946283164331525e+00
5.018923207266738018e+00 4.945888611766025456e+00
5.120165235768488365e+00 5.049620520447984262e+00
5.212486596949982953e+00 5.130902432227158805e+00
5.311999794445206646e+00 5.229870585714020415e+00
5.408380956809617501e+00 5.330786462110734369e+00
5.507905308893309204e+00 5.427929300917001321e+00
5.601812039554702416e+00 5.512686827275930845e+00
5.698016128755880594e+00 5.645023561942924317e+00
5.789865306945497281e+00 5.706112710024170198e+00
5.895887031157150737e+00 5.785888397254560722e+00
5.988604602806899990e+00 5.898493165033580787e+00
6.089714877271434013e+00 6.027925689215883231e+00
6.186678938773506609e+00 6.062193870393943307e+00
6.282170335525661287e+00 6.203299994298575371e+00
6.381043891578737970e+00 6.290898750332146072e+00
6.477225176759501046e+00 6.378207140608591175e+00
6.578409672023708410e+00 6.474215542697124626e+00
6.670599609495553750e+00 6.585069732227195161e+00
6.770033584590463782e+00 6.658057386804874689e+00
6.861905663594733085e+00 6.763301713794432679e+00
6.957958266444006945e+00 6.828469736284098701e+00
7.055917103979152394e+00 6.925970304937429489e+00
7.153572478325251893e+00 7.020721767214499032e+00
7.251852894980296504e+00 7.146124022085722061e+00
7.350173238030414780e+00 7.253728838250707689e+00
7.447626698195464634e+00 7.332958837859282042e+00
7.544083566570537691e+00 7.416323480564280146e+00
7.637827083408097906e+00 7.523187454485635861e+00
7.739157242477008758e+00 7.619763391379190232e+00
7.829576841403692811e+00 7.698175653634683258e+00
7.932325316388854297e+00 7.808882504788782875e+00
8.032940551349502911e+00 7.905243389469326587e+00
8.132352632699991091e+00 7.995849852263404500e+00
8.221352931460511826e+00 8.112157399949216696e+00
8.313662905734652497e+00 8.196114943000061714e+00
8.409097968668762135e+00 8.301322599067146868e+00
8.512426058689124275e+00 8.387073863678656593e+00
8.608426100366871836e+00 8.474573580625438751e+00
8.700641563605133300e+00 8.520134429795316322e+00
8.801610626275286009e+00 8.640370826698116957e+00
8.889119095811809146e+00 8.756297125567327200e+00
8.993304590014910005e+00 8.849125015272639061e+00
9.085753155645781121e+00 8.941998456317923782e+00
9.182640919835236559e+00 9.067676984359046344e+00
9.281593852861981020e+00 9.152200591762191806e+00
9.381623327869339946e+00 9.242637689154971525e+00
9.477925875646810994e+00 9.361797400818218762e+00
9.579210932224256680e+00 9.442673124530498896e+00
9.671282037677672250e+00 9.548920901714421205e+00
