0.000000000000000000e+00 0.000000000000000000e+00
1.198049602635619651e-03 0.000000000000000000e+00
2.487351528528553707e-02 2.213254189518879759e-03
1.116807979017856861e-01 2.557225857449386963e-02
2.465130441653978211e-01 4.422084280676951556e-02
1.086886856269074081e-01 4.043663540781406440e-01
5.199177685990266085e-01 4.516792455034421838e-01
6.219582823567260110e-01 5.694015595314487754e-01
7.209855139543841496e-01 6.692638953641465438e-01
8.162983572662547704e-01 7.915873578754528683e-01
9.104983819681514712e-01 8.783698802428980823e-01
9.997379029207038581e-01 9.641527292604130661e-01
1.091096175162069137e+00 1.062772711257579550e+00
1.188327732771771172e+00 1.152234421511629137e+00
1.282049707559949070e+00 1.249260155040243125e+00
1.375247708287776094e+00 1.335243621064390318e+00
1.466576944385646453e+00 1.435924734754316479e+00
1.557873156771543588e+00 1.527927251583478085e+00
1.649890481511647300e+00 1.607716977725131002e+00
1.739019602436599365e+00 1.711695069254181689e+00
1.826519733533591650e+00 1.800718858641552789e+00
1.920173504226384997e+00 1.857078379714993011e+00
2.016373210645276526e+00 1.977248495603851852e+00
2.108224451269385735e+00 2.056590972806969564e+00
2.199966818049705175e+00 2.163653093425182750e+00
2.289801360385395945e+00 2.246224115939926325e+00
2.386178810897918723e+00 2.323232988499362328e+00
2.478459980883438440e+00 2.418030301679388039e+00
2.565339513786216497e+00 2.515615146984198525e+00
2.658864461013032088e+00 2.602784015183198463e+00
2.745286138647383023e+00 2.713926691786846757e+00
2.839573647809106038e+00 2.798018603443478192e+00
2.932598915638102710e+00 2.891488834852582901e+00
3.021848279758426958e+00 2.951157603568475896e+00
3.117366356013776763e+00 3.055296779567366894e+00
3.210696732243935259e+00 3.132779332337779277e+00
3.299483702076728253e+00 3.244583009480331182e+00
3.394149504504547554e+00 3.307643775055757018e+00
3.485949671182824616e+00 3.435572075955046767e+00
3.573904080707944519e+00 3.491950713550235896e+00
3.664225099840177524e+00 3.595327270075235226e+00
3.753875330502430607e+00 3.705640677315051867e+00
3.850351804908379805e+00 3.783816322384691677e+00
3.941660129840880877e+00 3.880337498945609198e+00
4.028293392137761053e+00 3.976639464621378739e+00
4.124133756657547778e+00 4.074409487643543493e+00
4.215291988947535096e+00 4.150763127125038032e+00
4.299960722634646793e+00 4.241493049818957140e+00
4.398805211578662444e+00 4.327305602059360545e+00
4.489484574352072599e+00 4.414421488894416434e+00
4.577545641248275565e+00 4.493372853496679475e+00
4.679028048239740833e+00 4.614814514275885848e+00
4.770233510638013819e+00 4.699391203023859376e+00
4.866392772987205184e+00 4.768369270759049705e+00
4.956847396941110873e+00 4.877954772568932285e+00
5.049294800341447065e+00 4.968347413139426294e+00
5.135939269912785043e+00 5.061172300695940152e+00
5.223376569407333747e+00 5.140733449295236568e+00
5.320381741182867330e+00 5.223407438561348037e+00
5.409076794602881932e+00 5.350767195009749067e+00
5.506379366765098204e+00 5.414086029433556213e+00
5.592877036404607871e+00 5.529053978049883966e+00
5.686417931950388471e+00 5.597415599092107286e+00
5.781624480769275820e+00 5.696454591869529516e+00
5.870635198712587766e+00 5.769609708932916803e+00
5.961954792315330209e+00 5.844285462132718934e+00
6.052144686224749215e+00 5.935659223481482449e+00
6.141819691895258337e+00 6.058847886424764795e+00
6.234123885929297337e+00 6.151924529530428565e+00
6.324794956615457764e+00 6.180573650940557329e+00
6.418884815986031889e+00 6.312918540752309404e+00
6.503858502043154743e+00 6.429780644840775494e+00
6.604297284796495582e+00 6.483405181820565133e+00
6.695473736768180473e+00 6.613502051067237097e+00
6.787353543228661579e+00 6.675504463722817583e+00
6.886802653445895039e+00 6.775746596461670990e+00
6.974522240777414339e+00 6.889070808991513140e+00
7.067307415881904475e+00 6.982658337380943436e+00
7.165332133891813449e+00 7.025677648272417919e+00
7.256972882067124431e+00 7.145392514652900040e+00
7.342825529036468346e+00 7.223978058965092153e+00
7.434785590128957899e+00 7.329220020840571337e+00
7.521895351559453324e+00 7.414589386971658591e+00
7.608918802081618082e+00 7.514808497467384107e+00
7.707887743509657774e+00 7.613018253141758507e+00
7.797655861413497647e+00 7.659240782828489635e+00
7.885916493625425794e+00 7.771710216015208061e+00
7.975323941210223921e+00 7.870459501937460800e+00
8.068605508025525452e+00 7.982028685356915787e+00
8.161168210173649129e+00 8.055349471618825419e+00
8.257499650322193574e+00 8.130855637960003435e+00
8.348264258670550220e+00 8.236122136370235935e+00
8.443790519120110361e+00 8.342524460573697453e+00
8.528150873865945059e+00 8.357979555213649547e+00
8.628885188321495647e+00 8.481582285779092345e+00
8.718184086430241564e+00 8.556273133105303685e+00
8.812136827311366716e+00 8.669531845592048924e+00
8.892784995201354903e+00 8.761008210185449840e+00
8.991324134863930340e+00 8.840061882717133557e+00
9.072822429919179754e+00 8.951578795036290614e+00
9.170491686259499176e+00 9.066993118604738555e+00
