0.000000000000000000e+00 0.000000000000000000e+00
0.000000000000000000e+00 0.000000000000000000e+00
0.000000000000000000e+00 0.000000000000000000e+00
0.000000000000000000e+00 0.000000000000000000e+00
0.000000000000000000e+00 0.000000000000000000e+00
0.000000000000000000e+00 0.000000000000000000e+00
0.000000000000000000e+00 0.000000000000000000e+00
0.000000000000000000e+00 0.000000000000000000e+00
0.000000000000000000e+00 0.000000000000000000e+00
0.000000000000000000e+00 0.000000000000000000e+00
0.000000000000000000e+00 0.000000000000000000e+00
0.000000000000000000e+00 0.000000000000000000e+00
0.000000000000000000e+00 0.000000000000000000e+00
3.131517366755201537e-01 -4.930505615298316768e-02
1.425311092510041511e-01 4.959295796478851770e+00
4.339176948904956976e-01 6.089413529052827734e+00
5.983183127621538588e+00 5.995534832573567563e+00
6.018480242138182668e+00 6.047534426963796506e+00
6.179863326303491000e+00 6.175340630963169986e+00
6.262178289688772104e+00 6.267209688142039603e+00
6.352543726740429442e+00 6.358581008968426929e+00
6.468970112248866755e+00 6.468616655327120490e+00
6.582395070408139759e+00 6.566649003400642393e+00
6.741324860969075239e+00 6.795088814794659982e+00
6.848002169030303676e+00 7.032023104122474777e+00
6.978545072674291916e+00 7.271167900955077812e+00
7.185637139112094118e+00 7.429904550111080752e+00
7.384599407709072416e+00 7.569083831871558310e+00
7.571761197519702336e+00 7.705003326211191883e+00
7.817376046322493721e+00 7.744651099412359407e+00
7.858276997687273280e+00 8.011876290579547089e+00
8.043756419893682619e+00 8.154463471170249278e+00
8.228022253636053662e+00 8.307929762947887653e+00
8.440638267718995280e+00 8.394483131734288506e+00
8.543326337816562699e+00 8.617340069348117026e+00
8.694415312316611022e+00 8.763360070666109891e+00
8.849575377161816192e+00 8.914998799544639141e+00
9.017158027659597508e+00 9.066510346890071403e+00
9.218704089311010819e+00 9.125458573451755484e+00
9.377338529062274830e+00 9.283068761188316032e+00
9.527474054966184269e+00 9.411727612333011805e+00
9.677719584484739457e+00 9.585179982596329751e+00
9.832612506316539935e+00 9.723463308604195277e+00
9.995399938642528070e+00 9.878441591109316633e+00
1.014802347165459828e+01 1.007465811235282693e+01
1.032523883348269145e+01 1.023892119502297327e+01
1.048549999528718857e+01 1.037011348056761939e+01
1.065337651130005803e+01 1.049294162668096675e+01
1.082088549497063568e+01 1.073311903047616411e+01
1.099218498549898371e+01 1.089472053103352422e+01
1.115829063537304755e+01 1.106670012005876735e+01
1.132549341609936988e+01 1.122227742100041858e+01
1.150009537456403130e+01 1.136501403214749573e+01
1.167443142809995926e+01 1.159799122686782447e+01
1.184999067168548947e+01 1.176814348891600126e+01
1.203067112788544257e+01 1.195256286081884411e+01
1.222206361456188084e+01 1.207352731877989882e+01
1.239330712040921867e+01 1.226911593614584106e+01
1.257359338094721224e+01 1.238622465769850045e+01
1.275583041320908251e+01 1.251318710463635497e+01
1.293841096628279175e+01 1.279031433374295723e+01
1.312174775820460049e+01 1.297174004596645425e+01
1.330419145802987657e+01 1.314019380381523661e+01
1.348953650690834216e+01 1.323276556303952312e+01
1.366350435620402592e+01 1.344494214547898281e+01
1.383872910938692335e+01 1.362600783596218790e+01
1.403123602782330437e+01 1.386087544318003317e+01
1.420183434920532406e+01 1.401970961688740935e+01
1.438619159805555370e+01 1.420017466564205044e+01
1.457747825308129919e+01 1.435750621613471978e+01
1.475898053856780301e+01 1.455429930572696762e+01
1.494702296423099241e+01 1.471507597674003165e+01
1.512288583570645883e+01 1.487023486870251254e+01
1.530523653458999433e+01 1.503418765880369889e+01
1.548171493148684164e+01 1.519359783645417927e+01
1.566781980339787061e+01 1.549929051149822179e+01
1.584214952807566945e+01 1.559801968727494348e+01
1.602081468541024023e+01 1.580311650318781425e+01
1.620099725818088388e+01 1.600504530421242322e+01
1.638964912674748930e+01 1.618726469861006478e+01
1.657304115494376973e+01 1.631154060868054501e+01
1.676309273299573732e+01 1.658123118074884417e+01
1.695886187448968840e+01 1.668871376078198310e+01
1.713525677802509861e+01 1.686301046632167910e+01
1.733209380788498422e+01 1.712509248313430277e+01
1.750241547587506474e+01 1.726156313249144247e+01
1.769960219387872868e+01 1.747363035261138720e+01
1.788304637174699607e+01 1.761079093435379761e+01
1.806959439261273204e+01 1.782213016413290063e+01
1.825562164192959003e+01 1.802884103360382184e+01
1.844875177673421263e+01 1.821603792720160442e+01
1.863121403068916493e+01 1.840269805944937787e+01
1.882372274503132203e+01 1.855053819753258892e+01
1.902153161130715020e+01 1.867687293705642659e+01
1.919337209361117758e+01 1.888962040413528243e+01
1.937291525799360770e+01 1.909277121795252441e+01
1.958728956957586931e+01 1.925220845494656885e+01
1.977534960397464658e+01 1.955846150898283398e+01
1.996174456293973165e+01 1.965118752366900523e+01
2.015939868606351837e+01 1.988236263902568268e+01
2.034440181793042157e+01 2.003803621608885166e+01
