0.000000000000000000e+00 0.000000000000000000e+00
0.000000000000000000e+00 0.000000000000000000e+00
0.000000000000000000e+00 0.000000000000000000e+00
0.000000000000000000e+00 0.000000000000000000e+00
0.000000000000000000e+00 0.000000000000000000e+00
0.000000000000000000e+00 0.000000000000000000e+00
0.000000000000000000e+00 0.000000000000000000e+00
0.000000000000000000e+00 0.000000000000000000e+00
0.000000000000000000e+00 0.000000000000000000e+00
0.000000000000000000e+00 0.000000000000000000e+00
0.000000000000000000e+00 0.000000000000000000e+00
0.000000000000000000e+00 0.000000000000000000e+00
0.000000000000000000e+00 0.000000000000000000e+00
0.000000000000000000e+00 0.000000000000000000e+00
0.000000000000000000e+00 0.000000000000000000e+00
0.000000000000000000e+00 0.000000000000000000e+00
0.000000000000000000e+00 -4.509958187788694860e-03
0.000000000000000000e+00 0.000000000000000000e+00
5.815860313039308838e-02 2.201695086043921681e-02
2.844689186188705809e-01 0.000000000000000000e+00
3.244175808064228561e-01 3.074224279078937805e+00
3.991272900215597219e-01 6.583345409386545555e+00
2.075026260684332602e+00 7.042932017296435809e+00
6.489169604584427375e+00 7.095828407300464491e+00
7.180526527247833357e+00 7.216150136367007306e+00
7.334976131415285927e+00 7.329180098080716910e+00
7.407332970119442805e+00 7.512536619374090563e+00
7.546070430756514291e+00 7.619008579415217142e+00
7.716867566338729389e+00 7.811256244182141373e+00
7.890624829622779224e+00 7.866234307287155225e+00
8.015917981846898854e+00 7.972295854838695739e+00
8.131735805804490624e+00 8.273536558515186101e+00
8.288052322159730423e+00 8.429649755785732168e+00
8.431736043032541872e+00 8.582558484146115774e+00
8.635806507218054762e+00 8.710819705483551445e+00
8.849803262199689158e+00 8.810104714464031872e+00
8.941140903305003107e+00 9.006498139525209723e+00
9.146493067806632737e+00 9.062984702759246503e+00
9.303561682895715279e+00 9.247752691968351257e+00
9.455485643985557687e+00 9.382056230799369345e+00
9.609112615551010705e+00 9.511106665654541104e+00
9.772507084975545766e+00 9.652388309718851644e+00
9.925941229194011228e+00 9.861407650843606376e+00
1.008336917910817299e+01 9.972289587418398327e+00
1.023869237747741501e+01 1.016784125281536255e+01
1.040316505051352181e+01 1.027475577836014509e+01
1.056896825304444043e+01 1.044864071589672960e+01
1.074293748003471727e+01 1.062053709257079426e+01
1.091113733388058904e+01 1.077758335647810028e+01
1.108128777189170400e+01 1.092690768116067979e+01
1.125934387026345540e+01 1.110124769929196020e+01
1.142339617132089202e+01 1.127733965729666110e+01
1.159803571232501085e+01 1.145222329392597871e+01
1.176735249215565204e+01 1.160882518775223993e+01
1.193432272176188036e+01 1.180086399807255759e+01
1.210094085242765694e+01 1.193863023310568572e+01
1.228695481588790450e+01 1.210331176214671878e+01
1.244640281645903990e+01 1.224194991232252505e+01
1.261327453037626434e+01 1.251318828315386256e+01
1.279607242133836742e+01 1.262627032476479982e+01
1.296852302487694786e+01 1.284233919988134254e+01
1.314019012915592732e+01 1.296305623117997463e+01
1.331839456985198922e+01 1.317192648832438451e+01
1.349521072359199358e+01 1.336848407944405714e+01
1.367950908400641197e+01 1.350541140980706167e+01
1.385287565417887556e+01 1.366066732048315835e+01
1.403939478196441826e+01 1.387144723707254812e+01
1.420770920480796029e+01 1.408791606821537812e+01
1.439089090699425810e+01 1.424181772236806154e+01
1.457860843023331121e+01 1.442992948161743527e+01
1.476188539473752037e+01 1.454603383268738348e+01
1.491897934511477430e+01 1.474329360814749634e+01
1.511558275379485217e+01 1.492944112762885034e+01
1.529705270763720470e+01 1.506732915131803452e+01
1.548197546163675575e+01 1.533539027217785389e+01
1.565786368690979558e+01 1.536739887028887885e+01
1.583928933303204012e+01 1.561582448742611540e+01
1.604491678794371268e+01 1.575728156376272615e+01
1.621284622686846433e+01 1.595213914107218400e+01
1.642552133641388323e+01 1.618195250312508904e+01
1.659815561511402748e+01 1.631358930135089835e+01
1.678980197494340132e+01 1.649528478423727407e+01
1.698086311967504258e+01 1.670376248243907824e+01
1.716989161945836528e+01 1.689239069611683774e+01
1.735578749932343001e+01 1.702579124291883517e+01
1.753632762682356372e+01 1.731945011711271576e+01
1.773824031732020501e+01 1.740186339084045741e+01
1.793388793439391904e+01 1.762760490982866912e+01
1.812178665267005329e+01 1.776151655096478876e+01
1.831117896015340563e+01 1.802601869805798174e+01
1.850202538536581898e+01 1.811588021311563423e+01
1.867650887200824528e+01 1.819228903223785920e+01
1.887278751533990828e+01 1.850162637006465260e+01
1.906859194505685906e+01 1.865843967633394129e+01
1.928026428109829027e+01 1.885479705241434445e+01
1.945353357114461801e+01 1.897435087812373311e+01
1.965296318646466389e+01 1.923189672821101937e+01
1.982979005597078270e+01 1.940605916806397602e+01
2.005074802263811762e+01 1.958495250643091268e+01
2.023309874060462477e+01 1.971856960628259614e+01
2.042586441867270963e+01 1.994116728131274385e+01
