0.000000000000000000e+00 0.000000000000000000e+00
0.000000000000000000e+00 0.000000000000000000e+00
0.000000000000000000e+00 0.000000000000000000e+00
0.000000000000000000e+00 0.000000000000000000e+00
0.000000000000000000e+00 0.000000000000000000e+00
0.000000000000000000e+00 0.000000000000000000e+00
0.000000000000000000e+00 0.000000000000000000e+00
0.000000000000000000e+00 0.000000000000000000e+00
0.000000000000000000e+00 0.000000000000000000e+00
0.000000000000000000e+00 0.000000000000000000e+00
0.000000000000000000e+00 0.000000000000000000e+00
0.000000000000000000e+00 0.000000000000000000e+00
0.000000000000000000e+00 0.000000000000000000e+00
0.000000000000000000e+00 -3.158734863074137006e-02
7.940062054243193779e-02 0.000000000000000000e+00
5.068562919608824574e-02 2.843278948349305946e+00
3.181319098132136536e-01 5.485364984170867153e+00
5.587352161388216665e+00 6.113781379619991796e+00
5.674708185679087968e+00 6.263419633328584091e+00
6.428307164410195007e+00 6.441844287852506845e+00
6.493584228712863116e+00 6.583446106243834528e+00
6.610091084596898092e+00 6.578104969808764579e+00
6.726817143426800705e+00 6.747219338258785726e+00
6.872649983675700014e+00 6.981891655433602573e+00
6.986320843283658988e+00 7.102005578518488349e+00
7.137143033557755700e+00 7.306360414931111436e+00
7.254837650970563878e+00 7.417616654431036238e+00
7.420817617364545704e+00 7.584267433540969883e+00
7.626125094328251031e+00 7.723061493009690359e+00
7.831933697356054935e+00 7.775646964878958123e+00
7.917213115475907337e+00 8.018649572384914492e+00
8.072765357010808884e+00 8.168479429125696356e+00
8.224587052915891761e+00 8.323511886771418844e+00
8.383649140190291504e+00 8.459606137045819096e+00
8.595442835140389093e+00 8.536295034387743286e+00
8.737440157880113745e+00 8.696848381366159231e+00
8.886731945402466692e+00 8.822671673644807200e+00
9.038182150515982727e+00 8.958420164312352441e+00
9.192737592897852750e+00 9.120773390657781476e+00
9.348037835915873117e+00 9.265447550761040318e+00
9.500149993275703864e+00 9.429118704283300900e+00
9.650307614605386775e+00 9.575510502014616065e+00
9.809217540923315326e+00 9.728771142880527023e+00
9.973820697208035213e+00 9.894533274200270512e+00
1.013110730610932642e+01 1.002197824111908808e+01
1.030303987119759768e+01 1.020679607911959863e+01
1.046709665496662822e+01 1.036996236424482731e+01
1.063510840502562971e+01 1.054695316499250168e+01
1.079850099589916645e+01 1.071963125068097078e+01
1.096650709249956002e+01 1.089061508373566234e+01
1.113356870450098945e+01 1.104255683638973551e+01
1.130283353224634624e+01 1.122033433997695973e+01
1.147390720436471057e+01 1.139586771175802404e+01
1.164856853034743089e+01 1.156322478282419119e+01
1.182720106859157916e+01 1.173704516392272978e+01
1.199807969900095905e+01 1.193422933186962354e+01
1.217194399485208933e+01 1.210091442982672838e+01
1.236141052477798929e+01 1.224188699725782037e+01
1.252989476620059150e+01 1.247367305869022402e+01
1.271200770628150956e+01 1.263944800904555876e+01
1.288337310748612730e+01 1.281364060777076119e+01
1.306528913738407915e+01 1.299471706801533522e+01
1.324147073368230387e+01 1.316204914506520218e+01
1.342288850465167194e+01 1.335630879756441836e+01
1.361762970237945680e+01 1.347808014550673583e+01
1.379331113592701463e+01 1.369476088380159773e+01
1.397818142368916128e+01 1.383311313667585551e+01
1.417206204816408999e+01 1.408503103340350826e+01
1.434912263609513872e+01 1.427337311798864583e+01
1.451445457860448229e+01 1.438673874015509213e+01
1.471440209639039054e+01 1.463061537334170126e+01
1.489187066944490390e+01 1.477357753329471457e+01
1.506736704766893098e+01 1.488250893703828481e+01
1.526069953352114617e+01 1.516560188028408440e+01
1.543793794053900470e+01 1.530920166627634948e+01
1.561908565097005308e+01 1.549139725058875783e+01
1.581139352598398773e+01 1.567117253962600287e+01
1.599897108197114015e+01 1.582978810678547532e+01
1.617429867128330301e+01 1.600988310499401024e+01
1.636872314812080020e+01 1.620530140787405315e+01
1.655339711757919474e+01 1.643912426233253754e+01
1.674156593722275588e+01 1.661270172854856852e+01
1.693383265686307126e+01 1.677497691399430835e+01
1.712534335135569563e+01 1.688023228077011240e+01
1.729873561014268546e+01 1.718908213182428923e+01
1.749531445104967986e+01 1.721028417887922046e+01
1.769200664078037022e+01 1.750442427842314075e+01
1.789262296126218388e+01 1.772223383715521194e+01
1.806615963969785099e+01 1.778386160232119551e+01
1.826532815813867217e+01 1.807167017852667712e+01
1.845958575240284816e+01 1.826446906221857347e+01
1.865382429791080909e+01 1.841377143822763429e+01
1.883028457037658043e+01 1.865519483408440138e+01
1.902734108839284488e+01 1.879488444843176964e+01
1.922052108222801792e+01 1.893708824585345951e+01
1.940592463742183682e+01 1.908992760682963663e+01
1.960128394310189037e+01 1.929944382083364118e+01
1.978104113956959154e+01 1.948997415740132411e+01
1.998009973491071278e+01 1.973523025522683838e+01
2.017920269927791210e+01 1.985951866236955610e+01
2.036640129536913335e+01 2.003925447901895041e+01
