0.000000000000000000e+00 0.000000000000000000e+00
0.000000000000000000e+00 0.000000000000000000e+00
0.000000000000000000e+00 0.000000000000000000e+00
0.000000000000000000e+00 0.000000000000000000e+00
0.000000000000000000e+00 0.000000000000000000e+00
0.000000000000000000e+00 0.000000000000000000e+00
0.000000000000000000e+00 0.000000000000000000e+00
0.000000000000000000e+00 0.000000000000000000e+00
0.000000000000000000e+00 0.000000000000000000e+00
0.000000000000000000e+00 0.000000000000000000e+00
0.000000000000000000e+00 -5.189136658422928428e-02
1.804536034492952024e-01 2.235657621960128072e+00
8.701879652674517907e-01 5.209433029549863647e+00
5.340397577300696419e+00 5.384747409298036303e+00
5.466392201320622313e+00 5.495620063329045735e+00
5.586183364767492776e+00 5.577555203215581514e+00
5.644234236946354066e+00 5.733231520677047222e+00
5.742663936601906549e+00 5.800291281275094413e+00
5.849457417853896501e+00 5.981596341871063593e+00
6.041988409052228448e+00 6.073054212875367952e+00
6.153604450892623312e+00 6.138375026504619747e+00
6.264891180267730952e+00 6.308641521676760178e+00
6.419578329807821504e+00 6.587739853018173442e+00
6.530268873135097074e+00 6.780393317780713858e+00
6.696864906742092671e+00 6.941275284705218596e+00
6.907014170883619464e+00 7.122227007628732842e+00
7.129285474775818976e+00 7.282897403199906528e+00
7.306191177198079423e+00 7.434804138900360293e+00
7.482739726817167814e+00 7.573242270174002755e+00
7.651068741520733241e+00 7.733257024343447306e+00
7.800250765452651613e+00 7.865470254362782576e+00
7.997234994892674642e+00 7.943144472158448544e+00
8.085088874485602872e+00 8.161092645283090974e+00
8.254506090535313589e+00 8.318978950622627266e+00
8.457673347413900089e+00 8.395374580386835817e+00
8.602577251875391795e+00 8.548418627306149986e+00
8.742261993157265820e+00 8.678534325056251220e+00
8.898723420291547725e+00 8.824847173036076242e+00
9.049015024544564412e+00 8.983280849648785704e+00
9.207552476969111055e+00 9.153469290997925611e+00
9.370295185812201666e+00 9.313204429847958821e+00
9.533327894377997325e+00 9.468861537573260989e+00
9.700945087506156028e+00 9.632349580686460300e+00
9.862689096749571505e+00 9.799613588609240367e+00
1.002624956221346864e+01 9.965901315536056515e+00
1.019110630194870026e+01 1.014626139597370091e+01
1.035899691231125530e+01 1.028562424635630457e+01
1.051899824812637263e+01 1.040926384676112448e+01
1.069148442221240813e+01 1.062089188086833325e+01
1.086006688374720497e+01 1.077874716919252585e+01
1.102676777753885418e+01 1.092804509182468031e+01
1.119761999992358348e+01 1.109080122946338776e+01
1.137447965827970897e+01 1.129251823721830661e+01
1.155957131562289675e+01 1.144364808630769659e+01
1.174393629437159170e+01 1.163864854211619004e+01
1.190959851010789805e+01 1.184337155014577014e+01
1.208705700502552993e+01 1.197835158805821720e+01
1.227758569365397534e+01 1.212212356784924516e+01
1.244137753183553130e+01 1.229937294760312838e+01
1.262740541068619216e+01 1.254473494324698102e+01
1.279041804449790476e+01 1.271470666282511708e+01
1.297529011075090111e+01 1.288808203550830100e+01
1.315692887840655700e+01 1.303684093640304553e+01
1.334243375115227792e+01 1.323182320338949758e+01
1.351446454797051722e+01 1.340528103394139414e+01
1.369911733648249097e+01 1.355827827021794008e+01
1.387963968827083328e+01 1.376449610489827435e+01
1.408088111727554015e+01 1.388496984909707521e+01
1.425885575662123195e+01 1.412597934531924082e+01
1.445098363719821322e+01 1.434911102715658160e+01
1.450643861486310726e+01 1.452551794556039333e+01
1.478406720739688573e+01 1.467039718695884432e+01
1.495731596515042483e+01 1.480985881246816227e+01
1.515306808506949032e+01 1.502082567455576090e+01
1.533284788835301526e+01 1.520733482069000964e+01
1.553622635451068845e+01 1.538318101206644428e+01
1.570338598513258432e+01 1.564105880046371944e+01
1.589909355027299931e+01 1.575812045801215255e+01
1.609367370161709587e+01 1.596149395860370035e+01
1.626568908400225766e+01 1.619544964153993405e+01
1.645822921892276725e+01 1.636472926239990855e+01
1.665067088784769567e+01 1.654249728849545065e+01
1.684235523539848955e+01 1.666378987278564594e+01
1.701921700768356871e+01 1.687608440932831755e+01
1.720594463538092356e+01 1.706443652268460554e+01
1.741090042607170219e+01 1.723969509609683470e+01
1.759250885413850796e+01 1.742064201499504961e+01
1.777576477090545026e+01 1.760452676926891513e+01
1.797361266514124623e+01 1.778499690740394357e+01
1.816139648674122498e+01 1.802841385016539277e+01
1.836443238750257478e+01 1.820383867267906908e+01
1.855363640608851838e+01 1.835668421418731455e+01
1.875009675848096080e+01 1.855972651425570774e+01
1.893442798668193205e+01 1.872992920441508602e+01
1.912294965625739351e+01 1.890741334247708849e+01
1.932654155298594389e+01 1.913411702606414266e+01
1.950289935895830951e+01 1.920565756496465681e+01
1.970983814370898202e+01 1.943478571093766760e+01
1.990283880594490995e+01 1.971672164167243224e+01
2.008316930769993647e+01 1.979344826058624562e+01
2.028190011065193232e+01 2.005761988067954604e+01
