0.000000000000000000e+00 0.000000000000000000e+00
0.000000000000000000e+00 0.000000000000000000e+00
0.000000000000000000e+00 0.000000000000000000e+00
5.928062206792483746e-03 0.000000000000000000e+00
8.000053560605423220e-02 0.000000000000000000e+00
7.253555451478466143e-02 8.878475892839739897e-03
3.189919366715399107e-01 3.464472869562081753e-02
4.129739313719685279e-01 1.141531401714787480e-01
1.300652928969477706e+00 1.754685415362201351e+00
1.923650130464023666e+00 2.102930761494696377e+00
2.204688342125423084e+00 2.297651448594385304e+00
2.418735195541952709e+00 2.468480328873559948e+00
2.620758682060578604e+00 2.644820901433356131e+00
2.798914770487793913e+00 2.826305386946552201e+00
2.981109838101580589e+00 3.005861172612996679e+00
3.171080975609300800e+00 3.193573367182186207e+00
3.375716586389859941e+00 3.330513372040849518e+00
3.530352057524233977e+00 3.566546677366134954e+00
3.748986267844070852e+00 3.718362569625925484e+00
3.940279827131275781e+00 3.910951812185172294e+00
4.139222497532498046e+00 4.093364422508972034e+00
4.334357283560814622e+00 4.271261296007969221e+00
4.527707056681309794e+00 4.458225988529148864e+00
4.713499506334757783e+00 4.596201881866380567e+00
4.826122436504093116e+00 4.865481798289327031e+00
5.074902796843526964e+00 5.013560178589373528e+00
5.258888461211097543e+00 5.208618297925305285e+00
5.457247623883627163e+00 5.398030824579389986e+00
5.660752656254095960e+00 5.603544394689808250e+00
5.857820825437705103e+00 5.770378397528987513e+00
6.050465346195974092e+00 5.883299943254928444e+00
6.244716095212955231e+00 6.136618323953052290e+00
6.435190581533968057e+00 6.316773514574617110e+00
6.633589273512520812e+00 6.480545338872531147e+00
6.832518748975945577e+00 6.712504556528759991e+00
7.017076156220028338e+00 6.904811883270908446e+00
7.214493467234137647e+00 7.087835098074266149e+00
7.392275398234578354e+00 7.310202010644076154e+00
7.591148073879366187e+00 7.503113088199253156e+00
7.791542103610242798e+00 7.715260674345214120e+00
7.982052983082965625e+00 7.823942850808573546e+00
8.181351501288986583e+00 8.070128392255437433e+00
8.368540969970133858e+00 8.281985781445897032e+00
8.571016043608208790e+00 8.463659649738058732e+00
8.767480967862187669e+00 8.668916382238430529e+00
8.955913506923872447e+00 8.794116228657388845e+00
9.157612685550230225e+00 9.023852161026026053e+00
9.345703915567224129e+00 9.172577657248675465e+00
9.549996938403472413e+00 9.394406310518116143e+00
9.743288488084875354e+00 9.630742229599915660e+00
9.942498269766995023e+00 9.793831356886878226e+00
1.014176667747924832e+01 9.958008948143206140e+00
1.032798501533117452e+01 1.017560413957091114e+01
1.052508310541080938e+01 1.034332669851043995e+01
1.071981183087894607e+01 1.058496528610407061e+01
1.091216292558838497e+01 1.073443497826790605e+01
1.111213723929602182e+01 1.087036870298742919e+01
1.132613667134714852e+01 1.107701664497358074e+01
1.152447322338990254e+01 1.136914710005422968e+01
1.171302665093520723e+01 1.153852441328177214e+01
1.190886528365913577e+01 1.174081962990675265e+01
1.209852402386072612e+01 1.189937377699058096e+01
1.230291851247995716e+01 1.213048260224744901e+01
1.249684507554665558e+01 1.236097706049446110e+01
1.269064070948527245e+01 1.255156764970155159e+01
1.288223011210538616e+01 1.269176042053132214e+01
1.306995785897131412e+01 1.290239631036588186e+01
1.328448394477383054e+01 1.305956828610776910e+01
1.347425866103213643e+01 1.329450415652330975e+01
1.367328081911206539e+01 1.340890999149949714e+01
1.387194513326479139e+01 1.371247023348636596e+01
1.405220871049494136e+01 1.381846512402567484e+01
1.425877003147870248e+01 1.399895932802260212e+01
1.444524862213888561e+01 1.421162080045738207e+01
1.465900324264783450e+01 1.445422885903733246e+01
1.484273410068140109e+01 1.469610949364913743e+01
1.503438311539173000e+01 1.483396747488646561e+01
1.522411082393207415e+01 1.497748152820743428e+01
1.541437193048276733e+01 1.511014890947437017e+01
1.561065496349536552e+01 1.539421436364889040e+01
1.580443373124079720e+01 1.553438266285535718e+01
1.600595972795986199e+01 1.567806865296310015e+01
1.619164745656183868e+01 1.596125137950827089e+01
1.638903900907450151e+01 1.615819195311960144e+01
1.658908186274136298e+01 1.632993925313836669e+01
1.677732640316832402e+01 1.645995617618303086e+01
1.697396330660323827e+01 1.671742071355079418e+01
1.717193467663496520e+01 1.694706574766056661e+01
1.737539100060920916e+01 1.702977639523197340e+01
1.756310481996374051e+01 1.731330630573621221e+01
1.774736641075519827e+01 1.751098344228448767e+01
1.795644662307681472e+01 1.770016228469657449e+01
1.814529857645849020e+01 1.786498537818103571e+01
1.834329828360693071e+01 1.800650433162595121e+01
1.854090857875870668e+01 1.818611320703992362e+01
1.872301949760491624e+01 1.846190124394667720e+01
1.893026935935354871e+01 1.855548147272967441e+01
1.911887132106520681e+01 1.883111861130412734e+01
1.931122390245893428e+01 1.888925388522904214e+01
1.951771000620024665e+01 1.916953876134504853e+01
1.972030516798522370e+01 1.949479220421336478e+01
