0.000000000000000000e+00 0.000000000000000000e+00
0.000000000000000000e+00 0.000000000000000000e+00
2.539294380054204006e-02 0.000000000000000000e+00
3.227798377507102440e-02 0.000000000000000000e+00
0.000000000000000000e+00 0.000000000000000000e+00
3.367993319054314594e-02 -1.142826719435408554e-02
6.983027903769838118e-02 0.000000000000000000e+00
1.747973373271944075e-01 4.483238854585200883e-01
2.026534831748734611e+00 2.287230448790271709e+00
2.740969147676308282e+00 2.838424086683217329e+00
2.899159833638674577e+00 2.968054375266456990e+00
3.069205289307405771e+00 3.096763584538686942e+00
3.214113366179927489e+00 3.313992196949711921e+00
3.370939621409748455e+00 3.500289415329833620e+00
3.543195311023566774e+00 3.743429871273106890e+00
3.734856771295252287e+00 3.932549707803817629e+00
3.909136134038112775e+00 4.136610722601338885e+00
4.161489734275164665e+00 4.319065199285820000e+00
4.370842946616344094e+00 4.501294026152970140e+00
4.538987988744406898e+00 4.663535211618769161e+00
4.740467314060619053e+00 4.822354102603970460e+00
4.913002380396390478e+00 4.981465681543633117e+00
5.139116170567660014e+00 5.077224138342401716e+00
5.309166092645434709e+00 5.237442191855107509e+00
5.474747721318755644e+00 5.404240168301125635e+00
5.642281636895897456e+00 5.567561145548201473e+00
5.810351507564021745e+00 5.713239951526992044e+00
5.981436356176490499e+00 5.886037687402604135e+00
6.164422079172405589e+00 6.029493582873715063e+00
6.337708436528169287e+00 6.235437002683553054e+00
6.511388415617196834e+00 6.401236563102115085e+00
6.685167206502678816e+00 6.574255212619781297e+00
6.770391426477382346e+00 6.861531157875280229e+00
7.036529394966599682e+00 6.958941654385912834e+00
7.221769121671244740e+00 7.127859971073186252e+00
7.400235239586066882e+00 7.324467034507234686e+00
7.589379187540770566e+00 7.479131502350021776e+00
7.771490183406874586e+00 7.616809933673116539e+00
7.964296510983552402e+00 7.859958599734612861e+00
8.154430983393636367e+00 8.003570130873535859e+00
8.333283444877405799e+00 8.199350248364501326e+00
8.512937563701369115e+00 8.348567246602776493e+00
8.699372035507929368e+00 8.559397592533084520e+00
8.875453683281232742e+00 8.784765223245617705e+00
9.066873274892559564e+00 8.905873631787249778e+00
9.256417961940295314e+00 9.128634833012176486e+00
9.447426730887411139e+00 9.285027737680650262e+00
9.630748354218527041e+00 9.495368400918820839e+00
9.820987661263320234e+00 9.662639030448751498e+00
1.002027560125189432e+01 9.865129102266449124e+00
1.002486566436273563e+01 1.015711613888918663e+01
1.037326287132258429e+01 1.021406760404577518e+01
1.056596546384303359e+01 1.040783105740698566e+01
1.075827096045151698e+01 1.059253487546686046e+01
1.095670034813451110e+01 1.074314088448452154e+01
1.115283138836556809e+01 1.093255373777254569e+01
1.133709861411915654e+01 1.112166302488238045e+01
1.153540066448296386e+01 1.129920898851231392e+01
1.171597120835776984e+01 1.154883280598838091e+01
1.190412385980720877e+01 1.168647766818595990e+01
1.210656568536818867e+01 1.190170503246389977e+01
1.228815046228595342e+01 1.214537408909956895e+01
1.248428194433900984e+01 1.228823073202019955e+01
1.267600577867253442e+01 1.244517658372916991e+01
1.287540658942352856e+01 1.265320145341223146e+01
1.306985100977917114e+01 1.279677232658557351e+01
1.325761398397557400e+01 1.299830741766449371e+01
1.345476540815685240e+01 1.325158383994163103e+01
1.363727685151219227e+01 1.339401420390811914e+01
1.383807079009652696e+01 1.362339755841128053e+01
1.403444598393604004e+01 1.381983212823916496e+01
1.421641854104680824e+01 1.403036680037934225e+01
1.441922200828044964e+01 1.420886466036837525e+01
1.460724100377104051e+01 1.437429968099058009e+01
1.480826913456882643e+01 1.456772745065669739e+01
1.499980396353501355e+01 1.472855042769724854e+01
1.518015682643964048e+01 1.497949650896087981e+01
1.536042551599604700e+01 1.508626671902040783e+01
1.556618706556218612e+01 1.531874483668042330e+01
1.576186712676804902e+01 1.550245977220920679e+01
1.595588086782976234e+01 1.573547602392580380e+01
1.614494505870278118e+01 1.580140540892840662e+01
1.637258080861922949e+01 1.610378524065543715e+01
1.652580042742667743e+01 1.627565818338247894e+01
1.675671266015368843e+01 1.640984449938229517e+01
1.692325961993460481e+01 1.663837057702812672e+01
1.711642240931507786e+01 1.682831243792274734e+01
1.731426368745230349e+01 1.703492204672573962e+01
1.751928550139971463e+01 1.721290442380183094e+01
1.771024572506351191e+01 1.742288741959179177e+01
1.789591465285923988e+01 1.762721256597183483e+01
1.809162984556987652e+01 1.782313997993027854e+01
1.828874939444515135e+01 1.796769695636334774e+01
1.847875894669550334e+01 1.816725622512807092e+01
1.866677255245317824e+01 1.830552103355565663e+01
1.886174703532243413e+01 1.860998764550889106e+01
1.905709301365716968e+01 1.876217989427183142e+01
1.923729958186892830e+01 1.891782738926363194e+01
1.944642202522092234e+01 1.915738907772775690e+01
1.961978267622132321e+01 1.929798893906217572e+01
1.982488687418998197e+01 1.958098632728634669e+01
