2.647787099046431392e-01 1.045754995812842925e+00
1.119597486390152774e+00 1.117774891301044349e+00
1.131392720647403927e+00 1.139846472066139427e+00
1.169656721538872457e+00 1.194864002452874940e+00
1.263905179364904319e+00 1.443539970976510656e+00
1.369796055680325031e+00 1.532092814816106596e+00
1.562348215844266308e+00 1.692840490309720280e+00
1.731360918452416131e+00 1.843741359576645644e+00
1.840219496960102008e+00 1.987814295410371246e+00
1.957587630977285498e+00 2.106116078911134171e+00
2.134338766843389301e+00 2.233217486298131771e+00
2.277799033793859174e+00 2.351796424136002539e+00
2.423295655880412180e+00 2.469075970851938528e+00
2.538882804681817706e+00 2.587770961989037666e+00
2.695657337841202317e+00 2.664185107792270468e+00
2.781205337792610255e+00 2.833707365506958453e+00
2.905052333951471777e+00 2.956210363797175500e+00
3.070494277548486028e+00 3.023065900900588687e+00
3.156903027782123505e+00 3.197555348427328248e+00
3.264896251200113397e+00 3.322961890560071296e+00
3.444430267117447819e+00 3.382546611323465235e+00
3.564036143790819455e+00 3.492860066265610186e+00
3.687994181533059024e+00 3.618672790586959565e+00
3.717639783381952334e+00 3.821821156244670448e+00
3.944905115307903110e+00 3.851737192572671997e+00
3.995598592765321921e+00 4.076892447473486669e+00
4.195775687066572779e+00 4.131080938560732996e+00
4.335341246213783251e+00 4.241484727323991955e+00
4.375273038916899004e+00 4.458551048167239905e+00
4.589975609868360173e+00 4.509719859391581487e+00
4.712752633723886753e+00 4.649825068413235840e+00
4.844309418836867387e+00 4.758107501326477973e+00
4.959547932777355506e+00 4.891828040144513778e+00
5.093730296424539006e+00 5.012625769301391365e+00
5.143184234739518246e+00 5.213283259219680055e+00
5.349238518979983148e+00 5.294724879024876429e+00
5.474073913035269356e+00 5.412009346734651949e+00
5.537659472074509814e+00 5.605743724332818090e+00
5.736285364971585032e+00 5.666613755552413423e+00
5.854257971755617795e+00 5.789294028158254335e+00
5.924869922817484813e+00 5.976777028317410867e+00
6.120646662557120088e+00 6.035077788066095295e+00
6.257043475023817081e+00 6.162366072571626496e+00
6.330085029260727580e+00 6.356867598891486892e+00
6.514255673322862705e+00 6.463940420886452820e+00
6.645137132815198022e+00 6.555819740769678106e+00
6.789108947456206522e+00 6.715085918894814654e+00
6.916925354458701491e+00 6.875122095895942032e+00
7.065449751754933949e+00 6.987588309597781766e+00
7.195714892039992705e+00 7.104060012110434030e+00
7.334810136746528819e+00 7.250778505276254116e+00
7.470306517329391660e+00 7.297900960069819476e+00
7.603713365943290725e+00 7.533048545923589856e+00
7.743415436551909892e+00 7.668729749304563192e+00
7.884610423729697892e+00 7.758650134087007544e+00
8.010021316471579667e+00 7.871591206695557119e+00
8.154653648715784797e+00 8.062497365080808720e+00
8.289926754988551139e+00 8.195694223494326636e+00
8.433388437743246868e+00 8.243624161886629054e+00
8.567367303098997411e+00 8.410971729523515350e+00
8.697379493891807201e+00 8.537493119859870916e+00
8.831450230253810929e+00 8.683956143490933144e+00
8.947073158362908174e+00 8.802672608836019208e+00
9.099417378974203885e+00 8.956894196201732328e+00
9.235697070455943347e+00 8.990217533236734226e+00
9.368304216736717649e+00 9.215847084246252763e+00
9.327472920936299872e+00 9.454373704709096771e+00
9.628692661826265820e+00 9.509583160358999976e+00
9.741027643090122368e+00 9.608540189634842577e+00
9.892849330566111377e+00 9.716007833003558858e+00
1.002593296947325463e+01 9.857258324754726075e+00
1.015375596158972193e+01 1.006486681289407770e+01
1.028143715374120681e+01 1.015371284059954604e+01
1.042988678925118862e+01 1.028991637070880749e+01
1.057232917173608300e+01 1.043457591507686288e+01
1.058060192971213809e+01 1.064501850637903857e+01
1.082823421316573231e+01 1.072543058273198291e+01
1.083020738950113859e+01 1.089100954992378156e+01
1.109446718696222867e+01 1.096154306809057211e+01
1.121380479035031996e+01 1.108010168731197709e+01
1.135586476769311126e+01 1.120918727864340703e+01
1.150137010903747559e+01 1.135934324884013691e+01
1.163724474967672684e+01 1.150824449121178539e+01
1.176596442980260449e+01 1.168487609671655214e+01
1.190259690123448699e+01 1.175607469549456319e+01
1.205120023793990391e+01 1.194783935897405946e+01
1.217134837813499892e+01 1.204855616690252340e+01
1.233475823792625192e+01 1.218648080429068337e+01
1.246624533954234515e+01 1.230643008010750883e+01
1.259707265082112926e+01 1.246114878973483364e+01
1.271999388882959181e+01 1.258383705080031767e+01
1.287498033639356798e+01 1.266238520957640645e+01
1.300359527104511415e+01 1.279900002944062010e+01
1.314291869473069951e+01 1.303679243659483866e+01
1.328381546921051459e+01 1.310420580826663794e+01
1.341551781589323156e+01 1.319705293295602999e+01
1.354396011716489845e+01 1.340469178192395994e+01
1.368577344121254669e+01 1.348964268245095433e+01
1.380155269732747136e+01 1.363032367127924438e+01
1.396673191200353159e+01 1.378917272189280929e+01
1.410102886257058152e+01 1.390982162054788418e+01
