0.000000000000000000e+00 0.000000000000000000e+00
0.000000000000000000e+00 0.000000000000000000e+00
0.000000000000000000e+00 0.000000000000000000e+00
0.000000000000000000e+00 0.000000000000000000e+00
0.000000000000000000e+00 0.000000000000000000e+00
0.000000000000000000e+00 0.000000000000000000e+00
0.000000000000000000e+00 0.000000000000000000e+00
0.000000000000000000e+00 0.000000000000000000e+00
0.000000000000000000e+00 0.000000000000000000e+00
0.000000000000000000e+00 0.000000000000000000e+00
0.000000000000000000e+00 0.000000000000000000e+00
0.000000000000000000e+00 0.000000000000000000e+00
0.000000000000000000e+00 0.000000000000000000e+00
0.000000000000000000e+00 0.000000000000000000e+00
0.000000000000000000e+00 0.000000000000000000e+00
0.000000000000000000e+00 0.000000000000000000e+00
0.000000000000000000e+00 0.000000000000000000e+00
0.000000000000000000e+00 0.000000000000000000e+00
0.000000000000000000e+00 0.000000000000000000e+00
0.000000000000000000e+00 0.000000000000000000e+00
0.000000000000000000e+00 0.000000000000000000e+00
0.000000000000000000e+00 0.000000000000000000e+00
0.000000000000000000e+00 0.000000000000000000e+00
0.000000000000000000e+00 0.000000000000000000e+00
0.000000000000000000e+00 0.000000000000000000e+00
0.000000000000000000e+00 0.000000000000000000e+00
0.000000000000000000e+00 0.000000000000000000e+00
0.000000000000000000e+00 0.000000000000000000e+00
0.000000000000000000e+00 0.000000000000000000e+00
0.000000000000000000e+00 0.000000000000000000e+00
0.000000000000000000e+00 0.000000000000000000e+00
0.000000000000000000e+00 0.000000000000000000e+00
0.000000000000000000e+00 0.000000000000000000e+00
0.000000000000000000e+00 0.000000000000000000e+00
0.000000000000000000e+00 0.000000000000000000e+00
0.000000000000000000e+00 0.000000000000000000e+00
0.000000000000000000e+00 0.000000000000000000e+00
0.000000000000000000e+00 0.000000000000000000e+00
1.120851037804888317e-01 0.000000000000000000e+00
1.275605472217144598e+00 7.285433068068205564e-01
0.000000000000000000e+00 6.712845834939993317e+00
4.396717882631360652e+00 1.138897878776552552e+01
1.371068137011998544e+01 1.469964624619387727e+01
1.460717829734362994e+01 1.528498039512132145e+01
1.478947095912837817e+01 1.558921774283285266e+01
1.575376765251359679e+01 1.587508953092439512e+01
1.596123216480349605e+01 1.610215407607925187e+01
1.623532652578347424e+01 1.632925466123946734e+01
1.646136115575681558e+01 1.655421257431726190e+01
1.670386105172009295e+01 1.676534130027831182e+01
1.691324026189059637e+01 1.698704306813756304e+01
1.716609992234294779e+01 1.720687551711753471e+01
1.740833943747270141e+01 1.737421929036159796e+01
1.761502186106424972e+01 1.756918532613427431e+01
1.783788051759561810e+01 1.780044992651234637e+01
1.805528309289092093e+01 1.810951832049518728e+01
1.834500411983551871e+01 1.836290836864040443e+01
1.858635540002269337e+01 1.862129391912473508e+01
1.884423634456954488e+01 1.886598880737867390e+01
1.909697241609560692e+01 1.911338857502515154e+01
1.934984025078933101e+01 1.936076115702043055e+01
1.961637634415869158e+01 1.960138204907135773e+01
1.986382968763751222e+01 1.985515543504733316e+01
2.012671665491800255e+01 2.011773747898403286e+01
2.038731680571506644e+01 2.038352401662626434e+01
2.060095998433964581e+01 2.063999705264702555e+01
2.090955412690024318e+01 2.088641724682230816e+01
2.118229678173976893e+01 2.115141697966468826e+01
2.146948379898651638e+01 2.140316515907995054e+01
2.173372959240514746e+01 2.166788691459309391e+01
2.201890888595877982e+01 2.193780150076708324e+01
2.228374254631205531e+01 2.223135215925993080e+01
2.255958680049205967e+01 2.245899569210737923e+01
2.283997790518790083e+01 2.273626028556791923e+01
2.312466653102574554e+01 2.302963310036898292e+01
2.339453474484545126e+01 2.322222807067943151e+01
2.368886657691177788e+01 2.357754847919708041e+01
2.396167362204159446e+01 2.386118704152567105e+01
2.425214006087865926e+01 2.413834287940578349e+01
2.455976631254816311e+01 2.440586114628186465e+01
2.484330669034155292e+01 2.473489359380103281e+01
2.512752563235199332e+01 2.500501015219973056e+01
2.542437833159964100e+01 2.531022591601438165e+01
2.572529609095363412e+01 2.551102578768142948e+01
2.601191927079631938e+01 2.586822593657111824e+01
2.630075474179239947e+01 2.617093419664135823e+01
2.658750790295867006e+01 2.639859372679956451e+01
2.688725909740184861e+01 2.668861909123477005e+01
2.717569580371253224e+01 2.694259123463567462e+01
2.747009530121994203e+01 2.729194974017703146e+01
2.776877528591295174e+01 2.757237002554177252e+01
2.806952295708986966e+01 2.790745008285997031e+01
2.837782799419128921e+01 2.817154228443548902e+01
2.867332761380161799e+01 2.842878245599467490e+01
2.897148489628273182e+01 2.870351147204775799e+01
2.929076008540704024e+01 2.901760193883007943e+01
2.957377250255054690e+01 2.933539682483378996e+01
2.987057440571405920e+01 2.963269567127563775e+01
3.017366829172551945e+01 2.988385333255461518e+01
3.047914377658482366e+01 3.018280364929428217e+01
3.078104903488715749e+01 3.051045505583432771e+01
