0.000000000000000000e+00 0.000000000000000000e+00
0.000000000000000000e+00 0.000000000000000000e+00
0.000000000000000000e+00 0.000000000000000000e+00
0.000000000000000000e+00 0.000000000000000000e+00
0.000000000000000000e+00 0.000000000000000000e+00
0.000000000000000000e+00 0.000000000000000000e+00
0.000000000000000000e+00 0.000000000000000000e+00
3.406193172722783435e-01 1.098031935606083476e+00
1.101775114958494228e+00 1.460051710787851009e+00
1.541868131287338128e+00 1.647505523716775944e+00
1.749201411503704007e+00 1.723058544069101305e+00
1.826328402889173974e+00 1.880643319528678026e+00
1.984596461259554800e+00 1.979349180381773099e+00
2.106558479164632569e+00 2.155305585341740215e+00
2.202166288696970398e+00 2.311473293143982310e+00
2.346999700332460304e+00 2.444492993596760311e+00
2.483148647007107357e+00 2.589393822443407434e+00
2.635730302163722172e+00 2.715450672253061803e+00
2.786173215053583174e+00 2.844194433384998444e+00
2.929617064651906411e+00 2.967422467982995471e+00
3.060172579732531872e+00 3.092838791315334568e+00
3.183056963076705159e+00 3.218023792994090471e+00
3.341522868052534179e+00 3.320331827526993074e+00
3.451975258229596388e+00 3.471224850909415682e+00
3.599850374444284462e+00 3.569983034699854230e+00
3.700398059101819737e+00 3.723661778321871729e+00
3.850406630117418683e+00 3.820936847490070232e+00
3.980346212664118699e+00 3.924317272214247421e+00
4.115028452535455017e+00 4.059693209635521605e+00
4.249650741477824845e+00 4.193680246229190445e+00
4.381580953415100232e+00 4.321634263535687914e+00
4.515545658155527775e+00 4.467465262647793089e+00
4.648021725038714358e+00 4.590147544095705356e+00
4.794124383926918753e+00 4.737586764387720528e+00
4.880280672442191658e+00 4.915475890870833808e+00
5.054316242228280132e+00 5.011574201047416466e+00
5.192188695972656198e+00 5.134421235634940572e+00
5.324723874842848481e+00 5.276707966690015184e+00
5.466746255186721193e+00 5.414852269159013076e+00
5.601555757550147341e+00 5.546799332867873744e+00
5.741226937573800093e+00 5.654932802243945567e+00
5.884353481169355859e+00 5.797916140037374433e+00
6.023731591165419452e+00 5.974568734744942766e+00
6.168102270857890090e+00 6.072922116644088320e+00
6.304561216157257952e+00 6.231576521805124891e+00
6.446664393741685650e+00 6.350913586778272446e+00
6.587571096822364858e+00 6.461596933520304731e+00
6.718683725360154568e+00 6.634135211338891835e+00
6.851690373954252955e+00 6.776242528716692526e+00
6.989902504429434060e+00 6.912126958176584957e+00
7.131524385653449372e+00 7.047427503730783194e+00
7.269000053749084422e+00 7.184566464615361525e+00
7.409184812700596368e+00 7.296731145798255547e+00
7.546352693052352123e+00 7.441765372016365454e+00
7.683478778714740720e+00 7.599166022332834558e+00
7.818556825917596598e+00 7.707910017792621638e+00
7.966182775146714690e+00 7.818865563707785071e+00
8.108001922281385276e+00 7.960975603063490169e+00
8.242727071330765654e+00 8.098833468748464881e+00
8.389627550590411431e+00 8.269481643662341952e+00
8.524230856495590203e+00 8.421513251478842221e+00
8.664023242589962592e+00 8.557834260170263718e+00
8.805656308264980581e+00 8.666593634204026841e+00
8.946020884836354270e+00 8.808807271529882854e+00
9.091628565520782246e+00 8.944184007307365292e+00
9.227872043749753672e+00 9.097794835201938213e+00
9.358333958356476856e+00 9.195344491778588036e+00
9.500217099297580958e+00 9.315496041343088507e+00
9.638459557089220198e+00 9.508036294205547634e+00
9.784771422241396621e+00 9.627575291297494786e+00
9.923183212320997981e+00 9.793421022488525196e+00
1.006389577125636769e+01 9.914507092163376001e+00
1.020103605107523848e+01 1.006318422278754277e+01
1.034508569738671468e+01 1.020467908364730469e+01
1.049214380877729091e+01 1.030361786755740106e+01
1.062103942869730488e+01 1.046006105334937253e+01
1.077384169815802117e+01 1.059433657892139991e+01
1.091747186533326186e+01 1.070499236468398330e+01
1.105344271479526164e+01 1.092178115994084564e+01
1.120376381942736721e+01 1.101113236396422401e+01
1.133676178541316126e+01 1.115733484479892645e+01
1.147269037154091897e+01 1.129695249184376848e+01
1.162319679833723463e+01 1.145424177580613900e+01
1.176435266887763298e+01 1.153158460155853859e+01
1.190241510995189778e+01 1.175194817250585544e+01
1.203862457257147334e+01 1.188126218721068028e+01
1.219137735714538273e+01 1.197952589769307963e+01
1.232293776911244265e+01 1.209353216893258853e+01
1.246586927848225024e+01 1.226980205583031847e+01
1.260599503135756727e+01 1.238393410005926221e+01
1.274988917180021097e+01 1.257641835637764416e+01
1.289453521239351019e+01 1.270933024318106241e+01
1.304168253090603535e+01 1.281831423263895786e+01
1.317648271987963149e+01 1.291312476375271778e+01
1.332163673032032136e+01 1.315141457494796207e+01
1.347110047615854356e+01 1.324321974620616160e+01
1.360149570046560186e+01 1.339445894658414282e+01
1.375044719212003308e+01 1.353109172050056408e+01
1.387900889727789178e+01 1.366978401632350071e+01
1.401177883482044173e+01 1.374304125239933327e+01
1.416003573587747866e+01 1.397402275213384826e+01
