0.000000000000000000e+00 0.000000000000000000e+00
0.000000000000000000e+00 0.000000000000000000e+00
0.000000000000000000e+00 0.000000000000000000e+00
0.000000000000000000e+00 0.000000000000000000e+00
3.908273545559824182e-03 0.000000000000000000e+00
1.464676401273241023e-02 0.000000000000000000e+00
1.334253773433077550e-01 1.106290180595603800e-01
3.148643923150975521e-01 1.449672243813312500e+00
1.867336210854026790e+00 2.072875300346272542e+00
2.203417750908427841e+00 2.279083382449075934e+00
2.423843823098104977e+00 2.465805057609416817e+00
2.589807493393422977e+00 2.621739329586621370e+00
2.785790354593630447e+00 2.764117227300181501e+00
2.956148666721230889e+00 2.935886525273450065e+00
3.129183446216052822e+00 3.111252670759006911e+00
3.310774128419454065e+00 3.269679514355815275e+00
3.458004532530527531e+00 3.521157886773391699e+00
3.681712617814361543e+00 3.643434530429978668e+00
3.828864937794562273e+00 3.899139816089437272e+00
4.018932507085848371e+00 4.082696556836014956e+00
4.262669143093596347e+00 4.193134379417565505e+00
4.444652187537771582e+00 4.378730391022435775e+00
4.621017398656227293e+00 4.558029823908614553e+00
4.805189349885551131e+00 4.740311053537091368e+00
4.910378188389125320e+00 4.977460465227165898e+00
5.165489452851791619e+00 5.122504837669144884e+00
5.359667746064047833e+00 5.286883547708371545e+00
5.551517928003238289e+00 5.467637009394203496e+00
5.731906826206981442e+00 5.652380448923673306e+00
5.921476520777983588e+00 5.871408944389547635e+00
6.112812091267149306e+00 6.036424022080952412e+00
6.302408411023579404e+00 6.232501203939910361e+00
6.504151888990334918e+00 6.434821480554619555e+00
6.684767448367511022e+00 6.626555598851389561e+00
6.884311852517623898e+00 6.790839237852770438e+00
7.070512538509890810e+00 7.002994090614832245e+00
7.270540402793784551e+00 7.197926201007228464e+00
7.455575801237588784e+00 7.389517069390461046e+00
7.642545554129761776e+00 7.571443510300467139e+00
7.845130473004560123e+00 7.754273919851640606e+00
8.036071085162014072e+00 7.967714429728257386e+00
8.238475852456828008e+00 8.142863013516970838e+00
8.432830329658465018e+00 8.325655564059605496e+00
8.628547210171500836e+00 8.470942992231831781e+00
8.818574750063463696e+00 8.646540579116603453e+00
9.007439885430805759e+00 8.903701217754823816e+00
9.202080222238571139e+00 9.081339247696304184e+00
9.391321083416565685e+00 9.243844873791536187e+00
9.581968861592642384e+00 9.451357566542899491e+00
9.769710449811944031e+00 9.639777648315774883e+00
9.978435605828767763e+00 9.818793453312983033e+00
1.016169770415505447e+01 9.996303892072432973e+00
1.037350393576714502e+01 1.015974637097410849e+01
1.056254519024546390e+01 1.040968971851918390e+01
1.074667577100762728e+01 1.060740744437686622e+01
1.093763892490427558e+01 1.077843222183366301e+01
1.114779529168759709e+01 1.094689676482026286e+01
1.132723850980227454e+01 1.109833294238598178e+01
1.152760132273317772e+01 1.127808543985223189e+01
1.171476882943325926e+01 1.152646880377052341e+01
1.189968521377783262e+01 1.169155990740979512e+01
1.210424347687988522e+01 1.194865345447061244e+01
1.231069957750446342e+01 1.213087620505213593e+01
1.249567612967233288e+01 1.232564733462679030e+01
1.269340357449743095e+01 1.242727232148931371e+01
1.290748297812252865e+01 1.263686960606237619e+01
1.309748595878925670e+01 1.291292012513435061e+01
1.330112174637861422e+01 1.307988334498547189e+01
1.348813798628233585e+01 1.318611925825811504e+01
1.368332680250340694e+01 1.342983898778073382e+01
1.389540656418220976e+01 1.365360034570620762e+01
1.407564670787637695e+01 1.380422071973247355e+01
1.427926581146045848e+01 1.401037215221220755e+01
1.446643932695928925e+01 1.423837435780692573e+01
1.466677234078677117e+01 1.442186776790588532e+01
1.486952219023402932e+01 1.456559625836946559e+01
1.505982571805391856e+01 1.473919227757229500e+01
1.525915807481639419e+01 1.497041750314655673e+01
1.545740793872568730e+01 1.523499857374883604e+01
1.563950910493509561e+01 1.537204399658118170e+01
1.585070332490661293e+01 1.556171278848561812e+01
1.604157740514852293e+01 1.571242432154031654e+01
1.626703317374634494e+01 1.598911527426674084e+01
1.644235318114917277e+01 1.617483455034492223e+01
1.663973377796110853e+01 1.640817083065922333e+01
1.683112413247204842e+01 1.658321945074931136e+01
1.703555934830826857e+01 1.669161520054085202e+01
1.722408108166784757e+01 1.687146979691664583e+01
1.741640348988830667e+01 1.711220229737772414e+01
1.762533420144986707e+01 1.729004283092949379e+01
1.781223080080738796e+01 1.750805475483062423e+01
1.802062917788276053e+01 1.763872918463199468e+01
1.821586580142952627e+01 1.791613513037359695e+01
1.841994936764099577e+01 1.809506072727483783e+01
1.861390346447800326e+01 1.827764216002569597e+01
1.881300204187898473e+01 1.849195186132249091e+01
1.899785317165521903e+01 1.867367185274375885e+01
1.919764461691120871e+01 1.886440638489097665e+01
1.939661127754020953e+01 1.907439064236369219e+01
1.961821915043205067e+01 1.930522758900124813e+01
1.979975455401557483e+01 1.950963143056218030e+01
