0.000000000000000000e+00 0.000000000000000000e+00
0.000000000000000000e+00 0.000000000000000000e+00
0.000000000000000000e+00 0.000000000000000000e+00
0.000000000000000000e+00 0.000000000000000000e+00
0.000000000000000000e+00 0.000000000000000000e+00
0.000000000000000000e+00 1.456739124817520548e+00
0.000000000000000000e+00 0.000000000000000000e+00
0.000000000000000000e+00 0.000000000000000000e+00
1.262477789702535436e+00 3.439203646049325158e+00
3.558185188528859566e+00 4.559376450555413740e+00
4.917487503505863167e+00 4.977200162650254001e+00
4.962108219524761665e+00 4.991383395632458253e+00
5.080573772656980402e+00 5.115772201614350756e+00
5.149346098759350454e+00 5.145588809472493530e+00
5.281518292322795460e+00 5.373008880716983349e+00
5.483725203875275511e+00 5.554360003782288224e+00
5.698333071491583190e+00 5.867182231722024355e+00
5.835740743865820868e+00 6.095921973591827303e+00
6.068111893398469903e+00 6.335017363543784086e+00
6.249433295681899203e+00 6.599270503366768459e+00
6.502724491717013500e+00 6.789711735837471451e+00
6.767114305713221256e+00 6.986904549003362774e+00
6.947533730999573720e+00 7.173349132617527601e+00
7.126844819088658411e+00 7.358172339230973691e+00
7.304463365500216909e+00 7.533702557840752156e+00
7.485991826251658487e+00 7.719130688730182932e+00
7.667531822114864504e+00 7.889560801061619166e+00
7.937309320993266581e+00 8.060367923349305741e+00
8.081512248843557344e+00 8.228999711921458626e+00
8.254367117891382222e+00 8.399803045066889240e+00
8.452577046574504038e+00 8.560851791174981074e+00
8.641237547481086523e+00 8.728995712627702019e+00
8.811510917324286041e+00 8.899276189088404010e+00
8.956502137312474687e+00 9.067190568854845978e+00
9.157274283153482131e+00 9.231832098146290022e+00
9.273791362288946516e+00 9.396151534476830491e+00
9.464252874941857741e+00 9.552210234667066757e+00
9.625288657464110997e+00 9.722645023123925867e+00
9.777321056126693222e+00 9.889124979695724349e+00
9.921733149034192678e+00 1.004643925354344525e+01
1.008638122771032641e+01 1.021025072780303411e+01
1.024942042230070349e+01 1.037003212461662649e+01
1.046619670836127192e+01 1.054530711862559933e+01
1.059940591736940974e+01 1.070762121257467392e+01
1.074738528681968397e+01 1.086389327169711549e+01
1.094012322642576329e+01 1.102992231779038868e+01
1.117161667502229960e+01 1.101902820708638764e+01
1.133515186635266936e+01 1.109607383172554584e+01
1.126114318121123326e+01 1.149633878599362902e+01
1.165134041190746927e+01 1.143617970496968539e+01
1.180703294432887596e+01 1.156410475051706399e+01
1.176249047116800561e+01 1.197148820764794763e+01
1.190422980241924300e+01 1.214576104392190281e+01
1.206459897745639864e+01 1.231092768765491208e+01
1.219282585240078909e+01 1.246799949205908398e+01
1.262089786192675511e+01 1.241240430431997943e+01
1.257464652316731346e+01 1.280052870948261656e+01
1.297011146401402470e+01 1.275599560227664497e+01
1.313871310320296182e+01 1.291881042337412389e+01
1.331109871980845405e+01 1.311866748279787487e+01
1.347495611409786420e+01 1.321741424230702933e+01
1.339080172096897670e+01 1.363676757338497403e+01
1.380967830063710444e+01 1.359259332085727223e+01
1.399431255197472446e+01 1.377187517251555882e+01
1.415134639295012953e+01 1.398790520832891993e+01
1.431929806841042385e+01 1.405957483654191797e+01
1.450454743605554775e+01 1.428853983524920856e+01
1.467567003903300638e+01 1.447553105529160966e+01
1.486632621604971938e+01 1.464982005705164880e+01
1.483658325359861863e+01 1.501056217082810029e+01
1.520129391557219911e+01 1.500467130632190838e+01
1.538181879592873003e+01 1.517671432494748451e+01
1.533232724543185910e+01 1.552439012820457265e+01
1.572156314984889214e+01 1.552299130510030700e+01
1.589675722383428713e+01 1.570150247955681344e+01
1.607114297073113818e+01 1.587678100142416326e+01
1.605538941884417170e+01 1.622628731732343610e+01
1.643190983963641827e+01 1.617756269651733803e+01
1.640124027944726137e+01 1.656094419280173824e+01
1.676166321056330233e+01 1.650554581255628861e+01
1.675690304885414150e+01 1.689560286544971035e+01
1.710626037577551983e+01 1.693140602296178088e+01
1.728912078258010254e+01 1.710920320576310161e+01
1.746939039191075693e+01 1.721757255647251483e+01
1.764911409050492708e+01 1.747088382422008124e+01
1.783545915232518553e+01 1.761939653384710525e+01
1.801721884964904064e+01 1.777630611003080929e+01
1.800737026325568024e+01 1.814501786430133734e+01
1.835070143780711049e+01 1.818189055111189134e+01
1.853909758189367807e+01 1.833114587317725963e+01
1.872835017836058569e+01 1.853829668039690759e+01
1.891192027593697489e+01 1.870101441588129987e+01
1.909893393322964883e+01 1.890234309947809876e+01
1.904273862972259579e+01 1.922068678896909333e+01
1.945069332114458760e+01 1.926785830444748271e+01
1.963636195599045564e+01 1.939343868841085694e+01
1.981094433106368768e+01 1.956168033286205343e+01
2.000809266622178839e+01 1.973704416443551324e+01
2.019663764488228708e+01 1.995762076707478272e+01
2.037403193327119766e+01 2.016382665561312137e+01
2.057558572504412098e+01 2.041840040729047345e+01
