0.000000000000000000e+00 0.000000000000000000e+00
0.000000000000000000e+00 0.000000000000000000e+00
0.000000000000000000e+00 0.000000000000000000e+00
0.000000000000000000e+00 0.000000000000000000e+00
0.000000000000000000e+00 0.000000000000000000e+00
0.000000000000000000e+00 0.000000000000000000e+00
0.000000000000000000e+00 0.000000000000000000e+00
0.000000000000000000e+00 5.396531839156418903e-02
6.569787650552771918e-02 0.000000000000000000e+00
4.803538437465296740e-01 2.327421493538926356e+00
5.029433663571878377e+00 5.205094785066741281e+00
5.693754769190124243e+00 5.709267643388800550e+00
5.695120985500853550e+00 5.695688827901973283e+00
5.717796521985015978e+00 5.726601791985123313e+00
5.768852186181527841e+00 5.840349008780420625e+00
5.892449968070976318e+00 6.101094935506565342e+00
6.113604916166059056e+00 6.314368480838219000e+00
6.182164907658783015e+00 6.542391165279091148e+00
6.479474278404336651e+00 6.827952281752170727e+00
6.693520137779196411e+00 7.016634466041537621e+00
6.992297970758975190e+00 7.251169550879423831e+00
7.223361586275190760e+00 7.477675414826414624e+00
7.414116942637906327e+00 7.643315563413382030e+00
7.627294337050708251e+00 7.820495632300794142e+00
7.806229095593042011e+00 8.002747896558913610e+00
8.012596172440195730e+00 8.174015078982588278e+00
8.175828146335305746e+00 8.348430489445593849e+00
8.378623468280814279e+00 8.514816710964719704e+00
8.545617843685691994e+00 8.673733233155793698e+00
8.717103072659169172e+00 8.845295236987530174e+00
8.873218747441303123e+00 9.013926504704624421e+00
9.075057761615516583e+00 9.186406109083277371e+00
9.247438486145828307e+00 9.343577339803710302e+00
9.402203049691205905e+00 9.515013367493464713e+00
9.569291800006761051e+00 9.676970773201974296e+00
9.733070717798078419e+00 9.844446365203598504e+00
9.866747193299499230e+00 1.000423083834768789e+01
1.002941846950324134e+01 1.017324443184271310e+01
1.018651591856328587e+01 1.032960459709281942e+01
1.031717754583079305e+01 1.049537102336939220e+01
1.047503234125820981e+01 1.066135561467674364e+01
1.061032328928270729e+01 1.081592237075379614e+01
1.078165593339824468e+01 1.096548348222830960e+01
1.108555660172941515e+01 1.091656764636768528e+01
1.100969544149132595e+01 1.127118702140004558e+01
1.125106926681422159e+01 1.143021469670954637e+01
1.139408541250816853e+01 1.159373440524721310e+01
1.152254650110967660e+01 1.176133485817719837e+01
1.171687759512420435e+01 1.192913308802264183e+01
1.186023068993344687e+01 1.210030171811166788e+01
1.206845528626852726e+01 1.225635554771788271e+01
1.222855429126010662e+01 1.241170155251566598e+01
1.236141660034908796e+01 1.257657329628075615e+01
1.272194260163488089e+01 1.252355855213931868e+01
1.265991675780073322e+01 1.289886905046705223e+01
1.286784705201940682e+01 1.305003482697722994e+01
1.320906594099661291e+01 1.298198357568778150e+01
1.336951157571111715e+01 1.312510293912225556e+01
1.352201478304188065e+01 1.324906425381903396e+01
1.348455032290737066e+01 1.369443543175297506e+01
1.385155467440884891e+01 1.359420115782425853e+01
1.400659392022016370e+01 1.381468567649748103e+01
1.417660154863447630e+01 1.393269927260451446e+01
1.433488750054657856e+01 1.409691820212564828e+01
1.450134577571579086e+01 1.430116668645203148e+01
1.440684389534814613e+01 1.467671091621950730e+01
1.464078680212748296e+01 1.482399466334048554e+01
1.479088347995473640e+01 1.500522019533727480e+01
1.517751115724983890e+01 1.500053464604503439e+01
1.534944710783703670e+01 1.508715778181103495e+01
1.551691256972183020e+01 1.528201569127296189e+01
1.569070022895425609e+01 1.548528107997725911e+01
1.585883515607577365e+01 1.565921952037840015e+01
1.603953010101597698e+01 1.583959040431913579e+01
1.599530455283029262e+01 1.619245819151968391e+01
1.617926831065911486e+01 1.636457580904242448e+01
1.655854487525033747e+01 1.635168042727863735e+01
1.652520779689570674e+01 1.671379825575053601e+01
1.690066215297261110e+01 1.662999485326051641e+01
1.707763550470992087e+01 1.686430939524542794e+01
1.724752214442914422e+01 1.699345510823684791e+01
1.744896397358236229e+01 1.719320603675554437e+01
1.761879948907249371e+01 1.738024654276276593e+01
1.757520363371963157e+01 1.775845873756471960e+01
1.796661048698485175e+01 1.771058906160470414e+01
1.813579935709821811e+01 1.786214583449024218e+01
1.810985578160002163e+01 1.828034891623998703e+01
1.849334479636717532e+01 1.826136829203246137e+01
1.867429333163483918e+01 1.844789107373709314e+01
1.884851943317186951e+01 1.857303978303590242e+01
1.903941444255276494e+01 1.874480818906243940e+01
1.921904146105058686e+01 1.900357079282846229e+01
1.939957119442045652e+01 1.911344163272272567e+01
1.959278002167166832e+01 1.934842782124113469e+01
1.976992645334409815e+01 1.955333647001224762e+01
1.994937274893911194e+01 1.968787027316584570e+01
1.989170663730394040e+01 2.008204974344836558e+01
2.029661532768254872e+01 2.003507118481040550e+01
2.047363865884224410e+01 2.025971606321122209e+01
2.064903625001736032e+01 2.035645567881161355e+01
2.084237310484759220e+01 2.066051275652734631e+01
