0.000000000000000000e+00 0.000000000000000000e+00
0.000000000000000000e+00 0.000000000000000000e+00
4.212464690767762400e-03 0.000000000000000000e+00
2.554496293220806860e-03 0.000000000000000000e+00
1.364121336430713580e-02 0.000000000000000000e+00
3.438008717542218734e-02 0.000000000000000000e+00
3.501738184033520440e-02 9.741932119029014236e-01
1.529399139250555262e+00 1.740069205950153464e+00
1.899565733577972315e+00 1.952767798897206752e+00
2.087285611979402322e+00 2.122960688542207652e+00
2.255478035242747037e+00 2.289394038626265448e+00
2.432555747372002308e+00 2.476570712015014220e+00
2.605693771625785971e+00 2.647841665622620244e+00
2.801796123463287991e+00 2.829082290654057363e+00
3.006975538635312084e+00 2.979951610407535867e+00
3.162482254684791716e+00 3.188816468122112280e+00
3.376722721300374541e+00 3.346685082441075210e+00
3.558310048844840701e+00 3.535304914012245003e+00
3.756183069353165038e+00 3.706291013682654345e+00
3.936285337439973553e+00 3.885419724847670064e+00
4.126837908728297144e+00 4.078678583075196151e+00
4.319128801127824602e+00 4.254879365586245576e+00
4.503645748161527962e+00 4.473936631115871698e+00
4.653186607210778369e+00 4.669100339167767899e+00
4.860713055366101543e+00 4.833761213070290275e+00
5.063543342078230758e+00 5.046244774886430307e+00
5.260904809796608461e+00 5.230132917480646348e+00
5.452521698428276942e+00 5.402418478560270465e+00
5.645467258885503270e+00 5.609082034093379576e+00
5.845896411146255467e+00 5.776692361418521493e+00
6.036147418645646745e+00 6.019751355510395641e+00
6.232268311711434805e+00 6.162413588139489029e+00
6.427093903531694075e+00 6.307751360189996603e+00
6.627199396152383848e+00 6.549355380117063419e+00
6.824506098633047024e+00 6.713715449025922766e+00
7.020854711489988631e+00 6.921821529996917910e+00
7.220894011538960378e+00 7.140153493279689734e+00
7.413731494030978197e+00 7.302520244495031676e+00
7.609016271976453361e+00 7.536887827096899528e+00
7.798669766237940948e+00 7.685576185613941291e+00
8.002694749797980123e+00 7.871953607745239445e+00
8.193834025395787535e+00 8.066037351749272943e+00
8.387505166815882873e+00 8.284122307792928908e+00
8.584967376816791784e+00 8.491646267476044230e+00
8.781564263767359435e+00 8.633354466247546100e+00
8.977071166733679775e+00 8.831057971341843782e+00
9.159165671418781685e+00 9.030736301843221625e+00
9.359608847470747506e+00 9.216995420650585302e+00
9.560640100356168958e+00 9.432675454975610663e+00
9.750442991605819287e+00 9.655954611761430328e+00
9.959169420976088816e+00 9.871526287709979641e+00
1.014893664695676279e+01 9.974436615237994630e+00
1.034791103928819567e+01 1.024865034998881086e+01
1.054024974901633271e+01 1.037091447280583978e+01
1.073402956487110416e+01 1.049310973651096646e+01
1.093610335548481061e+01 1.073979644720458104e+01
1.112573611559179909e+01 1.093992627351347302e+01
1.132781643591518161e+01 1.114265559683069107e+01
1.151545110089150370e+01 1.137423137598067591e+01
1.171301692842236442e+01 1.148093549127464996e+01
1.191287085918856903e+01 1.173811760409975768e+01
1.211070978833291889e+01 1.192059920048450117e+01
1.230471390827090339e+01 1.210889374380943018e+01
1.250001647612163325e+01 1.229098000968469506e+01
1.268009515841448831e+01 1.247275213314608244e+01
1.288007727054902674e+01 1.267443137863252112e+01
1.306505113532989526e+01 1.292847204938616024e+01
1.325775616362000697e+01 1.310652608629914262e+01
1.344606383988794818e+01 1.319699265549882483e+01
1.342921422577800961e+01 1.352622673203650194e+01
1.380271809713444497e+01 1.360867326299603874e+01
1.398299613264462771e+01 1.386048334403078286e+01
1.418409353320737409e+01 1.386462257171683099e+01
1.439018759256762614e+01 1.411948239771550817e+01
1.457865688339233934e+01 1.429845462223716090e+01
1.477240097056406931e+01 1.453246751468605424e+01
1.495824782923416940e+01 1.467127098128830198e+01
1.516250027242184117e+01 1.493845835183714144e+01
1.535989572365840239e+01 1.521101467338360536e+01
1.557289013046556114e+01 1.523914913585584507e+01
1.576351118504924287e+01 1.551057856601295448e+01
1.596059632105800752e+01 1.571091190641289970e+01
1.613665634779093949e+01 1.592350970034308766e+01
1.635538149116495887e+01 1.617116602627387323e+01
1.653336922272239917e+01 1.626747787988342608e+01
1.673892751050808414e+01 1.652107931039479638e+01
1.693344106439226948e+01 1.667497094760075527e+01
1.712902904591902242e+01 1.685456624205783882e+01
1.732599754652495605e+01 1.703501456384663015e+01
1.752287855258930094e+01 1.726929458742470658e+01
1.773853116453374668e+01 1.746407241683275657e+01
1.792693055640959088e+01 1.763296394105023168e+01
1.813345324953442628e+01 1.790013303922177812e+01
1.832258156980176622e+01 1.797066772967129467e+01
1.853529935229145664e+01 1.824865953087331150e+01
1.873298459433346608e+01 1.842791541518753817e+01
1.893116114911481418e+01 1.864353558200042116e+01
1.913794169930937272e+01 1.887020831947844002e+01
1.933142652408542972e+01 1.901991884752104411e+01
1.953749461159609169e+01 1.928155381734201157e+01
1.972341995273239235e+01 1.947869876853346938e+01
