0.000000000000000000e+00 0.000000000000000000e+00
0.000000000000000000e+00 0.000000000000000000e+00
0.000000000000000000e+00 0.000000000000000000e+00
0.000000000000000000e+00 0.000000000000000000e+00
0.000000000000000000e+00 0.000000000000000000e+00
0.000000000000000000e+00 0.000000000000000000e+00
0.000000000000000000e+00 0.000000000000000000e+00
0.000000000000000000e+00 8.098745125298122405e-01
1.235167821273803757e+00 3.876366959171478221e+00
3.957272349894568553e+00 3.451277925145950221e+00
4.387650081122302481e+00 4.406941930343618807e+00
4.557191979912927238e+00 4.574334068380825791e+00
4.634398577168870936e+00 4.627470047986135704e+00
4.722753295333254719e+00 4.817717155306245225e+00
4.923745281986821709e+00 4.938957049772585428e+00
5.041067411300979018e+00 5.287992676646607215e+00
5.277191373399002572e+00 5.564396436117965195e+00
5.488864759189074682e+00 5.737031372202062052e+00
5.665916732112719068e+00 5.994158685391558272e+00
5.871731780983659554e+00 6.214123435383967831e+00
6.202328003294768521e+00 6.416656497728529196e+00
6.398599660726851823e+00 6.587207259405237991e+00
6.613398924303945492e+00 6.771844810352178889e+00
6.788129347664193070e+00 6.958349693492381860e+00
6.936142083315487206e+00 7.129530637154840811e+00
7.135220209234058864e+00 7.311386110231066660e+00
7.289442573597274766e+00 7.482353620548977347e+00
7.514983370399169971e+00 7.647860040745076304e+00
7.703815299391728821e+00 7.812027436626268084e+00
7.876801802667367625e+00 7.972617123449913912e+00
8.023144033284369314e+00 8.137540625996116717e+00
8.182942031325566745e+00 8.291709823299404647e+00
8.344145045899919566e+00 8.454928686226047319e+00
8.512938832637942710e+00 8.619313268798537209e+00
8.672488902789666554e+00 8.777501628759463159e+00
8.818358495610338466e+00 8.932596236505977672e+00
8.989315335882059443e+00 9.078827649773664632e+00
9.222834025318158879e+00 9.110080144640527067e+00
9.366457305136432154e+00 9.254842781646166472e+00
9.527571326109844918e+00 9.296093827834779333e+00
9.679895735096785359e+00 9.469325718092298061e+00
9.674301326769789711e+00 9.856357508059019779e+00
1.000078792461272137e+01 9.878683428964134094e+00
9.985765571553377740e+00 1.016752297292231866e+01
1.012567860097958672e+01 1.032383349441014708e+01
1.047469185509954492e+01 1.032429005414585710e+01
1.062918857799692596e+01 1.045896660221413477e+01
1.079774838206299492e+01 1.069510953782226714e+01
1.078696498512314506e+01 1.095506730594252609e+01
1.098836416165684682e+01 1.113352583772152471e+01
1.130440597806806302e+01 1.113154357046365561e+01
1.147009453011249391e+01 1.130684152951481813e+01
1.145530969174791913e+01 1.162932807779496613e+01
1.170096467158262143e+01 1.178733086521136997e+01
1.197449285687024201e+01 1.187136271503608320e+01
1.213407295136036446e+01 1.201768505650887953e+01
1.216924330275210586e+01 1.229582416215037988e+01
1.247896020710741283e+01 1.236020015302712061e+01
1.266008518028948515e+01 1.252351213930422347e+01
1.283724956529643180e+01 1.269210105646666698e+01
1.301149293310353627e+01 1.283111443177432776e+01
1.318758431279457177e+01 1.309071792759908526e+01
1.336633225522174051e+01 1.322566218271592398e+01
1.354075038368145378e+01 1.339776660069490610e+01
1.373186484887968106e+01 1.360270717272498509e+01
1.390886290432482575e+01 1.373959973038717486e+01
1.410147945565043948e+01 1.392500541250652368e+01
1.429390024173218876e+01 1.412658767809702631e+01
1.446413855955313466e+01 1.435798883095391254e+01
1.465951436175927469e+01 1.452933492038633645e+01
1.482936682612447754e+01 1.468151173509142460e+01
1.502362660718852716e+01 1.486291490649747082e+01
1.520277197807863878e+01 1.504729385103281913e+01
1.538930914015984897e+01 1.521459977250394147e+01
1.559305984585817662e+01 1.540111789763030181e+01
1.576383212051933036e+01 1.554368743176150858e+01
1.595125148663047554e+01 1.577616178975378425e+01
1.614548000694450280e+01 1.598351139127077936e+01
1.632714612972209167e+01 1.613511346866001617e+01
1.651438588903790361e+01 1.629252723492471588e+01
1.669993101936639590e+01 1.649990440553880688e+01
1.688959639447300631e+01 1.668100190174190800e+01
1.707380975869994444e+01 1.685389210985759334e+01
1.726351415880845153e+01 1.705904233001850301e+01
1.744743951625438783e+01 1.721522752394531608e+01
1.763627238492846416e+01 1.743335397684860411e+01
1.782505193889806350e+01 1.751129164705014318e+01
1.800698164630216880e+01 1.774343058507714233e+01
1.819481729956158844e+01 1.793488786233205090e+01
1.838954845143882011e+01 1.808318278098309762e+01
1.856740479434635915e+01 1.824407715963037191e+01
1.875063267173291592e+01 1.851872157347239778e+01
1.894489226850594576e+01 1.861452431107122152e+01
1.912549769862176774e+01 1.886148370297003396e+01
1.930150827808899905e+01 1.902975485998106109e+01
1.949592200565562550e+01 1.920058607529668038e+01
1.968652846554039471e+01 1.942980996721975018e+01
1.988422869862947806e+01 1.958722903790901171e+01
1.978974585159523158e+01 1.998582907236957951e+01
1.993717029806365559e+01 2.013865042704659203e+01
2.039397802209301247e+01 2.014883211131241936e+01
