0.000000000000000000e+00 0.000000000000000000e+00
0.000000000000000000e+00 0.000000000000000000e+00
0.000000000000000000e+00 0.000000000000000000e+00
0.000000000000000000e+00 0.000000000000000000e+00
0.000000000000000000e+00 0.000000000000000000e+00
0.000000000000000000e+00 0.000000000000000000e+00
0.000000000000000000e+00 3.594384013377031284e+00
3.242106876724338171e+00 4.825038765647456707e+00
4.939324451479402356e+00 4.943801046900511587e+00
4.964225171346698495e+00 4.968515612799704328e+00
4.961633031258052107e+00 4.958944547872573771e+00
4.950200492392934137e+00 4.950147218007127314e+00
4.964754852174261934e+00 4.949980747241392365e+00
5.001228656712600085e+00 5.000228926766217441e+00
5.045695244368145538e+00 5.045509528247031916e+00
5.117670105022622984e+00 5.264915227949508392e+00
5.301468606071207290e+00 5.498742067761119401e+00
5.502074266086984800e+00 5.732694459745843574e+00
5.668511804673289411e+00 5.973225897331302825e+00
5.933076123685814274e+00 6.169449576777918942e+00
6.108367487305009114e+00 6.364550066941137452e+00
6.336905529247707669e+00 6.536713154599997466e+00
6.512194978194405515e+00 6.717667700598488167e+00
6.750446595385415804e+00 6.906429458385673570e+00
6.902218161106620897e+00 7.074425784728826549e+00
7.078346593292579314e+00 7.236216147336615556e+00
7.276243236437891504e+00 7.409175476101149016e+00
7.461309716369441070e+00 7.570589414637303172e+00
7.622923611412029565e+00 7.751274583501832183e+00
7.788528982394874234e+00 7.916652259965078819e+00
7.931241224134623735e+00 8.089533178078388787e+00
8.051506976436684226e+00 8.248825058429110513e+00
8.196368368887842593e+00 8.410794477009174486e+00
8.410423716055891674e+00 8.576277290153180743e+00
8.582705913836090161e+00 8.735334518719996666e+00
8.760514755907905737e+00 8.898771382643754890e+00
8.933912938804716930e+00 9.058460216346507110e+00
9.187818430329944164e+00 9.048802421992812484e+00
9.238447563907392635e+00 9.365466308446317001e+00
9.339487107141772881e+00 9.515440784865997870e+00
9.546536749747803086e+00 9.677418314139906386e+00
9.716580422240122417e+00 9.836792417467941974e+00
9.863954962414748451e+00 1.000029518638680770e+01
1.005096463475310387e+01 1.016396790797055694e+01
1.019669796114967752e+01 1.033536828036022825e+01
1.040599493046791757e+01 1.049980505922136942e+01
1.065355271002880144e+01 1.056782714236782184e+01
1.082954519786015624e+01 1.066261548122852254e+01
1.098880912728028925e+01 1.082736801768755974e+01
1.115461234328608064e+01 1.096778797171306508e+01
1.132564225954087433e+01 1.114039279358487100e+01
1.133164923141061564e+01 1.149808855434435451e+01
1.167362443787747672e+01 1.150227258733035640e+01
1.184267218247717324e+01 1.166497799482396580e+01
1.201293210152654467e+01 1.183211947042647694e+01
1.200372305139656781e+01 1.216827197608490074e+01
1.234838441554999733e+01 1.220654551498889440e+01
1.252254546935252044e+01 1.235762725876939250e+01
1.268943281469210227e+01 1.255000432331072346e+01
1.285340389574556497e+01 1.272982682132268017e+01
1.304011153118601385e+01 1.290771448944954081e+01
1.322010290706821500e+01 1.308270285988979964e+01
1.340333114429635941e+01 1.328279570990460279e+01
1.358310056050100556e+01 1.344470907912219104e+01
1.376776983248730168e+01 1.361775928357283405e+01
1.395697766307409005e+01 1.381387854867483966e+01
1.413557131555115554e+01 1.400272122292194865e+01
1.431704832400696858e+01 1.416629824497920609e+01
1.449747071103582918e+01 1.436005580676949123e+01
1.468726206299368364e+01 1.454429577052922973e+01
1.487243108083321097e+01 1.469958411111100638e+01
1.505456339527504639e+01 1.489056714540475568e+01
1.524085558461942647e+01 1.502745426200807088e+01
1.542302532457690667e+01 1.517108757315175893e+01
1.560140955366056126e+01 1.541259859716075198e+01
1.579209308950493806e+01 1.564046409101198165e+01
1.597064918373700948e+01 1.581493271498300857e+01
1.614849514731826119e+01 1.592988341406059760e+01
1.613154137410760569e+01 1.626096533833754165e+01
1.649161909411843396e+01 1.632985419913810077e+01
1.665992350279416101e+01 1.650173809118350121e+01
1.684554578496800659e+01 1.665111292275089383e+01
1.704086572890208728e+01 1.682874028739502492e+01
1.722079000742748534e+01 1.707844461716895168e+01
1.740857986080415287e+01 1.722168044797772168e+01
1.758493018605826919e+01 1.743527711198379748e+01
1.777926670090817041e+01 1.757924850406728368e+01
1.796263570502457085e+01 1.779267569562966145e+01
1.815155647049426690e+01 1.795660853323622419e+01
1.833096488239464605e+01 1.815841987710237149e+01
1.851015961935158316e+01 1.830463144459772451e+01
1.869952849897714842e+01 1.853506871786962762e+01
1.889890579200827858e+01 1.865238073527011053e+01
1.906360678213239268e+01 1.886044210059581872e+01
1.927846997993376021e+01 1.902555246448238790e+01
1.946105799517759749e+01 1.927811636053953492e+01
1.964041365800688155e+01 1.944028424369198049e+01
1.984646522431150117e+01 1.964432957869530938e+01
2.001036462369603797e+01 1.984634385804914203e+01
2.021493698757099367e+01 2.002098800045979132e+01
2.039582258135452619e+01 2.021986561043683039e+01
