0.000000000000000000e+00 0.000000000000000000e+00
0.000000000000000000e+00 0.000000000000000000e+00
0.000000000000000000e+00 0.000000000000000000e+00
0.000000000000000000e+00 0.000000000000000000e+00
0.000000000000000000e+00 0.000000000000000000e+00
4.955201893864418644e-02 0.000000000000000000e+00
3.238478511941759730e-01 5.200351500151535744e-02
3.257416826051068304e-01 6.077335616395769524e-02
2.107524941537343988e-01 6.937282651410185685e-02
8.375902496521615836e-02 4.215049661239234635e-01
3.817727371818659399e-01 8.309841143534942631e+00
8.237219315433009115e+00 8.215351164756917512e+00
8.045943796806213300e+00 7.708256034851174832e+00
8.495149663280356478e+00 8.524661781764491408e+00
8.480918140182485132e+00 8.631961608529753249e+00
8.624627188784396381e+00 8.935927755183119103e+00
8.766053640236702194e+00 9.176554609042780086e+00
9.102645952672293816e+00 9.426484929375046562e+00
9.331643669121667983e+00 9.613906240729786390e+00
9.494492917404864230e+00 9.797199181057729689e+00
9.678525239334538455e+00 9.989458041588326509e+00
9.959512595501799126e+00 1.015833863433808837e+01
1.016221519689515773e+01 1.032393671047707784e+01
1.031305445738376925e+01 1.051514707661100090e+01
1.050840997888177242e+01 1.069621993368902402e+01
1.067654383547149166e+01 1.087822999468471963e+01
1.087113322109756552e+01 1.104968827382938024e+01
1.100786185755974067e+01 1.121740369522005132e+01
1.119441161559029752e+01 1.138396926298376854e+01
1.137627368793098803e+01 1.154408137426992553e+01
1.154650963239034667e+01 1.169801267252241850e+01
1.171750201656301904e+01 1.186690198217592496e+01
1.190707229627356512e+01 1.203452049333361629e+01
1.205947799502254725e+01 1.220039928586767708e+01
1.224539634007226852e+01 1.237164422507444073e+01
1.238508672000483912e+01 1.253394570135146502e+01
1.255518168026473624e+01 1.270714797724589040e+01
1.270686382328239894e+01 1.287196307015376640e+01
1.288761271605793546e+01 1.304054338820676939e+01
1.302893101187953206e+01 1.320155731956568346e+01
1.322287092578983625e+01 1.336661259415839176e+01
1.342552882049237439e+01 1.353706473520200504e+01
1.356397735190849829e+01 1.369408997686561946e+01
1.367426718488209403e+01 1.386179221222043090e+01
1.387881378059804760e+01 1.402155152249256886e+01
1.405396872688534771e+01 1.417289469270697566e+01
1.423354701862448835e+01 1.433512860240096742e+01
1.438560157070827827e+01 1.450922539837071490e+01
1.455090614016066475e+01 1.467762433367725272e+01
1.468964310136193774e+01 1.483082546127723766e+01
1.483947592398057047e+01 1.500537670876593843e+01
1.498054739608738117e+01 1.516059873809795100e+01
1.516572285420909338e+01 1.532051735636749434e+01
1.532361265578452958e+01 1.548107733542964048e+01
1.550475221608432541e+01 1.564291510142336783e+01
1.567498753176400861e+01 1.580266613619667915e+01
1.579358598616165210e+01 1.597595297707971795e+01
1.597235556465304285e+01 1.613067718895722180e+01
1.614546073758307898e+01 1.630508273880142767e+01
1.628682916081726617e+01 1.647630182952550015e+01
1.641866286853448642e+01 1.663295505058628976e+01
1.660719860596359254e+01 1.679811560711012675e+01
1.678978116167019508e+01 1.695968021012192040e+01
1.690706541971252719e+01 1.712694477249887015e+01
1.708789059781046404e+01 1.728192118137323163e+01
1.727359211412523621e+01 1.744942010921891296e+01
1.750334589347333747e+01 1.761842187954050587e+01
1.752483924652932146e+01 1.778248718050356914e+01
1.771409716523735867e+01 1.795685818088180596e+01
1.791687710057035687e+01 1.811010030529693537e+01
1.807042465164187561e+01 1.828094763664509514e+01
1.827400695300690003e+01 1.842576264186934054e+01
1.839443991449806859e+01 1.858707711917482186e+01
1.857786747102186098e+01 1.875384920594375870e+01
1.870073500029343094e+01 1.891496571181783182e+01
1.885856789325510263e+01 1.907274148392862045e+01
1.907226834346121791e+01 1.923618934274568559e+01
1.935047859827414385e+01 1.919325436219738279e+01
1.926938797317109575e+01 1.954635003020240092e+01
1.949162169098364927e+01 1.971241173622789589e+01
1.967994668452259432e+01 1.986876086956744913e+01
1.981841344198469912e+01 2.003573139450019980e+01
1.998623555283433006e+01 2.019319904548531852e+01
2.010940704142403135e+01 2.035119952804021537e+01
2.046989980850609570e+01 2.024607530924518528e+01
2.037671314026790270e+01 2.066437962530559602e+01
2.060527674709219426e+01 2.083081233796950826e+01
2.076570569857796755e+01 2.098976366865365506e+01
2.112948290249573446e+01 2.093206358111635268e+01
2.103844169276969112e+01 2.130381390992366875e+01
2.121558463451952292e+01 2.147007172510896922e+01
2.139973175411261153e+01 2.163116371548536065e+01
2.153270755195596209e+01 2.179942905995988767e+01
2.171604034940128969e+01 2.197197870294509769e+01
2.188450904795502794e+01 2.211378863130810402e+01
2.226737437211264847e+01 2.206457442129401514e+01
2.244199312607674557e+01 2.226101676039836974e+01
2.227435623727678760e+01 2.260844277751704112e+01
2.247832202906010934e+01 2.278167551709133321e+01
2.271662175010084894e+01 2.293350673088928815e+01
2.311238467857198842e+01 2.290271791679348823e+01
