0.000000000000000000e+00 0.000000000000000000e+00
0.000000000000000000e+00 0.000000000000000000e+00
0.000000000000000000e+00 0.000000000000000000e+00
0.000000000000000000e+00 0.000000000000000000e+00
0.000000000000000000e+00 0.000000000000000000e+00
0.000000000000000000e+00 0.000000000000000000e+00
0.000000000000000000e+00 0.000000000000000000e+00
0.000000000000000000e+00 0.000000000000000000e+00
0.000000000000000000e+00 0.000000000000000000e+00
1.074012584514145274e+00 5.909987512202540039e+00
8.655937363175517874e+00 7.313551178375460537e+00
8.301299172327407661e+00 8.566982292313209513e+00
8.350692619440401643e+00 8.335765817839190461e+00
8.278003740618869344e+00 8.333755913603296150e+00
8.245523497894325260e+00 8.330630471855920760e+00
8.392523805267082082e+00 8.489829851397468374e+00
8.471042861150417380e+00 8.573773748934064187e+00
8.612920863469591737e+00 8.778145673048664221e+00
8.760913408458533169e+00 9.041049434545838537e+00
8.968674936791417807e+00 9.317481780172803596e+00
9.177306639792524479e+00 9.491666281208445355e+00
9.320417909783500932e+00 9.685874714026352805e+00
9.600057994630049052e+00 9.882770073933951238e+00
9.836011820992352384e+00 1.004148578713529183e+01
1.000916656814204764e+01 1.020152045418580222e+01
1.024908758085500260e+01 1.038178037998036629e+01
1.042045590337527194e+01 1.055922009239215953e+01
1.062904789587286558e+01 1.073187798285034411e+01
1.079245581254046371e+01 1.088978880862682352e+01
1.096197856067427168e+01 1.107346007393555531e+01
1.112274700811411421e+01 1.123593474123383729e+01
1.128330692049651951e+01 1.140512124416896889e+01
1.146620536189271178e+01 1.156658083056884934e+01
1.163313061966778861e+01 1.174267258455262031e+01
1.179069877768660390e+01 1.190857678818617060e+01
1.196187697431454922e+01 1.208659889876366655e+01
1.211561826037901923e+01 1.225044791625751373e+01
1.228620226585153397e+01 1.241542862536995173e+01
1.244262406022639311e+01 1.257991175706929354e+01
1.262839976352805493e+01 1.275255879905296830e+01
1.275741461140733435e+01 1.291799179946267095e+01
1.289024050877154792e+01 1.307832811306077403e+01
1.308345277525104855e+01 1.323162795288810578e+01
1.324616667535081049e+01 1.340691724370280724e+01
1.342896520578070962e+01 1.356505306017907486e+01
1.360551840047237704e+01 1.373209761780200822e+01
1.373738058763742309e+01 1.388854270681487613e+01
1.388958498265065344e+01 1.404691526478348429e+01
1.404719301100847417e+01 1.421423698467372709e+01
1.423145145767730213e+01 1.437987897808411653e+01
1.435473325611924089e+01 1.454307680938499736e+01
1.451712640743358307e+01 1.470238453220096275e+01
1.467397844532263385e+01 1.487254509296229621e+01
1.483450765868334464e+01 1.502621866065093492e+01
1.499083319514883783e+01 1.519744669725634800e+01
1.519754034544387977e+01 1.535889243521873304e+01
1.533443815596241677e+01 1.551139323150479399e+01
1.546868446506647032e+01 1.567477575712586102e+01
1.566961283645202307e+01 1.583865924783163770e+01
1.581305560109237973e+01 1.600571981173953162e+01
1.597189607606901873e+01 1.616552590636580078e+01
1.614176330869273457e+01 1.632695428014769234e+01
1.631088275226926143e+01 1.648085492114504191e+01
1.646662404159862092e+01 1.663816529772075015e+01
1.659836548622205754e+01 1.680540419089702908e+01
1.674841619772834278e+01 1.696974280390611511e+01
1.695128570402998847e+01 1.713387312183866840e+01
1.706366439303844018e+01 1.729671556733330107e+01
1.728524957219917013e+01 1.745938885199975132e+01
1.746019699247915824e+01 1.762145751466772481e+01
1.756672520657359016e+01 1.778096708028179052e+01
1.774104086733929364e+01 1.794208915624606959e+01
1.793719109546984924e+01 1.811569242986210782e+01
1.808365805209628618e+01 1.829832924734260402e+01
1.823587968243770518e+01 1.845080606719906058e+01
1.842307568016791564e+01 1.861420502087559825e+01
1.851424103093332718e+01 1.878591318214888872e+01
1.866228582643637068e+01 1.895534969789529001e+01
1.889094446353798773e+01 1.910749586324818594e+01
1.898348442697869842e+01 1.927317838172145414e+01
1.939990190814060256e+01 1.912503806078973412e+01
1.955816492841492149e+01 1.938442049274700807e+01
1.969362900694701679e+01 1.954211903646859128e+01
1.967563700999099652e+01 1.988113398738084925e+01
1.983630814173395507e+01 2.002725086733494564e+01
1.998625175062721127e+01 2.019101623667816980e+01
2.008046835636108796e+01 2.034538758368908162e+01
2.049090718725974014e+01 2.034945969544581601e+01
2.041442412100118631e+01 2.065705817268720779e+01
2.064501788847882580e+01 2.081387440744568096e+01
2.078125473582709049e+01 2.097224066606781889e+01
2.096969774233001971e+01 2.114887886676421758e+01
2.128980338256675608e+01 2.117209969498782840e+01
2.145353383314049722e+01 2.129728926978999937e+01
2.142167068120025775e+01 2.162720845407283221e+01
2.177770109728186654e+01 2.163416036166956147e+01
2.179447552633740770e+01 2.195689781780194139e+01
2.211741457126175092e+01 2.186660517631085909e+01
2.227640866582055068e+01 2.208569046070750375e+01
2.211726684667399212e+01 2.244309888957824839e+01
2.262630439992894438e+01 2.251000532898223483e+01
