0.000000000000000000e+00 0.000000000000000000e+00
0.000000000000000000e+00 0.000000000000000000e+00
0.000000000000000000e+00 0.000000000000000000e+00
0.000000000000000000e+00 0.000000000000000000e+00
0.000000000000000000e+00 0.000000000000000000e+00
0.000000000000000000e+00 0.000000000000000000e+00
0.000000000000000000e+00 0.000000000000000000e+00
1.263636771801696923e-01 2.883140017736068872e-01
4.073034769194719407e-01 2.315015947833205967e+00
3.639381260755713665e+00 6.454350099471266589e+00
6.407459696381870629e+00 7.579856245275017557e+00
7.796000422235220384e+00 7.699140391886467150e+00
7.606022261683517804e+00 7.633059468255672719e+00
7.641768184790942442e+00 7.692941208697535949e+00
7.693806291325738123e+00 7.795850005110958492e+00
7.771167964230127012e+00 7.878773961306605678e+00
7.893303803186142886e+00 8.165745316972419232e+00
8.273187795131581979e+00 8.429533696491452233e+00
8.401817986980143260e+00 8.671369782696110917e+00
8.555553034806745671e+00 8.931592120089113962e+00
8.895995931802898937e+00 9.133668149527299107e+00
9.029567470205824620e+00 9.312539990738422091e+00
9.261038126555105165e+00 9.484792211931715400e+00
9.493588728035284419e+00 9.657356157145862596e+00
9.654542001453110700e+00 9.815786425422867723e+00
9.820798125545019630e+00 9.973234356610193529e+00
1.004805950114032420e+01 1.013440912452834297e+01
1.021987617872452425e+01 1.030683125223990437e+01
1.037229821937338237e+01 1.047662812709040203e+01
1.055233330043809659e+01 1.063515362442235634e+01
1.073902119372895214e+01 1.079239942178589473e+01
1.089245429580627977e+01 1.095685106039653789e+01
1.105780420193309865e+01 1.113086118979436279e+01
1.124418973007077227e+01 1.128720875249823230e+01
1.139211866028922948e+01 1.145569485160276990e+01
1.154488830640529962e+01 1.162021804876282083e+01
1.170212144323547854e+01 1.178120071398911684e+01
1.187822612841984515e+01 1.195038617627896294e+01
1.207906675534702856e+01 1.212910879616519644e+01
1.222067828878131657e+01 1.228745304359659229e+01
1.238996848948272067e+01 1.245849477080420087e+01
1.252372715953523752e+01 1.261503236323278898e+01
1.270244341328188753e+01 1.278788029583915709e+01
1.284896675572319502e+01 1.294148547196805943e+01
1.301396574531822203e+01 1.310005164451241200e+01
1.319094929438114505e+01 1.326311086056492350e+01
1.332823906533307046e+01 1.344217416825118327e+01
1.349770664810054122e+01 1.359728857348698128e+01
1.367730658338934191e+01 1.375960850446308825e+01
1.383704631265272766e+01 1.392526003579568439e+01
1.396149527060447504e+01 1.409211823017795417e+01
1.412865340531514846e+01 1.426508922013601754e+01
1.430636046472221423e+01 1.443200989247312904e+01
1.449259008069621935e+01 1.460959907990119966e+01
1.461570243073455444e+01 1.477280999838935038e+01
1.473917371308264812e+01 1.493381200025503475e+01
1.492485360625752477e+01 1.510281229010737825e+01
1.510015877457972522e+01 1.526356512888176553e+01
1.530029781561449020e+01 1.543582401333235055e+01
1.539156374249535375e+01 1.558148469581065143e+01
1.557542547409005174e+01 1.575065184509756300e+01
1.567645025397898806e+01 1.590766650029245355e+01
1.586604979378599722e+01 1.606077879116160645e+01
1.604270560069394236e+01 1.621908252027193598e+01
1.619204294249271214e+01 1.638583379637901061e+01
1.649926834198985404e+01 1.632912615487152763e+01
1.651071336181245641e+01 1.669460279799960034e+01
1.680510149770693218e+01 1.669227610787640259e+01
1.680832888332830066e+01 1.699778858534239490e+01
1.695735860136723971e+01 1.716946647477612942e+01
1.716036630962624798e+01 1.733348591278941342e+01
1.728644237855244725e+01 1.748860743679530216e+01
1.750440469262201404e+01 1.764384593244662724e+01
1.762382975215270520e+01 1.780533687494574480e+01
1.795066061349271891e+01 1.781619591739976372e+01
1.794517097803325711e+01 1.811822122681090974e+01
1.811065772768914783e+01 1.829583599367929736e+01
1.842046172070583054e+01 1.827568890282908498e+01
1.840266231489209758e+01 1.859961060910971398e+01
1.860734086734958481e+01 1.875811632232904103e+01
1.890497713343977537e+01 1.871519186399027035e+01
1.906238781445028607e+01 1.888545367191700208e+01
1.905965370383069768e+01 1.924043224119684581e+01
1.939492175641479577e+01 1.910324887220670931e+01
1.940587925815741599e+01 1.956383999308281574e+01
1.957447874904933727e+01 1.974281678763779269e+01
1.989331114236029663e+01 1.973228104376295988e+01
2.005672371972076817e+01 1.988297409665551641e+01
2.024736095214120368e+01 2.008538504150670079e+01
2.018781481827787161e+01 2.039973836700797705e+01
2.056729598580450258e+01 2.038603567757441226e+01
2.074780265587071781e+01 2.053771117401026913e+01
2.071241925076955681e+01 2.090307799329146832e+01
2.107691364825357638e+01 2.087522360404849309e+01
2.123626101043245740e+01 2.102174687231744699e+01
2.120380636124055584e+01 2.139306691306897434e+01
2.158459016579532275e+01 2.137730558447979234e+01
2.174736410509317608e+01 2.143387312903379893e+01
2.168532977463998179e+01 2.190054616711595514e+01
2.188370954615774977e+01 2.206797316062107228e+01
2.225764582888115939e+01 2.205748711563570197e+01
