0.000000000000000000e+00 0.000000000000000000e+00
0.000000000000000000e+00 0.000000000000000000e+00
0.000000000000000000e+00 0.000000000000000000e+00
0.000000000000000000e+00 0.000000000000000000e+00
0.000000000000000000e+00 0.000000000000000000e+00
0.000000000000000000e+00 0.000000000000000000e+00
5.155133125478230521e-02 1.077165583396268334e+00
5.023073348024829909e-02 0.000000000000000000e+00
2.591558595981628341e-02 0.000000000000000000e+00
3.093991368676893283e-01 4.247637884386266549e+00
3.692656869868926606e+00 4.707404191643494329e+00
4.678068294191707999e+00 4.702166647842433989e+00
4.739581995968082495e+00 4.729317042584041175e+00
4.856520175043451459e+00 5.025388279765134136e+00
5.027370454536881361e+00 5.146773199844089319e+00
5.214761378925558688e+00 5.315305290436818098e+00
5.290127921387978382e+00 5.542257011322935689e+00
5.570321056618419142e+00 5.766202915301230192e+00
5.783996462582082110e+00 5.934327661357146511e+00
5.968787534429264241e+00 6.160794865244106688e+00
6.187787257598578172e+00 6.387396137462101109e+00
6.368250676669633847e+00 6.594234851328812042e+00
6.597573865569384743e+00 6.775896603385406003e+00
6.782129428986930719e+00 6.960894338968890871e+00
6.948888632494303330e+00 7.113386664524397496e+00
7.107582384270675568e+00 7.282992878103317302e+00
7.271635934394639733e+00 7.454572878845159956e+00
7.462066217180298722e+00 7.621934299690839687e+00
7.671037442124799099e+00 7.776339386664639974e+00
7.812386408371830626e+00 7.941412679245710038e+00
7.972668131122421009e+00 8.106495209167055904e+00
8.122885917439521819e+00 8.284016832409848874e+00
8.340448212891347524e+00 8.449945638392172498e+00
8.514432285351654528e+00 8.612174516244467171e+00
8.651668649693281310e+00 8.765583930326448225e+00
8.835816215474611823e+00 8.929190207636194643e+00
9.001410301881410447e+00 9.082947211872502535e+00
9.160859182399391898e+00 9.258353892654506367e+00
9.315078285612612419e+00 9.417991923000325727e+00
9.480526141881458813e+00 9.572199575611669786e+00
9.710928258737029140e+00 9.602776627407624943e+00
9.861347568901010163e+00 9.767492580754932874e+00
9.900580412224423199e+00 1.002656453917215273e+01
1.018556297273780942e+01 1.007858740969105149e+01
1.035272824348517240e+01 1.025461260066747471e+01
1.051606076646202048e+01 1.042590917365600056e+01
1.067785150251076587e+01 1.057182702626153947e+01
1.085060514076566740e+01 1.074615983620801885e+01
1.102779897387606489e+01 1.087514555822292017e+01
1.119172795140267951e+01 1.101932886090567010e+01
1.136563209075545444e+01 1.120935845006144937e+01
1.137708578835348128e+01 1.154373756083808722e+01
1.170964145631085529e+01 1.155686878573168386e+01
1.188517391344133145e+01 1.168442933142551254e+01
1.207068402720292788e+01 1.189579795582537081e+01
1.224323165735209429e+01 1.203866397799525068e+01
1.225788306325360466e+01 1.240053758923086846e+01
1.258300943709665098e+01 1.240513983833928968e+01
1.275830350362532961e+01 1.255646134859988905e+01
1.293217838703945688e+01 1.275479652052850099e+01
1.309749441638528822e+01 1.292119886376411664e+01
1.326795043113563999e+01 1.307797578806672334e+01
1.344277598115272987e+01 1.325916238448259143e+01
1.361842017048436837e+01 1.340105998278367494e+01
1.379201355925264849e+01 1.357725338961602368e+01
1.380857414468629152e+01 1.393847000208853082e+01
1.412785649871316096e+01 1.399111123875798945e+01
1.429523279726527107e+01 1.412928318852880949e+01
1.445994718958715453e+01 1.435546674381332544e+01
1.464606118118707734e+01 1.451950117364151183e+01
1.469234008225470944e+01 1.479511549669147996e+01
1.499910365015956337e+01 1.486025638238476176e+01
1.496293546560994692e+01 1.512608848607870549e+01
1.533850559463414065e+01 1.521964273096775599e+01
1.553201564720409422e+01 1.538604183234467548e+01
1.570369262565752422e+01 1.559492452848871125e+01
1.589310511981280172e+01 1.572404661936655224e+01
1.607928003016944629e+01 1.595259801618657569e+01
1.625173391987516069e+01 1.612090207753240279e+01
1.630588477241227352e+01 1.638277765149854304e+01
1.661156699417345095e+01 1.647385946062716755e+01
1.678064343507793055e+01 1.666505887552809284e+01
1.697096074665035559e+01 1.678061623323028684e+01
1.714849649228435879e+01 1.704921167526085668e+01
1.732949507888993068e+01 1.718482963012639431e+01
1.751154842736571027e+01 1.740052504509371900e+01
1.771371236477822819e+01 1.758453390979766695e+01
1.789313980992886499e+01 1.770300575393960330e+01
1.807553680376112482e+01 1.791095061146043221e+01
1.826840264698850902e+01 1.806754184514576878e+01
1.845367755617382244e+01 1.831296877220477270e+01
1.864774145151317342e+01 1.848800621658753940e+01
1.883632586258417874e+01 1.865507768207375960e+01
1.887008496555282377e+01 1.894835205216756790e+01
1.918901189389866246e+01 1.905300976227461263e+01
1.938284218325811992e+01 1.927583702347643069e+01
1.956746795762288826e+01 1.932051391415549091e+01
1.975357905239168943e+01 1.960724557843082039e+01
1.993803629386156118e+01 1.980179984500049528e+01
2.012705940425206563e+01 2.003386774652205560e+01
2.032021909953372329e+01 2.011249693826482243e+01
