0.000000000000000000e+00 0.000000000000000000e+00
0.000000000000000000e+00 0.000000000000000000e+00
0.000000000000000000e+00 0.000000000000000000e+00
0.000000000000000000e+00 0.000000000000000000e+00
7.555391675839515098e-02 -6.217670213249953948e-02
1.440645004795023387e-01 -4.094868073668662956e-02
2.602839332734607214e-01 0.000000000000000000e+00
1.513119830611732386e+00 1.668019938756552856e+00
1.960975326609130542e+00 1.976292240755478824e+00
2.129613199329954298e+00 2.112044177249145172e+00
2.314565806570140882e+00 2.343304256950688558e+00
2.494438089345254017e+00 2.555438565068635537e+00
2.710282218272008325e+00 2.660664732988389680e+00
2.867103942140253992e+00 2.987475974671285783e+00
3.102148544963453602e+00 3.194468243806745988e+00
3.297629608634547349e+00 3.394082015934465790e+00
3.499908344373719782e+00 3.570720255223627237e+00
3.738553312576929688e+00 3.669014236959784014e+00
3.864296649008218232e+00 3.917682073897329253e+00
4.105480027415742583e+00 4.038047457232715409e+00
4.284248792472165945e+00 4.218777734033586135e+00
4.455074632685395386e+00 4.409470883874183400e+00
4.588990047518128890e+00 4.639112689440120008e+00
4.820887810271424101e+00 4.768909759140006699e+00
4.957819652769752672e+00 4.990810772638860193e+00
5.176371795172072687e+00 5.152094123855619934e+00
5.373970225080451080e+00 5.336432572200299873e+00
5.555847753012788992e+00 5.505012401341746298e+00
5.741176944090315537e+00 5.694270197676209122e+00
5.929041455951177042e+00 5.892115060704043117e+00
6.115166046776918662e+00 6.080684255890111523e+00
6.308622469461392157e+00 6.248725644506102128e+00
6.497336895996703277e+00 6.459171178434386817e+00
6.684741012119759240e+00 6.669958121454210520e+00
6.879508088371331986e+00 6.800037671402541228e+00
7.070039942550655709e+00 6.991883956092510566e+00
7.268994044344533556e+00 7.203227094595269442e+00
7.462498054688833982e+00 7.391238315008273219e+00
7.657339181378747028e+00 7.569774388715607039e+00
7.850413827909672015e+00 7.777013691248245486e+00
8.053420129801205363e+00 7.928571522494765489e+00
8.244849995973906331e+00 8.098699163560350911e+00
8.444124455948861296e+00 8.333641133324928063e+00
8.641098919758487540e+00 8.505050249026343323e+00
8.826660818201272463e+00 8.713601321025393531e+00
9.027688329626606389e+00 8.881141985830643293e+00
9.230584345392999879e+00 9.076034891898348889e+00
9.409563731109006568e+00 9.249612092929400120e+00
9.611334211208705014e+00 9.474995729267263300e+00
9.803902733728149244e+00 9.640633384589076371e+00
1.000268730636559766e+01 9.845059000083853817e+00
1.019355885046301147e+01 1.003040894593223875e+01
1.038430502227413932e+01 1.015924589857589844e+01
1.058635928584513763e+01 1.034214056362554146e+01
1.077636438099020921e+01 1.061995503846927491e+01
1.096475204730927899e+01 1.070648009835303505e+01
1.115884048032512688e+01 1.099747178455407237e+01
1.134868413787475561e+01 1.117481345865298614e+01
1.155469237743697519e+01 1.134032117847586107e+01
1.174695571881126632e+01 1.159307833554514211e+01
1.193361869664182429e+01 1.177317557833825568e+01
1.212125966461449877e+01 1.198466002769458960e+01
1.231151722484707989e+01 1.210756043900568635e+01
1.251241629640295372e+01 1.238807079762469954e+01
1.271285042839096491e+01 1.259419774927962266e+01
1.289671275460661626e+01 1.273573265878903094e+01
1.308731430527379835e+01 1.287300776107024802e+01
1.329419874253253475e+01 1.316998688746907398e+01
1.347603599618963877e+01 1.326948374720823765e+01
1.367987354375341624e+01 1.349529048056846037e+01
1.386287660301421631e+01 1.368790171719039073e+01
1.406969335686878786e+01 1.385588336819518140e+01
1.425384057879485944e+01 1.407404917855594739e+01
1.446577200660680873e+01 1.426707407642144076e+01
1.465161424468566942e+01 1.452127255789204519e+01
1.485673097547945787e+01 1.459923363090517867e+01
1.504746435156631712e+01 1.478009405426312561e+01
1.524621462801976968e+01 1.506150945907883276e+01
1.544913576724038684e+01 1.514557437602095114e+01
1.564644321712655284e+01 1.546869520581379120e+01
1.583540818515641035e+01 1.560899940020616050e+01
1.603523666997993402e+01 1.584711876323154911e+01
1.625129706512707273e+01 1.600879493636059081e+01
1.644828261118086488e+01 1.614889263276092635e+01
1.663759496994714837e+01 1.630673829562103450e+01
1.682857444981030426e+01 1.662759076321648877e+01
1.703570039985057605e+01 1.673615246308728643e+01
1.724886661262451781e+01 1.695132272605793844e+01
1.744138664077342327e+01 1.710941886051448435e+01
1.763319516981232482e+01 1.737205255034511353e+01
1.782560992473570494e+01 1.752674287395285191e+01
1.802708916648273174e+01 1.776906522497469609e+01
1.822444104634099560e+01 1.787525356019682832e+01
1.841582084398558194e+01 1.807820458348851389e+01
1.863614643983884278e+01 1.830879043338417489e+01
1.881576403440658396e+01 1.847093654582547018e+01
1.901524090052674154e+01 1.868081578919269248e+01
1.920321966507980349e+01 1.891154285043853989e+01
1.939961743828468954e+01 1.904400675352039585e+01
1.960426208698465089e+01 1.920580079352809477e+01
1.979713242966489162e+01 1.946906468472237606e+01
