0.000000000000000000e+00 0.000000000000000000e+00
0.000000000000000000e+00 0.000000000000000000e+00
0.000000000000000000e+00 0.000000000000000000e+00
0.000000000000000000e+00 0.000000000000000000e+00
8.464487362669803616e-03 1.373403389494849136e-01
3.789802167189932486e-02 6.173816874054812720e-01
6.341313840319030559e-01 3.261134029576641113e-01
1.320680765284330427e+00 1.496936161884653060e+00
1.750984703618843730e+00 1.800045994994724952e+00
1.993113641078864129e+00 2.049978314485296771e+00
2.169384553344870792e+00 2.308273138674873159e+00
2.410041415062042169e+00 2.506720973597897029e+00
2.623938383628114934e+00 2.689518024059727175e+00
2.803894759234200951e+00 2.859276111199641424e+00
3.004145144043259386e+00 3.041048928661408635e+00
3.184383394730604167e+00 3.225688082453691319e+00
3.404843754330688199e+00 3.378145836209330621e+00
3.590154632843003402e+00 3.545633590671497526e+00
3.780070065055493256e+00 3.720581025252479357e+00
3.954768437981274865e+00 3.908735627384642974e+00
4.142278349417108707e+00 4.104213040518920330e+00
4.332545708137121032e+00 4.277878931264150530e+00
4.522347441729541728e+00 4.442751626563150147e+00
4.712864070064756383e+00 4.668535891687566775e+00
4.905944761420482969e+00 4.826741179738638365e+00
5.092363120746454364e+00 5.031902728566207905e+00
5.287611581273334416e+00 5.208778874728333008e+00
5.477541351542630110e+00 5.406897521650633642e+00
5.663027056588229691e+00 5.572133549138287734e+00
5.855438772085960863e+00 5.808132573494866335e+00
6.056814052358916456e+00 5.944833734501007605e+00
6.245505125481665587e+00 6.164700223469863793e+00
6.441945830713514454e+00 6.341548884148129339e+00
6.624145348050721083e+00 6.512828494983747163e+00
6.831735610825916183e+00 6.719295608249422180e+00
7.021863070285116137e+00 6.885315795716512532e+00
7.221796561514245205e+00 7.091294343949389400e+00
7.430950394532844783e+00 7.272579657566962119e+00
7.619292467349462861e+00 7.458575541657779695e+00
7.811897669268115685e+00 7.659282944240615620e+00
8.017886710057499755e+00 7.843917924184369284e+00
8.203842876664326766e+00 8.098993401376333168e+00
8.399396516742843488e+00 8.275285992324134199e+00
8.596399333370113638e+00 8.415759318975576164e+00
8.787766372083609667e+00 8.585096238824151627e+00
8.972564637870526383e+00 8.835086971768582487e+00
9.159767296736079700e+00 9.044077087866792652e+00
9.350304504989443544e+00 9.162400326675411932e+00
9.546407458772712573e+00 9.373865016985886811e+00
9.740468524274932705e+00 9.572502585059858404e+00
9.935719890803763832e+00 9.819607535602902004e+00
1.012881294064857052e+01 9.944807724717739106e+00
1.032420721266896990e+01 1.015077526527204554e+01
1.052910429458811237e+01 1.033559363820686805e+01
1.072202909002803217e+01 1.054285780027348807e+01
1.092062218768361248e+01 1.065876499518283360e+01
1.111256643556608381e+01 1.090139341201599521e+01
1.131433084994131733e+01 1.108124190062018322e+01
1.150619504625075429e+01 1.130289701101756172e+01
1.170284889997389755e+01 1.141639479756053355e+01
1.189004607779201272e+01 1.166342943340691285e+01
1.207996022067761288e+01 1.187073165830388533e+01
1.228018618698912334e+01 1.209266205709217523e+01
1.246870016327943809e+01 1.226386585079976577e+01
1.266434447113209316e+01 1.235136745939820102e+01
1.286124400021157577e+01 1.263782519291052431e+01
1.304287241496892236e+01 1.286077089193814693e+01
1.325463285383965228e+01 1.292057068807246445e+01
1.345539898134284584e+01 1.323407416106351064e+01
1.364680829561420339e+01 1.345649185530498393e+01
1.384419508497689755e+01 1.365121293085866405e+01
1.403194170254762341e+01 1.387254802650459240e+01
1.422459234314349530e+01 1.401025744180290999e+01
1.442965914729717447e+01 1.415572909562959936e+01
1.462497621598573971e+01 1.442942158569502276e+01
1.482468338617582759e+01 1.459571643164563071e+01
1.502861231871948888e+01 1.477688978526550301e+01
1.522566880307605608e+01 1.492325419739441017e+01
1.542998585474421880e+01 1.514115665712921732e+01
1.562307738529947621e+01 1.536437999003210564e+01
1.581656564823385835e+01 1.556007891530368603e+01
1.601376288147094940e+01 1.575028286379877684e+01
1.620861817198172972e+01 1.593179953787310410e+01
1.640525498200931054e+01 1.609233399450559432e+01
1.659161055052611289e+01 1.626776844354904128e+01
1.679336914269829961e+01 1.649389440489509795e+01
1.698699364522406086e+01 1.666978830342414142e+01
1.719487289885421788e+01 1.685610378344033933e+01
1.739095761462303003e+01 1.712324903380863361e+01
1.759703233281166845e+01 1.732279585601246552e+01
1.777687645362586721e+01 1.753756604987621870e+01
1.797395003132221447e+01 1.759587710178786679e+01
1.817385427721040614e+01 1.777339579931162561e+01
1.836990176286539622e+01 1.805231701785152509e+01
1.856731524540859724e+01 1.834181305375074800e+01
1.876867763085233776e+01 1.836156315443662379e+01
1.896870918048134769e+01 1.867608833277125768e+01
1.915133794477383944e+01 1.883112697616522624e+01
1.936660812610898219e+01 1.899468181344057527e+01
1.955285081670939462e+01 1.911820120531791645e+01
1.975910541735995096e+01 1.945157482006970895e+01
