0.000000000000000000e+00 0.000000000000000000e+00
0.000000000000000000e+00 0.000000000000000000e+00
0.000000000000000000e+00 0.000000000000000000e+00
0.000000000000000000e+00 0.000000000000000000e+00
0.000000000000000000e+00 0.000000000000000000e+00
0.000000000000000000e+00 0.000000000000000000e+00
0.000000000000000000e+00 0.000000000000000000e+00
1.230265547237379825e-01 4.896370626727114761e+00
3.818395315569075521e+00 5.266556387179703869e+00
5.428321015878067257e+00 5.364765498651909326e+00
5.681967677438215070e+00 5.649008138329229212e+00
5.588180492774810659e+00 5.601709894352643992e+00
5.603677245639773652e+00 5.607525942509966832e+00
5.704138136483670074e+00 5.681859523101978837e+00
5.700005003917316238e+00 5.943640104879357011e+00
5.885800811944703170e+00 6.202020062323593486e+00
6.142487407404868094e+00 6.435302777541840769e+00
6.301600026918752206e+00 6.624977451969320086e+00
6.437258665998335516e+00 6.854242888545488022e+00
6.732242306145826305e+00 7.097158629174989741e+00
6.976689895722222090e+00 7.304837409283996941e+00
7.214177371202695532e+00 7.507255252134511281e+00
7.433341334772221032e+00 7.691874232657405663e+00
7.674589993438872604e+00 7.877803998817823228e+00
7.884910590686939891e+00 8.045890326441375251e+00
8.030985602678889279e+00 8.211487932732113748e+00
8.199867137738968026e+00 8.372783317058058117e+00
8.380503557273616622e+00 8.544574389154306004e+00
8.584985816980841733e+00 8.709548102845356965e+00
8.791060195543860090e+00 8.870813071802503558e+00
8.958211730346535617e+00 9.031263323191287995e+00
9.103503411455708516e+00 9.194759865606220828e+00
9.291164787805366032e+00 9.362849082603062811e+00
9.437994986030641797e+00 9.528623218615217993e+00
9.600926634359788991e+00 9.700288259805970981e+00
9.785397407669780279e+00 9.849156957124341361e+00
9.935651275800061910e+00 1.001851580555042354e+01
1.007657124112468061e+01 1.018421784012918252e+01
1.027071986478533283e+01 1.033830315365761621e+01
1.038062082965504196e+01 1.050454255747308707e+01
1.052107960108613582e+01 1.067364011546401237e+01
1.066288228241113778e+01 1.082935706636318862e+01
1.082517935794380826e+01 1.099336063793185403e+01
1.098727045173182937e+01 1.115764760862118443e+01
1.116589685423332412e+01 1.131493390844704905e+01
1.143428407198706687e+01 1.129749286325621327e+01
1.141256611447395564e+01 1.160677543977721982e+01
1.173470167005552689e+01 1.156626175480522001e+01
1.172280035122730091e+01 1.191353567811722414e+01
1.187396885894347598e+01 1.207189117363815001e+01
1.221289141400139577e+01 1.206057565177209057e+01
1.236655934796389467e+01 1.219464664389140651e+01
1.233861326862576568e+01 1.254057260894189874e+01
1.252286358291874002e+01 1.271769436482156124e+01
1.269428383195760723e+01 1.287765982609454163e+01
1.303281734015861204e+01 1.283515121536414050e+01
1.318630945999030679e+01 1.298765617318051291e+01
1.333730946442811849e+01 1.309764273169628979e+01
1.350818773495307390e+01 1.329798729587793460e+01
1.366970798719732372e+01 1.349600147223837077e+01
1.383228881320481563e+01 1.366040813779208385e+01
1.378285156514078302e+01 1.399473646951016548e+01
1.395950169692714127e+01 1.416095258615564134e+01
1.413740482523326136e+01 1.432645788040284884e+01
1.449444250361507436e+01 1.431341341938003886e+01
1.465541392527169329e+01 1.447100039489416545e+01
1.482573634072413249e+01 1.466450129120995527e+01
1.498966031396797760e+01 1.484134852768192125e+01
1.496410416410968658e+01 1.515298385455142061e+01
1.532814844842094715e+01 1.514578376951518024e+01
1.548730003550727119e+01 1.529543206205967287e+01
1.546736867391872750e+01 1.563221977249166805e+01
1.581834759325627893e+01 1.563763111102660552e+01
1.598708340097111247e+01 1.585137482111253782e+01
1.615555162692644942e+01 1.600566891968750838e+01
1.632373062339864234e+01 1.618629995650743325e+01
1.649879685792952699e+01 1.635813280516445545e+01
1.666598162172120112e+01 1.655183099718913553e+01
1.683504053237837184e+01 1.670245083687889931e+01
1.684271311359875156e+01 1.699462344451785611e+01
1.702110822980279892e+01 1.716213494547087848e+01
1.736681630502530993e+01 1.722803109708219083e+01
1.753041143953728209e+01 1.736685898650628701e+01
1.771979865946405042e+01 1.757710059861542007e+01
1.790571326711536315e+01 1.772622440998409843e+01
1.807612116349537601e+01 1.789662366378365022e+01
1.827416672266561903e+01 1.813894781157352298e+01
1.829024323153621268e+01 1.840818176394934014e+01
1.863183490398403563e+01 1.845758386335110401e+01
1.881159953942671237e+01 1.865011454999054052e+01
1.882922144319060109e+01 1.895925096321610326e+01
1.918473464899836856e+01 1.896178351217295344e+01
1.936449387683108014e+01 1.915698071471964425e+01
1.955383797377771415e+01 1.938122248944645420e+01
1.974007321833674666e+01 1.954810508853366713e+01
1.992695443598708138e+01 1.974694675140452205e+01
2.009908334087042192e+01 1.982487771863101145e+01
2.028503711192745484e+01 2.006690915020600485e+01
2.048253672853947549e+01 2.024745840122488971e+01
2.066168353975956151e+01 2.045120822354115830e+01
2.084488697880098584e+01 2.062418235974875813e+01
