0.000000000000000000e+00 0.000000000000000000e+00
0.000000000000000000e+00 0.000000000000000000e+00
0.000000000000000000e+00 0.000000000000000000e+00
0.000000000000000000e+00 0.000000000000000000e+00
0.000000000000000000e+00 0.000000000000000000e+00
0.000000000000000000e+00 0.000000000000000000e+00
0.000000000000000000e+00 0.000000000000000000e+00
1.600863779352812433e-01 3.415155596042397601e+00
2.059439261620418460e+00 5.155119609708679995e+00
5.353502402747121636e+00 5.352768372295070520e+00
5.316946109936385945e+00 5.313723375684748618e+00
5.339099627867912368e+00 5.339884092237678459e+00
5.365453597545998932e+00 5.374843563045258676e+00
5.365979753453463452e+00 5.363502525616170580e+00
5.429323027397641610e+00 5.426642093824709967e+00
5.558055307804073308e+00 5.681660525777468607e+00
5.801600384923649045e+00 5.990516342988040144e+00
5.996394657541939566e+00 6.193580282609209675e+00
6.113567914610459120e+00 6.441737915999532049e+00
6.261739548513743259e+00 6.642873135311175403e+00
6.581431646113795608e+00 6.843700010391605026e+00
6.818314556849987440e+00 7.037034591655634053e+00
7.071406805287502095e+00 7.241536872518490320e+00
7.243299986389613032e+00 7.419521430346981639e+00
7.390060197673873787e+00 7.588820526700148505e+00
7.570406015690982926e+00 7.754732543337636841e+00
7.744970501034130095e+00 7.915123821954936467e+00
7.939237400836123726e+00 8.078197828294367611e+00
8.123198405041607728e+00 8.251484816704273584e+00
8.292726573494014985e+00 8.412764235736442942e+00
8.446341141017086329e+00 8.586217364974626065e+00
8.618832654631974677e+00 8.745681911116589546e+00
8.798802151900209978e+00 8.908954674245157079e+00
8.946964940029674906e+00 9.070373689163856668e+00
9.112785295316877310e+00 9.241639563301713878e+00
9.278603276748906836e+00 9.409044870495199220e+00
9.472193192122325911e+00 9.568142030724613889e+00
9.632267723843524365e+00 9.726987133000342567e+00
9.800318144434243095e+00 9.877830933297987670e+00
9.934193300066873178e+00 1.003172879682491470e+01
1.008441153184270433e+01 1.018241020719494472e+01
1.031684058040894492e+01 1.021806861965351665e+01
1.045915525413966485e+01 1.031569969290638689e+01
1.061228578193858318e+01 1.050808093826148415e+01
1.066016668882395813e+01 1.077845508163354005e+01
1.092157992003085454e+01 1.080433946080952978e+01
1.095818983097299260e+01 1.108327981520883831e+01
1.124197559651683420e+01 1.111371512132218342e+01
1.140837188583645379e+01 1.129574877845544556e+01
1.157303594083777831e+01 1.141934267895154953e+01
1.159782963487044860e+01 1.174615998201190514e+01
1.177250536473284370e+01 1.192086510896677609e+01
1.207076307452512509e+01 1.197498874885458520e+01
1.224525423950663416e+01 1.206246949962549664e+01
1.240186283696695746e+01 1.221029559075535609e+01
1.240707524165713593e+01 1.256633427012966209e+01
1.273386861046465945e+01 1.253603417847420509e+01
1.289741166207314649e+01 1.270320120324027968e+01
1.305796133904594569e+01 1.289467657285726254e+01
1.322670973094126623e+01 1.305052387725344687e+01
1.324129405349273014e+01 1.338281277945490011e+01
1.356204775880063451e+01 1.335982856009608177e+01
1.355339585491357646e+01 1.372246620303936204e+01
1.389456371811071378e+01 1.372741038515242096e+01
1.407714654308127322e+01 1.389075345567701625e+01
1.425185960057540768e+01 1.410851280675077568e+01
1.424401452573847493e+01 1.440516807697430046e+01
1.459172712995227350e+01 1.434877681706796260e+01
1.476881427820290682e+01 1.459100531679832535e+01
1.494259794048890555e+01 1.469943419333028523e+01
1.511552064023208963e+01 1.485131722960219314e+01
1.528787917148976128e+01 1.506574141395912037e+01
1.546745469538916318e+01 1.528481802558643743e+01
1.539540901527786332e+01 1.563030163726824640e+01
1.582934334006773369e+01 1.565511820890641914e+01
1.601213115953983035e+01 1.577506467130045920e+01
1.618899420836026692e+01 1.593820057851990235e+01
1.637348706153191458e+01 1.615913936055394728e+01
1.632855387978714745e+01 1.652529868261362367e+01
1.673715791626992910e+01 1.642447194537749766e+01
1.691935613387139270e+01 1.666084473037864910e+01
1.710095732197859775e+01 1.680455345102127751e+01
1.727717420671669402e+01 1.700365997661264572e+01
1.747079835139169290e+01 1.726495131959116591e+01
1.765410775122482079e+01 1.737087467788617445e+01
1.783897635588448694e+01 1.759066304509081746e+01
1.801224708505390026e+01 1.775288029280128299e+01
1.819712228477692761e+01 1.792256904830418307e+01
1.838307566848403951e+01 1.807767353326232751e+01
1.857722284013212644e+01 1.832633180888093349e+01
1.873963807525998604e+01 1.851114402777391987e+01
1.893863136028770811e+01 1.867681942019706653e+01
1.911336940768804027e+01 1.889249254314010429e+01
1.929701891865905949e+01 1.902383023582014232e+01
1.949268131318169495e+01 1.923755050320357896e+01
1.966317271291370261e+01 1.943139132686822634e+01
1.986658914965499534e+01 1.961342973873479423e+01
2.003857226827110694e+01 1.975992130357986554e+01
2.023712101627283388e+01 1.996443345722756391e+01
2.042601425340199128e+01 2.017745178261306194e+01
2.060860709208335351e+01 2.033060761601780086e+01
