0.000000000000000000e+00 0.000000000000000000e+00
0.000000000000000000e+00 0.000000000000000000e+00
0.000000000000000000e+00 0.000000000000000000e+00
0.000000000000000000e+00 0.000000000000000000e+00
0.000000000000000000e+00 -8.203225829930401933e-04
1.413393332491460208e-01 -4.371002268506086336e-02
2.262862649078536126e-01 1.881149114290296132e-01
3.442551138489144957e-01 6.862541567708888013e-02
1.659157776171251042e+00 1.842530271991561497e+00
2.551571049127219215e+00 2.612693532390982121e+00
2.851574066862687662e+00 2.920339693632401534e+00
3.071550239670759463e+00 3.136684644387293552e+00
3.254281722091235451e+00 3.331677666284144745e+00
3.435411945437273573e+00 3.511322943197732194e+00
3.608971434452671989e+00 3.797061480778554099e+00
3.770025046588492135e+00 3.988776406385037276e+00
3.989306085180824635e+00 4.170622515078363790e+00
4.171868456507903389e+00 4.356031144102054498e+00
4.387788102371066756e+00 4.525809003008584241e+00
4.562214291176682757e+00 4.690106227841037700e+00
4.759693288501595454e+00 4.854032303725352548e+00
4.938340306369767063e+00 5.023180991016679364e+00
5.147249814943656965e+00 5.185725839387958835e+00
5.337039079754783089e+00 5.292865729693791543e+00
5.506714210269968213e+00 5.450042978514802350e+00
5.578375309295115159e+00 5.674295781966700147e+00
5.844062184107460034e+00 5.765005052309295941e+00
6.008745990402059256e+00 5.911105751354308602e+00
6.108383092303175665e+00 6.194471170665613258e+00
6.368686979193892483e+00 6.304032373041737358e+00
6.547149795705165864e+00 6.458783018611947035e+00
6.723116036015670538e+00 6.595448113936842383e+00
6.900834152119303511e+00 6.776767900788220444e+00
7.071519770093257939e+00 6.963930986715667792e+00
7.251203530787436513e+00 7.129580599895742665e+00
7.438943993086136075e+00 7.338334839978072566e+00
7.624265442795191916e+00 7.465275003268725840e+00
7.813600525072387448e+00 7.661322911920891876e+00
8.000595085351289271e+00 7.869298484527537774e+00
8.186506576228499199e+00 8.037588348397097349e+00
8.382875619437083259e+00 8.231466161564210182e+00
8.567370416631632679e+00 8.369004062823810486e+00
8.746807173495250609e+00 8.601832812076233736e+00
8.940394311532319449e+00 8.784429947017835971e+00
9.130932476353475380e+00 8.953661932831746384e+00
9.318875102712663505e+00 9.169315309210627873e+00
9.507330769124115122e+00 9.361943302267111022e+00
9.683316621982235972e+00 9.554036792011004309e+00
9.859944178119919300e+00 9.722400940711446893e+00
1.005072198067734135e+01 9.890375584482674398e+00
1.023291515662440254e+01 1.008307257782404776e+01
1.041414422133493822e+01 1.024736607652207176e+01
1.059976171930684963e+01 1.046533628261473758e+01
1.078761587147925560e+01 1.067515704232825158e+01
1.096272973110075455e+01 1.085437789339171921e+01
1.115100900813583706e+01 1.103067094763881428e+01
1.132717187282937488e+01 1.120384602819853370e+01
1.152370590069807932e+01 1.139539491215624700e+01
1.171929777661170569e+01 1.157130424442596528e+01
1.189985216622390674e+01 1.182080265885697123e+01
1.209145653149807309e+01 1.202051502742796707e+01
1.228802275135207367e+01 1.220698952175808571e+01
1.248023684546562428e+01 1.234687245426654734e+01
1.267951635495379215e+01 1.251564711460463997e+01
1.285859887520127209e+01 1.275735958094250400e+01
1.305494187499614789e+01 1.290898563783134634e+01
1.324970844660192526e+01 1.310022630152722201e+01
1.344107501290172024e+01 1.327899096406467727e+01
1.363779561226196080e+01 1.352437432591966626e+01
1.383528761577103516e+01 1.371846469537489988e+01
1.403287954188017395e+01 1.386230741030135505e+01
1.422964244704841441e+01 1.410238039507455987e+01
1.442324489949637467e+01 1.418646125963019600e+01
1.462860168307208220e+01 1.432997482273070133e+01
1.481769042717886542e+01 1.463607013161013626e+01
1.502243447234626572e+01 1.475912829017661387e+01
1.521501773924473611e+01 1.497418379054688842e+01
1.541183882901355950e+01 1.518661395572894790e+01
1.560770404452940774e+01 1.532691715120569320e+01
1.579020842808666281e+01 1.561004591859835600e+01
1.599872903792655343e+01 1.574557575406729981e+01
1.619601226750949508e+01 1.599353990841529694e+01
1.638658153274391793e+01 1.610116275798405283e+01
1.658475204256087920e+01 1.628574212444380365e+01
1.676794776460622671e+01 1.651382108122418657e+01
1.697948112159997436e+01 1.663097859183356775e+01
1.716725351253687393e+01 1.686333633905841367e+01
1.736135402464351074e+01 1.704578763710969369e+01
1.756172185474396841e+01 1.723134745432759729e+01
1.774433092662296829e+01 1.741303583761864004e+01
1.794756003768832997e+01 1.769885320646632820e+01
1.814570145930370515e+01 1.782970711968724942e+01
1.833809049426930926e+01 1.803354519803222544e+01
1.852318677411802383e+01 1.811407841489436166e+01
1.873897415030101499e+01 1.841320410745708003e+01
1.891205874521403629e+01 1.859169713139964131e+01
1.911596528005125961e+01 1.875746469952443007e+01
1.929355008128813154e+01 1.901596081925709569e+01
1.949341045395322070e+01 1.911999869122730544e+01
1.967930232636587107e+01 1.941842776137643867e+01
1.987951431236666977e+01 1.966130450428560295e+01
