0.000000000000000000e+00 0.000000000000000000e+00
0.000000000000000000e+00 0.000000000000000000e+00
0.000000000000000000e+00 0.000000000000000000e+00
0.000000000000000000e+00 0.000000000000000000e+00
0.000000000000000000e+00 0.000000000000000000e+00
0.000000000000000000e+00 0.000000000000000000e+00
6.535164385797667674e-02 1.872317338700809908e-01
1.504110675099609717e-01 7.040147344674265728e-01
1.001977947467692198e+00 2.615563037981368577e+00
2.313391037988816290e+00 3.232662746638690798e+00
3.212075978696601108e+00 3.255188629720524585e+00
3.363844137591710304e+00 3.415865660593060849e+00
3.571393321674414256e+00 3.577406499478542390e+00
3.705453196859714193e+00 3.859962789239091308e+00
3.909394850309995117e+00 4.054528581681670296e+00
4.158390830013111383e+00 4.247830320867087117e+00
4.295842033821930528e+00 4.405850987654386763e+00
4.443260359075647870e+00 4.634747509319564251e+00
4.616120256407080902e+00 4.793687704827279461e+00
4.791994987905831671e+00 5.002064985452439494e+00
4.968334231059936101e+00 5.199824233825966147e+00
5.139164332005197622e+00 5.391713983638934948e+00
5.392673176267237523e+00 5.569906879672026356e+00
5.599257253019424674e+00 5.748418398699268295e+00
5.810227831372247742e+00 5.915504725886354009e+00
5.974289506194948807e+00 6.084663930264026632e+00
6.156136713162338125e+00 6.254378750713362578e+00
6.319523931172879472e+00 6.432880796784233191e+00
6.506854877767312750e+00 6.588202246934629080e+00
6.648451927282574836e+00 6.755441882507851936e+00
6.919592289206589086e+00 6.840749715835332090e+00
7.084668412489282474e+00 6.984893549208775809e+00
7.141062485426435735e+00 7.246605068040011588e+00
7.320844297740203288e+00 7.419476266057571046e+00
7.592238035683039676e+00 7.502605938768232008e+00
7.766667261440019843e+00 7.631495104722521461e+00
7.943286933089179769e+00 7.817311986249720235e+00
8.112813159186009315e+00 7.984272442872943465e+00
8.289177259907097195e+00 8.168013515875664154e+00
8.334290623006744170e+00 8.453143423762497832e+00
8.638520905133963979e+00 8.540502013247477819e+00
8.687520128876368375e+00 8.811722581841882729e+00
8.999240209639575383e+00 8.872760219482767496e+00
9.178435337102659020e+00 9.032092785871705942e+00
9.365126434931015709e+00 9.222417897495407857e+00
9.402598733353439542e+00 9.526856756423432770e+00
9.719161586181302326e+00 9.591569512766453087e+00
9.899993741488520627e+00 9.761371204321592998e+00
9.891675486336765744e+00 1.006243469174736838e+01
1.024980936192302927e+01 1.007594193889583067e+01
1.042484402379354691e+01 1.025360976531696444e+01
1.061940317053191940e+01 1.046952399276475099e+01
1.080275394349646945e+01 1.060626829517097391e+01
1.098273557440386305e+01 1.083298334537180452e+01
1.116717789871001010e+01 1.103910281187259024e+01
1.135423003691225396e+01 1.122634731962645738e+01
1.154008096513146242e+01 1.140840029804457600e+01
1.172485011864268323e+01 1.159370506320335359e+01
1.190314351336262533e+01 1.173256999124392763e+01
1.208928221525385815e+01 1.188591310453540828e+01
1.228115759738472157e+01 1.213200603824881973e+01
1.246445106288172866e+01 1.229344559136266568e+01
1.264980122147818165e+01 1.253811428207511014e+01
1.284434699180283523e+01 1.270381994589960151e+01
1.303360821951429749e+01 1.288463168373040446e+01
1.321143092031381094e+01 1.311554546427472800e+01
1.341361293913434949e+01 1.330552263094356213e+01
1.360067055606015352e+01 1.342838004369474092e+01
1.379355863055567610e+01 1.365817108569573790e+01
1.399317980343613677e+01 1.382724875281568089e+01
1.417978487510249863e+01 1.400753443616452465e+01
1.437251610584342387e+01 1.414535856948415038e+01
1.457476194952116977e+01 1.442256539253413905e+01
1.476190759139069542e+01 1.457693925717105365e+01
1.496474715606382766e+01 1.480606063264311878e+01
1.516256100310748778e+01 1.497140197448924148e+01
1.535263379912024284e+01 1.516978356853561394e+01
1.554417215043112677e+01 1.532271032204629968e+01
1.573856855257693432e+01 1.552187380790595661e+01
1.594980992187158186e+01 1.564801435653738970e+01
1.613349937925182331e+01 1.586827528135084897e+01
1.631369353967708591e+01 1.611943428399266054e+01
1.651145172556755014e+01 1.619258901327879485e+01
1.669539180954783930e+01 1.652290862131775739e+01
1.687327533562780246e+01 1.669494692015080872e+01
1.706135282933010799e+01 1.683516403621011648e+01
1.724892320449050942e+01 1.706261161393945969e+01
1.744670064446106039e+01 1.726606764559623386e+01
1.764041228854324928e+01 1.744624951765658238e+01
1.782255832938907503e+01 1.762115160757464949e+01
1.803794991292020100e+01 1.778000288842211418e+01
1.822318435282832638e+01 1.804652223592578508e+01
1.840218093429500712e+01 1.823997786923067466e+01
1.860589947049243520e+01 1.835621781544750064e+01
1.878600235926605322e+01 1.858028776146996464e+01
1.897128527893135086e+01 1.876166003766356383e+01
1.917043663802184028e+01 1.886051561555135336e+01
1.936416599998542409e+01 1.913436727258418912e+01
1.955765286288006166e+01 1.930946791691177822e+01
1.973971006975927267e+01 1.954926825586160177e+01
1.993262975346012311e+01 1.973249460499272701e+01
