0.000000000000000000e+00 0.000000000000000000e+00
2.911737793198185265e-03 0.000000000000000000e+00
1.850346012165306891e-02 0.000000000000000000e+00
9.467428462858064331e-02 2.315060400203632681e-03
2.500990499466552719e-01 8.116528403056635921e-02
1.875687927565570512e-01 4.164730431016160916e-01
5.235756958958845964e-01 5.078554369096138776e-01
6.212656338024469260e-01 5.950633198913142241e-01
7.215415785412627736e-01 6.935178263547352451e-01
8.148177350110747952e-01 7.737621709907820389e-01
9.101558063661610021e-01 8.886206309909100431e-01
1.004675515937620611e+00 9.771611664568481403e-01
1.096050855653089018e+00 1.065379131180947070e+00
1.187654577177592374e+00 1.152375515794175742e+00
1.280867906124580236e+00 1.256013170476603102e+00
1.372550901853642369e+00 1.329828648845761796e+00
1.464503592467985005e+00 1.420495422407429320e+00
1.557323959014308201e+00 1.497606304433700242e+00
1.645330657430235544e+00 1.602225875175940617e+00
1.744851875030888122e+00 1.699843157429051343e+00
1.830612257722955771e+00 1.792993026164421355e+00
1.922625508077530077e+00 1.879582577689290490e+00
2.013913403744429065e+00 1.978165156051153950e+00
2.104350685435507629e+00 2.064851858188088141e+00
2.193606133246784218e+00 2.162732961046535340e+00
2.287069412940680557e+00 2.248618345112066041e+00
2.379492318822338692e+00 2.332789346979957212e+00
2.471716219509702217e+00 2.446925726625726494e+00
2.563440874315167761e+00 2.503258263892278013e+00
2.655054049811854444e+00 2.600177805357839045e+00
2.750554054556348937e+00 2.700136236567098003e+00
2.839989870533540905e+00 2.787580207507017516e+00
2.938107702057096926e+00 2.880675731898971748e+00
3.027598170722156645e+00 2.980304638173817633e+00
3.118107194150763650e+00 3.061055004925941958e+00
3.209554338113767002e+00 3.159836004547783350e+00
3.303729707837738783e+00 3.243009408737256738e+00
3.400795422653291489e+00 3.331993706265188759e+00
3.490837750746631496e+00 3.428284866490279192e+00
3.575880498497421733e+00 3.531087089869839435e+00
3.667692270451571090e+00 3.609976031221785675e+00
3.758010651116403533e+00 3.674607847377310055e+00
3.850614591146234833e+00 3.780694410070246203e+00
3.941753629466669739e+00 3.872514386230869299e+00
4.031692055796135321e+00 3.964684724736970090e+00
4.130563090955495120e+00 4.063360314404648399e+00
4.230553931594491779e+00 4.147750740811246395e+00
4.314174558398040205e+00 4.242516416999480455e+00
4.408878557235283324e+00 4.346634818328205085e+00
4.497976337654752577e+00 4.408561783015549906e+00
4.586951574556840328e+00 4.471824915847786741e+00
4.677350837243548831e+00 4.611411313693579039e+00
4.769000068881276810e+00 4.690816741855488914e+00
4.861479318863402455e+00 4.786394152312337447e+00
4.959895158044894004e+00 4.864012285353217280e+00
5.049144839110658367e+00 4.913905733510300244e+00
5.139268445482315428e+00 5.074270696709191064e+00
5.232304614025183653e+00 5.127312213519570783e+00
5.323896898994711968e+00 5.242647744604974847e+00
5.422512196556223962e+00 5.278584737198650956e+00
5.516723348763940216e+00 5.425794193826047440e+00
5.614186187628376068e+00 5.512579708134795808e+00
5.702711138665735646e+00 5.624339026867723135e+00
5.793636520229664910e+00 5.712122238086350556e+00
5.884912802134208754e+00 5.779866181504593747e+00
5.974907677633870762e+00 5.876627623866773398e+00
6.066537841086466543e+00 5.970016493667339219e+00
6.153715621194305818e+00 6.053791690314954899e+00
6.236274234267140670e+00 6.130457388141846486e+00
6.331761900862520775e+00 6.197180230228667597e+00
6.425979790938239233e+00 6.335527007754843787e+00
6.508168356440539704e+00 6.425044012384819148e+00
6.598941316563297299e+00 6.507890800243421481e+00
6.687651929587718591e+00 6.608861384519287618e+00
6.787837707773061169e+00 6.679067762714232970e+00
6.880233500684830084e+00 6.782503648482570924e+00
6.970246561390677442e+00 6.850799222228975971e+00
7.063592617528925643e+00 6.927900453986095108e+00
7.152529246404161434e+00 7.060952470711666429e+00
7.242170730999285766e+00 7.155472795803277108e+00
7.337507567543399389e+00 7.209258053527002552e+00
7.429009015527054949e+00 7.329568803233115659e+00
7.522856835294676081e+00 7.395203994486301724e+00
7.614247405270794467e+00 7.494278130047583808e+00
7.704156468062947738e+00 7.610732389462813607e+00
7.793473722498191592e+00 7.709759231595819884e+00
7.888118217424580969e+00 7.791683196828879332e+00
7.982816275546685603e+00 7.879481686175897615e+00
8.075160399397354638e+00 7.962887157498157897e+00
8.164504842808065987e+00 8.048774676929424388e+00
8.260828983037685092e+00 8.090955251484773569e+00
8.349068164543229642e+00 8.248673649133497321e+00
8.440471004315696746e+00 8.330001180393978188e+00
8.536520891299273828e+00 8.445038245621834250e+00
8.626163902256511307e+00 8.480182002835267241e+00
8.718937342940781932e+00 8.597581049861901192e+00
8.803723022318465041e+00 8.702793010429756393e+00
8.894741399847918117e+00 8.788034904994340479e+00
8.983015238837131378e+00 8.856670223000127962e+00
9.063153529206903869e+00 8.955198632845986495e+00
9.162348339862997904e+00 9.043732310579081002e+00
