0.000000000000000000e+00 0.000000000000000000e+00
0.000000000000000000e+00 0.000000000000000000e+00
0.000000000000000000e+00 0.000000000000000000e+00
0.000000000000000000e+00 0.000000000000000000e+00
0.000000000000000000e+00 0.000000000000000000e+00
0.000000000000000000e+00 0.000000000000000000e+00
1.286059798057832548e-01 0.000000000000000000e+00
0.000000000000000000e+00 0.000000000000000000e+00
9.979207678066931431e-02 4.789894158975619654e+00
5.821422316345896242e+00 7.492461147087992046e+00
7.360396261508736160e+00 8.161234064194699656e+00
7.939953157219926005e+00 8.375766777567729804e+00
8.535986081612463749e+00 8.538885598968004587e+00
8.586569909147456769e+00 8.552029523607277639e+00
8.662037463480896093e+00 8.752633921104900239e+00
8.760786506784576488e+00 8.940824262631606345e+00
8.945836659074991815e+00 9.243533660720181899e+00
9.124352546878693460e+00 9.499637160263388225e+00
9.357414723173349103e+00 9.778908244551484330e+00
9.697724276098165674e+00 1.012063392712684617e+01
1.002750227359475943e+01 1.040866171453020428e+01
1.032253475922666475e+01 1.067127070614402840e+01
1.062526116736339254e+01 1.089395541535240852e+01
1.095833032692243769e+01 1.111441512171783685e+01
1.117205868099332378e+01 1.133464632651888593e+01
1.137414484066962750e+01 1.155063517304606435e+01
1.154082046371651771e+01 1.174858880765617464e+01
1.174444399497402713e+01 1.194854923677764269e+01
1.191800227588448813e+01 1.215365069862622782e+01
1.211394531756349302e+01 1.233442041949545320e+01
1.231720954521772882e+01 1.251371330248138491e+01
1.249742697461925545e+01 1.268923849738598975e+01
1.267248331363897940e+01 1.286618015575574958e+01
1.300607206913142555e+01 1.281703134923462883e+01
1.298135172069448373e+01 1.322766774591329231e+01
1.322017169381506285e+01 1.342795926629311509e+01
1.339661691013141898e+01 1.362431411432874739e+01
1.359750682375862674e+01 1.380448689385402439e+01
1.396683637152155200e+01 1.377249338930285560e+01
1.390503188913662136e+01 1.419427609168022997e+01
1.415504754860875103e+01 1.438886165152325347e+01
1.438715981358921780e+01 1.459354785525886911e+01
1.458700317808188451e+01 1.481220986776153659e+01
1.478356449553793794e+01 1.501140831538356224e+01
1.499889472785956279e+01 1.522308044879382471e+01
1.518947034630484971e+01 1.542834445502326268e+01
1.537751110482984451e+01 1.562826520633531402e+01
1.555815646370396266e+01 1.582685630498552420e+01
1.601547154139708340e+01 1.576718462397301579e+01
1.598268897321788273e+01 1.623600004608870151e+01
1.618320120610530211e+01 1.643039616791550372e+01
1.635418247981198903e+01 1.661584149604850680e+01
1.656829448534850258e+01 1.682331120284193204e+01
1.677365392285145518e+01 1.701576957480163088e+01
1.721819116324654786e+01 1.691200133934428251e+01
1.741761990738840993e+01 1.713618801068799158e+01
1.761925577555402000e+01 1.736857172006360983e+01
1.780311934309692390e+01 1.758030792597771708e+01
1.800509370612578763e+01 1.771840317272989651e+01
1.821237433526113847e+01 1.799427145896084568e+01
1.840919898446627911e+01 1.811128127657541498e+01
1.861678053213538675e+01 1.831174178165623090e+01
1.882259175585231148e+01 1.857640288344405377e+01
1.902773392597389801e+01 1.871549779819935466e+01
1.923253908070655527e+01 1.896985839736282742e+01
1.943699925113049432e+01 1.911350202983459567e+01
1.939682513019853616e+01 1.963694177721844625e+01
1.987055320924451252e+01 1.958378289173524678e+01
2.007645380475876351e+01 1.979406356006873935e+01
2.030500805298765243e+01 2.005049619302292285e+01
2.050956439500856732e+01 2.020451126119321117e+01
2.073355045121760298e+01 2.040535100579246830e+01
2.095589247432993218e+01 2.056392947483961464e+01
2.116628799065892608e+01 2.081789878095158386e+01
2.136987100830188169e+01 2.106586361816102482e+01
2.128115846891253327e+01 2.154368143112914424e+01
2.179483886187090036e+01 2.152180399154510226e+01
2.201501017290582141e+01 2.166055841006004812e+01
2.223419173549409678e+01 2.191285257714324075e+01
2.245858257733019769e+01 2.214834336635380652e+01
2.268720204052643652e+01 2.232352801642309714e+01
2.291544580518370466e+01 2.262252862998805725e+01
2.313585691444687242e+01 2.277195387877872435e+01
2.336910446774465910e+01 2.300396325828531729e+01
2.358609222049221898e+01 2.328617107622622129e+01
2.380533214820075116e+01 2.344705605523497027e+01
2.403526298789853399e+01 2.362044352268599567e+01
2.425594787296462940e+01 2.389132378467196816e+01
2.449094095277477834e+01 2.410449716916257046e+01
2.472182280542834576e+01 2.428528214826911125e+01
2.494289259262151148e+01 2.452590471415192397e+01
2.518113923041664393e+01 2.479817113782018367e+01
2.539751212393762714e+01 2.509218894894983265e+01
2.562351119684785772e+01 2.521941081384458627e+01
2.583587179834331593e+01 2.531843520419012350e+01
2.605513330017229734e+01 2.566844175471976541e+01
2.628693835498180320e+01 2.582482025964402084e+01
2.649463849036726160e+01 2.611643849970682041e+01
2.672322788080044020e+01 2.630625492557749467e+01
2.694814540955937332e+01 2.645384306921145878e+01
2.718045348792952609e+01 2.686972901940866976e+01
