0.000000000000000000e+00 0.000000000000000000e+00
0.000000000000000000e+00 0.000000000000000000e+00
0.000000000000000000e+00 0.000000000000000000e+00
0.000000000000000000e+00 0.000000000000000000e+00
0.000000000000000000e+00 0.000000000000000000e+00
0.000000000000000000e+00 0.000000000000000000e+00
4.907474589323156111e-02 1.960508223409302531e+00
4.445038437577094048e-01 1.401768728677883269e+00
1.447892076213238344e+00 1.490376864314751026e+00
1.550864278592322343e+00 1.549538850009088087e+00
1.698768336099767629e+00 1.794927415486794020e+00
1.831324672115659968e+00 1.867450510817036280e+00
1.954069199294414139e+00 2.013142097234799532e+00
2.123135742824087568e+00 2.077504280985068341e+00
2.213125591182594221e+00 2.314602945491413433e+00
2.346942532199517650e+00 2.445736528575207736e+00
2.467521827672769952e+00 2.583521285931298372e+00
2.641158235410795641e+00 2.716539129279247788e+00
2.789926392524030518e+00 2.841314820249981832e+00
2.915901556695672969e+00 2.967005712177642973e+00
3.036255089181694178e+00 3.087833312702775057e+00
3.166781441760046167e+00 3.220237152305419848e+00
3.319044217900641414e+00 3.346449336609035985e+00
3.433885265491439576e+00 3.474042800142752796e+00
3.597223485783775043e+00 3.553126633426707315e+00
3.676626530635446866e+00 3.729099614196298873e+00
3.853746008646953936e+00 3.802153499139711013e+00
3.944271687245993530e+00 3.983729636339008007e+00
4.115545484794705722e+00 4.080311720343755333e+00
4.247400944845401760e+00 4.179072803835865102e+00
4.375153531268103357e+00 4.332626124632131592e+00
4.513210806019221977e+00 4.463772899088913171e+00
4.648173212613321503e+00 4.577209226493004657e+00
4.775821581099276791e+00 4.717808005503968616e+00
4.918722618244546929e+00 4.840408228622901099e+00
4.977675359084949847e+00 5.041287218023210670e+00
5.187106838622526084e+00 5.098605961592374669e+00
5.326329641547560279e+00 5.254410413187643236e+00
5.461374011608671530e+00 5.390283679089378666e+00
5.588073230266592972e+00 5.527510383861336862e+00
5.729974347764634324e+00 5.657120620268718980e+00
5.868139080082999115e+00 5.796090849512362198e+00
6.004649129379918016e+00 5.918087235119176448e+00
6.144098746937615374e+00 6.059652144742416091e+00
6.280927781318809799e+00 6.189982197413116616e+00
6.423707061272171615e+00 6.328533618244709835e+00
6.564304887907519870e+00 6.472839465057351305e+00
6.703784537143381073e+00 6.612421000093913648e+00
6.843386722578863157e+00 6.724074773153057016e+00
6.975223203055803900e+00 6.898657142061691339e+00
7.114462337235364586e+00 7.028263558648788489e+00
7.257017670207011939e+00 7.152706282559544881e+00
7.398211754425416231e+00 7.314937091012017945e+00
7.430047339067810341e+00 7.486060653487501604e+00
7.647978531838204752e+00 7.573237324918832059e+00
7.781136825545869939e+00 7.711642617868141869e+00
7.928972191003544445e+00 7.876828577202710235e+00
8.061815113709036140e+00 7.968707641173146783e+00
8.207694722439319079e+00 8.146415635054635729e+00
8.350248597781671833e+00 8.267985198753313725e+00
8.483556530188913314e+00 8.406985366145708127e+00
8.610629374030359884e+00 8.507383560925633859e+00
8.757341254825783849e+00 8.701614677543764387e+00
8.897455522926181359e+00 8.804050151020382131e+00
9.039191713025958919e+00 8.960964423192963935e+00
9.188072304660849454e+00 9.103765779936296099e+00
9.329823322371451511e+00 9.236533133948505281e+00
9.470265087912540736e+00 9.374083504226074837e+00
9.611926136055265246e+00 9.495529344170789088e+00
9.758096383729357726e+00 9.628668790481032858e+00
9.895213161440551630e+00 9.786600624306426965e+00
1.004012959674453498e+01 9.940244782872452944e+00
1.018954647274726355e+01 9.989698814116824366e+00
1.032689343574091900e+01 1.023222154846405729e+01
1.047898888781304727e+01 1.033967741078425107e+01
1.060786118175546733e+01 1.049921446370018963e+01
1.075058020046149210e+01 1.065213863934301841e+01
1.089870937679904728e+01 1.074179616299567996e+01
1.102928561208999270e+01 1.093047481813475841e+01
1.117092920480906137e+01 1.101300194545379085e+01
1.131270679051083938e+01 1.122381893516769047e+01
1.145784216037307779e+01 1.135399381003429653e+01
1.159544432062756236e+01 1.150858809194362919e+01
1.173830700800943383e+01 1.158332946253977980e+01
1.187876730864883790e+01 1.172352103871099516e+01
1.202017017451350966e+01 1.190309166888578396e+01
1.216189827407194990e+01 1.207685775023587205e+01
1.229316157894353090e+01 1.211065254616396736e+01
1.244314248994424332e+01 1.233340557929040315e+01
1.259217875429921740e+01 1.242174624763817725e+01
1.272671696340881020e+01 1.254207823219195461e+01
1.286296059976902839e+01 1.272939552032589283e+01
1.301600042542500724e+01 1.287027554461553613e+01
1.315979411247424125e+01 1.299220498208849861e+01
1.328039644368145922e+01 1.316768600548702217e+01
1.343403560737658786e+01 1.325582814711816049e+01
1.356852744990158399e+01 1.345443661704744898e+01
1.370234422581979317e+01 1.358454268874446491e+01
1.384257608254447902e+01 1.373531529580353983e+01
1.398198889401754030e+01 1.385998237807700129e+01
1.411555290966147957e+01 1.401808128395724395e+01
