0.000000000000000000e+00 0.000000000000000000e+00
0.000000000000000000e+00 0.000000000000000000e+00
0.000000000000000000e+00 0.000000000000000000e+00
0.000000000000000000e+00 0.000000000000000000e+00
0.000000000000000000e+00 0.000000000000000000e+00
0.000000000000000000e+00 -8.032815178946054596e-03
2.175890296331783533e-02 -6.343283406867820592e-03
8.667628444504138496e-02 6.058580163906255756e+00
4.651756247894431318e-01 1.203738314376207441e+01
1.015721460351837635e+01 1.317868387038556754e+01
1.394382280398325769e+01 1.396006254673815583e+01
1.371144207698699979e+01 1.393088595110016215e+01
1.400380254071828112e+01 1.400465064347404720e+01
1.405012328844831693e+01 1.405513551319005927e+01
1.411030268732070603e+01 1.411016254692899174e+01
1.422359402686378971e+01 1.441244411477287990e+01
1.435148172924387033e+01 1.474840753823992046e+01
1.454233154458140476e+01 1.531240346281838960e+01
1.484638469121073179e+01 1.578644636952648916e+01
1.542294566023776170e+01 1.615772592573678068e+01
1.583949196255451497e+01 1.644479730716348698e+01
1.623128372879276071e+01 1.673413280620097510e+01
1.659650418044657982e+01 1.704493131677807582e+01
1.685272148845686147e+01 1.731336641720263003e+01
1.722014972724787540e+01 1.755179443564302488e+01
1.748229845626858037e+01 1.778293865695135878e+01
1.773987310767643066e+01 1.801094564467603476e+01
1.795303853435656904e+01 1.823098744876969590e+01
1.817523246281832527e+01 1.844747811121981229e+01
1.837610693774285764e+01 1.867576122336946298e+01
1.864187683248482941e+01 1.889765892334169095e+01
1.885361889992146445e+01 1.911593725642332231e+01
1.907351914508268464e+01 1.934462284952322264e+01
1.932058488982592337e+01 1.956640229129306618e+01
1.947815929859275386e+01 1.978856880546983987e+01
1.970809135555463953e+01 2.000302938315751078e+01
1.995767675612356129e+01 2.022378995998692019e+01
2.018348393515729100e+01 2.041824173042320112e+01
2.033409341283931226e+01 2.063273314269251202e+01
2.054705263007027227e+01 2.083004761428542650e+01
2.100399900567340694e+01 2.069418590814515468e+01
2.083018556710478464e+01 2.124080881224823614e+01
2.105718453656434974e+01 2.145614573267210190e+01
2.130200840305112209e+01 2.165885124814728258e+01
2.184706747828570883e+01 2.152618693725859345e+01
2.164071981196885730e+01 2.205344619107786031e+01
2.187794235387033481e+01 2.227171725173962358e+01
2.209236489814474425e+01 2.248874665275361906e+01
2.226735822655099994e+01 2.269458680737161771e+01
2.289204011858642929e+01 2.252498680256804420e+01
2.267308953625201440e+01 2.313425975684979363e+01
2.292496432944636808e+01 2.333891095184832665e+01
2.316237233957933839e+01 2.354810560363550564e+01
2.376882018248327810e+01 2.336556489279941218e+01
2.398562919259735793e+01 2.350001085140925738e+01
2.366830898630704993e+01 2.419689075611874074e+01
2.393738012012508776e+01 2.441272082466034732e+01
2.462414046097246256e+01 2.418163000064687651e+01
2.435493446238708160e+01 2.482764794592418767e+01
2.504958286571394410e+01 2.454492110791075632e+01
2.475577308976004431e+01 2.526771175602929986e+01
2.549520771847896583e+01 2.494295634237737858e+01
2.572743032591035828e+01 2.523748117780883859e+01
2.592977405542302805e+01 2.539139754059261023e+01
2.616657223459641202e+01 2.570652643127066028e+01
2.639551230443043650e+01 2.590812623188244146e+01
2.660683186446953385e+01 2.607520164884903124e+01
2.683379294270829263e+01 2.640007836484076265e+01
2.706777135667887180e+01 2.657067539393591815e+01
2.729296693922264794e+01 2.684841607828753851e+01
2.752483454846991506e+01 2.704463874313115568e+01
2.773459829058518622e+01 2.736036082545756187e+01
2.796898661856827317e+01 2.752597961935822468e+01
2.819205923924937451e+01 2.768096480037694818e+01
2.841997282858853779e+01 2.796036102889664221e+01
2.865977233145936509e+01 2.812410444913237484e+01
2.887157571571554371e+01 2.852270258780849588e+01
2.910851374225632071e+01 2.868161780290587615e+01
2.933249077559554507e+01 2.896209138803621386e+01
2.957313799033604340e+01 2.914761321180831644e+01
2.979508673528966867e+01 2.939808177872984984e+01
3.003283827880023438e+01 2.964481143251040862e+01
2.977648676684992068e+01 3.020377599688898229e+01
3.049592563024240022e+01 3.009381482567393462e+01
3.073205819123786497e+01 3.039950731894277780e+01
3.054490643719324083e+01 3.088655958251119671e+01
3.118420566948489991e+01 3.071380264928047765e+01
3.142895227753603393e+01 3.102393886184604099e+01
3.168601694839525962e+01 3.116692968938105324e+01
3.191257303390677080e+01 3.143116267702881572e+01
3.216205624010159880e+01 3.178928310772263899e+01
3.239822906120787138e+01 3.202578640021425116e+01
3.267271867250573081e+01 3.224530903694260786e+01
3.290773190037755569e+01 3.252669041405648898e+01
3.315642966041619388e+01 3.286545959961187435e+01
3.338945934115935898e+01 3.297297768597145762e+01
3.363886672738386352e+01 3.320428162554483009e+01
3.389675417012503544e+01 3.346016476714057575e+01
3.415383072416857857e+01 3.359409004058539239e+01
3.437719365802267646e+01 3.359842022151371310e+01
3.465642461962318777e+01 3.434121758245440503e+01
