0.000000000000000000e+00 0.000000000000000000e+00
0.000000000000000000e+00 0.000000000000000000e+00
0.000000000000000000e+00 0.000000000000000000e+00
0.000000000000000000e+00 0.000000000000000000e+00
0.000000000000000000e+00 0.000000000000000000e+00
6.295691334980607623e-02 0.000000000000000000e+00
0.000000000000000000e+00 3.674423015190326769e+00
2.586595795194175373e-01 1.675961030463236356e-01
1.438620385282225023e+01 2.314976454386007276e+01
2.615750572556126485e+01 2.795864980182528825e+01
3.009416203437513104e+01 3.007399697514181725e+01
3.140368608416681440e+01 3.145201480505985714e+01
3.143506432988836252e+01 3.151271089643298140e+01
3.154968009294445608e+01 3.154952442704047044e+01
3.155783284482425088e+01 3.155813579450523321e+01
3.160356668581828998e+01 3.166187105751562925e+01
3.164586338412597755e+01 3.184093924650527896e+01
3.183344968787804774e+01 3.226209537624930590e+01
3.199758384565013358e+01 3.272620040828921617e+01
3.233570161287883593e+01 3.314137611409024942e+01
3.290542891016367122e+01 3.359662287866628816e+01
3.333026218490818593e+01 3.406920211371247831e+01
3.377295065159835730e+01 3.445600713561794493e+01
3.410401049482584312e+01 3.478749652655356073e+01
3.449924540680891738e+01 3.509475306973882169e+01
3.483194660498875805e+01 3.538549888815119004e+01
3.514922126536835378e+01 3.566818968857718630e+01
3.545168316443847800e+01 3.596527934471713195e+01
3.579628820708940395e+01 3.624080732247702485e+01
3.612894305226560476e+01 3.651024170084805576e+01
3.649014870734765026e+01 3.677366753058952753e+01
3.665396563977836308e+01 3.702913812159323470e+01
3.701036353644268928e+01 3.729221985135436768e+01
3.729627737467378523e+01 3.754233493729054061e+01
3.752024250428883079e+01 3.778472538002043990e+01
3.781449902848303424e+01 3.802231107452822556e+01
3.800215530924539564e+01 3.826295429195341313e+01
3.831849199273301565e+01 3.852225571399328174e+01
3.844070469765907916e+01 3.875601885300413585e+01
3.865631361318406789e+01 3.898184049449388766e+01
3.914852617127353085e+01 3.889485721609203495e+01
3.889053951161896094e+01 3.943444716799351824e+01
3.920921502130949676e+01 3.968310435265782132e+01
3.944813052220114002e+01 3.994264602132913211e+01
3.967964557391541547e+01 4.018350088990981561e+01
3.989552070667683381e+01 4.041389038914063292e+01
4.014870338561987495e+01 4.066302856687743628e+01
4.085481120915846276e+01 4.022676841423929517e+01
4.048488039160892527e+01 4.112514190274252712e+01
4.132567819636182804e+01 4.056876132494463150e+01
4.089422093203998543e+01 4.160093108816861474e+01
4.104763570747284263e+01 4.182554579515338133e+01
4.203687544848332891e+01 4.132886198087541629e+01
4.227489960965025517e+01 4.145943548978628712e+01
4.248740566313201583e+01 4.168538205212153258e+01
4.196856706541775850e+01 4.276335938918601443e+01
4.297927025618226793e+01 4.231774558877042836e+01
4.239608552238241401e+01 4.322701968632664915e+01
4.272403637199449378e+01 4.345890598678553829e+01
4.303604438272259358e+01 4.369343635191587083e+01
4.322433644845263956e+01 4.394099204653966950e+01
4.417694939708122348e+01 4.335001185696503256e+01
4.442033283777863772e+01 4.354887603865683587e+01
4.389355385892243788e+01 4.467563640568427985e+01
4.492082304744608479e+01 4.412067411546190954e+01
4.518608446202121343e+01 4.407561374532928511e+01
4.542193789612272781e+01 4.441567326729003895e+01
4.567495943464184194e+01 4.484650710347526825e+01
4.514975272322278244e+01 4.592536154506520063e+01
4.533252758286798922e+01 4.614665548094988878e+01
4.641931144939011489e+01 4.547736519129982469e+01
4.666276165006031107e+01 4.569636061785298864e+01
4.692869447003082684e+01 4.607891283057359288e+01
4.717863284831312853e+01 4.619623977301692719e+01
4.744845193677710427e+01 4.649916877041101060e+01
4.675299248802660657e+01 4.767155591668031889e+01
4.796247140559320599e+01 4.695224920388684353e+01
4.822865653563326305e+01 4.713503752981479522e+01
4.847291893242430660e+01 4.735443384991915394e+01
4.765488954400878185e+01 4.868540304610731795e+01
4.899949251565425357e+01 4.795593797726093044e+01
4.924883817503670969e+01 4.816407181875121779e+01
4.951012324079198379e+01 4.834197486680777445e+01
4.866662731725573110e+01 4.973797213307266674e+01
5.003050421182734908e+01 4.890834501172372484e+01
4.918652742265351208e+01 5.023125176843792872e+01
5.054235041675671880e+01 4.951554255105182989e+01
4.966515661082839728e+01 5.074072417634847199e+01
5.104984327615826345e+01 4.979604041177291407e+01
5.129956889954245725e+01 5.031425292765587898e+01
5.157022962257558163e+01 5.039378748593611590e+01
5.184997379398340200e+01 5.083184376977352059e+01
5.098809191456870593e+01 5.200976082765549080e+01
5.234523568674699590e+01 5.120912417852990473e+01
5.259866432568953343e+01 5.139286485940181137e+01
5.285593030921226898e+01 5.172943399257535901e+01
5.313356028341542014e+01 5.203208963463219305e+01
5.339114514150534774e+01 5.223826941372661281e+01
5.365637554371220830e+01 5.250169119502791659e+01
5.390405019375113227e+01 5.265153940409984301e+01
5.421412808083131551e+01 5.344901923471216776e+01
