1.150143416437793276e+00 1.252063656522128587e+00
1.129904230130033271e+00 1.124913765393757981e+00
1.119160750365136847e+00 1.090869501698387145e+00
1.138379457096475145e+00 1.135823365150568698e+00
1.225087171459341873e+00 1.276190714988284736e+00
1.353453155224367155e+00 1.469126396069394325e+00
1.469672172756022466e+00 1.697502919853133507e+00
1.669624452704138395e+00 1.847924658868225656e+00
1.875593507788805514e+00 2.007584676293660664e+00
2.014689860847803438e+00 2.135438159349868137e+00
2.147388670215056639e+00 2.269933371005890432e+00
2.291322727952228355e+00 2.392136092148559712e+00
2.408174842103154134e+00 2.513487286200565496e+00
2.536593433051866242e+00 2.629304283315192947e+00
2.664952770579928298e+00 2.748800699673278558e+00
2.798803913515455655e+00 2.869085629063782061e+00
2.980492720445410804e+00 2.903313389601469563e+00
3.000470558384298325e+00 3.101684135843891799e+00
3.217555989289717644e+00 3.123733167501439478e+00
3.332472224841026787e+00 3.239470933552782927e+00
3.444649486402433070e+00 3.374533894197401018e+00
3.566168194517546741e+00 3.481689359639959847e+00
3.693431098588461303e+00 3.610353278128832777e+00
3.809003576886135001e+00 3.737861702371957140e+00
3.940584899955783982e+00 3.826523878308034643e+00
3.987200889088988731e+00 4.074617311578401235e+00
4.196147686058500526e+00 4.115809271606642561e+00
4.320679625529478152e+00 4.251780861713281290e+00
4.441806748622284751e+00 4.367359271324767533e+00
4.564160982531773492e+00 4.494260813232370033e+00
4.697130754472640390e+00 4.588973607744629035e+00
4.827791309258872232e+00 4.742135281167890071e+00
4.941136509314997483e+00 4.887516077622395372e+00
5.081290374278244037e+00 4.981122612096893221e+00
5.212985955518235848e+00 5.118414915930533660e+00
5.332336573519448564e+00 5.285561283779700581e+00
5.393160309636670036e+00 5.450678176978562384e+00
5.598882288810476560e+00 5.543210776264086093e+00
5.727192169036864122e+00 5.668955540853311881e+00
5.857880336026719981e+00 5.761498173708456960e+00
5.917718046061352766e+00 5.975797598024812807e+00
6.116587884400911612e+00 6.049476121457082023e+00
6.256109231730230036e+00 6.175110055512179841e+00
6.382215050766371078e+00 6.340009109593333747e+00
6.516907431443179632e+00 6.457073162845887282e+00
6.566991779027312681e+00 6.629239578031627111e+00
6.772775486046542781e+00 6.721729058139910506e+00
6.923003147855568251e+00 6.837596805433119762e+00
7.057914601483510353e+00 6.971946815401492081e+00
7.186654168540320242e+00 7.106087531166994431e+00
7.331162777237041794e+00 7.254619857987187004e+00
7.458274624114686446e+00 7.382609720543461762e+00
7.603857366952301966e+00 7.516088086467783924e+00
7.741330271047804246e+00 7.663630485121260882e+00
7.862463302473436499e+00 7.754144867329319624e+00
8.007467196703885293e+00 7.917008078655454639e+00
8.142930256952448431e+00 8.068421330126749780e+00
8.261898364828109464e+00 8.186086537721989131e+00
8.396718204424503895e+00 8.356560034750444288e+00
8.534159173928694386e+00 8.426837715121777705e+00
8.667768653681054758e+00 8.605224031437707310e+00
8.813542080581044047e+00 8.733001354610228972e+00
8.946917920649214651e+00 8.860436125323767342e+00
9.081079597661238623e+00 8.974371391818321442e+00
9.202128961585597011e+00 9.136813454680837054e+00
9.354930518690702357e+00 9.194714780623224115e+00
9.486723620177237137e+00 9.382958450219680557e+00
9.631656904230750271e+00 9.551175720606115860e+00
9.765209454336353900e+00 9.613672913253418884e+00
9.896600958243100266e+00 9.842613200561434184e+00
1.004107176152480108e+01 9.950773100235307922e+00
1.017583235232795857e+01 1.006492546470231808e+01
1.032807316646806584e+01 1.020233936613682957e+01
1.045282610547653590e+01 1.037671872705407061e+01
1.058207780340530846e+01 1.047657637720396195e+01
1.072833923247430832e+01 1.059888148339474157e+01
1.085647185265307435e+01 1.069752717395197017e+01
1.100277101351620601e+01 1.086821314639155389e+01
1.113592496354585748e+01 1.104450670150797542e+01
1.126774241895658157e+01 1.112464742922087524e+01
1.142285034274396338e+01 1.130868861289644478e+01
1.154342013271986289e+01 1.147019345974917393e+01
1.168189919311056357e+01 1.157513897128997904e+01
1.182699716508331456e+01 1.167484239686542047e+01
1.195506755813620536e+01 1.187747151197484285e+01
1.209060346525498630e+01 1.198773813522961795e+01
1.224859378203708715e+01 1.205290845251883347e+01
1.236916840272059481e+01 1.221486525897103093e+01
1.250726448205532471e+01 1.240236680763244870e+01
1.264030327955426536e+01 1.248418702763628829e+01
1.280112535702535936e+01 1.266306464925361652e+01
1.292306360034356949e+01 1.277795930330109009e+01
1.306291500075564649e+01 1.284226707472866558e+01
1.321156795610360568e+01 1.295855713569126522e+01
1.333750933358504476e+01 1.318641985008721917e+01
1.346786092831390569e+01 1.330655624481516952e+01
1.361778170288465972e+01 1.342594671405374918e+01
1.375372213830482160e+01 1.352377052822654946e+01
1.388292580797679499e+01 1.363081652055435455e+01
1.402739810385822317e+01 1.383314422694181900e+01
1.416607350006301402e+01 1.401497425474357961e+01
