0.000000000000000000e+00 0.000000000000000000e+00
0.000000000000000000e+00 0.000000000000000000e+00
0.000000000000000000e+00 0.000000000000000000e+00
0.000000000000000000e+00 0.000000000000000000e+00
0.000000000000000000e+00 0.000000000000000000e+00
0.000000000000000000e+00 0.000000000000000000e+00
0.000000000000000000e+00 0.000000000000000000e+00
0.000000000000000000e+00 0.000000000000000000e+00
0.000000000000000000e+00 0.000000000000000000e+00
0.000000000000000000e+00 0.000000000000000000e+00
0.000000000000000000e+00 0.000000000000000000e+00
0.000000000000000000e+00 0.000000000000000000e+00
0.000000000000000000e+00 0.000000000000000000e+00
1.520701822226924460e-01 0.000000000000000000e+00
5.364586081969227038e-01 1.110801889124217873e-01
1.799076731213348213e+00 3.980391369753176090e+00
4.532707982426323667e+00 5.438080751782661260e+00
5.711947193569906212e+00 5.911131907877229530e+00
6.228882653312085793e+00 6.508158496071381194e+00
6.569440758634256028e+00 6.511467682936846302e+00
6.813411175884261262e+00 6.769123712889741462e+00
6.905247289610239037e+00 6.977321365290848121e+00
7.050574918615369668e+00 7.202631622176917325e+00
7.300051737690019138e+00 7.498875034180877641e+00
7.558224799210425005e+00 7.807708626342316549e+00
7.758932397128458724e+00 8.070950683470693221e+00
7.994052594866231765e+00 8.309675255606315147e+00
8.322669361975531643e+00 8.536865225865353679e+00
8.482322310148745714e+00 8.744315619213667290e+00
8.698846248741459064e+00 8.935945631397316902e+00
8.947445102859433064e+00 9.124406528950668616e+00
9.138883647534383314e+00 9.307959328840791358e+00
9.348170243997603990e+00 9.500565346452983562e+00
9.562552638168048347e+00 9.673736118368289283e+00
9.716067337196047760e+00 9.846219120341743292e+00
9.990262892482897783e+00 9.907649963129472326e+00
1.007776477764016931e+01 1.019462675805613294e+01
1.025675012588216717e+01 1.036774153896219097e+01
1.052173475517806267e+01 1.043787471639463327e+01
1.060436978386800888e+01 1.073249283153179334e+01
1.081524776454718939e+01 1.092132360358350951e+01
1.109120785864700665e+01 1.098450431082574319e+01
1.127325144092965559e+01 1.116614830791024815e+01
1.136941140249671101e+01 1.147333391178434248e+01
1.153479380560701806e+01 1.167127525421728151e+01
1.184433786662961907e+01 1.175776419045297061e+01
1.203051320628540388e+01 1.194057582791362648e+01
1.221468371097152250e+01 1.213727069369036826e+01
1.234617839531413175e+01 1.240876001145545615e+01
1.260052080140708064e+01 1.254068276730381193e+01
1.273181191255316591e+01 1.280538358814654387e+01
1.299540719533839805e+01 1.296175430087747849e+01
1.320156341868370831e+01 1.315663193646256346e+01
1.334154543333014153e+01 1.339978951678793528e+01
1.360465690319354337e+01 1.355351400944731743e+01
1.381063810059744767e+01 1.374585473593269747e+01
1.401092694978983033e+01 1.395556203479384827e+01
1.421943920803830608e+01 1.416439353741782980e+01
1.443800746428643578e+01 1.435556791364854590e+01
1.464661066160779157e+01 1.456586023836314325e+01
1.484891207252156953e+01 1.478361913864960542e+01
1.505334630776081184e+01 1.498012567270814088e+01
1.525856691419494204e+01 1.518586357911740947e+01
1.547271858333319372e+01 1.539601741519424039e+01
1.568518732422058548e+01 1.562814928104767453e+01
1.590063906070560229e+01 1.580329466940797900e+01
1.611952164404145194e+01 1.600665227734547713e+01
1.632242322173569349e+01 1.624431574430611036e+01
1.655150695288003249e+01 1.642054551410083718e+01
1.676446499232324783e+01 1.660746486349853157e+01
1.698167557325024646e+01 1.683946061900594415e+01
1.719708685105225854e+01 1.705290149000840216e+01
1.740970011005746443e+01 1.721670266597916665e+01
1.763011996230201106e+01 1.742168060063310264e+01
1.782158335235002866e+01 1.765474357758727209e+01
1.784578694426952694e+01 1.798678006764610515e+01
1.809268122108943899e+01 1.817528436441962114e+01
1.842904981011723464e+01 1.826000584287247364e+01
1.863239816971016793e+01 1.849729708930844296e+01
1.886796161859719589e+01 1.866024418097605420e+01
1.908309854203430689e+01 1.889464914833317621e+01
1.915326420545727970e+01 1.925217633917963411e+01
1.950301929616612284e+01 1.926997113685054686e+01
1.971265314025506754e+01 1.950475152575082660e+01
1.992117121256972467e+01 1.981851450267046388e+01
2.015393799066057667e+01 1.991697286695124802e+01
2.037128993485311312e+01 2.014649623797015821e+01
2.061052181013095463e+01 2.038103837431236087e+01
2.080996076353991953e+01 2.062539407428460692e+01
2.103900780914657176e+01 2.076429855590019002e+01
2.097486169100801234e+01 2.116060318821157793e+01
2.146523600615631722e+01 2.116905053431294093e+01
2.168794919998469695e+01 2.151082187305288684e+01
2.191036373293369977e+01 2.160427997330837258e+01
2.212497045661390516e+01 2.187870777209852591e+01
2.236432520203834429e+01 2.208824930056396596e+01
2.257875168622802065e+01 2.233863177822986401e+01
2.279856893164432563e+01 2.250632233681032091e+01
2.301700410192515633e+01 2.280261195952930109e+01
2.323635587112057266e+01 2.298846589872930224e+01
2.346034217069689731e+01 2.330561825252055641e+01
