9.259758016902724931e-01 9.170154526065020795e-01
7.699430314887983906e-01 7.630504678071300395e-01
8.012574225984520071e-01 8.047007833337435079e-01
9.026009536377638254e-01 9.987167627778100742e-01
1.016450819829606944e+00 1.119685612994485435e+00
1.154834831444480070e+00 1.229419527338338369e+00
1.309436572579574243e+00 1.301987261100595150e+00
1.387036563916764331e+00 1.483258347114179587e+00
1.573218254055144705e+00 1.612826146971480856e+00
1.708261806526586657e+00 1.747765257958912688e+00
1.818532538233075702e+00 1.875648500561369891e+00
1.930112997354189730e+00 1.988184918396661116e+00
2.040058441902598663e+00 2.108180989419306428e+00
2.204690396900485627e+00 2.173740903134637747e+00
2.269321573565717287e+00 2.334690973715834783e+00
2.397576113584613200e+00 2.455185375281618398e+00
2.525027040172171500e+00 2.568351686430700553e+00
2.643219195944958688e+00 2.686808001186419492e+00
2.798067410330486560e+00 2.760040800336917677e+00
2.915100436436016906e+00 2.870167209595908098e+00
3.035168781828786244e+00 2.953078606338218393e+00
3.151290498744588664e+00 3.057980848870877733e+00
3.273473207116359696e+00 3.181360396727296980e+00
3.387469036603018679e+00 3.311400136064665212e+00
3.456471410110881326e+00 3.511221184550092023e+00
3.635569064466652733e+00 3.578440721373424172e+00
3.764074627248187976e+00 3.681926935470930307e+00
3.886495317823645657e+00 3.784401540472009717e+00
4.000039912514452567e+00 3.902386775995098755e+00
4.128225857209482541e+00 4.046913872452004846e+00
4.189115504822887637e+00 4.236118924727530377e+00
4.373324872224926274e+00 4.277949374015697970e+00
4.488320757278598805e+00 4.391621022747209224e+00
4.613146167116471297e+00 4.501902015621531916e+00
4.738987635057281267e+00 4.642385179169511211e+00
4.863026372749900794e+00 4.740812630733739041e+00
4.988543084315463894e+00 4.859395436117231348e+00
5.106007440479844561e+00 4.985176783551334090e+00
5.230272567147396856e+00 5.127445451239446506e+00
5.360344804219639769e+00 5.225594068226789624e+00
5.354449791026452132e+00 5.455611366372905557e+00
5.603488286208638591e+00 5.478221370614728691e+00
5.716566862059585752e+00 5.575525629505520442e+00
5.839507008584997827e+00 5.717673234778902547e+00
5.964812478716296162e+00 5.843551603681057749e+00
6.098484177545604901e+00 5.976412615457318722e+00
6.220730152094811061e+00 6.054299613340733188e+00
6.335033710248489491e+00 6.189485170096779676e+00
6.459292395877500148e+00 6.320189814569496356e+00
6.464069232615566207e+00 6.565210098798385907e+00
6.705357833345554575e+00 6.589610836262582261e+00
6.839859775443553502e+00 6.707727987021864458e+00
6.843098599876588750e+00 6.924476586295868152e+00
7.074076724434882557e+00 6.968609622762873101e+00
7.200773707663824297e+00 7.105748221203224801e+00
7.326541206391829597e+00 7.180155369936692900e+00
7.441808208770138933e+00 7.322988408478123823e+00
7.574244283719198556e+00 7.422421285235060395e+00
7.700880308559195697e+00 7.557654755804912305e+00
7.832716662390100559e+00 7.711886752433922965e+00
7.943659516401309517e+00 7.810872282204110562e+00
8.076570256864457065e+00 7.938455426028441231e+00
8.193920651195059079e+00 8.048992203725907402e+00
8.319776577343031221e+00 8.204962668396822423e+00
8.291053868783091474e+00 8.409816335204105542e+00
8.575630583683388153e+00 8.450499825849941971e+00
8.697792711113878639e+00 8.525215519020896693e+00
8.819968906615827109e+00 8.705564273154335453e+00
8.948675453882986019e+00 8.750196643542244246e+00
9.072034577521165488e+00 8.962913074560539428e+00
9.195938510013128564e+00 9.041441413121273030e+00
9.339656700705539549e+00 9.128925347420910441e+00
9.454505217777095183e+00 9.325109165918064491e+00
9.588085981221516008e+00 9.486627903646319027e+00
9.700246208806378334e+00 9.589802631580690573e+00
9.829818004475457727e+00 9.711671496259915770e+00
9.969403261776399461e+00 9.816604346578703399e+00
1.009067356975805652e+01 9.953255846756748682e+00
1.022391147916704490e+01 1.009585285093428908e+01
1.034091849580374678e+01 1.020236326812023009e+01
1.047541158028814756e+01 1.036428491436998556e+01
1.060379472827395908e+01 1.046275976248524842e+01
1.072652854201059824e+01 1.057174477335812668e+01
1.085401149966656753e+01 1.069990772185517081e+01
1.097389481154337254e+01 1.084955030553453170e+01
1.109737931716144210e+01 1.087177891560481946e+01
1.122175659333071351e+01 1.097693973816897639e+01
1.135592875258558365e+01 1.119257032300809307e+01
1.147481981910569182e+01 1.131162995989226872e+01
1.160809221550968040e+01 1.147561914922728477e+01
1.173169796004784438e+01 1.157751839879476741e+01
1.186825170907870941e+01 1.169749684705113246e+01
1.199010231749880973e+01 1.181331136913355806e+01
1.211721935316870535e+01 1.197007581641930152e+01
1.224538988848918919e+01 1.205188407665311878e+01
1.236511323436701737e+01 1.220839424316615052e+01
1.250503277605510100e+01 1.233602399737789490e+01
1.262154263966584722e+01 1.247966634458772717e+01
1.277942586227628752e+01 1.253555268696001690e+01
1.287455303927575478e+01 1.275217504639164900e+01
1.302494937104333239e+01 1.284163621343368966e+01
