0.000000000000000000e+00 0.000000000000000000e+00
0.000000000000000000e+00 0.000000000000000000e+00
0.000000000000000000e+00 0.000000000000000000e+00
0.000000000000000000e+00 0.000000000000000000e+00
0.000000000000000000e+00 1.451266393237023333e+00
7.493050378553092195e-01 3.162989703275929543e+00
3.189346924112236970e+00 3.008168713370427572e+00
3.288721090380749779e+00 3.288161553845370566e+00
3.307706832279663889e+00 3.287801812141761815e+00
3.393005339514344243e+00 3.444306916572097865e+00
3.504007445873630111e+00 3.560908758707567401e+00
3.605043550069079838e+00 3.711524110147287114e+00
3.782466414296170587e+00 3.776048625552919091e+00
3.943722944504334915e+00 4.074516270348412128e+00
4.180816417396124862e+00 4.249441103219479210e+00
4.382216313853303014e+00 4.493493024449247031e+00
4.545727815547958350e+00 4.699746991606554403e+00
4.728924754107684869e+00 4.883717127030835492e+00
4.900987855583777808e+00 5.069074845020171693e+00
5.043349717621647521e+00 5.236502919022101743e+00
5.222907405613534060e+00 5.394109694909385411e+00
5.409500309928366946e+00 5.551016857357248035e+00
5.578695551167736078e+00 5.707931457034496781e+00
5.725241386015802902e+00 5.859787287321960747e+00
5.897088894400211778e+00 6.013220507048989028e+00
6.080399459192737943e+00 6.161923092429177018e+00
6.233634487447178074e+00 6.318186937129540937e+00
6.376384704968954154e+00 6.462854747519387821e+00
6.596904912808300381e+00 6.530190789769277693e+00
6.732920559600532151e+00 6.608399503598353597e+00
6.751074524104259567e+00 6.904295951275332577e+00
6.931885232052734658e+00 7.058248125869083012e+00
7.084122618411339722e+00 7.210694163154935055e+00
7.355893257533656637e+00 7.240074480412657110e+00
7.388882903507926869e+00 7.508280322610480617e+00
7.656335828990414427e+00 7.546064074478766592e+00
7.808687253607446976e+00 7.679499408539632199e+00
7.956792514790264725e+00 7.794936454980236462e+00
7.999888813357044270e+00 8.117218375907910399e+00
8.268093415348442221e+00 8.100967965971424434e+00
8.436254963428465814e+00 8.289494215839097180e+00
8.595822294318660184e+00 8.445627535850197987e+00
8.757067085222617564e+00 8.635570724952140509e+00
8.784942271025068194e+00 8.930882794271941094e+00
9.080764959667247282e+00 8.966099228554238465e+00
9.101550810565388616e+00 9.248898015796985561e+00
9.278362261306641656e+00 9.417620189919045259e+00
9.584182647261073384e+00 9.464116531845908398e+00
9.756992230289025514e+00 9.575715873751379448e+00
9.925511003686082745e+00 9.769595133014059130e+00
1.009937820942015030e+01 9.923219666602882683e+00
1.027273701353957946e+01 1.009631739041127929e+01
1.043246562339522221e+01 1.026489132244674352e+01
1.060670297231992798e+01 1.042672245499334771e+01
1.077233198031705541e+01 1.059086884464145939e+01
1.075895264536726081e+01 1.091606223578714641e+01
1.109667766333545913e+01 1.093900863432345361e+01
1.125712946919129998e+01 1.111929077113475195e+01
1.141564792020677466e+01 1.129781960325436430e+01
1.158248047955075144e+01 1.147236163673639986e+01
1.177502197572085940e+01 1.162178484584834592e+01
1.193613543991597403e+01 1.180536524797693865e+01
1.210098047543362121e+01 1.197003605283821948e+01
1.227232060085665921e+01 1.215181590704181325e+01
1.244447776293861985e+01 1.224614920966128828e+01
1.261626397232541485e+01 1.244666150222084511e+01
1.278714952325509380e+01 1.262885603907891330e+01
1.296055423478945023e+01 1.272642314891606219e+01
1.314309236840416872e+01 1.292496357975102228e+01
1.330889457821941413e+01 1.310194494158648126e+01
1.349552022585197797e+01 1.332206589149645559e+01
1.367691260153358179e+01 1.346126614491670814e+01
1.382146564361073438e+01 1.360607973431331885e+01
1.400557707866541080e+01 1.383536534460142065e+01
1.418817015379715407e+01 1.399514803777466199e+01
1.435951081038468757e+01 1.413582654980787190e+01
1.454000380100933221e+01 1.437340905726695794e+01
1.470905219666234132e+01 1.447398262916793499e+01
1.488521983669078175e+01 1.473072815492426990e+01
1.505988041067579353e+01 1.485125459069884535e+01
1.523613276058177668e+01 1.509244903596417586e+01
1.541385575991205670e+01 1.515935212177027402e+01
1.558396937442033270e+01 1.531995903569971595e+01
1.575772662288218484e+01 1.553355411610170655e+01
1.593779672196325414e+01 1.571156348258064206e+01
1.611368933042752616e+01 1.592396440003433611e+01
1.628071708493043346e+01 1.606925932869438256e+01
1.645887987719306977e+01 1.629213431985946769e+01
1.663495770517031147e+01 1.640460794696371494e+01
1.682127033922693116e+01 1.661436892727209269e+01
1.699058267243108844e+01 1.675924484669327796e+01
1.716798749883698960e+01 1.688390929622738312e+01
1.734526062435759641e+01 1.713377207273633474e+01
1.752027580448142174e+01 1.731799993280509398e+01
1.768716180665176196e+01 1.744399964104193756e+01
1.787306986775021755e+01 1.762555856337225535e+01
1.803997523877144360e+01 1.784314999556039893e+01
1.803394443127904623e+01 1.812869552334279888e+01
1.839122649160152889e+01 1.813022578207609570e+01
1.855886606827262497e+01 1.822872035801160706e+01
1.873770435992723904e+01 1.859817419310684983e+01
