0.000000000000000000e+00 0.000000000000000000e+00
0.000000000000000000e+00 0.000000000000000000e+00
0.000000000000000000e+00 0.000000000000000000e+00
0.000000000000000000e+00 0.000000000000000000e+00
0.000000000000000000e+00 0.000000000000000000e+00
0.000000000000000000e+00 0.000000000000000000e+00
0.000000000000000000e+00 0.000000000000000000e+00
0.000000000000000000e+00 0.000000000000000000e+00
0.000000000000000000e+00 0.000000000000000000e+00
1.617879082154073944e-01 2.254822214757464138e+00
1.405477997416144098e-01 2.689024582702756128e+00
3.719712156361019151e+00 4.797807605709445866e+00
5.479225224800634564e+00 5.745572644215369174e+00
5.985790049069919405e+00 5.985345058060504542e+00
6.039298937245357379e+00 6.039062967909645252e+00
6.063911877908268799e+00 6.066877545687934692e+00
6.119283608932260421e+00 6.118935168443551120e+00
6.171948087280374473e+00 6.171823969990758663e+00
6.264510950892402619e+00 6.264341145146662626e+00
6.356966504310909372e+00 6.396194512295152457e+00
6.493799406694068743e+00 6.550489644795745470e+00
6.627103263334247707e+00 6.713379189597398877e+00
6.784055162257740079e+00 6.935770153417615269e+00
6.951388743932767511e+00 7.211988985604156355e+00
7.144708754299792020e+00 7.454885652804380314e+00
7.338970621184933485e+00 7.638050470154682969e+00
7.595349047723888525e+00 7.839961650069339427e+00
7.764531176186639350e+00 8.038159549890329103e+00
8.092147294688965431e+00 8.231603171747590153e+00
8.287543772213989968e+00 8.418717195979787959e+00
8.513815232591150917e+00 8.618962684538569619e+00
8.679896632649573007e+00 8.794612939320293421e+00
8.880065790155121874e+00 8.984265921617016204e+00
9.071502268330823071e+00 9.163299073718237153e+00
9.261855038004178198e+00 9.354467725357203278e+00
9.427407913305602349e+00 9.529502064955732266e+00
9.610878549203265564e+00 9.712146578723157120e+00
9.798614544830011042e+00 9.881157021976052945e+00
9.956487862073158723e+00 1.004970943678938511e+01
1.015832868279405332e+01 1.022563124238821786e+01
1.038110562483496757e+01 1.029575333496786982e+01
1.047017944599731543e+01 1.055691084811629210e+01
1.072402719245777192e+01 1.062158434349303171e+01
1.090605650281169581e+01 1.076710981152036339e+01
1.088932181612602612e+01 1.108975332072007269e+01
1.126403149395797776e+01 1.113178672312692541e+01
1.130464243012260717e+01 1.145869530802905878e+01
1.164350086999706235e+01 1.151389401903232468e+01
1.166872272368666863e+01 1.182232157295197617e+01
1.201408021405246274e+01 1.185331551031699604e+01
1.204899263275073018e+01 1.219662823206641455e+01
1.224216782671240722e+01 1.238720693801418626e+01
1.240170653333507822e+01 1.256635682898923179e+01
1.275019823917291717e+01 1.257153581346237736e+01
1.295037597483019987e+01 1.276688791575357840e+01
1.292484438554491177e+01 1.311831799369856988e+01
1.331791200833648148e+01 1.311348329472108354e+01
1.350088013673459031e+01 1.327251651157126489e+01
1.369531953758158060e+01 1.348614747735208397e+01
1.387724089522279058e+01 1.367895874418729463e+01
1.407556462967603750e+01 1.391372585139666818e+01
1.427721013987274823e+01 1.406006610890964481e+01
1.447005450482047806e+01 1.424706923245703294e+01
1.466928903457058198e+01 1.445998243735945366e+01
1.487205528438094504e+01 1.469793942039793677e+01
1.508212055732367496e+01 1.484086156547251889e+01
1.528199587814282800e+01 1.504525275722193456e+01
1.548104984189444799e+01 1.525540233449434879e+01
1.544537357564140656e+01 1.564366356320382678e+01
1.585701318093637546e+01 1.560243446966843450e+01
1.606424136975955008e+01 1.585788274995655378e+01
1.607366044389441839e+01 1.622045057023218817e+01
1.643776916032944158e+01 1.625886655758123567e+01
1.665131116151722068e+01 1.645606555108707170e+01
1.684558492380113037e+01 1.661127071796241594e+01
1.705171580683654753e+01 1.689855720331271982e+01
1.725945956469993803e+01 1.705779120908684021e+01
1.745174025831318332e+01 1.727309047942564035e+01
1.766866465143790421e+01 1.744057147767667004e+01
1.786956397994662993e+01 1.768723188025949256e+01
1.805986860259860904e+01 1.791241088727925401e+01
1.812516684699432190e+01 1.820855587597139902e+01
1.845470765084684928e+01 1.831475648159309699e+01
1.867011127120622760e+01 1.847547686581593140e+01
1.888432686735768584e+01 1.872055745207802246e+01
1.909570738185710681e+01 1.888181072808617955e+01
1.930313127419970343e+01 1.912206163942508397e+01
1.951526047760352256e+01 1.934022983292213738e+01
1.974404323680133189e+01 1.954028301347366181e+01
1.992721431725275494e+01 1.972066593481709162e+01
2.015387742067526133e+01 1.994299650963482762e+01
2.036114122064836351e+01 2.013798363784555079e+01
2.057044677092338247e+01 2.036256930090923944e+01
2.077863746448654680e+01 2.056556567726757123e+01
2.098368577498940368e+01 2.072159720257451099e+01
2.120128600418414422e+01 2.097188000695179255e+01
2.140326537581564281e+01 2.116055310931305655e+01
2.161704783849353007e+01 2.137541166826333949e+01
2.181693573608318104e+01 2.161328819453697037e+01
2.203692339701617442e+01 2.183560360145816048e+01
2.223417908789646447e+01 2.207832470586341600e+01
