0.000000000000000000e+00 0.000000000000000000e+00
0.000000000000000000e+00 0.000000000000000000e+00
3.756607749282009725e-04 0.000000000000000000e+00
4.087229653311922955e-04 0.000000000000000000e+00
2.303455258242244688e-02 -4.655075318385558381e-02
1.413880101204049722e-01 3.223439324180781690e-02
5.717954098766237642e-02 5.114406339616833774e-01
5.561773022436179437e-01 2.070775492232322657e-01
4.642046715958173531e-01 1.064911588521342045e+00
1.129986596210409644e+00 1.197144014040073978e+00
1.276646926558807627e+00 1.322627343955221191e+00
1.417605952018365922e+00 1.397002356539611023e+00
1.515940955045005367e+00 1.568401930579569781e+00
1.636720459471252775e+00 1.688288016826744453e+00
1.752060328191351379e+00 1.801310924151756643e+00
1.920468479754202207e+00 1.879580299625255968e+00
1.991296479224627936e+00 2.033666720223661351e+00
2.113481959782194775e+00 2.141951421454235227e+00
2.257379341109849058e+00 2.242778669016980420e+00
2.380497007405050436e+00 2.359667351230012144e+00
2.497408270233265615e+00 2.473138055033789140e+00
2.614976259434700800e+00 2.574695080582995566e+00
2.738186555433148150e+00 2.702124308248080808e+00
2.858151618823100204e+00 2.818449068885809261e+00
2.976954875897947161e+00 2.928106902559157287e+00
3.099792259084268142e+00 3.068013440811663717e+00
3.218237276694875693e+00 3.178762680862523116e+00
3.343582763605326136e+00 3.309711566626547974e+00
3.467162809852049943e+00 3.431803613938526620e+00
3.579778081704387382e+00 3.554714578063315589e+00
3.697275458307310192e+00 3.654622739060496173e+00
3.812246697310779364e+00 3.782634967163688966e+00
3.932110386766091814e+00 3.902521128999087985e+00
4.057217643440400145e+00 4.007961391567143927e+00
4.179516985044754662e+00 4.139515054494750323e+00
4.301161969130112617e+00 4.261605457217139126e+00
4.422341642179955734e+00 4.366510743123506622e+00
4.555494277243708368e+00 4.492501879999549530e+00
4.674819928348935782e+00 4.604598294871268926e+00
4.801779074093997401e+00 4.747596395673487457e+00
4.922461626192787598e+00 4.863011004082571809e+00
5.048051119193976533e+00 4.984326435009293732e+00
5.179206426695345478e+00 5.100884704932176383e+00
5.297152983890201838e+00 5.225714720557061099e+00
5.422501030898465579e+00 5.343736085160882610e+00
5.541223264010467275e+00 5.444400632027961429e+00
5.659791414669202325e+00 5.601103079614340174e+00
5.785211456138317665e+00 5.714850642806697856e+00
5.909177739486365155e+00 5.820042548460026666e+00
6.033669048414755487e+00 5.935196032054045112e+00
6.152649280585415603e+00 6.077619558718822645e+00
6.279371171430007337e+00 6.173909281559497586e+00
6.399699001248863262e+00 6.268843885517421555e+00
6.523882847381360151e+00 6.401950055730060818e+00
6.645222986589955916e+00 6.552373678562739556e+00
6.763667587019951632e+00 6.596324311255250095e+00
6.890972522928554334e+00 6.771909786516488339e+00
7.008255551881807044e+00 6.915526406344905119e+00
7.132936927982572506e+00 7.033484482976770202e+00
7.255748024051232647e+00 7.150682734905174698e+00
7.385765420755235233e+00 7.284678799457705800e+00
7.508505122887059180e+00 7.398814876125126894e+00
7.631700559621868329e+00 7.519986361956863874e+00
7.769962591908392113e+00 7.648367158759101336e+00
7.885583565192980871e+00 7.746376771385191873e+00
8.004907450187040752e+00 7.882650735776405959e+00
8.130111189759089640e+00 8.014009273725250182e+00
8.255006155514632127e+00 8.137044555280374070e+00
8.370772948944633640e+00 8.253369860784328438e+00
8.497273319354727406e+00 8.306181680400268164e+00
8.616146735183130900e+00 8.486608722124813653e+00
8.742376883607930083e+00 8.607506245761117114e+00
8.867089019392073723e+00 8.699066959122868425e+00
8.988466540503120328e+00 8.823353833028182436e+00
9.117858037133593996e+00 8.955577414746596077e+00
9.237689764867051068e+00 9.080814786215741563e+00
9.358933151543475049e+00 9.183494901758921358e+00
9.478367162660696010e+00 9.331450658738550175e+00
9.611991682661745529e+00 9.467944848701018046e+00
9.733913872407292445e+00 9.582368803376953181e+00
9.852801458038609184e+00 9.678441999956373110e+00
9.982346938524655044e+00 9.857044814089235274e+00
1.010536005529938031e+01 9.935793997133069766e+00
1.022674047701839939e+01 1.005885363776082819e+01
1.034714372503271207e+01 1.018131845957164927e+01
1.046595260488559198e+01 1.029593905115047647e+01
1.059296015639163180e+01 1.044996840206471056e+01
1.072927348119535473e+01 1.052020836122237846e+01
1.084840207495281206e+01 1.063362859972893126e+01
1.096187016790258006e+01 1.075388536008061102e+01
1.109081685528616568e+01 1.092737600972567868e+01
1.119745990711165717e+01 1.098742679346261042e+01
1.132274921281923064e+01 1.116417737453113013e+01
1.143811772854494180e+01 1.126351447975520159e+01
1.156223213701946051e+01 1.143727762702494211e+01
1.168092948681310084e+01 1.152621456510642517e+01
1.180230811822774228e+01 1.163599105087276797e+01
1.192422569286576994e+01 1.176542384707781785e+01
1.205147126874827990e+01 1.188715838137147607e+01
1.217179328910251535e+01 1.205356581049618825e+01
1.229550945028496045e+01 1.216961980008900568e+01
