0.000000000000000000e+00 0.000000000000000000e+00
0.000000000000000000e+00 0.000000000000000000e+00
0.000000000000000000e+00 0.000000000000000000e+00
0.000000000000000000e+00 0.000000000000000000e+00
0.000000000000000000e+00 0.000000000000000000e+00
1.378419995494579303e-02 0.000000000000000000e+00
7.626247618952217144e-02 -5.739983915880707797e-03
8.088147880720317762e-01 1.874725873655399777e+00
2.270801633874937941e+00 2.316358971006549972e+00
2.412707948822505166e+00 2.415996836566659312e+00
2.516416625679841701e+00 2.518406320265158094e+00
2.626546988810118943e+00 2.649803133235957731e+00
2.697751290121615408e+00 2.740046191168473477e+00
2.844243351347718107e+00 2.891831592759138925e+00
3.029449310624073632e+00 3.078598996845656632e+00
3.175269250422068978e+00 3.280946626410816691e+00
3.296404018031186656e+00 3.449497248204910438e+00
3.464873125905215456e+00 3.596577063271613639e+00
3.593192013550430275e+00 3.742522070561850267e+00
3.774662017301604777e+00 3.876248274336080879e+00
3.922268239194044437e+00 4.019018999500983291e+00
4.030526975861651984e+00 4.154208563360091588e+00
4.193679658462480475e+00 4.286639576131080709e+00
4.412996284315119588e+00 4.309059602261396726e+00
4.536315835060924506e+00 4.400667151341981942e+00
4.598535544530907515e+00 4.721113013487280519e+00
4.769371632582656062e+00 4.886778552887833804e+00
4.940380847387132235e+00 5.043230153185530362e+00
5.114937121300239475e+00 5.189955041937673208e+00
5.275540668793610166e+00 5.331071320810567116e+00
5.410558712628195543e+00 5.485114644580221466e+00
5.620037379864223581e+00 5.563509667916727963e+00
5.676646967932577503e+00 5.776554087745828348e+00
5.919987124687345670e+00 5.831506742670164556e+00
5.971737280214717281e+00 6.072358796651023738e+00
6.218637025794747863e+00 6.098139851611269258e+00
6.368517945457317531e+00 6.263876724018067499e+00
6.517337072740027715e+00 6.375094367487140090e+00
6.675782933111398698e+00 6.557194587914732864e+00
6.721415156808600244e+00 6.816088187176545965e+00
6.972930650746076431e+00 6.862570482462881039e+00
7.124379878013101575e+00 6.997402016999213714e+00
7.279079578761032288e+00 7.188155530172390506e+00
7.431118126036871274e+00 7.317383825515819673e+00
7.466075772012009892e+00 7.573279871094202420e+00
7.730285408220402665e+00 7.617823789212251562e+00
7.881687146923822773e+00 7.751334894466035408e+00
8.029842484935640456e+00 7.931779983346242346e+00
8.185209585430156309e+00 8.088403513198027639e+00
8.337947495710325896e+00 8.239039113339202913e+00
8.499504862091004753e+00 8.382967121345538786e+00
8.660789711675176861e+00 8.551824244906320871e+00
8.691479974369279660e+00 8.781233797818927655e+00
8.958814667418987909e+00 8.871090824237722217e+00
9.109142447187918989e+00 9.017807182583400305e+00
9.263064475091194794e+00 9.153108938717901211e+00
9.429300332199449741e+00 9.331289226785745683e+00
9.568401970167647264e+00 9.505938517798426801e+00
9.727152393268273300e+00 9.642525751184829019e+00
9.888571582723352904e+00 9.813734556899342820e+00
1.004638834607334985e+01 9.970718007046654563e+00
1.020786870203847485e+01 1.003799861359929935e+01
1.036664101185706599e+01 1.027924178099060804e+01
1.051634317560313470e+01 1.037730087452701255e+01
1.068655382454714697e+01 1.056615095560124118e+01
1.083713481385430377e+01 1.075281649176720933e+01
1.100012078616500233e+01 1.088505565068431125e+01
1.116159659619643740e+01 1.107459186610955904e+01
1.120684609116909947e+01 1.126599664984303040e+01
1.146824977597314543e+01 1.140240127508507584e+01
1.162358667760677022e+01 1.150216431338611400e+01
1.178748039803292791e+01 1.168357194102978269e+01
1.194628671681219423e+01 1.184215915845572553e+01
1.210866252137089027e+01 1.202070550685576222e+01
1.227506560911025879e+01 1.213274787355220674e+01
1.243977939192578575e+01 1.232115816616317794e+01
1.249186631217625454e+01 1.253169167034908149e+01
1.276414680858722228e+01 1.260625373840565011e+01
1.290752058799611035e+01 1.280690277616346862e+01
1.308342536427829117e+01 1.296948937778455679e+01
1.323285380080781692e+01 1.309671600337315489e+01
1.340730718359576912e+01 1.325932372149798866e+01
1.357839215077988726e+01 1.343510705010936057e+01
1.374770443719324042e+01 1.364199199364857051e+01
1.390914800955565234e+01 1.377565492091838628e+01
1.407606240028526479e+01 1.391594063943814596e+01
1.424259136148156024e+01 1.404090654467827548e+01
1.440185194267515101e+01 1.427669262412897311e+01
1.456162321124828551e+01 1.441462634563711021e+01
1.473132025457919170e+01 1.458428165113029351e+01
1.489694120492011109e+01 1.474078523533433938e+01
1.504968447646831464e+01 1.490229943302876947e+01
1.522770954169126689e+01 1.505981579842012152e+01
1.537872081510519706e+01 1.523184850462071616e+01
1.554700536423050217e+01 1.538497289086228470e+01
1.571220764056405805e+01 1.555219810682596027e+01
1.588048917613560285e+01 1.572828344609266793e+01
1.604052504126112666e+01 1.589753012262913678e+01
1.619867124383468848e+01 1.609468479340526770e+01
1.635917384857151902e+01 1.621334912451895605e+01
1.653096939906667728e+01 1.638282843704523017e+01
