0.000000000000000000e+00 0.000000000000000000e+00
9.814562973096258719e-03 -3.133445250926904929e-02
6.762465501706707571e-02 -1.841377261140966001e-03
1.846770275406540429e-01 1.488532450175611421e-02
2.931422357419523061e-01 7.944013984957368213e-02
3.880343690330233519e-01 3.084018633550447697e-01
4.844640087952143959e-01 4.137851334639606193e-01
5.748167566145298002e-01 5.449616273421435952e-01
6.603451195365722670e-01 6.188449180364576918e-01
7.443483699515199836e-01 7.076128636913280312e-01
8.263408189341018284e-01 8.062207934150916744e-01
9.134000217491455853e-01 8.746518287671586345e-01
9.957612726247505597e-01 9.661062643070505995e-01
1.079427338858418572e+00 1.037749417000637164e+00
1.161625395574307218e+00 1.138161790525797024e+00
1.248570723849873332e+00 1.207880795998737433e+00
1.333338451472270370e+00 1.295445900020471663e+00
1.417232023935345753e+00 1.372671090101931446e+00
1.498113288340875426e+00 1.460632202121256773e+00
1.580005442588155340e+00 1.556883137295851594e+00
1.662342349008213649e+00 1.624132980498332657e+00
1.745318382501927390e+00 1.690778996867124073e+00
1.831021644815302274e+00 1.801268862194710385e+00
1.914052850978671616e+00 1.857663753868409540e+00
1.997699971885902759e+00 1.937406425498802154e+00
2.082152514681350208e+00 2.016506791334792936e+00
2.168492568834114120e+00 2.102510085550717278e+00
2.248004903508699748e+00 2.192458245359357516e+00
2.330924834321128181e+00 2.285377735359285900e+00
2.413677944450096202e+00 2.372191519922156822e+00
2.494610577736501522e+00 2.442293565252588117e+00
2.582423642421937338e+00 2.531591457593933558e+00
2.658612136049750330e+00 2.608283403671283196e+00
2.743464245257456469e+00 2.677937698932983945e+00
2.827979917464612747e+00 2.749011945663720535e+00
2.914767542786281140e+00 2.868723186119070068e+00
2.996998973121785870e+00 2.955633055998058811e+00
3.076450104130361130e+00 3.020224128809811059e+00
3.161956891511783496e+00 3.096015817127570013e+00
3.246746936723597265e+00 3.185576716822340337e+00
3.328863156026040215e+00 3.250496410629486466e+00
3.410026348404225693e+00 3.346035140325475776e+00
3.498270889687086882e+00 3.421553618877704483e+00
3.580986294132394665e+00 3.520215989280801594e+00
3.664710461375401351e+00 3.605136343966536039e+00
3.747052103446201432e+00 3.670563260725939081e+00
3.831361269957763938e+00 3.777720229817153719e+00
3.912575826475670926e+00 3.845141386757866986e+00
3.999482432068945492e+00 3.939033711515243397e+00
4.077836478455510338e+00 4.007558050700080088e+00
4.162324590984751715e+00 4.090084409388746955e+00
4.240947463364578063e+00 4.184885738931638954e+00
4.323812382851283331e+00 4.262244043540643901e+00
4.405674056812225459e+00 4.339982528465660572e+00
4.490491331940398290e+00 4.447081487802093669e+00
4.573656212767389206e+00 4.504359037132830146e+00
4.659284500572879573e+00 4.585128240239465747e+00
4.744508189989486091e+00 4.659769934759807164e+00
4.827421568637366711e+00 4.751834604940486706e+00
4.913702603308255590e+00 4.860789317190934433e+00
4.997068074988462172e+00 4.915918137393853193e+00
5.078459211284338970e+00 4.991533651344926881e+00
5.164920913285572901e+00 5.077012259687485596e+00
5.248360705197555376e+00 5.183836746303772003e+00
5.329423730794045966e+00 5.278601341576672823e+00
5.417275987916085889e+00 5.315783811022488869e+00
5.499421528368197087e+00 5.416951956163093662e+00
5.586681955424841917e+00 5.467574117789240518e+00
5.669310201203320965e+00 5.562454310005691127e+00
5.748380717565442666e+00 5.644390993146438440e+00
5.835697689532925558e+00 5.712328314620569891e+00
5.914526798006021657e+00 5.812395386515195383e+00
6.000585311267082389e+00 5.903060427573245228e+00
6.081247416239890846e+00 5.976356615050298693e+00
6.164573559300714045e+00 6.067052377885269188e+00
6.247979733912813138e+00 6.138901569446757911e+00
6.334222416081218832e+00 6.215660577466177728e+00
6.415799167721427665e+00 6.326591008927545445e+00
6.491546458036731693e+00 6.374519059758814166e+00
6.576929287904099475e+00 6.477357710081002473e+00
6.658917552755282188e+00 6.555137261046636965e+00
6.743691325669480818e+00 6.658034792137788038e+00
6.824194621976874764e+00 6.726543326525199262e+00
6.911923466505600189e+00 6.830922878764405404e+00
6.989292336761559810e+00 6.894298040068667532e+00
7.075724216132258881e+00 6.968118860642816159e+00
7.158958790875514566e+00 7.013931108082315902e+00
7.244670860102855769e+00 7.118617122527175489e+00
7.326283405509928848e+00 7.227440126103942930e+00
7.405000307302045393e+00 7.297090455458072000e+00
7.489653374024222821e+00 7.379775102333961279e+00
7.569737950013282202e+00 7.445812863208126409e+00
7.651684691558705786e+00 7.577258434416594746e+00
7.739042196172164267e+00 7.637706545109980816e+00
7.820967727802564440e+00 7.716613664376403392e+00
7.904388969183289149e+00 7.813081963854352274e+00
7.992736249642213409e+00 7.911628821756772290e+00
8.073167487176894141e+00 7.946717572205960423e+00
8.153744321362761838e+00 8.045606791008488301e+00
8.232339666272759260e+00 8.142372392223466093e+00
8.318819400511372919e+00 8.202945571102896238e+00
