0.000000000000000000e+00 0.000000000000000000e+00
9.468793192217058981e-04 0.000000000000000000e+00
2.691464315637011936e-03 -3.046127656552280786e-04
2.971481636089472536e-02 0.000000000000000000e+00
1.093992031435203904e-01 -3.807585427026574740e-03
2.606497186976431402e-01 8.743591986127730031e-02
2.545214996953700792e-01 6.027967493802174337e-01
6.999340144611329029e-01 6.359502444755048556e-01
8.212225159856197942e-01 7.966122212727321239e-01
9.377105433703377679e-01 9.275940762188065181e-01
1.039102158178093038e+00 1.065707570012579986e+00
1.163385471487642597e+00 1.176825838764122167e+00
1.276874784307932886e+00 1.295519264489241484e+00
1.402873700015628389e+00 1.378773904505986803e+00
1.513529713824419254e+00 1.476753483733229011e+00
1.615793925561060274e+00 1.598855085501916351e+00
1.730965575611331575e+00 1.708085163392675687e+00
1.836618315320553529e+00 1.804877558109789115e+00
1.945073849921137965e+00 1.912258694426852257e+00
2.053987275763161424e+00 2.021442919229567536e+00
2.164865687147644380e+00 2.117826674777516072e+00
2.271119063685167028e+00 2.239445024995943001e+00
2.383843745247631762e+00 2.331683081649039035e+00
2.490001585199276057e+00 2.454716054415270854e+00
2.598621915025410622e+00 2.559493075616663393e+00
2.707046849215804407e+00 2.677602214633988176e+00
2.815339039773767649e+00 2.783818107976201439e+00
2.921822022202451130e+00 2.880491197520604896e+00
3.032755783831036833e+00 2.959124762466628589e+00
3.137951457240043318e+00 3.093909586121429189e+00
3.251006522404390253e+00 3.202178770855304002e+00
3.363537625700639744e+00 3.300527613414873773e+00
3.468718941314796300e+00 3.406596765184506381e+00
3.575204412699336309e+00 3.507739173786732501e+00
3.684659002921294668e+00 3.622682584627443525e+00
3.793236707204067137e+00 3.737181434480353115e+00
3.900960521845776796e+00 3.832048797674862506e+00
4.012274924809285714e+00 3.950690168635909050e+00
4.117613084926694533e+00 4.050253622843731804e+00
4.230919369911846140e+00 4.176800326137622754e+00
4.342385611146084123e+00 4.241541179111051107e+00
4.450100144964090454e+00 4.353548191518061827e+00
4.548705939579334334e+00 4.457844779019070280e+00
4.660821585792147559e+00 4.562011240734350714e+00
4.770331405456625262e+00 4.701914178571887426e+00
4.876957669820598973e+00 4.783219563016349873e+00
4.984599452271649689e+00 4.907280166870667593e+00
5.089165310859429248e+00 5.006621415605935432e+00
5.192186510853680659e+00 5.143854495043298947e+00
5.300714613365753003e+00 5.213991039447634535e+00
5.404968253400986633e+00 5.330784078864558850e+00
5.519553593691751914e+00 5.434644975619389307e+00
5.629098137205096997e+00 5.543436192272110929e+00
5.737843081445509696e+00 5.635185328507071212e+00
5.844375429140980849e+00 5.769079437487989459e+00
5.948959112260705950e+00 5.876696387635319319e+00
6.064127739563583752e+00 5.985516022856462115e+00
6.171140294947768723e+00 6.055612824178456144e+00
6.275960120173118106e+00 6.199026454680157450e+00
6.386894555177920374e+00 6.303936638851153518e+00
6.494580123851098286e+00 6.390584560830059324e+00
6.592569804897636665e+00 6.462578267526335019e+00
6.709529793720259150e+00 6.617749272104735070e+00
6.817172724928685312e+00 6.688365089520398321e+00
6.928027871122609760e+00 6.837916529623372597e+00
7.037361906197750372e+00 6.944629812760473087e+00
7.151767667213422719e+00 7.009701704535657996e+00
7.255357902589298469e+00 7.116510893375705749e+00
7.366522914724654036e+00 7.248740056484631822e+00
7.472499770553350906e+00 7.289468559117487700e+00
7.588698190910826646e+00 7.485110849690172152e+00
7.687623455324169797e+00 7.578979573121124247e+00
7.799121270127704619e+00 7.671330296275877814e+00
7.904177242844963480e+00 7.782223779880942161e+00
8.013993710745088705e+00 7.903943820095138406e+00
8.121659595747699356e+00 8.040189321548067980e+00
8.232500337590732187e+00 8.112818517503844973e+00
8.344413202439492139e+00 8.205459572938524460e+00
8.443496255524093996e+00 8.323417426164050781e+00
8.553741336700408482e+00 8.420206232144900937e+00
8.655707349820337626e+00 8.544719003386862965e+00
8.759929368171940567e+00 8.657166085781875964e+00
8.869803259748374913e+00 8.738692529302706902e+00
8.982250978454709767e+00 8.908411407535298920e+00
9.092008388079865000e+00 8.929036541678359029e+00
9.196374274299268237e+00 9.018033428082386393e+00
9.314038372063842885e+00 9.161131928388336121e+00
9.422960178347045357e+00 9.269303815938608082e+00
9.522331579875766394e+00 9.399302908496146358e+00
9.640435325177591608e+00 9.498556278363002647e+00
9.748923539374979796e+00 9.586423683132519358e+00
9.858221904696332416e+00 9.680566337417234379e+00
9.962948247318493600e+00 9.836780173803314042e+00
1.007256191207428664e+01 9.934293007925557362e+00
1.018382652290056534e+01 1.003271891563256979e+01
1.029952154472247727e+01 1.017904004756383252e+01
1.040430678518246843e+01 1.022548579418781856e+01
1.050235214464709621e+01 1.035954477395501883e+01
1.062635335726715091e+01 1.050397471802475202e+01
1.072367609014608192e+01 1.057497397394563343e+01
1.084045107842751499e+01 1.067781800765432720e+01
