0.000000000000000000e+00 0.000000000000000000e+00
0.000000000000000000e+00 0.000000000000000000e+00
0.000000000000000000e+00 0.000000000000000000e+00
0.000000000000000000e+00 0.000000000000000000e+00
0.000000000000000000e+00 0.000000000000000000e+00
0.000000000000000000e+00 0.000000000000000000e+00
6.111962543124169200e-02 3.572080944674210865e-03
8.832222202135293909e-02 0.000000000000000000e+00
3.114795398533514170e+00 5.981262454833782272e+00
7.236941055774097187e+00 7.814064349274662646e+00
7.371683483185808683e+00 8.340603967898710280e+00
8.297616629555482959e+00 8.296967907534186892e+00
8.372240507344224980e+00 8.379661043037854640e+00
8.428443102622853900e+00 8.433003723530962503e+00
8.521557471778130832e+00 8.652366425991870003e+00
8.597585175309504280e+00 8.967862113399764468e+00
8.805745946621136966e+00 9.248178830559202979e+00
9.205325245637885345e+00 9.566647753436711810e+00
9.439929709536805547e+00 9.865103503668677831e+00
9.705948017997380717e+00 1.018337463535670118e+01
1.004799296174616963e+01 1.044404483064196221e+01
1.024578137442426495e+01 1.069836787627346730e+01
1.059938408744840643e+01 1.092127082734523746e+01
1.083457666877908210e+01 1.113814611204106875e+01
1.104498954993101734e+01 1.134096189096978513e+01
1.131030048098183372e+01 1.153072047790541532e+01
1.153298633303614729e+01 1.174226045754819481e+01
1.177110256041438063e+01 1.193691236821230994e+01
1.197547683930430296e+01 1.211203767039379287e+01
1.217872556039871235e+01 1.229133843869869835e+01
1.235127740404263541e+01 1.245744869103088348e+01
1.252309064873189648e+01 1.262725314214673489e+01
1.277031783510380514e+01 1.270029489686054625e+01
1.279173769144205153e+01 1.296487055187177440e+01
1.312380786367248575e+01 1.296603420742090407e+01
1.328621671303254992e+01 1.310305555638912978e+01
1.330721086556857813e+01 1.352428437157375640e+01
1.351590627682314505e+01 1.372629125120393034e+01
1.373936635234462322e+01 1.391897828227963885e+01
1.394387835757205707e+01 1.414265340186304698e+01
1.416214401489858155e+01 1.434388920339033113e+01
1.434444669678851803e+01 1.454339022162606909e+01
1.471513532387075607e+01 1.451944021168158372e+01
1.490472591690057236e+01 1.471063917635107998e+01
1.506705434051041159e+01 1.490030745970213033e+01
1.524904579511865421e+01 1.508743095281229607e+01
1.543163864243305028e+01 1.527096073090551975e+01
1.548087942378697335e+01 1.565559292294113547e+01
1.583599817806141274e+01 1.572290147719972886e+01
1.603813295993083798e+01 1.591084255703620443e+01
1.624029830060806390e+01 1.611332515938474685e+01
1.630760104065542393e+01 1.644950686108565563e+01
1.651597147803637000e+01 1.664211685652966821e+01
1.683476119764479151e+01 1.670786896204320726e+01
1.703404854388837464e+01 1.691197149879256045e+01
1.723574990172173926e+01 1.708710783806888145e+01
1.744859285135341409e+01 1.731092551310711514e+01
1.764367875370712824e+01 1.754594504016212753e+01
1.785886974676651207e+01 1.771231865777848924e+01
1.807320474753235473e+01 1.792165095985386358e+01
1.826407739205698633e+01 1.806633099444535517e+01
1.836072131593797252e+01 1.845877470134024634e+01
1.868351740810227568e+01 1.858705498631256958e+01
1.889147127849290442e+01 1.871013847714271350e+01
1.911979202262950039e+01 1.896131844455133120e+01
1.932069249456655768e+01 1.918862953808784155e+01
1.935965484050506547e+01 1.951477635195261939e+01
1.974959669144128682e+01 1.957502959572250134e+01
1.981851441829691751e+01 1.993701210640771748e+01
2.015870714975761402e+01 2.007688567314551875e+01
2.038467243454819311e+01 2.026332089688426663e+01
2.044374854980062395e+01 2.054634140435585365e+01
2.079277259841103032e+01 2.065607337293407042e+01
2.101988950769800724e+01 2.084783196947594419e+01
2.123468577056097928e+01 2.103940629867108214e+01
2.144312821809735681e+01 2.132027734527711260e+01
2.165675299950021326e+01 2.152596513846057746e+01
2.188550649073548726e+01 2.166167772552761051e+01
2.207689187897167571e+01 2.190959134793814655e+01
2.230036104304567246e+01 2.213809687830258710e+01
2.252743865089119168e+01 2.238104748476735040e+01
2.273343326315870172e+01 2.249377800483962986e+01
2.297006961856649454e+01 2.287038338841147933e+01
2.318089514481692603e+01 2.294043795652933326e+01
2.340613927510568004e+01 2.326264906832651036e+01
2.335373535741841522e+01 2.355757818425667693e+01
2.370713833646927426e+01 2.377280439396848521e+01
2.405999598143275975e+01 2.382964658255767176e+01
2.426557609910713253e+01 2.404571403749694980e+01
2.423031647663349730e+01 2.441273692162788578e+01
2.470879953361875181e+01 2.441862573156936378e+01
2.493714017423215168e+01 2.472539339775786971e+01
2.516149794357196257e+01 2.497460446499241726e+01
2.540018219465317273e+01 2.515119283587382881e+01
2.562472522457565560e+01 2.536082163589157190e+01
2.586535410838024163e+01 2.552086283573151704e+01
2.611723482223433024e+01 2.582638004950411670e+01
2.634816208073664612e+01 2.598750724453391214e+01
2.655737936171188807e+01 2.615702855750224032e+01
2.678443339092607900e+01 2.645683810896116483e+01
2.681631790661699810e+01 2.692681386812929034e+01
