0.000000000000000000e+00 0.000000000000000000e+00
0.000000000000000000e+00 0.000000000000000000e+00
3.288790764095485221e-05 0.000000000000000000e+00
1.649011442185976603e-02 0.000000000000000000e+00
5.652823991204814630e-02 7.505498627211129592e-03
4.656913754662157789e-02 3.947675153492400391e-01
1.690372358095117988e-01 5.895915238643311129e-01
6.668277771304600421e-01 6.968979829958171779e-01
7.911673107737029476e-01 8.031189060354044784e-01
9.115964614988915082e-01 8.962870403091965921e-01
1.014630636564713084e+00 1.001304277605387094e+00
1.119110610175530152e+00 1.101906613388297540e+00
1.220512325758468464e+00 1.201449864157000835e+00
1.324354030800340309e+00 1.310900037791010941e+00
1.425087018579288545e+00 1.404377700585292432e+00
1.523877058644518057e+00 1.499369155044698587e+00
1.629597543942867599e+00 1.604597285748231794e+00
1.729148319936313127e+00 1.709692725366891430e+00
1.832522834700462511e+00 1.807939696759556902e+00
1.936839956103046934e+00 1.904031103124008029e+00
2.037914771152419924e+00 1.989245679994294136e+00
2.140261065043233213e+00 2.093160152368803484e+00
2.243880561701482090e+00 2.203166512237691776e+00
2.348711700287344328e+00 2.316985342971366713e+00
2.451160448888058063e+00 2.405897742563469777e+00
2.553973513357093772e+00 2.501487255540369770e+00
2.655454883571192415e+00 2.612601485069729002e+00
2.757067604484037204e+00 2.696990462861560189e+00
2.859564980442447002e+00 2.794283698761630852e+00
2.962440236153235151e+00 2.889798226095659839e+00
3.062997403897810500e+00 3.025104870134305290e+00
3.167428179275857847e+00 3.122979505310425452e+00
3.266974597056256702e+00 3.225697085603241643e+00
3.373073921229956085e+00 3.335041011320948989e+00
3.468873334761430005e+00 3.438101116149752556e+00
3.580615175254072913e+00 3.507586761960216570e+00
3.680299924659667710e+00 3.607307365778190000e+00
3.777604866824353813e+00 3.730958892997562337e+00
3.886703271508277435e+00 3.811913991911024091e+00
3.988555469208117099e+00 3.886435348557807590e+00
4.088124426995118910e+00 4.003393924613230404e+00
4.193470521293996001e+00 4.098797337546807640e+00
4.291110784480997253e+00 4.210928598860570027e+00
4.393796184850753406e+00 4.328759233166379339e+00
4.489805159762609854e+00 4.395158007837602021e+00
4.591544724384569065e+00 4.517689954116590911e+00
4.693684614357154672e+00 4.615486942057493103e+00
4.797003229072092090e+00 4.733962286391596663e+00
4.897250534453251980e+00 4.807900852572646322e+00
4.995904752423114381e+00 4.935744831952955991e+00
5.101578944271759397e+00 5.018679983383890431e+00
5.198838810718441117e+00 5.121134173880026452e+00
5.307223960589646516e+00 5.199752081808147963e+00
5.406776582958233490e+00 5.325373536541730957e+00
5.512013901933435100e+00 5.443485651458443542e+00
5.616346082198040435e+00 5.501760571674650713e+00
5.718530762323949190e+00 5.633208803413991106e+00
5.826431373206895969e+00 5.730673380933827943e+00
5.930375911233148223e+00 5.827580270374555838e+00
6.031430088604976980e+00 5.920905490486179090e+00
6.141876958644291840e+00 6.026329747554211913e+00
6.239898480210277043e+00 6.143916614264978371e+00
6.339433618112773061e+00 6.218883247392229308e+00
6.447387169867719869e+00 6.356019080546729150e+00
6.538257989191231800e+00 6.455369098177717646e+00
6.645419795080085734e+00 6.499269680930164661e+00
6.742079786583850876e+00 6.622047707772173553e+00
6.842875826330366174e+00 6.716856815779818746e+00
6.946144799445814755e+00 6.861455189874696714e+00
7.043459791030074690e+00 6.944786362430583893e+00
7.153052754683578485e+00 7.034218358193817799e+00
7.247395854132676618e+00 7.121611732576521803e+00
7.346187493095291288e+00 7.233260503471294456e+00
7.446694755845779667e+00 7.347120539431029940e+00
7.548699568216569844e+00 7.466098515466872421e+00
7.653652391018987089e+00 7.562555735191342166e+00
7.749612505169794829e+00 7.640664324630171755e+00
7.852484891513617171e+00 7.740150496845821237e+00
7.962232472680780937e+00 7.837471240746062051e+00
8.061305241690970291e+00 7.968615418284648477e+00
8.166379066042217971e+00 8.014690021455370683e+00
8.272140657558102461e+00 8.146565207088798388e+00
8.373929026089685479e+00 8.273721555079893264e+00
8.480102730715369574e+00 8.345111996568624235e+00
8.586988032339124999e+00 8.461409693843402025e+00
8.684642378816660013e+00 8.543798331153604764e+00
8.789900620749691029e+00 8.642273595632284255e+00
8.898367641603693201e+00 8.766006439633743597e+00
8.987566034690143368e+00 8.881876268419356180e+00
9.089404477557904372e+00 9.002821609532540847e+00
9.187045357946558966e+00 9.047042074876014084e+00
9.291474632673677903e+00 9.150564278474313085e+00
9.393910657966463518e+00 9.260492707512845811e+00
9.492788071864055155e+00 9.360402428525404162e+00
9.597749971850371153e+00 9.471386201705518815e+00
9.704271120984030219e+00 9.569233990175192162e+00
9.799383637495781230e+00 9.708939437172682929e+00
9.903391620864962164e+00 9.798595137702239555e+00
1.000908344712386189e+01 9.835940611487890450e+00
1.010485854887642532e+01 9.921629331986906664e+00
1.020983396277422450e+01 1.008845628212096734e+01
