0.000000000000000000e+00 0.000000000000000000e+00
0.000000000000000000e+00 0.000000000000000000e+00
0.000000000000000000e+00 0.000000000000000000e+00
0.000000000000000000e+00 0.000000000000000000e+00
0.000000000000000000e+00 0.000000000000000000e+00
0.000000000000000000e+00 0.000000000000000000e+00
2.879911225599215974e-02 1.889494514145024340e+00
3.340658588169552967e+00 5.223387463704539435e+00
3.145064699803127084e+00 7.933494399505365280e+00
8.219337522654800665e+00 1.197910936215802735e+01
1.254060227829419816e+01 1.278604997055849424e+01
1.356069251373755691e+01 1.381997462066356697e+01
1.418940617868174670e+01 1.422203201816688711e+01
1.419210901833647753e+01 1.423566373922981754e+01
1.429802847194076598e+01 1.430280921466489374e+01
1.440569359335973942e+01 1.461788921182662193e+01
1.454656647307642281e+01 1.487461844873224237e+01
1.473003173455098391e+01 1.531484050851829259e+01
1.497793753479557743e+01 1.570167989610358639e+01
1.530335541720661752e+01 1.606337269282858315e+01
1.566888749510404999e+01 1.642282546013937150e+01
1.606602227197049970e+01 1.676140631620291188e+01
1.653589225275542063e+01 1.705014464793869422e+01
1.689580195898013315e+01 1.730780651887424781e+01
1.718726775703006027e+01 1.752971504939714720e+01
1.743242656477762154e+01 1.776109635871457826e+01
1.770389318315075400e+01 1.798301748548447065e+01
1.798184916541263689e+01 1.821099210741117247e+01
1.826238072385093147e+01 1.845355954660632136e+01
1.848353492413252752e+01 1.867402708276656753e+01
1.872055595953611729e+01 1.890894051111480678e+01
1.895173202747947983e+01 1.912373808819161880e+01
1.915781109416809613e+01 1.934617014278065739e+01
1.936596151905787266e+01 1.957599856501359525e+01
1.960197638954726074e+01 1.978214221762477720e+01
1.986162929707965574e+01 1.999409192173766669e+01
2.004694825142338388e+01 2.020232217422157817e+01
2.026848304027499026e+01 2.041444504573827956e+01
2.042485934564340511e+01 2.061933068473850739e+01
2.064708331500430205e+01 2.082413825897197768e+01
2.098944087779610257e+01 2.084250897374475997e+01
2.095728061564499356e+01 2.123962684228312270e+01
2.116061072769251794e+01 2.143642227718186177e+01
2.143619794076961682e+01 2.166107499062358954e+01
2.162262117513009585e+01 2.186981583326194212e+01
2.205439879833497940e+01 2.176897124451308585e+01
2.199763809175930618e+01 2.228600426197664319e+01
2.207483174068961063e+01 2.251436456392806917e+01
2.269952597798554805e+01 2.229560476125272928e+01
2.292645940691120643e+01 2.252111683036286394e+01
2.312495787865772101e+01 2.276323622094790267e+01
2.334021198840464706e+01 2.291460372775377508e+01
2.315159309872770876e+01 2.355705030487272111e+01
2.334645200817975308e+01 2.378130122288641957e+01
2.399510966613665630e+01 2.347889119799880220e+01
2.370148179036302238e+01 2.422757040835171694e+01
2.443418569694814124e+01 2.403340875431493728e+01
2.410072533981857745e+01 2.464355188320907786e+01
2.485960735238456820e+01 2.421319949338677802e+01
2.457557208631083157e+01 2.507676312367198790e+01
2.529922012776605200e+01 2.480972541222964978e+01
2.551576882488379283e+01 2.502024831603591437e+01
2.525281695162098572e+01 2.573023842728411736e+01
2.596678534842432029e+01 2.543271757272351863e+01
2.619042354411864082e+01 2.563997551225698857e+01
2.640630807972135230e+01 2.588291332109954368e+01
2.605891001866875456e+01 2.660031934075610138e+01
2.685326368287144660e+01 2.618787725860886795e+01
2.708242910091761857e+01 2.647784003957962184e+01
2.731475047271714374e+01 2.679583884513903769e+01
2.753555694937710285e+01 2.692404171343335406e+01
2.776290376934608517e+01 2.729049509268362783e+01
2.800231403691400800e+01 2.748200192856166524e+01
2.776342706255689308e+01 2.820579524734176857e+01
2.845377456846278719e+01 2.788917830693610256e+01
2.868741942654463273e+01 2.816582663474692083e+01
2.891626590835761235e+01 2.837010585934458717e+01
2.916253548829517683e+01 2.859012769634090745e+01
2.940792113975178168e+01 2.873634975485572696e+01
2.965593129780446446e+01 2.901920132243238371e+01
2.987552242943383973e+01 2.939419860287759079e+01
3.011761170897436557e+01 2.951400580664111928e+01
3.035313541022303241e+01 2.977509303196020696e+01
3.059454678444026854e+01 2.996459801458749439e+01
3.084189648787583238e+01 3.021158579029080826e+01
3.051382387330101054e+01 3.099169953456468818e+01
3.128739912323505123e+01 3.071167950368303323e+01
3.153068623618995048e+01 3.094602047849177850e+01
3.125626878791558383e+01 3.169439335708820238e+01
3.198966779649991210e+01 3.127396254253078212e+01
3.161183988275051604e+01 3.214649696107684917e+01
3.243414009514478380e+01 3.179210517799426938e+01
3.268042059848048808e+01 3.217828334362918241e+01
3.292391015132864851e+01 3.227818358501885854e+01
3.317390413111365177e+01 3.253775554689086391e+01
3.343247061334969317e+01 3.288380960355323168e+01
3.365861719812501462e+01 3.301126598965676351e+01
3.391006197729770832e+01 3.330094262878741773e+01
3.417578434336375182e+01 3.356513322620065054e+01
3.440043527036277027e+01 3.386180577036617478e+01
3.467175642896551579e+01 3.425933995766187934e+01
