0.000000000000000000e+00 0.000000000000000000e+00
0.000000000000000000e+00 0.000000000000000000e+00
0.000000000000000000e+00 0.000000000000000000e+00
0.000000000000000000e+00 0.000000000000000000e+00
0.000000000000000000e+00 0.000000000000000000e+00
0.000000000000000000e+00 0.000000000000000000e+00
0.000000000000000000e+00 0.000000000000000000e+00
0.000000000000000000e+00 0.000000000000000000e+00
0.000000000000000000e+00 0.000000000000000000e+00
0.000000000000000000e+00 0.000000000000000000e+00
0.000000000000000000e+00 0.000000000000000000e+00
0.000000000000000000e+00 0.000000000000000000e+00
0.000000000000000000e+00 0.000000000000000000e+00
0.000000000000000000e+00 0.000000000000000000e+00
0.000000000000000000e+00 3.796040733275725998e+00
1.007729414605029294e+00 5.165943545569305684e+00
5.175280185724902005e+00 5.904567011783972141e+00
5.990573061945795530e+00 6.019700483756058595e+00
6.134515271186105956e+00 6.171168673712636554e+00
6.182055687543923206e+00 6.196299026492351203e+00
6.310888392975372518e+00 6.382255976091673944e+00
6.414233623271212714e+00 6.484547704462578110e+00
6.553471249284783973e+00 6.644833359188315747e+00
6.692236034904865072e+00 6.831354933550481512e+00
6.849682562901651117e+00 7.065994138838602723e+00
6.927090688616218905e+00 7.219705395438990259e+00
7.295678098196549222e+00 7.214070177149728202e+00
7.345812554975673869e+00 7.543801085481071311e+00
7.503172873408616717e+00 7.713272015848351870e+00
7.734817438356018648e+00 7.868334643440595855e+00
7.890791634038350821e+00 8.015641108059639919e+00
8.068683103967343229e+00 8.169360929868513921e+00
8.226283384574113455e+00 8.316440641010906631e+00
8.393556764698477224e+00 8.463171196173274069e+00
8.542947910998238470e+00 8.597515761190022587e+00
8.743630844658600410e+00 8.661619334929667957e+00
8.808700928515001749e+00 8.897056695427457029e+00
9.042959798387522952e+00 8.978793563733660221e+00
9.196410941564067798e+00 9.120337670893311710e+00
9.342110651803508858e+00 9.269639599728581203e+00
9.492239526686443440e+00 9.416242795130182586e+00
9.657187171891157718e+00 9.565886333299429722e+00
9.818039326003423994e+00 9.729382431921534291e+00
9.969648605004003628e+00 9.911000331062707502e+00
1.004884514897849890e+01 1.013297125999519999e+01
1.029792703375968976e+01 1.020900325841936684e+01
1.047271907133285218e+01 1.037596084218243853e+01
1.063636918161791911e+01 1.057362356916146773e+01
1.079894755532993678e+01 1.074463373384464404e+01
1.097262672567206465e+01 1.089769675821937156e+01
1.114140237545905165e+01 1.106675976207229262e+01
1.130791136268538111e+01 1.122767262750960349e+01
1.148745467966430667e+01 1.140140856589374962e+01
1.165969162086877731e+01 1.159913606321661206e+01
1.183383401852047712e+01 1.175612802305457194e+01
1.201577709063070287e+01 1.193305900339460024e+01
1.218922680007346671e+01 1.212112543370771789e+01
1.236343408067529026e+01 1.226304810414720947e+01
1.254001862204994744e+01 1.244418188829276062e+01
1.271792020030333781e+01 1.264608891669698743e+01
1.289960628763402184e+01 1.279850354394744194e+01
1.307351359757267950e+01 1.296084392324200785e+01
1.325267498982155523e+01 1.315380757638565790e+01
1.342408841841340106e+01 1.337802359888890713e+01
1.360160462842517326e+01 1.354429287570450846e+01
1.378539431984713026e+01 1.371650675082353388e+01
1.397388618345318356e+01 1.381236904937774668e+01
1.415643530190572008e+01 1.404196942288605143e+01
1.434333493694059847e+01 1.425385383893922864e+01
1.452090941998460494e+01 1.441052047847775164e+01
1.471536831156944025e+01 1.460708505484851116e+01
1.490272775629247981e+01 1.476700408826113886e+01
1.509298956676291681e+01 1.491346551033914558e+01
1.527269394421928261e+01 1.503850477362677118e+01
1.544981278457457563e+01 1.529101489681968573e+01
1.564435159004401044e+01 1.546180248469391927e+01
1.583075243429368939e+01 1.564259248275245895e+01
1.600762060415513233e+01 1.587252509108719067e+01
1.620263285422342747e+01 1.599977412439632296e+01
1.639158046618249287e+01 1.622915256847134557e+01
1.657381777765954212e+01 1.633933057435000791e+01
1.677355222011167868e+01 1.647342135086702442e+01
1.695083294171154620e+01 1.673344842444886993e+01
1.713449893526069090e+01 1.686580219971034111e+01
1.731910851289423547e+01 1.708223749267361313e+01
1.749957501438873919e+01 1.722098926762980753e+01
1.770459226966942978e+01 1.746532739871279460e+01
1.788949686422659724e+01 1.768025272492382882e+01
1.806775673058468357e+01 1.786906423650675890e+01
1.825496761993466421e+01 1.798214914765718575e+01
1.843768164808139076e+01 1.824136024201051498e+01
1.863715516068022282e+01 1.839567779739551412e+01
1.882396900868350187e+01 1.859944455649024420e+01
1.901828115301997713e+01 1.872179608415731877e+01
1.921514289628667882e+01 1.891912268412490405e+01
1.940127851722625252e+01 1.919177219213047536e+01
1.957860442914102350e+01 1.935574453456132105e+01
1.978370354239776674e+01 1.949369196394428627e+01
1.997195880077590502e+01 1.967039944501029325e+01
2.016196318989248581e+01 1.985468100524730417e+01
2.034705837115467730e+01 2.001068099259996558e+01
