0.000000000000000000e+00 0.000000000000000000e+00
0.000000000000000000e+00 0.000000000000000000e+00
0.000000000000000000e+00 0.000000000000000000e+00
0.000000000000000000e+00 0.000000000000000000e+00
0.000000000000000000e+00 0.000000000000000000e+00
0.000000000000000000e+00 0.000000000000000000e+00
0.000000000000000000e+00 0.000000000000000000e+00
0.000000000000000000e+00 0.000000000000000000e+00
0.000000000000000000e+00 0.000000000000000000e+00
0.000000000000000000e+00 0.000000000000000000e+00
0.000000000000000000e+00 0.000000000000000000e+00
0.000000000000000000e+00 0.000000000000000000e+00
0.000000000000000000e+00 0.000000000000000000e+00
0.000000000000000000e+00 0.000000000000000000e+00
0.000000000000000000e+00 0.000000000000000000e+00
0.000000000000000000e+00 0.000000000000000000e+00
0.000000000000000000e+00 0.000000000000000000e+00
0.000000000000000000e+00 0.000000000000000000e+00
1.740940711484421088e-01 2.874280621727876905e+00
1.482106686251539074e+00 6.198706561585286323e+00
5.564726634965525776e+00 6.617085511821344745e+00
6.517528478250963708e+00 6.695136053994134251e+00
6.833724775214577107e+00 6.894371415627262856e+00
6.912750769284607522e+00 6.893644168041895171e+00
7.056285088662963112e+00 7.120293039590340989e+00
7.224400347249302357e+00 7.357526524471375673e+00
7.328657396323778883e+00 7.428006253598238295e+00
7.526009785152289133e+00 7.433007323900778118e+00
7.627141916216686468e+00 7.765416638978027031e+00
7.788416939184612531e+00 7.938406992103195670e+00
7.914836262798946365e+00 8.081105427333216795e+00
8.116898810672262599e+00 8.220747083492325302e+00
8.270832407165332967e+00 8.369016700968794353e+00
8.504214177301763655e+00 8.423910556283630058e+00
8.640016852547743653e+00 8.553754875210501041e+00
8.727451375527998323e+00 8.796719489216867416e+00
8.934307937255773879e+00 8.879117556241933329e+00
9.090042307795245691e+00 9.035911877995117081e+00
9.243384889032077112e+00 9.180703764655920196e+00
9.341408003447899233e+00 9.395183631728299289e+00
9.543765270330009542e+00 9.508912622377131640e+00
9.706030366974394141e+00 9.651536745167600628e+00
9.865120137027865610e+00 9.767703270385815983e+00
1.003187648937984200e+01 9.994409205382517314e+00
1.018413618585033653e+01 1.008446561248196183e+01
1.035991470687296712e+01 1.025290884364678412e+01
1.052007135210537747e+01 1.039215998548600162e+01
1.068818587423507260e+01 1.056271101812203383e+01
1.086041380616778085e+01 1.073807357334338519e+01
1.102163493191222088e+01 1.094090481154053407e+01
1.118841340228528480e+01 1.108803730527105813e+01
1.136238019658595277e+01 1.124147702268447269e+01
1.153942487592164845e+01 1.142391175095303346e+01
1.170491057817607228e+01 1.161788227999090317e+01
1.188110312188668338e+01 1.177973590294252482e+01
1.205623598808007912e+01 1.194565406404095675e+01
1.223184483807221490e+01 1.208158831918992249e+01
1.241201061091397939e+01 1.229729750282584178e+01
1.258139105267400737e+01 1.238667980829016457e+01
1.275702812744314940e+01 1.256939331791229719e+01
1.293208640566685297e+01 1.276494015560420259e+01
1.311250569605610039e+01 1.295729207069451761e+01
1.329404051318444857e+01 1.315644746474112203e+01
1.346738668827163643e+01 1.331940970101911681e+01
1.366302612606301103e+01 1.357800141795576643e+01
1.384149242910219968e+01 1.366733648292065872e+01
1.401643761679484435e+01 1.384395874752727629e+01
1.420958007385124766e+01 1.397270857155276325e+01
1.438083969744919344e+01 1.415612478702317034e+01
1.457355382991373105e+01 1.440317573177033594e+01
1.475038296829282025e+01 1.449374245154531593e+01
1.494745128338119500e+01 1.480379614774336439e+01
1.511843667981958639e+01 1.492754108801133128e+01
1.531150221508580600e+01 1.510924221419677416e+01
1.548536440654240920e+01 1.517157443165747566e+01
1.567920653683829890e+01 1.544080827729101735e+01
1.586801775524968505e+01 1.566774073172370052e+01
1.605117058497445726e+01 1.583118511307045218e+01
1.624807643146894520e+01 1.592916052244362213e+01
1.642798913862901244e+01 1.624326344060292371e+01
1.662921214228202160e+01 1.637291467816471169e+01
1.681176152267717683e+01 1.653369617058884344e+01
1.698402278992739411e+01 1.668999791450638170e+01
1.718931766346285173e+01 1.689409481297390059e+01
1.737111244127472176e+01 1.704524953029801537e+01
1.754740701608709230e+01 1.721278309623479430e+01
1.774484166541819974e+01 1.745611282175701362e+01
1.792109138371705868e+01 1.757345854279909148e+01
1.811761796453406603e+01 1.785482055882129160e+01
1.830966135448422705e+01 1.790615056187374066e+01
1.848814842646910606e+01 1.817705949444398428e+01
1.866633031369273610e+01 1.838411377032957006e+01
1.887235911497434060e+01 1.846516195172391761e+01
1.905348709283365594e+01 1.859471794365050457e+01
1.922983238649573323e+01 1.895958287972652201e+01
1.943874174105905794e+01 1.910395163256682238e+01
1.964085080867515742e+01 1.927631114425592429e+01
1.981851469565846457e+01 1.942915423892992877e+01
2.002562180937631098e+01 1.964522981915363076e+01
2.020616069126611336e+01 1.980675950215753289e+01
2.040601147177956420e+01 2.003392987058231967e+01
