0.000000000000000000e+00 0.000000000000000000e+00
0.000000000000000000e+00 0.000000000000000000e+00
0.000000000000000000e+00 0.000000000000000000e+00
0.000000000000000000e+00 0.000000000000000000e+00
0.000000000000000000e+00 0.000000000000000000e+00
0.000000000000000000e+00 0.000000000000000000e+00
0.000000000000000000e+00 0.000000000000000000e+00
0.000000000000000000e+00 0.000000000000000000e+00
0.000000000000000000e+00 0.000000000000000000e+00
0.000000000000000000e+00 0.000000000000000000e+00
0.000000000000000000e+00 0.000000000000000000e+00
0.000000000000000000e+00 0.000000000000000000e+00
0.000000000000000000e+00 0.000000000000000000e+00
0.000000000000000000e+00 0.000000000000000000e+00
0.000000000000000000e+00 0.000000000000000000e+00
0.000000000000000000e+00 -4.472197139577093611e-02
1.494685964916349086e-01 0.000000000000000000e+00
0.000000000000000000e+00 1.814631454001523370e+00
1.438812091285682770e-01 3.923830425447334402e+00
2.751459120545620696e-01 3.459368668887371351e-02
8.937711829569789934e-01 5.029274245172787872e+00
3.222589226565458542e+00 6.766713527185634902e+00
6.490603415595675330e+00 6.907586931397563745e+00
7.007353651731505373e+00 7.005015092606317495e+00
6.979785559556166419e+00 7.200846824450701789e+00
7.258851541110818317e+00 7.128620540370588898e+00
7.298948616454283389e+00 7.490532452290889154e+00
7.493417116411320578e+00 7.624936024993826500e+00
7.602386796240792499e+00 7.740480613225494189e+00
7.845111599302288852e+00 7.821146673422536999e+00
7.968598742600813800e+00 8.059837653343789654e+00
8.097513822822216767e+00 8.221941996292351007e+00
8.318789408225070403e+00 8.238962385203894456e+00
8.380110562490981962e+00 8.511107485501611336e+00
8.530293991424036548e+00 8.674456690315780705e+00
8.678370405788456310e+00 8.826515449878355568e+00
8.964949498363690594e+00 8.841712111958466735e+00
8.996197108851919921e+00 9.113375754552665242e+00
9.259974547911481224e+00 9.169936572624360238e+00
9.419961244995404215e+00 9.306420497749172682e+00
9.577019114468034999e+00 9.453825720252114095e+00
9.723772489070549696e+00 9.600585469735744226e+00
9.879156815582410545e+00 9.775059039232695923e+00
1.003621622739333752e+01 9.939678117144076452e+00
1.020059203160826300e+01 1.010156531175076289e+01
1.035996374912413565e+01 1.026506561740585610e+01
1.052398312518896439e+01 1.043538072580175324e+01
1.067963509723205817e+01 1.059807138185335518e+01
1.084430375891692044e+01 1.077377747123151686e+01
1.102747421729571542e+01 1.094028964427440265e+01
1.118785147016148329e+01 1.110415186029336354e+01
1.136019908740871642e+01 1.128431025918778019e+01
1.153332000004998470e+01 1.142946042403568718e+01
1.168838974057995195e+01 1.160004376293855977e+01
1.186138908868630004e+01 1.177503602692144113e+01
1.203773783917055518e+01 1.191993626516314109e+01
1.220725981440961583e+01 1.214111814015088164e+01
1.238756513586136165e+01 1.229311345768330810e+01
1.254737288200627710e+01 1.249120431382386265e+01
1.273172373506696253e+01 1.267783206334384438e+01
1.291119535612881108e+01 1.285019582739576727e+01
1.309597154298595179e+01 1.300776873501005326e+01
1.328859552490520812e+01 1.318746598864589537e+01
1.346918400080990885e+01 1.332720237843812860e+01
1.364582704546684155e+01 1.351488015675816712e+01
1.382641887305450190e+01 1.372472727333869891e+01
1.401203219821717738e+01 1.383313185327336647e+01
1.419099974962032107e+01 1.402795170151053661e+01
1.438078239300128125e+01 1.431276951626468197e+01
1.456227804432723083e+01 1.441565527521041190e+01
1.474849363165379401e+01 1.460838044948968495e+01
1.492182851730094129e+01 1.480102804756523227e+01
1.511567455138684757e+01 1.496996229615201202e+01
1.530245943726500002e+01 1.514215817102075867e+01
1.550070856150930076e+01 1.529985336600056911e+01
1.567060094509056434e+01 1.543109446015765585e+01
1.586245037451472761e+01 1.572315778938689057e+01
1.604073800545022976e+01 1.584136421011962881e+01
1.623666582769115507e+01 1.610275581285990754e+01
1.642146781967656111e+01 1.626734005519809401e+01
1.661206289074416986e+01 1.633983070757362910e+01
1.681166952750140453e+01 1.667257674163220216e+01
1.699616745436852128e+01 1.667835964046692254e+01
1.717297774186556936e+01 1.693633496577982100e+01
1.738086848933403061e+01 1.710495296691268408e+01
1.755374033519893118e+01 1.731817085775401566e+01
1.775406396772256912e+01 1.752083539441185778e+01
1.793553107052887086e+01 1.767801145251698358e+01
1.813262411605689195e+01 1.788364948657007503e+01
1.830704600813360017e+01 1.803032145511230411e+01
1.849827516112410919e+01 1.825243639230009762e+01
1.869030444319622930e+01 1.835274819232035171e+01
1.887691930653704020e+01 1.854882006344277201e+01
1.904861597157589870e+01 1.886044155367605057e+01
1.925880129169159716e+01 1.891070698529368954e+01
1.944307239001784637e+01 1.909095601587189961e+01
1.963238510126774372e+01 1.925865334131780315e+01
1.984079729815484683e+01 1.945434918090479925e+01
2.001815866169114955e+01 1.963522678374960861e+01
2.020766549381568922e+01 1.979197416513169472e+01
2.041193539065466567e+01 2.008743119793424015e+01
