0.000000000000000000e+00 0.000000000000000000e+00
0.000000000000000000e+00 0.000000000000000000e+00
0.000000000000000000e+00 0.000000000000000000e+00
0.000000000000000000e+00 0.000000000000000000e+00
0.000000000000000000e+00 0.000000000000000000e+00
0.000000000000000000e+00 0.000000000000000000e+00
0.000000000000000000e+00 0.000000000000000000e+00
0.000000000000000000e+00 0.000000000000000000e+00
0.000000000000000000e+00 0.000000000000000000e+00
0.000000000000000000e+00 0.000000000000000000e+00
0.000000000000000000e+00 0.000000000000000000e+00
0.000000000000000000e+00 0.000000000000000000e+00
0.000000000000000000e+00 0.000000000000000000e+00
0.000000000000000000e+00 0.000000000000000000e+00
4.497660306227114352e-02 3.730721813719913849e-01
7.456285214096561309e-02 1.878869184608926046e+00
7.111655137391473258e-02 4.532811584384615955e+00
5.315844341214572388e+00 6.036767501245019929e+00
5.980614185304507835e+00 6.250012629404457343e+00
6.326878933969990904e+00 6.344789209441194622e+00
6.492508896237557003e+00 6.548967512382774636e+00
6.584516162509821413e+00 6.557292734970086023e+00
6.671806035253840861e+00 6.661547762130608952e+00
6.779227347446853180e+00 6.978307263799408133e+00
7.035754251306564733e+00 7.105972989451854183e+00
7.106936869663278422e+00 7.272691027892189020e+00
7.259409331700203083e+00 7.414898834789276805e+00
7.433736738107974418e+00 7.558994023848749855e+00
7.626294423156319446e+00 7.712228350380462061e+00
7.754855720332920477e+00 7.862542173255119948e+00
7.969633231341249235e+00 7.901923651586161057e+00
8.042368254116647464e+00 8.159862404083940035e+00
8.268639873291286690e+00 8.188715907666200167e+00
8.327676599642654054e+00 8.479395382064897291e+00
8.504609463137239089e+00 8.610694468082829900e+00
8.655812277544550071e+00 8.765892821956621006e+00
8.904534792373958396e+00 8.812193610545843825e+00
9.058021318500957264e+00 8.971262363174808740e+00
9.119892233637555634e+00 9.221748500219431932e+00
9.292579616926285979e+00 9.374810051218918971e+00
9.527767285685380116e+00 9.442013654081156560e+00
9.612854031203852401e+00 9.693920923850710025e+00
9.859414460023261384e+00 9.763386494294961082e+00
1.001409767289949215e+01 9.930643230771133645e+00
1.017301064512600561e+01 1.009177741285351004e+01
1.034053177307539428e+01 1.025427910333583092e+01
1.050698140546474058e+01 1.042168637534859066e+01
1.066267280280905361e+01 1.057800334887273763e+01
1.083925567732760520e+01 1.075209820265463989e+01
1.100628271763252464e+01 1.091727852676738841e+01
1.118438038083637309e+01 1.110347314309648148e+01
1.134483106630542437e+01 1.125668188335712827e+01
1.150554613436971962e+01 1.144162045830148422e+01
1.167402146856226075e+01 1.162432955470011109e+01
1.184310814782025290e+01 1.181372287798042287e+01
1.202860221813882724e+01 1.199642257340387275e+01
1.218892790772096646e+01 1.216724726891079023e+01
1.237432258377633865e+01 1.230698563358368602e+01
1.254947106625821363e+01 1.247403768242338629e+01
1.272677092812788047e+01 1.258653752477047405e+01
1.291582448808780548e+01 1.276476005950532056e+01
1.308631982710263841e+01 1.299614022231993182e+01
1.327306242285063576e+01 1.317830000172646088e+01
1.345896709951050774e+01 1.332184254211733432e+01
1.364363648917475835e+01 1.350606250329594182e+01
1.382672437099660989e+01 1.366078955418390706e+01
1.401600641131245517e+01 1.378266256116501864e+01
1.419918809030449935e+01 1.400852891650788834e+01
1.437317022622916873e+01 1.422713675521882593e+01
1.454863973785001185e+01 1.437768825301162146e+01
1.473775137887608011e+01 1.457758592716626289e+01
1.491388702485683204e+01 1.469160710689839355e+01
1.511301939899071201e+01 1.495615904716106037e+01
1.528860398406175491e+01 1.507278337730194018e+01
1.549407550180738546e+01 1.531376237652101580e+01
1.566574928669754208e+01 1.547353232824073821e+01
1.584666170259706774e+01 1.566866749258347546e+01
1.604556257608940584e+01 1.582485201484185922e+01
1.623368884804551016e+01 1.601801631309895413e+01
1.641496867804461601e+01 1.622185476125944703e+01
1.660158347737584705e+01 1.639151134854488490e+01
1.679536634258986894e+01 1.653340032442354968e+01
1.698407481420991161e+01 1.674839504975997428e+01
1.718013247690156931e+01 1.698706761375870045e+01
1.735788044614933412e+01 1.713482945311946182e+01
1.755834268028712231e+01 1.730393001246831020e+01
1.775289885680442481e+01 1.750048528862155095e+01
1.793931833124521091e+01 1.763973721299221253e+01
1.812290922024302731e+01 1.785598025307120196e+01
1.833498828938806113e+01 1.802917144342443834e+01
1.852397809779172633e+01 1.826976501567813571e+01
1.871864869978134749e+01 1.839619793539768011e+01
1.890008498209043353e+01 1.858132481256624757e+01
1.909433046291184510e+01 1.883678945724506804e+01
1.928643636255597116e+01 1.891612062116584170e+01
1.948321472752325434e+01 1.912500380950746859e+01
1.967270691583274811e+01 1.933930477889132860e+01
1.985316514838877566e+01 1.946243144184887441e+01
2.003224554010756719e+01 1.966448391216071556e+01
2.022834343071732022e+01 1.986213041971162951e+01
2.042403353439588543e+01 2.002600072374487183e+01
