0.000000000000000000e+00 0.000000000000000000e+00
0.000000000000000000e+00 0.000000000000000000e+00
0.000000000000000000e+00 0.000000000000000000e+00
0.000000000000000000e+00 0.000000000000000000e+00
0.000000000000000000e+00 0.000000000000000000e+00
0.000000000000000000e+00 0.000000000000000000e+00
0.000000000000000000e+00 0.000000000000000000e+00
0.000000000000000000e+00 0.000000000000000000e+00
0.000000000000000000e+00 0.000000000000000000e+00
3.229168188653564614e-02 -3.533737027257626701e-02
0.000000000000000000e+00 0.000000000000000000e+00
1.075330349315911371e-01 0.000000000000000000e+00
1.215490872438061143e-01 0.000000000000000000e+00
0.000000000000000000e+00 0.000000000000000000e+00
4.305557584871419485e-02 0.000000000000000000e+00
0.000000000000000000e+00 0.000000000000000000e+00
8.536870222517289886e-01 4.280863768552108262e+00
2.374569618528907355e+00 0.000000000000000000e+00
3.046059819115761957e+00 6.044274770092923355e+00
4.616729878396103715e+00 5.533870467043229269e+00
6.013689554274031401e+00 6.552285995967306320e+00
6.575159740583956136e+00 6.618519392993694517e+00
6.771697486472192828e+00 6.781854536646116927e+00
6.885372736263724924e+00 6.925577074540102629e+00
7.014045806264089578e+00 7.032301759631332416e+00
7.147119907232829306e+00 7.247414615515865854e+00
7.296204548240181609e+00 7.434584172446521144e+00
7.513951484558600846e+00 7.393918390721913703e+00
7.566890071043066435e+00 7.734258965760057336e+00
7.706065632319987202e+00 7.889579979939804311e+00
7.868207056522631859e+00 8.034083693746637778e+00
8.154636081588494179e+00 8.076104705795188465e+00
8.289400644516982553e+00 8.197779613757816719e+00
8.321206952864351081e+00 8.479985396608528347e+00
8.548171047956854451e+00 8.637416966453372424e+00
8.713754690369620803e+00 8.781139356062086065e+00
8.923234614789762986e+00 8.872282479838531799e+00
9.075438101097331511e+00 8.994016104675484513e+00
9.224359527397284708e+00 9.147436277139162186e+00
9.317166579259504644e+00 9.389170848635867372e+00
9.539738393879567013e+00 9.464763287769770272e+00
9.705204121779971160e+00 9.620185999586125192e+00
9.855073249716813422e+00 9.791949729999299024e+00
1.001983857566998282e+01 9.848977857546152848e+00
1.017161018093024616e+01 1.008685602705144646e+01
1.033304015988807123e+01 1.020413000847756635e+01
1.049878870513857620e+01 1.038148940985012381e+01
1.065845379163551243e+01 1.054036492155787208e+01
1.084080463539293859e+01 1.069864890206049957e+01
1.102498265642212161e+01 1.090911136920822067e+01
1.119591094381739538e+01 1.100865959936584559e+01
1.136198932916006044e+01 1.120561847173471293e+01
1.152911454269018598e+01 1.135562076239915008e+01
1.170634002815597974e+01 1.152928907399213010e+01
1.187800898866320409e+01 1.170416659426546957e+01
1.204745411657277465e+01 1.191804820135898524e+01
1.223104276614034269e+01 1.207761959767637627e+01
1.240030286086426337e+01 1.225488828729022472e+01
1.257576813427903240e+01 1.234144226588951376e+01
1.275263555824812123e+01 1.259588423276424507e+01
1.292907714262576668e+01 1.280588443753838312e+01
1.310240661649922700e+01 1.300140079162518525e+01
1.329989253988638609e+01 1.315003363889893251e+01
1.348003042208447155e+01 1.330478609645027355e+01
1.365668747753960943e+01 1.348914477188476191e+01
1.384803632698496223e+01 1.369269973138837315e+01
1.403291200114978032e+01 1.382274649923029486e+01
1.421471927778763877e+01 1.404366218818366363e+01
1.438747533318095329e+01 1.419881496941322396e+01
1.458885012227226419e+01 1.443150144505085741e+01
1.476145205881774558e+01 1.460631018812100379e+01
1.494205676761426282e+01 1.475812139962841130e+01
1.512514241097286494e+01 1.493868536805587155e+01
1.530430873000335801e+01 1.508893005461426284e+01
1.549354609609381939e+01 1.527553218787391032e+01
1.568457262569503641e+01 1.549801343217943028e+01
1.587843141416096060e+01 1.572281809153784771e+01
1.605685472894682420e+01 1.577313271612298173e+01
1.623365660208476058e+01 1.601977304011379388e+01
1.642698451267914095e+01 1.623594015898477849e+01
1.662312313427015908e+01 1.637101947654538847e+01
1.680856162467038217e+01 1.659242670809059561e+01
1.699560019433451075e+01 1.665066656233230447e+01
1.717778936835344439e+01 1.685489620681256540e+01
1.736927066137171849e+01 1.710944286858935470e+01
1.757118384671151645e+01 1.727415963027120682e+01
1.774990513245429469e+01 1.742875041024090876e+01
1.793857624016242269e+01 1.760192115800533941e+01
1.813402432284883048e+01 1.784641851638492227e+01
1.831092918185817808e+01 1.789382677437409441e+01
1.849341270652497471e+01 1.820575110722603895e+01
1.867638159623816563e+01 1.836636127610577063e+01
1.886572183472312858e+01 1.852035869895792075e+01
1.905392426770479730e+01 1.869718727039403561e+01
1.924714662317085612e+01 1.888159541291049948e+01
1.942240980276243079e+01 1.910993531413866009e+01
1.959916150531008583e+01 1.920228383235494363e+01
1.979793473552287963e+01 1.945220028078856345e+01
1.997360250006916971e+01 1.960136379750977653e+01
2.015602785129323138e+01 1.971521810005426190e+01
2.035410331672133566e+01 2.004567679076617992e+01
