0.000000000000000000e+00 0.000000000000000000e+00
0.000000000000000000e+00 0.000000000000000000e+00
0.000000000000000000e+00 0.000000000000000000e+00
0.000000000000000000e+00 0.000000000000000000e+00
0.000000000000000000e+00 0.000000000000000000e+00
0.000000000000000000e+00 0.000000000000000000e+00
0.000000000000000000e+00 0.000000000000000000e+00
0.000000000000000000e+00 0.000000000000000000e+00
0.000000000000000000e+00 0.000000000000000000e+00
0.000000000000000000e+00 0.000000000000000000e+00
0.000000000000000000e+00 0.000000000000000000e+00
0.000000000000000000e+00 0.000000000000000000e+00
0.000000000000000000e+00 0.000000000000000000e+00
0.000000000000000000e+00 0.000000000000000000e+00
9.891169828460144239e-03 0.000000000000000000e+00
9.891169828460144239e-03 0.000000000000000000e+00
1.059768195906443840e-02 -1.904727719816197082e-02
2.755922813207926925e-02 0.000000000000000000e+00
2.814262362148784447e-01 0.000000000000000000e+00
2.091208808280432818e-01 0.000000000000000000e+00
1.963995262863993674e-01 0.000000000000000000e+00
2.490305995760954683e-01 0.000000000000000000e+00
3.112187702920364840e-01 0.000000000000000000e+00
7.603878042558117611e-01 6.578422839789171306e+00
3.970068898351505116e+00 7.268637349071239484e+00
7.030198565159787805e+00 7.322265140883298606e+00
7.388096913545514788e+00 7.490519175611523472e+00
7.547492407290782523e+00 7.653102166336351431e+00
7.678852049631396781e+00 7.797439333506798853e+00
7.817955195596647755e+00 7.937775392496783766e+00
8.003521620514344903e+00 8.090210893399286007e+00
8.204706216662044582e+00 8.189333773523784998e+00
8.311318725593480394e+00 8.425486582746104958e+00
8.463076715741442158e+00 8.576288354367132882e+00
8.608832925810478542e+00 8.711780951982433407e+00
8.759609361838645469e+00 8.857930547465793225e+00
8.998830581485982805e+00 8.924842965412416618e+00
9.144763842824051636e+00 9.060576457125774752e+00
9.294406138655080696e+00 9.222874531777874196e+00
9.450520122233355025e+00 9.364853142631378802e+00
9.616254032196337675e+00 9.504583773263787450e+00
9.762815237127261625e+00 9.650445503097506261e+00
9.922975093221982235e+00 9.837199459189784889e+00
1.007549158527827871e+01 9.976886086863938630e+00
1.023842946256231912e+01 1.015739474626653127e+01
1.040070769716124666e+01 1.032490474891939947e+01
1.056474503070718285e+01 1.048352757999496276e+01
1.071981332283939281e+01 1.064901880971923198e+01
1.087788607875944713e+01 1.078650000979476609e+01
1.104878889810297160e+01 1.088716191880485518e+01
1.121689476834451149e+01 1.110245589907088970e+01
1.138528863815185233e+01 1.123705988503653508e+01
1.156135812715877265e+01 1.142459468409874468e+01
1.173413045562157286e+01 1.161423239809743180e+01
1.190563258445365946e+01 1.180756702329782470e+01
1.209100737140317072e+01 1.199556975909107948e+01
1.226168338847724115e+01 1.212036662687043354e+01
1.244303140679409658e+01 1.225449780807188915e+01
1.260140460716331390e+01 1.242723341238148294e+01
1.277219368481255124e+01 1.259920234610755507e+01
1.296621613588844824e+01 1.279407585050469898e+01
1.313623832442984884e+01 1.299359875748855764e+01
1.332776861910041788e+01 1.315432564571530705e+01
1.349441469590096254e+01 1.329568573667755338e+01
1.368918601347816022e+01 1.347672223341103681e+01
1.386960096618304483e+01 1.366354775870587979e+01
1.405732052455334724e+01 1.381212737193141038e+01
1.424673484714977612e+01 1.404067072787339931e+01
1.441576548551519821e+01 1.420419353584623678e+01
1.459364092661447287e+01 1.435814026121716758e+01
1.478161477931368495e+01 1.456733372463428289e+01
1.495240165611860128e+01 1.472297544443204487e+01
1.513156472780326744e+01 1.490216863933547309e+01
1.531651434658722799e+01 1.496125110157421112e+01
1.550210755210109959e+01 1.527528000216789827e+01
1.567629475968779218e+01 1.547942588810763276e+01
1.585839771793873432e+01 1.557283534404728087e+01
1.605248766015263229e+01 1.568702775337602162e+01
1.622173099732988533e+01 1.588213239152332434e+01
1.640401144419525536e+01 1.616015537575972516e+01
1.660199432164834477e+01 1.627613503533563488e+01
1.679158601454350475e+01 1.645994163573459801e+01
1.698311261774559711e+01 1.660096172229456712e+01
1.716746708088954065e+01 1.682140049986680452e+01
1.735579314567578280e+01 1.707042441901102237e+01
1.755013172821985279e+01 1.716821967116713310e+01
1.773334413464188231e+01 1.733716140880552103e+01
1.792667477490804728e+01 1.766876999378825275e+01
1.810783069354350872e+01 1.770257988256136628e+01
1.830118592500187802e+01 1.792285530626201862e+01
1.849440062224391568e+01 1.807803687734071119e+01
1.868717301357138183e+01 1.835553444166584569e+01
1.888408707199190673e+01 1.850178864497742737e+01
1.906655098142468319e+01 1.865267058993279292e+01
1.925478956954561127e+01 1.874745410456773698e+01
1.944815858830711619e+01 1.904548806559655105e+01
1.962596026539613092e+01 1.911443528916172596e+01
1.982030079177528492e+01 1.935784526856301468e+01
2.002651055333358698e+01 1.948645366213081331e+01
2.018380386704197704e+01 1.967151963820939997e+01
2.038717480686474559e+01 1.991138150579050858e+01
