0.000000000000000000e+00 0.000000000000000000e+00
0.000000000000000000e+00 0.000000000000000000e+00
0.000000000000000000e+00 0.000000000000000000e+00
2.707352516558495514e-01 1.509387191630890690e-01
2.477158875319448311e-02 1.308959978974010563e-01
2.591687534773703394e+00 2.760993363387135524e+00
2.816038916615747567e+00 2.846590916218754153e+00
2.840928521777066340e+00 2.856423153931347159e+00
2.910641415603453908e+00 2.902983037357385498e+00
3.000441471829694340e+00 3.121603595745331639e+00
3.109688904280007105e+00 3.362672047597819347e+00
3.285652115524924977e+00 3.584298452071749352e+00
3.574922906783182697e+00 3.802854719005297923e+00
3.783749000007749164e+00 3.992007812412770473e+00
4.012444194422653432e+00 4.170839657743803386e+00
4.218263251985084672e+00 4.358925683559921715e+00
4.399752236031835295e+00 4.536109033848034322e+00
4.592190444387289183e+00 4.719393016961479503e+00
4.794687328362211787e+00 4.895170731280813925e+00
4.988260610465736988e+00 5.069179155717723262e+00
5.205854362439880312e+00 5.254691608745226006e+00
5.351425170492269068e+00 5.437980046372129728e+00
5.521830937624222280e+00 5.614885450302721459e+00
5.726395264730962609e+00 5.782113705536831461e+00
5.863789158037994831e+00 5.947491353224847010e+00
6.086358696307844873e+00 6.004951281492663107e+00
6.233375316737346239e+00 6.155366137823474304e+00
6.385013069340049086e+00 6.286118214979401486e+00
6.543417102448880307e+00 6.467805055216421017e+00
6.610609258816253941e+00 6.745642895007592621e+00
6.829050865425256411e+00 6.927194498093594888e+00
7.029640990247354893e+00 7.118507247643726998e+00
7.181968554947236960e+00 7.293626719468401021e+00
7.455739079138195002e+00 7.356153733202393852e+00
7.619917325870645186e+00 7.522450304497566798e+00
7.788043281635814274e+00 7.686015487415533087e+00
7.962165310431327470e+00 7.883129093828242340e+00
8.127819187636061926e+00 8.034326606406743565e+00
8.215074619086106367e+00 8.308715516775309951e+00
8.489678454470114488e+00 8.411755365235729087e+00
8.594071862524321759e+00 8.689885753786374067e+00
8.764300157288364090e+00 8.864320213554920613e+00
8.880812501506152756e+00 9.059294385985605658e+00
9.240493884199294072e+00 9.093391757270664399e+00
9.290153902704521016e+00 9.437654410185855269e+00
9.500100458565954753e+00 9.616935828281798493e+00
9.678256039514943510e+00 9.810702757122472306e+00
9.869733921020626966e+00 9.987511126104267944e+00
1.017475514404653403e+01 1.005266126024261908e+01
1.035927325348951733e+01 1.024577547210407324e+01
1.053359642967540921e+01 1.039538306471337137e+01
1.059646941063727787e+01 1.069726644539295712e+01
1.089825086976115287e+01 1.079143323124673159e+01
1.107670576131190643e+01 1.095814004609777292e+01
1.126055461197596230e+01 1.110564544225164241e+01
1.143708525478780835e+01 1.132554075320495279e+01
1.162385960732298784e+01 1.153432763195711530e+01
1.181106869618007771e+01 1.168376548650070390e+01
1.187880831111459301e+01 1.199047741934733935e+01
1.217785658719514608e+01 1.210697158886308245e+01
1.237223588573970190e+01 1.225924053464777863e+01
1.256018987804732667e+01 1.241908095420379965e+01
1.274078647018165533e+01 1.265389253691465754e+01
1.279835518345760548e+01 1.290938584427583535e+01
1.309934971555047412e+01 1.297478351338708791e+01
1.330187989513906821e+01 1.315687894916359113e+01
1.338021592910403790e+01 1.346306925475681560e+01
1.365925197147075032e+01 1.355345713748670633e+01
1.385915192552923436e+01 1.375077095789734827e+01
1.403274615681185722e+01 1.393676851280204332e+01
1.409685008149381424e+01 1.422478214787476247e+01
1.441631896343603536e+01 1.424755712040399658e+01
1.461332085079574483e+01 1.443383076001597942e+01
1.479976032492354143e+01 1.461475399520885254e+01
1.481224095166913735e+01 1.496191451826427610e+01
1.517794148510617447e+01 1.504789614084812577e+01
1.536788798498701958e+01 1.520410612194089950e+01
1.555583885754441908e+01 1.541559970329253737e+01
1.558336182956311688e+01 1.571632590104198179e+01
1.592775654297104282e+01 1.573684558692520241e+01
1.611179514209417007e+01 1.596988892582748676e+01
1.613525279803760171e+01 1.626779432747639476e+01
1.631412404394361459e+01 1.644993540620804851e+01
1.665736053515340487e+01 1.653426333701562356e+01
1.685150770654294305e+01 1.671256840444157987e+01
1.703805812550007914e+01 1.691097513721796020e+01
1.724110691592505518e+01 1.707205022371622150e+01
1.726968700878567020e+01 1.739610785438476981e+01
1.763128407232577999e+01 1.748542707480165603e+01
1.782648890603831759e+01 1.764843202071533312e+01
1.799351290705645567e+01 1.783514002748365002e+01
1.819778954456856823e+01 1.805097443340771690e+01
1.840066743102890356e+01 1.823222093314586090e+01
1.841637019687048138e+01 1.853275913963362953e+01
1.861451717871090139e+01 1.871490624944428660e+01
1.894935677004454178e+01 1.879307095610846190e+01
1.913689338361256631e+01 1.899370360908114463e+01
1.933801297169527444e+01 1.919375410280236238e+01
1.934670722441975599e+01 1.948260672677088579e+01
1.969356191666508238e+01 1.955065027939761890e+01
1.990028252464322733e+01 1.977509798051915624e+01
