0.000000000000000000e+00 0.000000000000000000e+00
0.000000000000000000e+00 0.000000000000000000e+00
0.000000000000000000e+00 0.000000000000000000e+00
0.000000000000000000e+00 0.000000000000000000e+00
0.000000000000000000e+00 0.000000000000000000e+00
0.000000000000000000e+00 0.000000000000000000e+00
0.000000000000000000e+00 0.000000000000000000e+00
0.000000000000000000e+00 0.000000000000000000e+00
0.000000000000000000e+00 0.000000000000000000e+00
0.000000000000000000e+00 0.000000000000000000e+00
0.000000000000000000e+00 0.000000000000000000e+00
0.000000000000000000e+00 0.000000000000000000e+00
0.000000000000000000e+00 0.000000000000000000e+00
0.000000000000000000e+00 0.000000000000000000e+00
0.000000000000000000e+00 6.873674033696504093e-01
0.000000000000000000e+00 0.000000000000000000e+00
6.402127199625919918e-01 3.886074290683489529e+00
8.590984539652861407e-02 6.301268424811262037e+00
5.765282787034648138e+00 5.885860405054636146e+00
6.240760907509556255e+00 6.338462219024977529e+00
6.419722500856757996e+00 6.453464719689321782e+00
6.513952741364932741e+00 6.653698006925886865e+00
6.659531021720975552e+00 6.610887485684128428e+00
6.778155896359692179e+00 6.884282139763834074e+00
6.951875236009158243e+00 7.043852976849636960e+00
7.073486687632725811e+00 7.232925789401861039e+00
7.298175286923405558e+00 7.400302355509281504e+00
7.497305472359406586e+00 7.413009495417388628e+00
7.590615064316213356e+00 7.701227785015988481e+00
7.788254811353711560e+00 7.854338066708850263e+00
7.967016725889568995e+00 7.954468030307146442e+00
8.109040451359613044e+00 8.056144796535757990e+00
8.216194664144795823e+00 8.348881940986311534e+00
8.390960184745093642e+00 8.508180663329959259e+00
8.585529266672072168e+00 8.661404194589074734e+00
8.793295991047870075e+00 8.739157821905955359e+00
8.875270484870005916e+00 8.962287199737641430e+00
9.040713188622774510e+00 9.106770278936801688e+00
9.189300498755855529e+00 9.263231516806902377e+00
9.414079805190704420e+00 9.326053480000783935e+00
9.578870217677117438e+00 9.485785887140876227e+00
9.734160708291923925e+00 9.632515373925938817e+00
9.893921497183287173e+00 9.775317430864252088e+00
1.004814893997433067e+01 9.949743232568939888e+00
1.021113297452903979e+01 1.009924543700267741e+01
1.037651242197497581e+01 1.023389925879079065e+01
1.054519724772229061e+01 1.043283468945297088e+01
1.071519218918573912e+01 1.061455094933620202e+01
1.087229851352784138e+01 1.077166076508607162e+01
1.104856109511753459e+01 1.094061486511063919e+01
1.121490802171909351e+01 1.103591231639620851e+01
1.138317799211006154e+01 1.124449111301182214e+01
1.153448929534216916e+01 1.146031741550869043e+01
1.172428143384047239e+01 1.158795020525611363e+01
1.189664234732364712e+01 1.176573436245947946e+01
1.206912025952778755e+01 1.192066934835639813e+01
1.223152492821020587e+01 1.213883731559987389e+01
1.240524154776411159e+01 1.222364622534578871e+01
1.259587060802611624e+01 1.251157733602510902e+01
1.276012136768393113e+01 1.268276326973298573e+01
1.293931406816358809e+01 1.285199922021158336e+01
1.311826450601432192e+01 1.303855543896721514e+01
1.329705114947794264e+01 1.317098645944007984e+01
1.348950438389800155e+01 1.331990337570142913e+01
1.365520105501125947e+01 1.349022971488079925e+01
1.383568012808946612e+01 1.368690687632072311e+01
1.401570095562457396e+01 1.380634444781794201e+01
1.420085930028389498e+01 1.404639784010715076e+01
1.438704052615163320e+01 1.415023250732851423e+01
1.457094111168147421e+01 1.443193485901865358e+01
1.475061401792977200e+01 1.459004901050572478e+01
1.492755925274122220e+01 1.477010673514269001e+01
1.512089690612491388e+01 1.492111552310442235e+01
1.530667827994407659e+01 1.504526184881629725e+01
1.550395683786468837e+01 1.527160171227236951e+01
1.569579749478510600e+01 1.547835512425150561e+01
1.586301094520558053e+01 1.561159369086835369e+01
1.605322331114898304e+01 1.589624249685648039e+01
1.625390272196476360e+01 1.599094848008742176e+01
1.642807932158664741e+01 1.619330886131288594e+01
1.660827542102638077e+01 1.638830026794217432e+01
1.679377507165046524e+01 1.651588636817029965e+01
1.698643099138008239e+01 1.668857993713296040e+01
1.718203096978161071e+01 1.698792862506002166e+01
1.736461310334461672e+01 1.711130566293804733e+01
1.755505784841624362e+01 1.721332654891092417e+01
1.774346026723893388e+01 1.739362289989734123e+01
1.792382936855451803e+01 1.765479608137355427e+01
1.811376537336560588e+01 1.782620316323190224e+01
1.829410002470672580e+01 1.795063521610391533e+01
1.848641022426312830e+01 1.815607830784210108e+01
1.867518118941930183e+01 1.837731052009064925e+01
1.887390911917064074e+01 1.854565090352741663e+01
1.906009449361823727e+01 1.874939813132233368e+01
1.924810330544259784e+01 1.888261916312822564e+01
1.944353310633279008e+01 1.903717320219166353e+01
1.963288004613930582e+01 1.933153468898467864e+01
1.980411041097143610e+01 1.943797297544214331e+01
2.000065407589546140e+01 1.959956727463332982e+01
2.019750127511127857e+01 1.981102023838659676e+01
2.039940516327767028e+01 2.004745371959533529e+01
