0.000000000000000000e+00 0.000000000000000000e+00
7.620334723604768601e-02 9.628290203925521373e-02
3.322863520212275823e-01 2.841708787836552674e-01
5.132653928124052412e-01 5.513248808909754217e-01
7.305385413966881680e-01 7.609200102369064744e-01
9.555812096559548330e-01 9.372526767676644388e-01
1.159234883006145855e+00 1.131263814221785236e+00
1.322762318092532752e+00 1.348429797981285594e+00
1.546453594957291289e+00 1.518313754582180319e+00
1.729283099347317387e+00 1.748986146059268165e+00
1.921880718642732688e+00 1.956702185793845139e+00
2.123207071035218441e+00 2.150826877175600504e+00
2.347328886030841222e+00 2.314663335980539749e+00
2.511478217438586569e+00 2.547343993007565199e+00
2.747669717048477622e+00 2.698657164607719317e+00
2.949766104745531248e+00 2.882155017239959705e+00
3.093176680574798443e+00 3.148424764025110623e+00
3.290268857829594662e+00 3.350518815010156359e+00
3.551620980482271595e+00 3.497925303441022038e+00
3.688515274793913168e+00 3.748138520486467229e+00
3.945567642335432001e+00 3.876145802641530302e+00
4.077555463136995684e+00 4.144733410863891798e+00
4.337961669381535046e+00 4.273565697361650706e+00
4.489567720387442229e+00 4.529379244844551344e+00
4.727721559781687510e+00 4.681389715525469342e+00
4.882730362058955720e+00 4.921614982967541074e+00
5.110017628549254454e+00 5.074706166633223603e+00
5.278573630828261365e+00 5.307589757354828741e+00
5.509991557279754204e+00 5.473005823331988040e+00
5.711077627708711191e+00 5.682183595869879866e+00
5.902210483548993913e+00 5.868740121480014338e+00
6.102701898971669259e+00 6.050614176495277441e+00
6.298577253454266334e+00 6.249618119692163631e+00
6.454665285035567024e+00 6.491420367668312430e+00
6.695901153692357610e+00 6.656912612789152917e+00
6.888649529329076593e+00 6.858846912825153019e+00
7.083962763624981562e+00 7.036106674964516472e+00
7.290528898792012491e+00 7.204617742794845014e+00
7.418812202072477824e+00 7.491784038638150456e+00
7.620415659029418975e+00 7.689625815388696495e+00
7.878534831808996941e+00 7.837812922428022411e+00
8.077161210018315884e+00 7.985220139760647484e+00
8.272346817685775733e+00 8.215018778862386739e+00
8.462657866073334034e+00 8.421669896827868484e+00
8.582610045805829202e+00 8.665883378043117702e+00
8.795708366076670615e+00 8.859571186649192853e+00
8.986878904866729911e+00 9.056433255351892697e+00
9.180655699940638570e+00 9.265771135391581481e+00
9.463868952305835691e+00 9.346413353374586563e+00
9.661714267078069796e+00 9.577127117795386724e+00
9.748107097114692365e+00 9.866363246804754183e+00
9.952720957971552096e+00 1.006842452406951871e+01
1.014761886888820541e+01 1.025933739596061400e+01
1.034288254397189633e+01 1.046087690599281039e+01
1.065353312913823913e+01 1.051603570621500872e+01
1.086388061027851037e+01 1.077373639590796195e+01
1.107741493784180165e+01 1.097135977884280678e+01
1.114359392087082945e+01 1.127324063585737690e+01
1.146462158048412583e+01 1.132137885770906927e+01
1.150023856762740238e+01 1.165025391392439857e+01
1.185195470763825654e+01 1.169546729530644491e+01
1.187820370008179793e+01 1.204354268456976307e+01
1.224558937363610234e+01 1.209536550983296621e+01
1.245293190666709293e+01 1.226453409321996801e+01
1.244834402548459273e+01 1.263738741015761313e+01
1.263140181147702634e+01 1.282920186625204018e+01
1.293054538244583007e+01 1.302924474556622414e+01
1.304326906835650490e+01 1.322933742989856398e+01
1.343309264773561829e+01 1.332282782974814594e+01
1.363055832760311858e+01 1.348016176059405069e+01
1.381252700133910238e+01 1.365749347447836648e+01
1.402000976898491480e+01 1.387050695109186371e+01
1.422274602047120595e+01 1.405681064182680906e+01
1.428934756362325587e+01 1.440091543230468574e+01
1.461481189533478542e+01 1.442423702382191664e+01
1.463219276134145375e+01 1.482234431068124181e+01
1.501396468153743591e+01 1.485306086924491886e+01
1.501840741339272967e+01 1.520759541452042107e+01
1.540313616159549426e+01 1.524568579133810786e+01
1.560285471175345506e+01 1.547220393325922139e+01
1.579371629384057485e+01 1.568516533635552967e+01
1.599098768166692608e+01 1.587239998345929948e+01
1.608153082536882295e+01 1.619424694257750375e+01
1.638066174276417186e+01 1.624600621801866751e+01
1.643390672835323230e+01 1.658484348707785472e+01
1.667111558045469621e+01 1.678357772930119651e+01
1.684032685357358261e+01 1.697447702133292680e+01
1.717268285292538010e+01 1.703891675015205465e+01
1.723800240714869147e+01 1.735884583971125750e+01
1.744180777346021571e+01 1.755370220707800399e+01
1.767168358011238638e+01 1.776319963641485700e+01
1.784246638967841747e+01 1.795426354352878917e+01
1.800532276890895389e+01 1.816646420418945596e+01
1.833065897241228726e+01 1.826040129253962974e+01
1.845845291984234393e+01 1.853969266686558015e+01
1.865992583218759648e+01 1.872818681380383765e+01
1.893456361821633394e+01 1.881970152808691310e+01
1.903133481314398168e+01 1.911679661998844537e+01
1.932149959807651030e+01 1.920955461415154275e+01
1.941215741702993824e+01 1.951902652232446655e+01
1.965187378458083245e+01 1.971690618419641083e+01
