0.000000000000000000e+00 0.000000000000000000e+00
0.000000000000000000e+00 0.000000000000000000e+00
0.000000000000000000e+00 0.000000000000000000e+00
0.000000000000000000e+00 0.000000000000000000e+00
0.000000000000000000e+00 0.000000000000000000e+00
0.000000000000000000e+00 0.000000000000000000e+00
0.000000000000000000e+00 0.000000000000000000e+00
0.000000000000000000e+00 0.000000000000000000e+00
0.000000000000000000e+00 0.000000000000000000e+00
0.000000000000000000e+00 0.000000000000000000e+00
0.000000000000000000e+00 0.000000000000000000e+00
0.000000000000000000e+00 0.000000000000000000e+00
0.000000000000000000e+00 0.000000000000000000e+00
0.000000000000000000e+00 0.000000000000000000e+00
0.000000000000000000e+00 0.000000000000000000e+00
0.000000000000000000e+00 0.000000000000000000e+00
0.000000000000000000e+00 0.000000000000000000e+00
0.000000000000000000e+00 0.000000000000000000e+00
0.000000000000000000e+00 0.000000000000000000e+00
1.448572356720778109e-01 2.849730924411478239e-02
1.463695904077962073e-01 0.000000000000000000e+00
0.000000000000000000e+00 0.000000000000000000e+00
2.050092997853342203e-01 0.000000000000000000e+00
6.966008926339169183e-02 0.000000000000000000e+00
5.424262040296630172e-01 9.987850402927489490e-01
1.970279616677277801e+00 3.335949039253948811e+00
6.264914218854462646e+00 7.588205841798778550e+00
5.506944415804019499e+00 8.180068778621427228e+00
8.058229888843273514e+00 8.906235736160081018e+00
9.271051122136585221e+00 9.722305320361279257e+00
1.000882109524338937e+01 1.013596376970347990e+01
1.020119257449673000e+01 1.048995808275697250e+01
1.061497601423132586e+01 1.065461579257425839e+01
1.086158139819852941e+01 1.094846229325295361e+01
1.106995023148948043e+01 1.120094536589282086e+01
1.124106406114459489e+01 1.145982552453018677e+01
1.146318162969644128e+01 1.169296472485079619e+01
1.162741687804233237e+01 1.192753394601563777e+01
1.191492164674751209e+01 1.215351980647736241e+01
1.212293911462988305e+01 1.236011632914388692e+01
1.242749318350901078e+01 1.255229611587777150e+01
1.261835588054344370e+01 1.275956740034994397e+01
1.292735814788388993e+01 1.285157242265834832e+01
1.304002391291802887e+01 1.320860255026534702e+01
1.331856864031554721e+01 1.346224313261318350e+01
1.351705941694112489e+01 1.368645980755916902e+01
1.375594340948838123e+01 1.391447949008968266e+01
1.396190252022538125e+01 1.414885251911237418e+01
1.421366913940544663e+01 1.437879558372935129e+01
1.447094902976471253e+01 1.459371288537406386e+01
1.466926474001861358e+01 1.479166138661530283e+01
1.498927021268309012e+01 1.487260181794716729e+01
1.519450406201289461e+01 1.502453466420633532e+01
1.540651449814147433e+01 1.522764695002859803e+01
1.561764363980332959e+01 1.542645047294228888e+01
1.565828400810875642e+01 1.581685429796568876e+01
1.588805227197022241e+01 1.602763158356933815e+01
1.609974537282637286e+01 1.625237873127137789e+01
1.646673050649885894e+01 1.634925796514652063e+01
1.655018805125521197e+01 1.668203461529570575e+01
1.691844560426190114e+01 1.678483218375497898e+01
1.714641326150245604e+01 1.702699149281585633e+01
1.737329046811302291e+01 1.720720691606758379e+01
1.748151096859268705e+01 1.759801043728085901e+01
1.783963251266400718e+01 1.769066940697146251e+01
1.806266286239569041e+01 1.790951964069849112e+01
1.830040235330548626e+01 1.814096555560146840e+01
1.853210811258135493e+01 1.833521579707060312e+01
1.877746840210354762e+01 1.860272442075000399e+01
1.901019645554654502e+01 1.882476949605983663e+01
1.925173017768890915e+01 1.908316733229931472e+01
1.948462848415805126e+01 1.930347333108867502e+01
1.972940730692560862e+01 1.951764549043119246e+01
1.975686255601298313e+01 1.992838136350174594e+01
2.019885102362277607e+01 2.005092459906118307e+01
2.043381686481782467e+01 2.029171583685010205e+01
2.066749661403449423e+01 2.051491917056051761e+01
2.091276965029721424e+01 2.074961355733260504e+01
2.115777390506099565e+01 2.098457329885731681e+01
2.140443342881082955e+01 2.128789560226036670e+01
2.166250138339240294e+01 2.146877678216983654e+01
2.191128476808301784e+01 2.173975421414919396e+01
2.215970386229382427e+01 2.199561399646751170e+01
2.240776140824868179e+01 2.222620691350408251e+01
2.266491166875837848e+01 2.242121876893011390e+01
2.291101807461982887e+01 2.272970975114654024e+01
2.317144156244263797e+01 2.299463338675504431e+01
2.340030289200808511e+01 2.317496532350034499e+01
2.367080512375591894e+01 2.344831622653379100e+01
2.390256325145084659e+01 2.372237455376020066e+01
2.416761598419312662e+01 2.399627995617253973e+01
2.442043352612334672e+01 2.416134060923006643e+01
2.465576808891722749e+01 2.446949085703265325e+01
2.491870989857965668e+01 2.469797186057659388e+01
2.516978350948907917e+01 2.496991452312851578e+01
2.541667104657727450e+01 2.520462021679037790e+01
2.566793815809078083e+01 2.549803937133131981e+01
2.591268471046377897e+01 2.569025205901327880e+01
2.618007475911798920e+01 2.597909826331945737e+01
2.642958788419561600e+01 2.616211824545605680e+01
2.667436831316246426e+01 2.648414733805365273e+01
