0.000000000000000000e+00 0.000000000000000000e+00
3.826869813517554814e-02 -2.179168766895228648e-02
1.541360949946764425e+00 1.653415308627449010e+00
1.704108541006125632e+00 1.701944313712572709e+00
1.729377124799166943e+00 1.741057146012055856e+00
1.766794468374773830e+00 1.766271943727420135e+00
1.890522639976450980e+00 2.010821157874933984e+00
2.046613662869110950e+00 2.024837601171709522e+00
2.233447227859022277e+00 2.360543107235429261e+00
2.367149585824471547e+00 2.527955502381558972e+00
2.553313631146748364e+00 2.682278681497337391e+00
2.714892847169663614e+00 2.831991172357855913e+00
2.861826117680133841e+00 2.976737724999071411e+00
3.007876200307410652e+00 3.096210341547379841e+00
3.146509777809715747e+00 3.227102729246283275e+00
3.275661766695249000e+00 3.356617185433539596e+00
3.398011376393502925e+00 3.477272739485486319e+00
3.518346324364351130e+00 3.599960514617336571e+00
3.678264395240346207e+00 3.724718294161842191e+00
3.843487501155149921e+00 3.781949238601643781e+00
3.967637198902336237e+00 3.879750476377971324e+00
4.090989311654744220e+00 3.987535078346920336e+00
4.222161048109938974e+00 4.136970712088506197e+00
4.343731895168190249e+00 4.253411181447484424e+00
4.473231496593417233e+00 4.369540115876056063e+00
4.531180232570179101e+00 4.608065418291602100e+00
4.735691491900441363e+00 4.669111023373343272e+00
4.870982105025387199e+00 4.774388205016585118e+00
4.927993352880368327e+00 5.004191416971075057e+00
5.043733405131183289e+00 5.137750349983603471e+00
5.279162848102931349e+00 5.227296458084803810e+00
5.413962018141675436e+00 5.332030063593711233e+00
5.553796993819766215e+00 5.460525314848277745e+00
5.604841937892264703e+00 5.693638271091200131e+00
5.833938993724324895e+00 5.774559491668213695e+00
5.966709093089059834e+00 5.884760781431717547e+00
6.111212775972552080e+00 6.011512693680271191e+00
6.249064852687512328e+00 6.154496004047593338e+00
6.340622662783155228e+00 6.374078725472188900e+00
6.517720981273560810e+00 6.451425891739023477e+00
6.666725982835511211e+00 6.605882684868146448e+00
6.803696830073534763e+00 6.733951193707712335e+00
6.942014227837442597e+00 6.884740832860637205e+00
7.083447309833184491e+00 7.020447518631530492e+00
7.226340671386560999e+00 7.176908657031313865e+00
7.369685244664825774e+00 7.321384123474963701e+00
7.520807148511472029e+00 7.463251518944378660e+00
7.661194579750649325e+00 7.595002177631025475e+00
7.811264653058684004e+00 7.700568144312156527e+00
7.951719810490117446e+00 7.880895500274521126e+00
8.098088458151526225e+00 8.001124368737963621e+00
8.244129002348431712e+00 8.150439365024130467e+00
8.387462008955852255e+00 8.294952422127071401e+00
8.537167390559712743e+00 8.454475687001805184e+00
8.677350036583638015e+00 8.621259730630569607e+00
8.832559768466266448e+00 8.734521700442604342e+00
8.958527888948983886e+00 8.881292717162251549e+00
9.100031366749094630e+00 9.010509870284078460e+00
9.257909477417156197e+00 9.121107450166533681e+00
9.392008440943575565e+00 9.326038712347878956e+00
9.528934691644423083e+00 9.468523756181763673e+00
9.567266857261055080e+00 9.633387921501105566e+00
9.821037105742252749e+00 9.781722745464072943e+00
9.949850668104081919e+00 9.881491148044542427e+00
1.009703074400082379e+01 9.986323407038499411e+00
1.024504627305852367e+01 1.012096011910244364e+01
1.039202419206688610e+01 1.032566773924994052e+01
1.053649738129102431e+01 1.046402275070985333e+01
1.070136199620526263e+01 1.059834776905653264e+01
1.084552278981683848e+01 1.080016446951854903e+01
1.099064022564187226e+01 1.090976512410391663e+01
1.115024060275548479e+01 1.103920189928337159e+01
1.127236306709034963e+01 1.118116637131899260e+01
1.143142385317062981e+01 1.134213881598341267e+01
1.157852509899387172e+01 1.147924329703953639e+01
1.172896274142216733e+01 1.162825197663900489e+01
1.187703198733541754e+01 1.178067159418596788e+01
1.202449960162767084e+01 1.189132856999945709e+01
1.217670521234582814e+01 1.208991582797502318e+01
1.232431455986277768e+01 1.222124336725276805e+01
1.247723068553020909e+01 1.239275964395077523e+01
1.264284444431083365e+01 1.249957852530668134e+01
1.264304400744805434e+01 1.269390055816440466e+01
1.292676283519009672e+01 1.281665245352887439e+01
1.306832835520874525e+01 1.285098781144151836e+01
1.321922034540310520e+01 1.303492084501876214e+01
1.334817644924859970e+01 1.319511529107150416e+01
1.351040549228076415e+01 1.328418175991610539e+01
1.366034590887636746e+01 1.347795036071580554e+01
1.380294015250788142e+01 1.364564744395024931e+01
1.396084441849905389e+01 1.376227297912103431e+01
1.411384497114948822e+01 1.388298443645521196e+01
1.426803859804175900e+01 1.401963350317851464e+01
1.441747853574744198e+01 1.423145202173709301e+01
1.458112560214381226e+01 1.434044176733100429e+01
1.470372782387156185e+01 1.462988318714100799e+01
1.487455498937733012e+01 1.461250136194316696e+01
1.502023419310398999e+01 1.478018547080378831e+01
1.518537855243496359e+01 1.497802898353174328e+01
1.512713443835004590e+01 1.525983677656789972e+01
1.547054411008365804e+01 1.534078320571525822e+01
