1.739021909752987427e-01 8.661469763604560113e-01
8.273258067038689045e-01 8.472075508685268375e-01
8.583897349359749240e-01 8.248492655571296739e-01
9.601170983608333653e-01 9.701286357403970939e-01
1.082457562640713578e+00 1.233934230084154260e+00
1.269347855567938277e+00 1.454255178206534049e+00
1.420050365632036238e+00 1.572565111724274933e+00
1.565131267896742173e+00 1.719609704295348651e+00
1.758203135700986630e+00 1.853803763132586546e+00
1.892750079813531716e+00 1.965375304529798584e+00
1.998173777006746921e+00 2.081108357882398341e+00
2.144342616243685828e+00 2.200615002045350543e+00
2.280537123830978619e+00 2.315246356315317389e+00
2.403573552879647135e+00 2.432631930199619319e+00
2.518346485699459514e+00 2.549233107509630614e+00
2.659576907796266543e+00 2.639493071486042730e+00
2.751887863254863120e+00 2.777851035798094337e+00
2.888696799562889161e+00 2.857672108674043532e+00
2.934629079610675539e+00 3.015824990889329538e+00
3.124974411708501432e+00 3.073278155418210478e+00
3.242978624887004724e+00 3.190610284925642581e+00
3.364973029365001533e+00 3.302854906852952244e+00
3.489975728504659980e+00 3.420907908605467895e+00
3.605465544189836002e+00 3.527904596444770391e+00
3.733892893102109145e+00 3.628400916282069844e+00
3.856814268934764645e+00 3.783361136221312648e+00
3.978972250229357854e+00 3.889490389443281515e+00
4.116618751481682992e+00 4.022663022209398420e+00
4.245077745133948532e+00 4.134223744554031299e+00
4.357290264509130040e+00 4.246926261393827673e+00
4.492881197334734900e+00 4.363269885535091319e+00
4.610418201700721141e+00 4.511558048322346970e+00
4.734342319906677865e+00 4.628195219928330495e+00
4.864074653203759979e+00 4.720578108574325249e+00
4.992017834106498242e+00 4.866645486690061695e+00
5.108832591616364383e+00 5.006082295870076138e+00
5.240007967281217205e+00 5.131230750480614944e+00
5.359653559970549708e+00 5.265442793948194478e+00
5.488439058901790624e+00 5.386580940100420101e+00
5.620457316457347474e+00 5.504755514503470337e+00
5.744763939238978878e+00 5.640659810873565050e+00
5.868931108658220097e+00 5.750194862849885347e+00
5.997942341414379541e+00 5.886928253858146221e+00
6.131908307274943404e+00 6.018854345931035077e+00
6.254653564037481850e+00 6.157914330622909382e+00
6.383244903628765954e+00 6.286810678215754677e+00
6.513634200628436233e+00 6.425398911958867920e+00
6.636554223186062806e+00 6.526985767344823941e+00
6.774255052968720214e+00 6.662717732364966672e+00
6.907534214513548321e+00 6.792233161182143597e+00
7.028102909701271273e+00 6.868014068181818033e+00
7.164315255152227557e+00 7.081686969037725987e+00
7.292168579516340010e+00 7.176015841074508295e+00
7.419457425726189825e+00 7.236266308781442724e+00
7.544716146003530355e+00 7.422972655783520501e+00
7.676932689894111483e+00 7.590084125306622020e+00
7.813479520628034969e+00 7.684568251857315957e+00
7.944885255367985621e+00 7.748935939891588021e+00
8.068623976368362705e+00 7.859762113251279381e+00
8.204444700674896396e+00 8.042273873730957590e+00
8.332366792524446453e+00 8.145215342697976979e+00
8.465432267645638831e+00 8.307690464515335549e+00
8.589028464880044567e+00 8.427759174225801786e+00
8.730209237700034208e+00 8.533512221765498396e+00
8.850602510181161620e+00 8.703404931613359707e+00
8.983637389875076096e+00 8.800249237202628194e+00
8.975927110145981658e+00 9.048478001065603848e+00
9.067590680601337993e+00 9.184978986076194118e+00
9.353833762698489096e+00 9.229391130375249830e+00
9.476333619134546637e+00 9.331496645761376385e+00
9.597792481439816115e+00 9.543439448979405881e+00
9.717999367314709147e+00 9.597609924608596188e+00
9.730282349545124276e+00 9.800818495949481957e+00
9.989520201988076664e+00 9.871370384634470696e+00
1.011219503561584965e+01 1.000005259233070021e+01
1.024234653570426090e+01 1.009214120935269321e+01
1.035702953923263792e+01 1.024310202602662123e+01
1.050010632340149641e+01 1.034043964957510298e+01
1.063819515956206807e+01 1.050082943352843934e+01
1.075284851618392423e+01 1.068852014070173695e+01
1.089332996602819215e+01 1.072250160214093206e+01
1.101924410388315323e+01 1.087843010460295368e+01
1.115278323895617518e+01 1.102882913370464735e+01
1.128465107009007262e+01 1.114537365945386682e+01
1.140755133644235109e+01 1.128242890631576323e+01
1.154975166310344825e+01 1.143394419410862994e+01
1.168117926008610397e+01 1.154242627603755800e+01
1.180675876915390354e+01 1.169322535620111658e+01
1.194303107225286986e+01 1.179821072560546824e+01
1.207360985876965742e+01 1.195571504230168536e+01
1.221664728455261262e+01 1.208998618730717745e+01
1.233267692737071464e+01 1.219805990079163571e+01
1.246992983605898075e+01 1.232928714133362114e+01
1.260899982313720891e+01 1.244583973031111057e+01
1.274961189866276889e+01 1.255132918665440656e+01
1.286839778714297644e+01 1.274082979796538062e+01
1.301357089519380672e+01 1.288408138600306430e+01
1.296206296111359713e+01 1.304355208272464495e+01
1.327368235349458914e+01 1.304931932846810128e+01
1.337948268946899155e+01 1.330896568332236640e+01
1.352444409910447298e+01 1.341401880050415407e+01
