0.000000000000000000e+00 0.000000000000000000e+00
0.000000000000000000e+00 0.000000000000000000e+00
0.000000000000000000e+00 0.000000000000000000e+00
0.000000000000000000e+00 0.000000000000000000e+00
0.000000000000000000e+00 0.000000000000000000e+00
0.000000000000000000e+00 0.000000000000000000e+00
0.000000000000000000e+00 0.000000000000000000e+00
0.000000000000000000e+00 0.000000000000000000e+00
0.000000000000000000e+00 0.000000000000000000e+00
0.000000000000000000e+00 0.000000000000000000e+00
0.000000000000000000e+00 0.000000000000000000e+00
0.000000000000000000e+00 0.000000000000000000e+00
0.000000000000000000e+00 0.000000000000000000e+00
0.000000000000000000e+00 0.000000000000000000e+00
0.000000000000000000e+00 0.000000000000000000e+00
0.000000000000000000e+00 0.000000000000000000e+00
0.000000000000000000e+00 0.000000000000000000e+00
1.013681468550972978e-02 0.000000000000000000e+00
1.077036560335408767e-02 0.000000000000000000e+00
6.547612555773189846e-02 0.000000000000000000e+00
1.916024146624321911e-01 1.866780491648815987e+00
9.672873998143827201e-01 5.785533625901370769e+00
3.865162335592666309e+00 7.573304207971568225e+00
7.665651326777808805e+00 7.999657949429327175e+00
8.286559879722844357e+00 8.297065572182912518e+00
8.520501541752203423e+00 8.523522510943552177e+00
8.724573869580412477e+00 8.814754751661975973e+00
8.931429595661926513e+00 9.004332285935744196e+00
9.116274238201702573e+00 9.234882138320534395e+00
9.291861609341019346e+00 9.496859969312117400e+00
9.547802460811196212e+00 9.718061973142551935e+00
9.728008867333599596e+00 9.931698445793086805e+00
9.980080574115810066e+00 1.017277361903673416e+01
1.018372505443174347e+01 1.042922701602682523e+01
1.038711661695849031e+01 1.066544388048491676e+01
1.062059350149659132e+01 1.087715814333471620e+01
1.081631086727040270e+01 1.109710849574898539e+01
1.102081791999947136e+01 1.129742847353502100e+01
1.125822466977757230e+01 1.149788572788299490e+01
1.149700715807785834e+01 1.170461986827650946e+01
1.173750907270554045e+01 1.191123388385524251e+01
1.193657676499963749e+01 1.210960610093326295e+01
1.216614545327643171e+01 1.232398518449173785e+01
1.237908647849921451e+01 1.251343682867058327e+01
1.258500780754399706e+01 1.272326316140147462e+01
1.278810700503370157e+01 1.291644207497137486e+01
1.298863645544443735e+01 1.312428012530150134e+01
1.317051361450335101e+01 1.331222305487816904e+01
1.349805617523741397e+01 1.335900791466440474e+01
1.368830711595123617e+01 1.346214654822587242e+01
1.388259653729388354e+01 1.360962839671116242e+01
1.384887244315853216e+01 1.408390486241144401e+01
1.409949026249900506e+01 1.428045505336183041e+01
1.432116422646009291e+01 1.448389119315537776e+01
1.468979798192481567e+01 1.450815340564873424e+01
1.487262037308034479e+01 1.466642462652438006e+01
1.507188542182385582e+01 1.486521987090983998e+01
1.527891318880462812e+01 1.507185130275561846e+01
1.549314489184649624e+01 1.528999980825250482e+01
1.569237947452351456e+01 1.547523897415491412e+01
1.592185751102770475e+01 1.573484251551756152e+01
1.614432620570293864e+01 1.590587035604264265e+01
1.614216257663493082e+01 1.635416723058752808e+01
1.657261402454770405e+01 1.636982783754222126e+01
1.680167755520222883e+01 1.652386743101556732e+01
1.701260730182718106e+01 1.674625871485645234e+01
1.697305840901225693e+01 1.719462124799523295e+01
1.743606992760781793e+01 1.719221393250517949e+01
1.766214936383303780e+01 1.743289976667803032e+01
1.788387300346723308e+01 1.763638793187837805e+01
1.810403003965612001e+01 1.785620006986374975e+01
1.831980710301022341e+01 1.809739252496144601e+01
1.853491887069403887e+01 1.828683431943734305e+01
1.852336060116796190e+01 1.870436414809905301e+01
1.896217139460244283e+01 1.876530823849343932e+01
1.919312019855765428e+01 1.893678360830943319e+01
1.943409038199408911e+01 1.920315225306438478e+01
1.965976992981672211e+01 1.939404842641462423e+01
1.989557857362259696e+01 1.962844921323446812e+01
1.986842249366388913e+01 2.005064664844307032e+01
2.032326970221662776e+01 2.006828545411904585e+01
2.054199549781495548e+01 2.033729061800731230e+01
2.076090151390972949e+01 2.055325908137783131e+01
2.099924862649469404e+01 2.078403542455766839e+01
2.122874509646022290e+01 2.098474134631696941e+01
2.144946961339222469e+01 2.117040934781573114e+01
2.170231808319765321e+01 2.150656765104498902e+01
2.191908018262004276e+01 2.173421724112763087e+01
2.217128219834863501e+01 2.194467975438487528e+01
2.241801868906043183e+01 2.225352853974837686e+01
2.265517100437054054e+01 2.245704853927845690e+01
2.290097585614654108e+01 2.266869661115416790e+01
2.314029419843729940e+01 2.284465436899773394e+01
2.337314620681910071e+01 2.312625992344955606e+01
2.360231393345937434e+01 2.334773205366841609e+01
2.384912011155258682e+01 2.362499562186707180e+01
2.407818348983799694e+01 2.382436129041112949e+01
2.431327282244449606e+01 2.404151863626160690e+01
2.456087206891348984e+01 2.430606137808908684e+01
2.479840502335447994e+01 2.449566201516323005e+01
2.503356785943049090e+01 2.474460562556862087e+01
