0.000000000000000000e+00 0.000000000000000000e+00
0.000000000000000000e+00 0.000000000000000000e+00
0.000000000000000000e+00 0.000000000000000000e+00
8.775234024823122536e-03 5.960675711801036863e-02
1.046104161246748897e-02 2.881887149551030003e-05
6.081329493919594709e-02 2.268468129583346010e-02
7.100831462759246704e-02 6.112261926168032211e-01
4.212986026398744532e-01 8.612496639579975133e-01
8.605731342902247505e-01 9.728433959125220021e-01
1.061609317688052778e+00 1.084681537679152763e+00
1.189512255716239864e+00 1.168875893299530233e+00
1.285121839198793747e+00 1.303500689730451079e+00
1.412435396239742680e+00 1.394592511661079337e+00
1.522982295760359150e+00 1.503908975900029921e+00
1.632696985976123116e+00 1.616978646010304166e+00
1.745898847754403072e+00 1.731377171521013114e+00
1.856569169874527025e+00 1.842619558434781091e+00
1.966085003635115624e+00 1.953571483187543700e+00
2.088017829300814032e+00 2.046407246438961991e+00
2.200283896072341427e+00 2.169062685858510253e+00
2.316489381756562604e+00 2.279930335392722274e+00
2.431191879611059203e+00 2.397581963176027564e+00
2.551210578830605424e+00 2.498810196735544054e+00
2.662653935759403900e+00 2.618766371296854967e+00
2.777722480231137769e+00 2.736052834844833637e+00
2.892776962797033224e+00 2.836861246703302530e+00
3.007729708477059116e+00 2.965758255213140959e+00
3.122911130434545601e+00 3.066508229208698033e+00
3.229688180884747517e+00 3.178761870722330407e+00
3.343616625127598052e+00 3.307452607229099950e+00
3.452283906359792987e+00 3.422736635590874599e+00
3.569183617795254726e+00 3.522390255173584173e+00
3.681055569578282949e+00 3.642054312026780760e+00
3.799303126715856127e+00 3.758120546208286061e+00
3.913897467873858727e+00 3.865514695823067726e+00
4.031232828072527141e+00 3.976214043665884379e+00
4.146854007617312377e+00 4.070770025357782096e+00
4.264147288652827328e+00 4.186603959226768090e+00
4.375064487017337633e+00 4.313150782988151910e+00
4.482644675406587176e+00 4.431692010765164724e+00
4.602692225569624540e+00 4.527009903902468047e+00
4.714429720855605410e+00 4.637281495719393298e+00
4.833104014779347146e+00 4.760369023012342993e+00
4.949410417947429863e+00 4.872624867003779947e+00
5.065369836658585534e+00 5.006740588351473953e+00
5.171585004015155640e+00 5.118752610905134226e+00
5.284731232614632290e+00 5.220833139717488081e+00
5.401751687733168161e+00 5.323215557517422702e+00
5.515120489637294732e+00 5.434686643431832387e+00
5.629618137890339824e+00 5.551380219440576802e+00
5.757628144989144658e+00 5.676077467078267880e+00
5.864372622383165812e+00 5.770273070277721850e+00
5.989886054045785002e+00 5.877435718777903162e+00
6.107808798863909594e+00 5.981203960089263916e+00
6.223070288204650247e+00 6.100866892572049949e+00
6.340124942696123256e+00 6.227026025360831163e+00
6.451346109123233141e+00 6.324888152623212356e+00
6.567175906857385392e+00 6.458479559755876842e+00
6.675326646202688785e+00 6.531431430441654307e+00
6.796485674894203299e+00 6.695144306551905622e+00
6.909920826423509688e+00 6.781461846889925482e+00
7.026325725517415854e+00 6.924625518039125183e+00
7.141821496722340790e+00 6.994883637026191536e+00
7.256637003087430315e+00 7.125526843648219533e+00
7.374774989838471129e+00 7.248414740012481872e+00
7.488065434088618133e+00 7.370257923533021227e+00
7.604990423752959749e+00 7.463803160764715727e+00
7.723010966486551609e+00 7.608808482280952745e+00
7.837787096529067021e+00 7.719028767068383701e+00
7.955337580079061333e+00 7.840824440847472765e+00
8.076167061025927296e+00 7.872596127682199629e+00
8.190060236144882211e+00 8.042194407661732214e+00
8.305522751992111097e+00 8.178531781392941014e+00
8.420322189475070829e+00 8.261156421097355818e+00
8.531470180058683184e+00 8.395626608819179992e+00
8.648182117127079849e+00 8.537059100971717385e+00
8.758531044104325147e+00 8.643721567729087951e+00
8.879138333628892710e+00 8.749087640346548511e+00
8.990274413798728048e+00 8.843963452320350527e+00
9.100755622085769048e+00 9.005794111831415094e+00
9.220949664511104871e+00 9.106210603068838338e+00
9.333886601726812060e+00 9.202098313007272878e+00
9.450895066903816755e+00 9.287210877917418728e+00
9.575536371615026354e+00 9.402308599361486330e+00
9.682018922562653174e+00 9.542873729719193676e+00
9.796494585336811056e+00 9.693451795827307649e+00
9.905316788408933704e+00 9.795041323843921788e+00
1.002593335609360636e+01 9.885572090805926138e+00
1.013562714440271328e+01 1.001417282685794774e+01
1.025848732383684414e+01 1.011576606636470466e+01
1.036681193430120196e+01 1.021796230220984469e+01
1.047569241187753875e+01 1.038775821365306307e+01
1.060504678595415662e+01 1.047612417989489053e+01
1.071672752011415497e+01 1.058438531698465113e+01
1.082322314468743940e+01 1.067362893601197094e+01
1.093319803123307743e+01 1.080858849851663805e+01
1.104785585326812125e+01 1.092126003511372723e+01
1.115595410246964114e+01 1.105209206808397404e+01
1.127346531438077726e+01 1.112559878624364096e+01
1.139050866588646116e+01 1.124402672651637225e+01
1.151254452072057610e+01 1.137514950521267210e+01
