0.000000000000000000e+00 0.000000000000000000e+00
0.000000000000000000e+00 0.000000000000000000e+00
5.757240665361816265e-03 0.000000000000000000e+00
1.559193568606512606e-02 0.000000000000000000e+00
8.616593351399026712e-02 0.000000000000000000e+00
7.030167083829759467e-02 4.228579960084138945e-01
3.959159877003491368e-01 5.322045622805277043e-01
6.405883742908156098e-01 6.183207450202476974e-01
7.286324640650211348e-01 7.369539252897209236e-01
8.438314310462561307e-01 8.306400441977325189e-01
9.440732469084279765e-01 9.334629741715538831e-01
1.050851131104958425e+00 1.028869349722961068e+00
1.148842278419714091e+00 1.125334794921841297e+00
1.247710919207762670e+00 1.236672245007802706e+00
1.343211131149692372e+00 1.318775544262884125e+00
1.437103419805766613e+00 1.414301254751337833e+00
1.538616498569160829e+00 1.510475282617245396e+00
1.636460643829406258e+00 1.604685547374154142e+00
1.734461854476549325e+00 1.709539066148817676e+00
1.834094592220139708e+00 1.793539206718518741e+00
1.930679770315579802e+00 1.875226512647454102e+00
2.029485683568367449e+00 1.989729450485478557e+00
2.126569874209808031e+00 2.077979047334544749e+00
2.222633666314667966e+00 2.179695755488162412e+00
2.319327991465419903e+00 2.265847989567166820e+00
2.417693024474905972e+00 2.378461624778912764e+00
2.515533111364584240e+00 2.464508697154463857e+00
2.616347389643726817e+00 2.552332369342069196e+00
2.713501501777661584e+00 2.642544669963970083e+00
2.809186126997847310e+00 2.745291608287902196e+00
2.904591923140906307e+00 2.849134859563637878e+00
2.998454768248741686e+00 2.940812638300799087e+00
3.092234436551885235e+00 3.044595822007790886e+00
3.187637236695841647e+00 3.134923896332572735e+00
3.284197672896686182e+00 3.231311420762581488e+00
3.380165511687157842e+00 3.328080574609260101e+00
3.478659427546276550e+00 3.420692028806586293e+00
3.576022963458516113e+00 3.533377336505747479e+00
3.673417770768908852e+00 3.618716538213835765e+00
3.768374954209911198e+00 3.707667520481931156e+00
3.864968203805529079e+00 3.818788891092248505e+00
3.961632136309836572e+00 3.896686006265220659e+00
4.057660106619593421e+00 4.011034514184945721e+00
4.150166936676273899e+00 4.098183966811300039e+00
4.257072889985472841e+00 4.182050864342452101e+00
4.351730005048264793e+00 4.297743583798688149e+00
4.445952086545393200e+00 4.358768384161140652e+00
4.546871131624146578e+00 4.466355654959855315e+00
4.642632840824656881e+00 4.565559693097780425e+00
4.736785923413518340e+00 4.665934410670398158e+00
4.834089543742747352e+00 4.724065795291203962e+00
4.932031277299800287e+00 4.847509433884398256e+00
5.027337400070450713e+00 4.946532493269918618e+00
5.117384670602614705e+00 5.026107506393804769e+00
5.216841257186586311e+00 5.137286628693663815e+00
5.312610085477606603e+00 5.217475907250971545e+00
5.405419853705079269e+00 5.349196158717593796e+00
5.507645561201662154e+00 5.401725089781853839e+00
5.603586125297044696e+00 5.484873387090302366e+00
5.700698744914211247e+00 5.614222325602495012e+00
5.796419519995319902e+00 5.706283889063121784e+00
5.900425874919187130e+00 5.793886837813289503e+00
5.992601680333232927e+00 5.898341286106657755e+00
6.085781570213586456e+00 5.983469672238824089e+00
6.184637130777359104e+00 6.060746159546753553e+00
6.285959860647349018e+00 6.166475705516000438e+00
6.375197598721179304e+00 6.277280601244020097e+00
6.472563719602499432e+00 6.373297568707553928e+00
6.567709997476895545e+00 6.466816472753049716e+00
6.664835785013313085e+00 6.600210464113517084e+00
6.763781337516170389e+00 6.647634059132468742e+00
6.861161685997708481e+00 6.761602513984709795e+00
6.965843783691890501e+00 6.895116798810708048e+00
7.057553833458262815e+00 6.945123333479057415e+00
7.159606839111977372e+00 7.070771186082984272e+00
7.258350756239477342e+00 7.090020012301637031e+00
7.351499439165199767e+00 7.240168270409180984e+00
7.442243938828480232e+00 7.347563877928480203e+00
7.541320976416209909e+00 7.434419522023802074e+00
7.644948382759293004e+00 7.533864162771609863e+00
7.735119077887063987e+00 7.612964306559708128e+00
7.836022524005151091e+00 7.728081524725965323e+00
7.922049240241142876e+00 7.803922832137412335e+00
8.023441082604719554e+00 7.908454572037629582e+00
8.122583095210993420e+00 8.020507945412726158e+00
8.216492142267556531e+00 8.111362753578077900e+00
8.311700614833624101e+00 8.212956856266306005e+00
8.410372050889359130e+00 8.295694364751039274e+00
8.499301111180576740e+00 8.402316957986757373e+00
8.603162316058192260e+00 8.440623899382286410e+00
8.705617775670562608e+00 8.604115446972471659e+00
8.799259374834806025e+00 8.671801119951922487e+00
8.893625622027418132e+00 8.762650768376756716e+00
8.994628071056174790e+00 8.874722924775223731e+00
9.089591692862205363e+00 8.981238717836015795e+00
9.184641555993298567e+00 9.067843982985332119e+00
9.283443399598436230e+00 9.211192376821347949e+00
9.375430798538742394e+00 9.214932723321748398e+00
9.468850103305227250e+00 9.353247281736500440e+00
9.567068809090462977e+00 9.466673712472880808e+00
9.666018214384882512e+00 9.530438235791683255e+00
