0.000000000000000000e+00 0.000000000000000000e+00
1.974084896757058178e-04 0.000000000000000000e+00
3.147915739607860808e-02 -2.168701499198145369e-03
7.712645642018810255e-02 1.281484005456074013e-03
1.830261631901563824e-01 -1.199650625116447863e-02
3.328752075602230964e-01 6.780036014176005210e-02
4.683101057636596676e-01 2.911494867104892914e-01
4.802760638685518169e-01 6.696068640295184116e-01
7.789906763437520754e-01 7.619627300969249450e-01
8.925895373916332698e-01 8.754180416410443089e-01
1.000731240681060674e+00 9.714916597562793799e-01
1.105355070928875971e+00 1.087976364495084614e+00
1.212876661726660421e+00 1.194375018051209825e+00
1.313172867844726088e+00 1.282935123050821913e+00
1.422344607069753630e+00 1.398717803394357917e+00
1.528625926182369810e+00 1.500449777193292755e+00
1.632650129965974584e+00 1.576076642676287332e+00
1.729410571413580344e+00 1.696018093665321746e+00
1.834733221618868537e+00 1.788432075281695566e+00
1.937539328608718581e+00 1.908197605021710208e+00
2.038509797710685412e+00 1.999310323214687601e+00
2.142423470894205373e+00 2.092510792132397324e+00
2.248510043179733575e+00 2.206855101658352414e+00
2.346983794320141481e+00 2.297232573151138713e+00
2.453495590863322917e+00 2.402930255143926885e+00
2.555108531485651646e+00 2.512014848566660241e+00
2.655451882977776457e+00 2.610076056467445671e+00
2.755343780255894437e+00 2.714950468722158394e+00
2.864574566584517701e+00 2.807190705840005407e+00
2.957778038215736593e+00 2.905201474568568365e+00
3.058416975962288120e+00 3.021373479264756412e+00
3.158061794534889000e+00 3.114529918460765323e+00
3.258576505605607743e+00 3.212359356387822995e+00
3.362025354227525575e+00 3.306052291504395058e+00
3.474919761498183934e+00 3.430867218072438440e+00
3.576655346202886054e+00 3.505052314415603387e+00
3.682927758425198927e+00 3.624467243523232352e+00
3.788198943446794864e+00 3.719422715350817032e+00
3.888462282004891080e+00 3.821651706121896641e+00
3.988260143437463157e+00 3.935614947863576241e+00
4.088540218270088289e+00 4.030157622749076296e+00
4.186688108290390176e+00 4.137568593726398625e+00
4.289284694928523933e+00 4.226749100690381233e+00
4.389021119998993470e+00 4.332093627344315578e+00
4.486772154747178831e+00 4.420592370695952233e+00
4.592917318659677228e+00 4.537722391977039749e+00
4.695429104055691916e+00 4.623559399437650264e+00
4.798944017905931503e+00 4.701690320102884790e+00
4.895113793178494710e+00 4.865107821808821065e+00
5.004097760564195418e+00 4.961446477714139824e+00
5.106207588697508903e+00 5.027689119257411576e+00
5.216792582222836927e+00 5.136792604753744662e+00
5.313279293464672648e+00 5.231872677813369954e+00
5.419708704678275701e+00 5.333369221384628212e+00
5.513739540783500814e+00 5.450700117837935288e+00
5.621208441594422567e+00 5.516832690339978917e+00
5.724287933161360975e+00 5.618950527132693828e+00
5.828206954316398125e+00 5.727576642770038973e+00
5.928722031959104299e+00 5.882683247216861311e+00
6.028412032148336763e+00 5.937973370746524537e+00
6.126521393521242587e+00 6.053713075243503994e+00
6.227125212952127953e+00 6.163683539541149337e+00
6.331560679879942199e+00 6.250189537119138272e+00
6.440038050389832236e+00 6.337165939936795667e+00
6.536916624026654965e+00 6.447557429187932065e+00
6.636220675260487312e+00 6.501562966990269921e+00
6.746730296761584533e+00 6.607261894664772761e+00
6.845287470453442324e+00 6.752054741681455141e+00
6.948006945072346952e+00 6.809727312197784599e+00
7.055653204106880239e+00 6.930741967046293972e+00
7.151411874380087852e+00 7.006820051596752918e+00
7.254146355069556407e+00 7.156383295872956296e+00
7.357863343564985392e+00 7.224459039235743951e+00
7.454914501092832602e+00 7.321989363324362898e+00
7.560552346934899859e+00 7.450649549806956706e+00
7.666136744720233764e+00 7.552303331466623249e+00
7.766045383475726815e+00 7.677876623098520703e+00
7.857412964924959553e+00 7.727981304634603532e+00
7.972088186809480170e+00 7.866551064127643045e+00
8.074404565122815569e+00 7.940553190423351282e+00
8.170948488406841292e+00 8.058264028168810711e+00
8.276036893665530414e+00 8.185988609089907442e+00
8.378446899489325972e+00 8.285256842459514104e+00
8.480291839563991019e+00 8.326751611828953514e+00
8.582589634128014566e+00 8.471007311692289932e+00
8.692230091411740744e+00 8.559008590920500481e+00
8.790072688549793511e+00 8.668257213566704422e+00
8.890663920847224233e+00 8.774073641189726658e+00
8.990048752975136281e+00 8.837366692873070306e+00
9.095400157244924344e+00 8.949860248176340960e+00
9.199770513173792352e+00 9.059776477905064240e+00
9.304221540856623562e+00 9.159504148352823449e+00
9.403611273833270445e+00 9.292746034044142789e+00
9.508653242146328566e+00 9.354921532463583489e+00
9.604384296447577185e+00 9.491514173009766964e+00
9.711916933788801387e+00 9.565622662130060405e+00
9.810882426956485602e+00 9.688655707082700630e+00
9.917577562233649502e+00 9.767390486678463546e+00
1.001250988508951778e+01 9.862445882154666776e+00
1.011910776786009691e+01 9.990751995962689591e+00
1.022127603389102646e+01 1.010698858469356409e+01
