0.000000000000000000e+00 0.000000000000000000e+00
0.000000000000000000e+00 0.000000000000000000e+00
0.000000000000000000e+00 0.000000000000000000e+00
6.340398715317446462e-03 0.000000000000000000e+00
6.131895906206085052e-03 0.000000000000000000e+00
9.747212963834626584e-03 0.000000000000000000e+00
4.119474044329848178e-02 0.000000000000000000e+00
3.243757129994574023e-02 1.021377991547248509e+00
2.325850155221438786e+00 4.942575239635168316e+00
4.931088652715169829e+00 5.683316957154726623e+00
5.685818965100152944e+00 5.697083322888257584e+00
5.768106497748954453e+00 5.766162299909121103e+00
5.818700674394273520e+00 5.816715007579186469e+00
5.880040673002679519e+00 5.879521949001489389e+00
6.024854901378742689e+00 6.180082098302691840e+00
6.190206388938530147e+00 6.376555419918615186e+00
6.458812588102023078e+00 6.708302857441479361e+00
6.607648217768698373e+00 6.883983007226474271e+00
6.867192643495634741e+00 7.114153220815870426e+00
7.023619451928770019e+00 7.368108878453897503e+00
7.349596727538343366e+00 7.582111383449529285e+00
7.545675550774853413e+00 7.803825602864829847e+00
7.703510455982782723e+00 8.007079310685025320e+00
7.917821364143117435e+00 8.206073747040257160e+00
8.176138122541846798e+00 8.396905611596922725e+00
8.444012390566298265e+00 8.586239874806224748e+00
8.618086801789088369e+00 8.781348738141273813e+00
8.822715365886166339e+00 8.966549529917735128e+00
9.059595098207434916e+00 9.151542311183042955e+00
9.249999334280873953e+00 9.337132414500135980e+00
9.443234572949187111e+00 9.536879910088359225e+00
9.607996276627686072e+00 9.708861438793574550e+00
9.799644230769615660e+00 9.896815173477879313e+00
9.976404704984988214e+00 1.009142705315430710e+01
1.011741219431305083e+01 1.027332828352068361e+01
1.026425746843891851e+01 1.045087731861423563e+01
1.052400836085520375e+01 1.063040147859302387e+01
1.068510993235960349e+01 1.081755592175369429e+01
1.084850213922545414e+01 1.099217419944622343e+01
1.103264630319181272e+01 1.117869512573141932e+01
1.122081876121198363e+01 1.134952848774417689e+01
1.136654525296486362e+01 1.152195227772687325e+01
1.168715371268020675e+01 1.151634236765366026e+01
1.170335765205232015e+01 1.186153271412601740e+01
1.202891787836766646e+01 1.180908421271687025e+01
1.220565936282004316e+01 1.204665241749245119e+01
1.237862063860176320e+01 1.213503184403961299e+01
1.255574494251346351e+01 1.239159681012274383e+01
1.273448348078822434e+01 1.257216486171981984e+01
1.291450645472163572e+01 1.268318277222706314e+01
1.310632096809343139e+01 1.289427156071981351e+01
1.328731828105366475e+01 1.306046885151774362e+01
1.348554108651534555e+01 1.328267953801797496e+01
1.366964505870573809e+01 1.341247002461923188e+01
1.368288839551859937e+01 1.385437975517259268e+01
1.405591296735588713e+01 1.383148196600706292e+01
1.424399452186809967e+01 1.403674851206203300e+01
1.443286736905178280e+01 1.419782547298139086e+01
1.461849509824193483e+01 1.439395763171133247e+01
1.481529449840399160e+01 1.463414475912412804e+01
1.500779035106533676e+01 1.472558419719441680e+01
1.518980743946568523e+01 1.497720365592928182e+01
1.539590282185844572e+01 1.509267327235776079e+01
1.558733000646206257e+01 1.536226398464048337e+01
1.578595038678150608e+01 1.550802750423033594e+01
1.598121522988908083e+01 1.571699037342977512e+01
1.618227270615347635e+01 1.594300788174286510e+01
1.638714434979402412e+01 1.610877067998032786e+01
1.658033294319535145e+01 1.633981858259562614e+01
1.678291319743432197e+01 1.649788471201667406e+01
1.664415328106062830e+01 1.692437862972236218e+01
1.714761544166745821e+01 1.684595488807257979e+01
1.734345247799438283e+01 1.707129969529357538e+01
1.754333180752068344e+01 1.728116839861598208e+01
1.773965988597676002e+01 1.743357377082214299e+01
1.793972381939497751e+01 1.766344414786211203e+01
1.814054158169779285e+01 1.788763915646393698e+01
1.833579757345368577e+01 1.806767347784398936e+01
1.853373084719174813e+01 1.827877008144989546e+01
1.873555745228758695e+01 1.850179872375507983e+01
1.893061786144834002e+01 1.860213390595614058e+01
1.912989062932521023e+01 1.883842887381710440e+01
1.933815790145035152e+01 1.894785910194539724e+01
1.954856692574509580e+01 1.932255325502683618e+01
1.975017867642422331e+01 1.948853331918704157e+01
1.965808613434736429e+01 1.988900518548460994e+01
2.013615858643838052e+01 1.987679835539541529e+01
2.035142654143337282e+01 2.004256456199515313e+01
2.055098540667511031e+01 2.032478252367776150e+01
2.076753873953562390e+01 2.046711054164764576e+01
2.062087468205138308e+01 2.089035835003958397e+01
2.117831633844453165e+01 2.088363443535179798e+01
2.137924296168179694e+01 2.110857405485372240e+01
2.157700425637392883e+01 2.125551038755091682e+01
2.177998887914993276e+01 2.154610427251191140e+01
2.199702071803421077e+01 2.164248061755409935e+01
2.220040727957309912e+01 2.184836600582526600e+01
2.240954133956611116e+01 2.213411100617395633e+01
2.262830562956805025e+01 2.226848524334786461e+01
2.283743429060515240e+01 2.245171678551542982e+01
2.303599334783725894e+01 2.269854769936766559e+01
