0.000000000000000000e+00 0.000000000000000000e+00
0.000000000000000000e+00 0.000000000000000000e+00
0.000000000000000000e+00 0.000000000000000000e+00
0.000000000000000000e+00 0.000000000000000000e+00
0.000000000000000000e+00 0.000000000000000000e+00
0.000000000000000000e+00 0.000000000000000000e+00
0.000000000000000000e+00 0.000000000000000000e+00
0.000000000000000000e+00 0.000000000000000000e+00
0.000000000000000000e+00 0.000000000000000000e+00
0.000000000000000000e+00 0.000000000000000000e+00
4.241370198823733728e-02 0.000000000000000000e+00
1.064585043792528121e-02 0.000000000000000000e+00
9.098034146060107741e-02 0.000000000000000000e+00
2.288110727556140131e-02 0.000000000000000000e+00
2.777442910889544540e-03 0.000000000000000000e+00
9.888456834777877014e-02 0.000000000000000000e+00
3.331027110471319191e-02 0.000000000000000000e+00
1.008665581709188436e-01 5.209952345965750631e+00
2.462120204161560633e+00 9.542969609919234042e-01
4.182739115505740735e+00 6.263440822199870972e+00
6.232118276880287411e+00 6.344942199208019495e+00
6.312950567246042866e+00 6.572778826891320314e+00
6.640410141784650833e+00 6.589858610308409581e+00
6.803796133196335916e+00 6.864647600809850481e+00
6.943303151827515229e+00 7.062430314265611742e+00
7.132744632095866955e+00 7.089914653286784052e+00
7.204856697481276662e+00 7.401860409135755603e+00
7.390201293608894773e+00 7.579678234293566241e+00
7.615180791564461593e+00 7.721178261858602454e+00
7.824789214697594808e+00 7.743294313529045070e+00
7.897184823737313231e+00 8.017154682981592728e+00
8.032783806019807571e+00 8.170346142955137836e+00
8.285179358911305414e+00 8.184478240721634990e+00
8.348079453136454831e+00 8.459314157393956535e+00
8.597779477763053180e+00 8.506131703019415014e+00
8.661960764647549382e+00 8.758988427107485819e+00
8.898304738877662601e+00 8.806673703697615707e+00
8.983474733647799582e+00 9.055465171423358939e+00
9.209708015115234403e+00 9.160437817863662957e+00
9.325341243243983058e+00 9.367322930710976436e+00
9.522657113680585539e+00 9.459542351963103002e+00
9.689058098903734262e+00 9.584666847729870653e+00
9.848106288055330282e+00 9.769283652258465622e+00
1.001265370224425055e+01 9.920403560797289799e+00
1.016547667724255000e+01 1.007155133977486550e+01
1.033437007900195148e+01 1.023151050382945648e+01
1.050053491460949218e+01 1.040616253666535940e+01
1.066908384712952973e+01 1.055618631864245671e+01
1.083522179321566448e+01 1.074513048787429703e+01
1.100220650323609561e+01 1.089233334250477725e+01
1.116885178139435197e+01 1.105635669165876678e+01
1.135260036316495125e+01 1.123465180670017283e+01
1.151823594213007418e+01 1.141047967480175629e+01
1.169368778921673702e+01 1.160845660414543978e+01
1.186981420359810180e+01 1.175441917780240786e+01
1.204240777810415608e+01 1.187423985390038439e+01
1.221379355414629941e+01 1.206343478792880930e+01
1.240546475692132233e+01 1.222021007261892400e+01
1.257351918866770291e+01 1.242907225179868114e+01
1.274409785527386951e+01 1.263809877975851670e+01
1.292789589347073687e+01 1.276708582376081225e+01
1.310160369092552024e+01 1.296099747271506253e+01
1.329060581267445507e+01 1.308723695685775112e+01
1.346732827773619512e+01 1.332271760338965372e+01
1.366201845661340819e+01 1.344012222457659078e+01
1.383360972955341239e+01 1.367942960372628924e+01
1.401511080790291253e+01 1.380896342823450773e+01
1.420894523817285382e+01 1.402671661405771530e+01
1.439238366091652566e+01 1.413794419549489767e+01
1.456510745024558062e+01 1.438081925753275847e+01
1.475647641361229745e+01 1.454482273685328941e+01
1.494829297425060055e+01 1.469232126238969016e+01
1.512231641415478123e+01 1.492246957647262207e+01
1.531780197265840648e+01 1.516539305379492042e+01
1.549956576405850051e+01 1.525039834382085502e+01
1.568633916733384837e+01 1.542598718354292231e+01
1.587299551671489795e+01 1.566245286722236507e+01
1.603671180019784259e+01 1.583605002218343039e+01
1.623848627362787767e+01 1.603301967526123306e+01
1.642252867123920623e+01 1.622258717317277643e+01
1.661636671087281414e+01 1.636365544486678658e+01
1.678443257750484818e+01 1.654320632435121041e+01
1.697723696882059485e+01 1.671219540436240081e+01
1.715810791314406103e+01 1.697144531017671554e+01
1.735577030157132228e+01 1.715594602749693820e+01
1.753795356656447524e+01 1.734983555345770867e+01
1.772846181237663643e+01 1.747244265996113199e+01
1.791812409478121992e+01 1.769008506291759275e+01
1.811207016138857639e+01 1.781547169417580179e+01
1.827718540780061574e+01 1.807851520049588601e+01
1.846362899431915494e+01 1.822631403525776506e+01
1.865894377463101961e+01 1.845493948285841057e+01
1.883440086537968128e+01 1.859542359224914776e+01
1.904525104080621389e+01 1.869461859337274490e+01
1.922106722803082235e+01 1.904488954777932008e+01
1.942290955297579558e+01 1.914897064679853855e+01
1.959533253007418097e+01 1.940121401572956472e+01
1.980145901434053002e+01 1.953970015633759161e+01
2.000064800972403134e+01 1.966724761308171310e+01
2.018608606637958047e+01 1.987549129496591149e+01
2.036791215688703005e+01 2.001636316235910940e+01
