0.000000000000000000e+00 0.000000000000000000e+00
0.000000000000000000e+00 0.000000000000000000e+00
0.000000000000000000e+00 0.000000000000000000e+00
0.000000000000000000e+00 0.000000000000000000e+00
0.000000000000000000e+00 0.000000000000000000e+00
0.000000000000000000e+00 0.000000000000000000e+00
0.000000000000000000e+00 0.000000000000000000e+00
0.000000000000000000e+00 0.000000000000000000e+00
0.000000000000000000e+00 0.000000000000000000e+00
0.000000000000000000e+00 0.000000000000000000e+00
4.936147126538418389e-02 1.916801791348062611e+00
1.040131966790654172e-01 -2.779890468927194783e-02
1.302691987035831112e-01 0.000000000000000000e+00
0.000000000000000000e+00 4.135151795158055421e+00
2.372238179151195503e+00 5.646734713691558660e+00
4.851520841285132057e+00 5.762871365924024047e+00
5.812282951721839730e+00 5.812348977721048193e+00
5.880515412827151067e+00 5.881257747446977824e+00
5.953154508662001021e+00 5.942689763051324014e+00
6.080085421949747548e+00 6.111766872091402014e+00
6.139520133289841475e+00 6.220659547949802359e+00
6.290752492071323587e+00 6.484150606115805182e+00
6.468501251787462714e+00 6.668514067397995682e+00
6.679948560859474860e+00 6.875030402563440113e+00
6.876081284745816369e+00 7.020353051645455089e+00
7.024495190800753797e+00 7.166437530220413521e+00
7.172983041765051304e+00 7.346052759236309626e+00
7.381699034385042602e+00 7.521553262196543521e+00
7.532307090815668182e+00 7.692100447207402603e+00
7.679081425383103010e+00 7.829500050248331178e+00
7.838996715124402215e+00 7.983769720311994611e+00
8.001097112627869379e+00 8.124544468451466273e+00
8.144372792458764110e+00 8.252813170533960019e+00
8.398288888674469987e+00 8.312462437498250978e+00
8.469502533923764176e+00 8.554469005460623166e+00
8.699614654134448344e+00 8.611453776442344221e+00
8.845971173504366902e+00 8.773109043134946106e+00
9.001984286053632545e+00 8.910085499153776567e+00
9.153159472572458100e+00 9.073639634140013399e+00
9.304158613500215225e+00 9.241363404705268181e+00
9.454119174939146220e+00 9.399298611116025270e+00
9.619722003424532986e+00 9.563505716633857290e+00
9.779791061659805607e+00 9.726674216049156385e+00
9.947615549363085563e+00 9.896726900705202112e+00
1.010749746231646817e+01 1.006736998477446221e+01
1.026195312209585531e+01 1.021545364867283290e+01
1.043151923800689218e+01 1.039992445615440708e+01
1.060131517287775615e+01 1.052407756499763991e+01
1.076714188273664341e+01 1.068891365947335537e+01
1.093096725879994757e+01 1.089930502076082952e+01
1.110025840395946339e+01 1.106497575716690918e+01
1.128206307765010941e+01 1.123717640968629894e+01
1.145384828285920342e+01 1.143688060410720375e+01
1.162636196955333290e+01 1.158924500277074721e+01
1.181368410172920846e+01 1.176836829502787296e+01
1.199228237483105630e+01 1.190163416489782833e+01
1.216715960566738808e+01 1.214547159048796665e+01
1.233499043525543826e+01 1.231259390326720471e+01
1.252533554884351652e+01 1.241416961493472115e+01
1.269544453183682364e+01 1.258473974146387420e+01
1.288153741276374831e+01 1.278743249103822244e+01
1.307853189898743729e+01 1.296692803221330514e+01
1.326162466176471533e+01 1.309903933038819090e+01
1.344183582155364576e+01 1.327279915212887751e+01
1.363549401900582581e+01 1.348094197537820449e+01
1.381927435404053206e+01 1.363916591128164946e+01
1.400320618478055579e+01 1.381240141401551469e+01
1.418050642202122091e+01 1.402686070448309152e+01
1.436690934236465544e+01 1.420771760528840844e+01
1.455332812759694860e+01 1.433697020162444780e+01
1.472777882688031781e+01 1.455507228695487321e+01
1.491267868574245092e+01 1.473710583547443065e+01
1.510432003137135837e+01 1.489956266868657053e+01
1.530365937383475838e+01 1.504148210212194670e+01
1.547910024849809929e+01 1.527068890021624270e+01
1.566477754428168900e+01 1.545626905848949129e+01
1.585494329347734954e+01 1.555712979267190832e+01
1.605755817859033030e+01 1.584679768546343404e+01
1.623733662809640421e+01 1.596524320623892024e+01
1.642026527025798543e+01 1.617282606567107095e+01
1.661038134979222036e+01 1.630278278348882637e+01
1.679722739716391899e+01 1.650318915510286288e+01
1.699395288711397001e+01 1.670984665302699312e+01
1.717612476515070696e+01 1.698329907561187824e+01
1.735365042458001028e+01 1.714820290625848642e+01
1.755867172160437661e+01 1.726311489963028123e+01
1.772793266890629127e+01 1.745166100674138576e+01
1.793364570532128255e+01 1.760281582465199790e+01
1.811828203751471378e+01 1.790359284440656040e+01
1.830331774028660874e+01 1.804640031092270291e+01
1.850417820338255481e+01 1.824055940988701607e+01
1.868199622159983164e+01 1.839216158971461823e+01
1.887517192031447166e+01 1.856369718692004867e+01
1.906445577813746795e+01 1.869287579408523570e+01
1.924692132044219761e+01 1.889264440092004804e+01
1.944296896979745881e+01 1.917071658581075866e+01
1.963108907134713732e+01 1.930611052640406911e+01
1.981527939210634770e+01 1.952156157608828124e+01
2.002523948231931428e+01 1.973636257369092561e+01
2.019571424753146971e+01 1.982511792194388889e+01
2.038539331711212199e+01 2.009680463192233191e+01
