0.000000000000000000e+00 0.000000000000000000e+00
0.000000000000000000e+00 0.000000000000000000e+00
0.000000000000000000e+00 0.000000000000000000e+00
0.000000000000000000e+00 0.000000000000000000e+00
0.000000000000000000e+00 0.000000000000000000e+00
0.000000000000000000e+00 0.000000000000000000e+00
2.805621197823818594e-02 -3.078829599002343154e-02
4.698975763097087456e-03 0.000000000000000000e+00
5.482138390279936088e-03 0.000000000000000000e+00
2.571653051152247155e-02 0.000000000000000000e+00
1.291200317988568380e-01 0.000000000000000000e+00
3.160535120901254713e-02 0.000000000000000000e+00
2.592170780249476031e-02 0.000000000000000000e+00
0.000000000000000000e+00 0.000000000000000000e+00
9.397951526194174912e-03 0.000000000000000000e+00
0.000000000000000000e+00 0.000000000000000000e+00
2.251352889449993386e-02 0.000000000000000000e+00
1.253060203492556597e-02 0.000000000000000000e+00
0.000000000000000000e+00 0.000000000000000000e+00
8.161945258036545914e-02 0.000000000000000000e+00
1.488008991647411100e-02 0.000000000000000000e+00
9.258318435444877481e-02 6.436002560618854673e+00
0.000000000000000000e+00 3.409790590073974670e+00
2.789285780906554546e+00 1.404045371560720679e-01
3.303357762446366142e-01 6.165625618520756746e+00
1.233644568229712135e+00 7.418708151930346162e+00
6.732131193905644295e+00 7.569058272678267585e+00
7.539142357589833310e+00 7.731852161066898432e+00
7.685767428244992594e+00 7.867922337839494240e+00
7.843824413408315266e+00 7.998145109909756911e+00
8.121458470402536989e+00 8.020803961460268638e+00
8.245358204042389616e+00 8.129290140731658454e+00
8.316183608073785649e+00 8.407916754948931981e+00
8.535912892286788178e+00 8.495032598670471558e+00
8.658902239365918518e+00 8.705800367938609341e+00
8.831452684128178632e+00 8.797010928990735223e+00
8.978404662533169045e+00 8.951564944590021611e+00
9.095570808221681958e+00 9.154807162626500627e+00
9.297809343433367957e+00 9.255759216978287185e+00
9.438582878162034007e+00 9.402936219010468832e+00
9.597848477462125771e+00 9.552606757129899151e+00
9.753848764803336735e+00 9.714192847701125899e+00
9.910488235713559746e+00 9.861734948252669497e+00
1.007671620588742734e+01 9.996892238058130431e+00
1.024317894949479246e+01 1.018250802962101531e+01
1.040452819870270496e+01 1.034180900547113957e+01
1.056752956264366716e+01 1.052210616253872288e+01
1.072486348081032759e+01 1.064453289609368269e+01
1.089929026499237708e+01 1.075449359151122231e+01
1.106353523542144224e+01 1.096167537308443229e+01
1.123659203501563830e+01 1.112836333439937775e+01
1.141281492492667127e+01 1.128044365349225764e+01
1.157848108571866774e+01 1.145915389715118593e+01
1.175425087845007077e+01 1.161691242106444655e+01
1.192366970004686699e+01 1.174393125003266469e+01
1.209570912718962532e+01 1.194459861311325533e+01
1.227663260528476741e+01 1.206944866151936147e+01
1.245131821345396972e+01 1.228285199525957871e+01
1.263100904679543035e+01 1.237588366124458439e+01
1.280576455610389530e+01 1.267131054242847910e+01
1.297775494583480338e+01 1.285308567564853632e+01
1.315046472960363566e+01 1.298453390566935717e+01
1.334448228706984452e+01 1.311220713912433311e+01
1.351986984916579537e+01 1.333176160266487464e+01
1.369710204320711355e+01 1.343517788083040543e+01
1.387400746049464217e+01 1.368305965010261005e+01
1.406853154741830636e+01 1.382956769322580293e+01
1.424113193220307316e+01 1.400208617634807773e+01
1.441645010817411432e+01 1.418004087009869529e+01
1.458479332567632802e+01 1.423065807769174995e+01
1.479257058872175712e+01 1.450646918172613908e+01
1.496165814907298675e+01 1.469576672590764232e+01
1.514369455251036278e+01 1.487120058254071964e+01
1.532365759555317020e+01 1.505538415154042653e+01
1.551616525727982143e+01 1.518106234744506722e+01
1.570759364521615709e+01 1.539162170625476200e+01
1.588443424506477442e+01 1.551883929969413956e+01
1.606886751249543011e+01 1.573191246639152041e+01
1.624298960343329767e+01 1.597536108121837017e+01
1.643027133173462673e+01 1.609401763266370367e+01
1.660924416573617535e+01 1.627403058457601759e+01
1.679754563246864407e+01 1.645249933286937249e+01
1.697338940342878288e+01 1.654110850255219844e+01
1.716503727697817183e+01 1.677204921929707737e+01
1.735300951605790587e+01 1.694856379907757926e+01
1.753989544439164305e+01 1.720481120894048743e+01
1.771671751648445436e+01 1.729800636655046020e+01
1.791265989003736792e+01 1.759116598149236310e+01
1.811130157187281142e+01 1.764097087692985966e+01
1.830806173938316306e+01 1.774705480216271525e+01
1.848334382018931521e+01 1.797682985756373597e+01
1.867411638554296260e+01 1.833677376319522523e+01
1.888119228161043139e+01 1.846501446246135103e+01
1.906800826162052331e+01 1.869878362812168149e+01
1.924787022408548864e+01 1.882448492908173776e+01
1.944485160349464081e+01 1.887673089711347529e+01
1.962480259813737149e+01 1.920054792931025744e+01
1.980814473245830953e+01 1.928715345889443711e+01
1.999644015423182353e+01 1.952152980949888317e+01
2.018458716834534883e+01 1.965950090736834710e+01
2.037333417038065519e+01 1.986286564537118693e+01
