0.000000000000000000e+00 0.000000000000000000e+00
0.000000000000000000e+00 0.000000000000000000e+00
0.000000000000000000e+00 0.000000000000000000e+00
0.000000000000000000e+00 0.000000000000000000e+00
0.000000000000000000e+00 0.000000000000000000e+00
0.000000000000000000e+00 0.000000000000000000e+00
0.000000000000000000e+00 0.000000000000000000e+00
0.000000000000000000e+00 0.000000000000000000e+00
0.000000000000000000e+00 0.000000000000000000e+00
0.000000000000000000e+00 0.000000000000000000e+00
0.000000000000000000e+00 0.000000000000000000e+00
0.000000000000000000e+00 0.000000000000000000e+00
8.254413203402022337e-02 -3.938220310944156449e-02
2.767395568108901860e-02 0.000000000000000000e+00
6.209355268350055107e-02 1.664220289943294739e+00
2.076782884515604166e-01 -2.504329456305015231e-02
2.250112142192701170e-01 1.400208915548682986e+00
2.435325302748087006e-01 0.000000000000000000e+00
1.309968419049576949e-01 6.597140190853007624e+00
5.699066035830483656e+00 5.203303934947816956e+00
5.433672342790581311e+00 1.875098776874154494e-01
5.720253035948370979e+00 6.733983050927931480e+00
6.745476222220746720e+00 6.757936548112519759e+00
6.943780453650808759e+00 7.087409892702612346e+00
7.028336868704041507e+00 7.166489450391039462e+00
7.238859605612395498e+00 7.289888384472151373e+00
7.394698646209779902e+00 7.368865923816582786e+00
7.538341899207860131e+00 7.596146448620438640e+00
7.688022223379913811e+00 7.671269474951944112e+00
7.816196147057006272e+00 7.901461348694393649e+00
8.001729738817241255e+00 7.953769847261342285e+00
8.097510176600108522e+00 8.210848680978442005e+00
8.248320030623302657e+00 8.352746364621118857e+00
8.408637552280264771e+00 8.502956673163595269e+00
8.580430119234888409e+00 8.647161615028062798e+00
8.796934257079193742e+00 8.743061445721167502e+00
8.935354140503521947e+00 8.871179558287369815e+00
9.080238904847693249e+00 9.005108090239238194e+00
9.235434013232962869e+00 9.173510778710493696e+00
9.386771051494028129e+00 9.300262534124700053e+00
9.539808332202557750e+00 9.473579083769134712e+00
9.630812168247754101e+00 9.688484089778087949e+00
9.858019591104104862e+00 9.778116855986192846e+00
1.002612501665802824e+01 9.958755275497919612e+00
1.018582277889067811e+01 1.009381793758027968e+01
1.033365142683516247e+01 1.027611580788707890e+01
1.049826101517784949e+01 1.045022798227906868e+01
1.065788777728326764e+01 1.060807031582785953e+01
1.082822736182996515e+01 1.075554990532067734e+01
1.100826675091836293e+01 1.093300931634711226e+01
1.117939975006074604e+01 1.112863286534296314e+01
1.135857347739215761e+01 1.125798586937045975e+01
1.152856444549554915e+01 1.147261065032410521e+01
1.169746594594395717e+01 1.162598164142758250e+01
1.186592147014548715e+01 1.179921811206727433e+01
1.203864261240702227e+01 1.195626448420206245e+01
1.221532309376635972e+01 1.211260048482038343e+01
1.238802928542580162e+01 1.231854260375517285e+01
1.257199326262661643e+01 1.253807186434118393e+01
1.275119466415042879e+01 1.269953616502699134e+01
1.292329259371554251e+01 1.282878092398182268e+01
1.311170440619974187e+01 1.303734747274040195e+01
1.328194086480457337e+01 1.323504481071441674e+01
1.346123727565084849e+01 1.335654053287818499e+01
1.363579281656140729e+01 1.348045065869201942e+01
1.381667778739579511e+01 1.370148943155876431e+01
1.400268491064278642e+01 1.389097729132028647e+01
1.419569880808550089e+01 1.404584022777041241e+01
1.436039776569987581e+01 1.424391607594764686e+01
1.454846945621843268e+01 1.447072694390459624e+01
1.474130556446816698e+01 1.461328007027371534e+01
1.492426623514516670e+01 1.478482745725803760e+01
1.511461836640065215e+01 1.495614008889199020e+01
1.530314251840511375e+01 1.513129860355035916e+01
1.549154019639163060e+01 1.530813427782242009e+01
1.568067297738817878e+01 1.549995662686593967e+01
1.587900390424127828e+01 1.567254151212804381e+01
1.604667793732145853e+01 1.588366564434844896e+01
1.624272360401502979e+01 1.602003240135633533e+01
1.643454998101898212e+01 1.624796901951864214e+01
1.661635659289404643e+01 1.634822139738136215e+01
1.681687801298750173e+01 1.661331924129726545e+01
1.699980061534595777e+01 1.676848138837015512e+01
1.719037538674893284e+01 1.694563213655167289e+01
1.737757018423273436e+01 1.713223299664194599e+01
1.757404831557646929e+01 1.730502080103979523e+01
1.777127277231424785e+01 1.757035005244308579e+01
1.795948019693726039e+01 1.760348243825498571e+01
1.814850681922782982e+01 1.786166828682506846e+01
1.832888822371057103e+01 1.803741460727616541e+01
1.851937215386798030e+01 1.828863346845854920e+01
1.871183715192074359e+01 1.840453724905302479e+01
1.890716592143391850e+01 1.855558103371005174e+01
1.908245563842244863e+01 1.868721314154349145e+01
1.927414874891886498e+01 1.891670362250377835e+01
1.947044037576985787e+01 1.916983675234402185e+01
1.966248759866361695e+01 1.934591321211290449e+01
1.984648741237990066e+01 1.940185208818287776e+01
2.004162237359377130e+01 1.964517512446520087e+01
2.021206525031005086e+01 1.979554320986028415e+01
2.041009378667561336e+01 1.998529946122837941e+01
