0.000000000000000000e+00 0.000000000000000000e+00
0.000000000000000000e+00 0.000000000000000000e+00
0.000000000000000000e+00 0.000000000000000000e+00
0.000000000000000000e+00 0.000000000000000000e+00
0.000000000000000000e+00 0.000000000000000000e+00
0.000000000000000000e+00 0.000000000000000000e+00
0.000000000000000000e+00 0.000000000000000000e+00
0.000000000000000000e+00 0.000000000000000000e+00
0.000000000000000000e+00 0.000000000000000000e+00
0.000000000000000000e+00 0.000000000000000000e+00
0.000000000000000000e+00 0.000000000000000000e+00
0.000000000000000000e+00 0.000000000000000000e+00
0.000000000000000000e+00 0.000000000000000000e+00
4.964889077794899103e-02 4.142224984791496589e-01
2.536863023094805270e-01 0.000000000000000000e+00
1.300881212944205334e+00 5.110313076631781470e+00
4.284538973510645832e+00 5.653209646751649053e+00
5.598152123511411560e+00 6.112641912800220290e+00
6.157881621826683194e+00 6.165181383663248305e+00
6.283158831846860082e+00 6.312610853924802257e+00
6.357362107799334972e+00 6.369308829644952041e+00
6.485605261279816069e+00 6.485499498189142287e+00
6.627698530188678383e+00 6.681884927179781108e+00
6.713214253807002763e+00 6.729767202658150538e+00
6.842106260728436418e+00 6.911099053156506855e+00
7.024077910755807785e+00 7.005973396025125588e+00
7.145067550625786801e+00 7.294642168460547360e+00
7.291939384932942581e+00 7.503995919921098157e+00
7.473900563035824618e+00 7.685450229824864365e+00
7.652868119852989537e+00 7.865099290545187749e+00
7.799860625127746694e+00 8.013893868513738639e+00
8.048170385368557334e+00 8.173579713007788072e+00
8.302319548317479203e+00 8.197675513320428209e+00
8.336329367154869274e+00 8.463896705921177599e+00
8.513791594421881825e+00 8.600841130862827200e+00
8.748648830379451624e+00 8.659616283349786059e+00
8.808778646796278977e+00 8.923336840707177586e+00
8.977032257136302817e+00 9.069255807281285442e+00
9.131070423478009346e+00 9.224213155605401226e+00
9.380599014601481045e+00 9.277698187071546698e+00
9.528876286866172052e+00 9.458032617629875460e+00
9.687867014139136757e+00 9.613013488108608229e+00
9.844764815748501263e+00 9.769607198972314777e+00
1.000504943006474612e+01 9.918443506261022335e+00
1.016588057072873141e+01 1.008274644372293238e+01
1.032878226254270615e+01 1.028177668559953339e+01
1.049678309617794980e+01 1.040979835757156025e+01
1.066206598913768566e+01 1.057490677283969127e+01
1.082997659896910925e+01 1.071101642480461358e+01
1.099984300081379374e+01 1.088373810131313846e+01
1.117356944004106722e+01 1.107975766378601001e+01
1.134485712175228578e+01 1.123873023126336079e+01
1.152758086370349133e+01 1.142435584155719042e+01
1.170316186431079508e+01 1.155799416557229442e+01
1.189311353394259996e+01 1.173899165490284879e+01
1.205536465687629999e+01 1.192077257877895846e+01
1.223738592638684253e+01 1.210039139190361901e+01
1.241589559591965752e+01 1.230219289693659412e+01
1.259466215803363554e+01 1.247576125802428315e+01
1.277563338443186858e+01 1.261239951202750476e+01
1.294155475848056192e+01 1.282034135270952646e+01
1.312957994683273988e+01 1.299918244376364385e+01
1.330800781118779597e+01 1.312481341584675043e+01
1.347933836736713786e+01 1.332849677497074481e+01
1.365903838258882530e+01 1.348417554533553364e+01
1.384682853582297390e+01 1.364330352301893612e+01
1.402692065924122566e+01 1.376220037263555085e+01
1.420299979873854745e+01 1.402853007858963075e+01
1.438747782892720117e+01 1.422111104387093583e+01
1.456680001993246520e+01 1.439886296283627054e+01
1.474526282250465847e+01 1.456202389926172636e+01
1.493338854625378431e+01 1.464278132359379292e+01
1.511928321721670265e+01 1.491975185428636230e+01
1.529403169161214215e+01 1.509972139800205682e+01
1.547283416117111265e+01 1.526343167829170611e+01
1.566735236110582896e+01 1.548279131122095897e+01
1.584996364221770726e+01 1.564000410187712120e+01
1.603211428572987174e+01 1.579058924233729400e+01
1.622307323525108913e+01 1.601781342109460837e+01
1.640271045731017452e+01 1.615879236196074942e+01
1.658698742572292417e+01 1.631317710290904088e+01
1.678473992023078409e+01 1.656305023600929260e+01
1.696991019956604774e+01 1.676394947030249583e+01
1.715113617064229601e+01 1.689152855956286459e+01
1.733414823683008521e+01 1.702562032949055393e+01
1.753327341339656442e+01 1.732597477842141487e+01
1.771867669615449259e+01 1.750814331409760172e+01
1.789780325058407939e+01 1.764102635505570049e+01
1.808564234779992930e+01 1.783396626345134806e+01
1.828596868969113487e+01 1.804142158077734948e+01
1.846366732174664094e+01 1.828074942936028791e+01
1.866362872080760837e+01 1.834898039021213734e+01
1.885245156636479180e+01 1.858451739436226902e+01
1.905216305376742270e+01 1.874708868139173390e+01
1.923200598605669498e+01 1.896288532692993556e+01
1.944130900331510503e+01 1.909981020655290607e+01
1.963286331285284803e+01 1.938847202925352775e+01
1.981548441333646693e+01 1.949110883718659792e+01
2.001287147967341795e+01 1.969972321908205970e+01
2.018211228051481854e+01 1.984325066399292226e+01
2.037220805971250215e+01 2.002288374594658293e+01
