0.000000000000000000e+00 0.000000000000000000e+00
0.000000000000000000e+00 0.000000000000000000e+00
0.000000000000000000e+00 0.000000000000000000e+00
0.000000000000000000e+00 0.000000000000000000e+00
5.343851205104079016e-02 0.000000000000000000e+00
1.129119259482379289e-02 1.965207549982608132e-02
1.412211232315399856e-01 -4.541348377605291067e-04
3.454925298710168624e-01 8.299078813135045418e-02
3.299797178996819458e+00 3.911415833015607468e+00
4.232643651735310542e+00 4.228591020587093574e+00
4.276057720146516417e+00 4.283454454695156954e+00
4.335999793058334717e+00 4.327196479758868897e+00
4.399898333419108631e+00 4.414799539947127371e+00
4.442667968939023382e+00 4.496864008818946878e+00
4.556929166305719647e+00 4.673505177836935864e+00
4.716836078406261734e+00 4.854823722278838183e+00
4.858689610488032606e+00 5.145258733911013849e+00
5.010115992260137041e+00 5.359078463308217799e+00
5.301196770804296854e+00 5.564300081700336520e+00
5.500360940209829685e+00 5.788314300315491323e+00
5.736968451633360111e+00 5.979036926768924509e+00
5.976815519144969890e+00 6.195554436302593615e+00
6.190443444187983424e+00 6.356165374138982749e+00
6.406296848018143031e+00 6.527485756895297087e+00
6.587264975694549385e+00 6.682933670197966691e+00
6.745894954190582382e+00 6.839435740160070942e+00
6.945119630736968475e+00 7.002916023733885886e+00
7.095966817843933683e+00 7.158379077310002891e+00
7.270584557857357133e+00 7.317517509309646506e+00
7.413427401544819162e+00 7.475577317601556082e+00
7.611252406336800114e+00 7.563766694458414541e+00
7.705922290650469186e+00 7.790751239849438292e+00
7.871614437311646562e+00 7.957237372024232869e+00
8.046615180867943806e+00 8.125275176229735052e+00
8.207627047787079633e+00 8.277640939565056755e+00
8.431683228322041757e+00 8.381120421327107550e+00
8.517471902656534866e+00 8.595919468541573849e+00
8.743012049164001098e+00 8.678477430984399277e+00
8.834842200258618661e+00 8.916375489263163701e+00
9.070775717657044268e+00 8.969207428937998827e+00
9.135134094661509607e+00 9.237576589137132643e+00
9.405694025711516915e+00 9.273343840537565441e+00
9.568391432896540039e+00 9.433227923782860458e+00
9.737454934725764844e+00 9.622344838990006366e+00
9.910524236620009475e+00 9.754203762582507764e+00
9.935087376981394769e+00 1.009080224189694697e+01
1.013443228070487834e+01 1.027263628755142832e+01
1.043794799941576024e+01 1.027429354904740855e+01
1.061601146792186867e+01 1.045738286108027459e+01
1.079706951477561105e+01 1.059702046613289994e+01
1.096904282112456031e+01 1.074276904485319939e+01
1.114501655162599469e+01 1.096648609199350943e+01
1.132353997058885575e+01 1.107470836680009540e+01
1.150114065849105671e+01 1.126416060586459089e+01
1.168691337158990429e+01 1.149339634808433530e+01
1.165918071051076765e+01 1.183822881249990111e+01
1.203158139059110354e+01 1.183441323331986439e+01
1.200437903743459600e+01 1.219417848654902059e+01
1.238375117891082056e+01 1.221069316080526868e+01
1.255544136006225919e+01 1.233721678782999298e+01
1.256649398162108966e+01 1.270853973915533608e+01
1.290611923829752250e+01 1.264740961357334470e+01
1.308504269842013734e+01 1.297864651699012128e+01
1.308994970069945474e+01 1.321334139078804171e+01
1.343389839490170168e+01 1.327827519573079940e+01
1.359712579590770076e+01 1.345815617795948960e+01
1.379170767432327516e+01 1.365872432401415359e+01
1.385577499193373185e+01 1.393447893289107675e+01
1.414543068238661050e+01 1.399712204690213113e+01
1.432844869690299383e+01 1.413438332591940316e+01
1.450613947031399853e+01 1.433858377069486068e+01
1.469780297022789384e+01 1.448533766493870267e+01
1.488726481162499482e+01 1.470343804315302627e+01
1.508007458437808346e+01 1.491133992602393654e+01
1.504381666378566251e+01 1.519762220635538874e+01
1.543415131070279678e+01 1.528132729757485109e+01
1.561534039034887478e+01 1.538557592991581657e+01
1.580380540313075421e+01 1.560542134599595876e+01
1.598345053315563113e+01 1.580640179787921085e+01
1.617952122603212572e+01 1.589649351856139781e+01
1.636102687794317134e+01 1.619785984388677846e+01
1.656224593128108680e+01 1.639549600691462672e+01
1.674922166353551134e+01 1.652910427032011498e+01
1.693999122886024367e+01 1.671404564636965517e+01
1.712783238562854393e+01 1.692013723560281235e+01
1.732283086426099672e+01 1.709329784444665279e+01
1.750495426126160936e+01 1.727091878183069085e+01
1.768746792910211596e+01 1.749485269011856658e+01
1.787842366714270170e+01 1.761038369903094747e+01
1.806837534421348224e+01 1.782457604432780585e+01
1.826635058331830308e+01 1.796321552570951496e+01
1.845619796117417977e+01 1.824105205022440401e+01
1.864626156665392998e+01 1.845346889224395426e+01
1.884129774850639905e+01 1.862423806686847172e+01
1.903656874168855495e+01 1.875109824102023026e+01
1.921052840586629884e+01 1.890960633739372199e+01
1.940677482609609683e+01 1.915309278521575109e+01
1.960331231277695352e+01 1.932269122619005941e+01
1.979460490375068105e+01 1.955862215948927840e+01
2.001585711551549807e+01 1.971138111623493216e+01
2.019104644896159684e+01 2.001152214617834346e+01
