0.000000000000000000e+00 0.000000000000000000e+00
0.000000000000000000e+00 0.000000000000000000e+00
0.000000000000000000e+00 0.000000000000000000e+00
0.000000000000000000e+00 0.000000000000000000e+00
0.000000000000000000e+00 0.000000000000000000e+00
0.000000000000000000e+00 0.000000000000000000e+00
0.000000000000000000e+00 0.000000000000000000e+00
0.000000000000000000e+00 0.000000000000000000e+00
0.000000000000000000e+00 0.000000000000000000e+00
0.000000000000000000e+00 0.000000000000000000e+00
0.000000000000000000e+00 0.000000000000000000e+00
0.000000000000000000e+00 0.000000000000000000e+00
0.000000000000000000e+00 0.000000000000000000e+00
4.154572452332446764e-01 0.000000000000000000e+00
0.000000000000000000e+00 0.000000000000000000e+00
0.000000000000000000e+00 0.000000000000000000e+00
1.539527527823197905e-01 2.976462198060346953e+00
1.254153384402002080e+00 4.727480791970006813e+00
2.839051408227718287e+00 0.000000000000000000e+00
3.382551210140292142e+00 6.032984255219863812e+00
5.660990295002310546e+00 6.543977435385763819e+00
6.491432682344896676e+00 6.708379164543210038e+00
6.739773586075785694e+00 6.895837986877318748e+00
6.959545537816269167e+00 6.830733802727353421e+00
6.928733924998160099e+00 7.199557566902861971e+00
7.224608376755045747e+00 7.318906862380953449e+00
7.346593328872901729e+00 7.448053706150627562e+00
7.555036737097774235e+00 7.524965300962726644e+00
7.657307010808693803e+00 7.742928477768348472e+00
7.821533420789533508e+00 7.889426160717352587e+00
8.001832234209437900e+00 7.936961406889031068e+00
8.100331418256248028e+00 8.173118351670368043e+00
8.249818920396805311e+00 8.322508601338256540e+00
8.449840501124759484e+00 8.389578153945045358e+00
8.551752157179377534e+00 8.605643068004765084e+00
8.716135889269141401e+00 8.757338137273659839e+00
8.897218392696828460e+00 8.861473117371817310e+00
9.050517679840774932e+00 9.013466083838050480e+00
9.209461245039427979e+00 9.167664820608605325e+00
9.366320963755509155e+00 9.308762095513319679e+00
9.524130665428220510e+00 9.450580859447448745e+00
9.678243723141282118e+00 9.617875651171253537e+00
9.848898540015937897e+00 9.774377834338739746e+00
1.000201288099423991e+01 9.941572187249185788e+00
1.016456459711189986e+01 1.010014028713462153e+01
1.033852001225861628e+01 1.025639029188946338e+01
1.049334165143918440e+01 1.040541670628708282e+01
1.066080804133583371e+01 1.058799397626937200e+01
1.083109957473504359e+01 1.075532647098244787e+01
1.100571990441986081e+01 1.092633605935161967e+01
1.117867970423623625e+01 1.111352140416996193e+01
1.134850981705792350e+01 1.128259258918576613e+01
1.151330812062299103e+01 1.145439845862538064e+01
1.169381487970148292e+01 1.161593252678342658e+01
1.186810460108929455e+01 1.175232100474769936e+01
1.204077908900110039e+01 1.196046133438719217e+01
1.221017852295659623e+01 1.214330840790136534e+01
1.238672157363877524e+01 1.230030279088897949e+01
1.257125185366802711e+01 1.246581326318012373e+01
1.274384023031279334e+01 1.266507592981076868e+01
1.291883498630170024e+01 1.282829721372163867e+01
1.309897036992069275e+01 1.301871754248010049e+01
1.327482217743453141e+01 1.320583750264529854e+01
1.344447824191709273e+01 1.337527584142288006e+01
1.363442735371310377e+01 1.357961405669730581e+01
1.381370253261049896e+01 1.374127055783130835e+01
1.398237082695257705e+01 1.382140007046492158e+01
1.418096883227714144e+01 1.401721626588234670e+01
1.435755578045757730e+01 1.425121204416527831e+01
1.454078683789692583e+01 1.445896020994090492e+01
1.472187528758392361e+01 1.461621435858145368e+01
1.490946526356991164e+01 1.486864813185897383e+01
1.508350585665440313e+01 1.492673382418612427e+01
1.527462123511006986e+01 1.518026779504452684e+01
1.546532150881036571e+01 1.534727955148271406e+01
1.563853605612740516e+01 1.544661578272591385e+01
1.583055825429224939e+01 1.579063079203977438e+01
1.602704948572706911e+01 1.595606751012327074e+01
1.621760917373019950e+01 1.602830203596782255e+01
1.640680708285301748e+01 1.618086777518345443e+01
1.659083480941291455e+01 1.647197378242390542e+01
1.677569298790688279e+01 1.664211896012733405e+01
1.696116279222989220e+01 1.675875375378154786e+01
1.715746517396239312e+01 1.697700921853062894e+01
1.733893201592075428e+01 1.714699303426038668e+01
1.753721908066750501e+01 1.732725698133567604e+01
1.771824606563642845e+01 1.754901019776913529e+01
1.791537365983234764e+01 1.763013561370641469e+01
1.810385754015886306e+01 1.780295300672356973e+01
1.829744303982265308e+01 1.800706311920776770e+01
1.849289603442787211e+01 1.827701994554149678e+01
1.868212412875189088e+01 1.842247116874807134e+01
1.888379683495672268e+01 1.866952395867122405e+01
1.907100105969040982e+01 1.881827291323991957e+01
1.927011490024302631e+01 1.894950557019814852e+01
1.946427288778597031e+01 1.908186446038882877e+01
1.964946612031266682e+01 1.929156983465115971e+01
1.984499015525126353e+01 1.955128535311124338e+01
2.002943684856110806e+01 1.963539149400122241e+01
2.023995391360498530e+01 1.991900957648883264e+01
2.042066383431056309e+01 2.016279327030237667e+01
