0.000000000000000000e+00 0.000000000000000000e+00
0.000000000000000000e+00 0.000000000000000000e+00
0.000000000000000000e+00 0.000000000000000000e+00
0.000000000000000000e+00 0.000000000000000000e+00
0.000000000000000000e+00 0.000000000000000000e+00
0.000000000000000000e+00 0.000000000000000000e+00
0.000000000000000000e+00 0.000000000000000000e+00
0.000000000000000000e+00 0.000000000000000000e+00
0.000000000000000000e+00 0.000000000000000000e+00
0.000000000000000000e+00 0.000000000000000000e+00
0.000000000000000000e+00 0.000000000000000000e+00
0.000000000000000000e+00 0.000000000000000000e+00
0.000000000000000000e+00 0.000000000000000000e+00
0.000000000000000000e+00 0.000000000000000000e+00
0.000000000000000000e+00 0.000000000000000000e+00
0.000000000000000000e+00 0.000000000000000000e+00
0.000000000000000000e+00 0.000000000000000000e+00
0.000000000000000000e+00 0.000000000000000000e+00
0.000000000000000000e+00 0.000000000000000000e+00
0.000000000000000000e+00 2.802068655133248765e+00
2.559285172496261196e-01 2.216508571114507442e-02
2.220907225547916752e-01 3.889009176040366889e+00
3.612683131280387538e+00 6.537296029745129466e+00
3.215577568199060821e+00 7.061510005669041412e+00
6.693365961318094470e+00 7.143226095694338973e+00
7.199005638634316639e+00 7.331172234212921524e+00
7.371527388901567335e+00 7.458250376972162421e+00
7.539986705420701263e+00 7.528231137605424728e+00
7.606894148214365714e+00 7.774764844708981215e+00
7.814387915716292987e+00 7.939118891670319478e+00
8.044439660558337479e+00 7.986064410620323351e+00
8.117704827719387950e+00 8.228627365628785384e+00
8.272175377423595322e+00 8.365937547647719796e+00
8.447511856022108745e+00 8.505014109997190985e+00
8.646358067029796146e+00 8.608763034177240314e+00
8.784502833314345338e+00 8.749332740355850291e+00
8.942323064872281790e+00 8.893291564458820631e+00
9.085898510138873618e+00 9.022642588211322590e+00
9.237498986624531838e+00 9.154721969680894134e+00
9.385439626498232712e+00 9.320879339854135637e+00
9.550265911954653575e+00 9.453718592862209391e+00
9.697145560100603134e+00 9.617445617231126676e+00
9.859483922910200704e+00 9.782357917795589941e+00
1.002229833819697191e+01 9.933306394769275016e+00
1.018086075760589537e+01 1.011006684935229494e+01
1.034987424421032642e+01 1.028392308971158897e+01
1.051279144914728292e+01 1.044316617017038240e+01
1.068541341429783209e+01 1.057640776803355820e+01
1.084602278947424914e+01 1.077691369764311347e+01
1.100949477688490319e+01 1.088356691916480479e+01
1.117401458367225686e+01 1.112698798090926822e+01
1.134828412241198414e+01 1.129129272614101254e+01
1.151642263316396253e+01 1.144080052508697776e+01
1.168411551215052313e+01 1.162706616638501167e+01
1.184661958041906971e+01 1.175064843331105457e+01
1.202860839147841787e+01 1.192483663531494287e+01
1.220188735293353410e+01 1.207406764528281684e+01
1.238973846490084973e+01 1.226263089131625605e+01
1.256211068399168340e+01 1.249966797607008395e+01
1.273867937386985538e+01 1.262906394401463928e+01
1.292322828738604557e+01 1.280281907094827787e+01
1.311821805127663509e+01 1.294324901543927986e+01
1.328946699491150518e+01 1.315319576801111445e+01
1.348320882569305112e+01 1.330949015118966194e+01
1.366405797150014756e+01 1.353699552911279191e+01
1.385388223031909050e+01 1.370436217528065903e+01
1.402500113204447985e+01 1.389181182644924384e+01
1.420935231688622480e+01 1.406216019742498347e+01
1.439017719566032660e+01 1.423451084507944309e+01
1.457116095270267309e+01 1.435003533940145637e+01
1.477110612880976959e+01 1.460625042298190479e+01
1.495495168207805925e+01 1.471626589412956321e+01
1.514335984340382701e+01 1.493470616316880850e+01
1.532142712315202004e+01 1.509980246068503185e+01
1.552118782441061029e+01 1.526485342163608827e+01
1.570344504927858154e+01 1.548286491575422197e+01
1.589423989740023657e+01 1.562230823274123637e+01
1.607823979520210855e+01 1.580469877765518483e+01
1.628234513597534772e+01 1.602108903348191760e+01
1.645575338237687291e+01 1.614133836775389241e+01
1.664484863990042385e+01 1.635346908267798227e+01
1.682578774299721402e+01 1.659252939598190579e+01
1.700078944268760495e+01 1.681741800336321191e+01
1.719833886357610453e+01 1.686419536879632375e+01
1.738774757778499236e+01 1.696603018721661016e+01
1.756637043541875443e+01 1.726623678470833312e+01
1.776888412521459770e+01 1.742840563626185357e+01
1.794164569667741560e+01 1.753287679849185920e+01
1.812916987415746917e+01 1.772898104836016131e+01
1.832043805948535464e+01 1.793383169617823825e+01
1.848298421912176792e+01 1.815073073917919899e+01
1.867287355911526703e+01 1.835157968061116662e+01
1.885021269461653759e+01 1.852145772857892680e+01
1.902042609036217868e+01 1.865293046134842925e+01
1.922481718309629528e+01 1.883361206020432022e+01
1.941681310529649807e+01 1.901688710790110903e+01
1.959934988769683173e+01 1.928615758433750571e+01
1.978105286444226962e+01 1.947456267542995789e+01
1.999823410812302171e+01 1.957916741335363042e+01
2.016446800366020753e+01 1.977507512245081855e+01
2.035467316295412843e+01 2.006419440671601251e+01
