0.000000000000000000e+00 0.000000000000000000e+00
0.000000000000000000e+00 0.000000000000000000e+00
0.000000000000000000e+00 0.000000000000000000e+00
0.000000000000000000e+00 0.000000000000000000e+00
0.000000000000000000e+00 0.000000000000000000e+00
0.000000000000000000e+00 1.456584793157815645e-02
1.277879566446747384e-01 5.232059703794799077e+01
1.309043128901228592e-01 -2.784622422176950135e-02
7.030559191693085130e-02 9.957898817575043804e-01
7.594755922857943631e+01 8.707321298530101217e+01
2.424757369471558093e+02 2.605574267421143873e+02
3.267164819757587111e+02 4.544634591536213293e+02
4.251438026171178421e+02 5.307774770643920874e+02
5.145385629684308242e+02 5.776181930821066999e+02
5.734944815297129708e+02 6.004393933671594823e+02
5.903389510598301513e+02 6.352823849533542671e+02
6.201834283060957205e+02 6.697099028802095972e+02
6.487164932152213623e+02 6.960359374657110720e+02
6.643926229636909966e+02 7.163506361145567780e+02
6.891734224597931870e+02 7.325387133884943296e+02
7.077699511913514243e+02 7.424763119424563911e+02
7.231181561845544365e+02 7.500587528732370401e+02
7.314827377314236401e+02 7.559382446422677049e+02
7.407374899584327750e+02 7.600298762809334221e+02
7.454621574387828105e+02 7.634800080136717497e+02
7.511481134847431349e+02 7.663017429677516930e+02
7.555322517496033470e+02 7.685139241245184394e+02
7.585754059526557285e+02 7.702457616444587529e+02
7.617275643433370078e+02 7.718069139405038186e+02
7.631352682824142448e+02 7.731102212927353321e+02
7.653386081545527304e+02 7.742263123822757507e+02
7.665723450783209501e+02 7.752540019349017939e+02
7.674492218145725246e+02 7.761770712142564435e+02
7.687296844026535609e+02 7.769654304689358923e+02
7.693693326222783071e+02 7.777105001966704094e+02
7.699268317554661962e+02 7.783505774764488478e+02
7.700091652649726939e+02 7.788982465440662963e+02
7.696898279541454713e+02 7.793556559437827218e+02
7.795900293568988673e+02 7.689758274368194861e+02
7.677690687669592080e+02 7.800028073069789798e+02
7.686125142235533758e+02 7.803167921513474994e+02
7.805248844951607907e+02 7.671873810285634363e+02
7.656139272799500759e+02 7.808036885464881607e+02
7.810120713583875158e+02 7.672193106659389059e+02
7.811589315583104280e+02 7.648592931982883556e+02
7.813105591399041714e+02 7.646447196789742975e+02
7.814767141100197705e+02 7.637637280974061014e+02
7.816285848978735658e+02 7.629315208414263907e+02
7.818003476438732378e+02 7.643895387783460365e+02
7.819528519701892719e+02 7.631237886332896778e+02
7.820974062125395676e+02 7.636811132646795386e+02
7.822347097797992319e+02 7.643204152572419616e+02
7.823927181074906230e+02 7.636134450639963234e+02
7.643217330501348670e+02 7.825984456191021081e+02
7.649890225010723270e+02 7.827953282696990982e+02
7.829837299025970196e+02 7.643272899375245970e+02
7.830977526701047964e+02 7.614041138016177683e+02
7.832346869149683926e+02 7.647323183473087056e+02
7.833609969004525055e+02 7.647873583040076255e+02
7.834772718814635937e+02 7.626162628963477346e+02
7.836082003846645421e+02 7.645769402009965461e+02
7.837680851889437008e+02 7.655941058290977708e+02
7.640135053419714950e+02 7.838730027682734089e+02
7.840587376652212015e+02 7.658460565216447549e+02
7.841603404355756766e+02 7.619887037189761259e+02
7.843240001433466659e+02 7.612413179951691973e+02
7.642096034595193714e+02 7.844555709515121862e+02
7.645834237471163988e+02 7.846390861998009996e+02
7.683491613866451644e+02 7.847764776710841943e+02
7.849814120447568939e+02 7.641073629690708913e+02
7.681876528881840613e+02 7.850692639247650959e+02
7.635745827495644562e+02 7.852327388696456865e+02
7.854054364012584983e+02 7.635781536540916932e+02
7.855593784312183061e+02 7.624680424721129839e+02
7.642888730737694232e+02 7.856806772214373495e+02
7.859114108488506645e+02 7.653780360695932359e+02
7.666301206854825523e+02 7.860078799747170706e+02
7.862211523415634247e+02 7.656187251112611420e+02
7.863865278318338596e+02 7.601599411299913527e+02
7.632687619465420994e+02 7.865177756995489062e+02
7.867379142677317532e+02 7.613917567293490265e+02
7.868769518426053082e+02 7.629915794062364967e+02
7.870560397863473554e+02 7.656871154076345647e+02
7.647881117602762515e+02 7.871716911473389473e+02
7.620696309252062974e+02 7.873555794832794845e+02
7.875856881018014519e+02 7.644878775532085911e+02
7.877339711496942982e+02 7.629918069912271221e+02
7.879225318218225311e+02 7.679351121569869747e+02
7.622309947732950377e+02 7.880399372215488256e+02
7.619861944817545236e+02 7.881658192825557308e+02
7.884032751783508957e+02 7.656442165504814739e+02
7.885807241368544283e+02 7.610251512428225169e+02
7.887945553324647108e+02 7.623794433311746843e+02
7.655601440068734291e+02 7.888432704257312480e+02
7.629206998765994285e+02 7.890298354376018324e+02
7.576618915300050503e+02 7.891835863541236904e+02
7.894317963970142955e+02 7.633253560862953009e+02
7.674226705842670526e+02 7.895577532546340080e+02
7.631486081893624487e+02 7.896298177894356058e+02
7.896296194400425748e+02 7.525514588660215622e+02
7.903936775058817830e+02 7.760263066759089270e+02
