0.000000000000000000e+00 0.000000000000000000e+00
0.000000000000000000e+00 0.000000000000000000e+00
5.158818127223618920e-04 0.000000000000000000e+00
1.005713642607994687e-03 2.296221647021605416e-02
1.612686347307581286e-02 3.007506323949970528e-01
2.705523322455477553e-01 3.971292047896333721e-01
5.001683485557668618e-01 4.751274146804059240e-01
5.936464746718403962e-01 5.594626177099042419e-01
6.888971586596440710e-01 6.639101458502005837e-01
7.780568566232615169e-01 7.501445649080722422e-01
8.663673740570885240e-01 8.270793384703958306e-01
9.564212631140666110e-01 9.204061474142156696e-01
1.043772755153178355e+00 1.002489969535700132e+00
1.133312140566725468e+00 1.099054962596577090e+00
1.219568518186074702e+00 1.185413533514942053e+00
1.309003090791840407e+00 1.269875756219615237e+00
1.394999440589551609e+00 1.360776233554068515e+00
1.484524222710703611e+00 1.447051413483527282e+00
1.572325939427647201e+00 1.529359916406153985e+00
1.660602577922853484e+00 1.618569761159841525e+00
1.745181604378388540e+00 1.701957311692996466e+00
1.832269455635012978e+00 1.810923797970076521e+00
1.920857587663475918e+00 1.867073854189160276e+00
2.009650130259273748e+00 1.978766704303566826e+00
2.096131072468647716e+00 2.029233729829106547e+00
2.181546015104927072e+00 2.120638818664917657e+00
2.265604899457836385e+00 2.229413630931240675e+00
2.356326651784699244e+00 2.314807412030370326e+00
2.443743393315882972e+00 2.391927362851900885e+00
2.529307036785024110e+00 2.483971838086044936e+00
2.612928928977429788e+00 2.567845146100202758e+00
2.696959674071415680e+00 2.642099130984391753e+00
2.782938587097963712e+00 2.733728081316993297e+00
2.876304906705764886e+00 2.823953587488355232e+00
2.965457136540217142e+00 2.904004113926642816e+00
3.049841251335084991e+00 2.996638348558428699e+00
3.139981295713340170e+00 3.088669276025828747e+00
3.226034436737768907e+00 3.164470582598164494e+00
3.312451015124060483e+00 3.262514833412047732e+00
3.399403902373437703e+00 3.353386989626961689e+00
3.486512443367507430e+00 3.409193227465494580e+00
3.573250458053231160e+00 3.521367933600144440e+00
3.662027135384599230e+00 3.575112825937619032e+00
3.747775973741381161e+00 3.677174642940054916e+00
3.836465975061063460e+00 3.761864817701980002e+00
3.924487227957319302e+00 3.847867929453657965e+00
4.009324364509237348e+00 3.943740282647597795e+00
4.098425765272007304e+00 4.022147612786030280e+00
4.187978331555391343e+00 4.115205092090977068e+00
4.269361787505762784e+00 4.210864694339950809e+00
4.357298022639087165e+00 4.293653891358307106e+00
4.445091724869673300e+00 4.362450618798106028e+00
4.532231315952452100e+00 4.455025817111025965e+00
4.617377922088983233e+00 4.546411610006705573e+00
4.711129200333405542e+00 4.626397026335043350e+00
4.800809148126294446e+00 4.728450932300064302e+00
4.886045125007082213e+00 4.803148614030273045e+00
4.977183765081967692e+00 4.886497152436042768e+00
5.061401464090832469e+00 4.959777744415711176e+00
5.149749265640924278e+00 5.040424760041839924e+00
5.237731849741851242e+00 5.111310886654274022e+00
5.324758806124177291e+00 5.244171791894538970e+00
5.412527810300562514e+00 5.289269437807911700e+00
5.503376303251290125e+00 5.392643947714908848e+00
5.587153761402052332e+00 5.477367528257518714e+00
5.674817475889086360e+00 5.599924508707389670e+00
5.761138476144095577e+00 5.709527847520039501e+00
5.851769612438022072e+00 5.757086079332730755e+00
5.928933275889692212e+00 5.825054063629389489e+00
6.019957136080059001e+00 5.973532595726362082e+00
6.108228920994593025e+00 6.024939411915750220e+00
6.195754274049638077e+00 6.084518924054516553e+00
6.277747529761255052e+00 6.194385063261187874e+00
6.369037661290063213e+00 6.280257114443976718e+00
6.455151687028487295e+00 6.363996965621368851e+00
6.541221862580560931e+00 6.427523180432346273e+00
6.635151938402651162e+00 6.525267407680762410e+00
6.722588808093555635e+00 6.631684051042123329e+00
6.810212080964682890e+00 6.710135159806293714e+00
6.901392012906284457e+00 6.802078877077962105e+00
6.986061882713067384e+00 6.860881119089130564e+00
7.071028629191416393e+00 6.963741473934261350e+00
7.155739288833474987e+00 7.044716457904628193e+00
7.247785035635307516e+00 7.092684121240987238e+00
7.330976556811975797e+00 7.262159403329964569e+00
7.420574706441586343e+00 7.305142528843346916e+00
7.509515995236947461e+00 7.377695337628204619e+00
7.593015813571304840e+00 7.454746921718731656e+00
7.680393749857475250e+00 7.585023526473761102e+00
7.769272634557393253e+00 7.652702566044004229e+00
7.845473479175303133e+00 7.696830362180975271e+00
7.941394726090782896e+00 7.803695007421983298e+00
8.025291366334151633e+00 7.903312706511122165e+00
8.109404089603975407e+00 7.994479869520366044e+00
8.196514817355495808e+00 8.058612729718880985e+00
8.289569601274166644e+00 8.184514927885420121e+00
8.375010476809123361e+00 8.254392100252822217e+00
8.458154142616383098e+00 8.337295665106976728e+00
8.541486046631325380e+00 8.427558515662047611e+00
8.629209343092922424e+00 8.514512258554354673e+00
8.721763628023214920e+00 8.641240308816977134e+00
