0.000000000000000000e+00 0.000000000000000000e+00
4.201480988313507914e-03 0.000000000000000000e+00
2.166703817881902167e-02 0.000000000000000000e+00
1.212833422400421829e-01 8.110975269840928550e-03
2.106831119817753339e-01 5.266837121079242894e-03
2.098377544002010819e-01 4.182384951784348659e-01
5.336204743614743062e-01 4.911018993788548448e-01
6.476399405823507482e-01 6.284134800807034127e-01
7.514557716845691182e-01 7.385687872109366614e-01
8.530004492934436522e-01 8.313779592350273306e-01
9.531414226944230350e-01 9.289112061838671330e-01
1.056159605778475452e+00 1.025543030615565954e+00
1.154148069526494735e+00 1.122541106645932096e+00
1.251408708508050971e+00 1.218462422196986861e+00
1.343463777826464201e+00 1.317050244999276032e+00
1.442442543580335856e+00 1.412041288528967264e+00
1.540398608716016415e+00 1.506351744494260014e+00
1.640360536578067796e+00 1.609928884317677555e+00
1.740866285290996629e+00 1.705308636278120904e+00
1.835750417226611253e+00 1.804539643014922312e+00
1.935227102768092067e+00 1.909239739332499797e+00
2.030613004597692672e+00 1.982283626193364734e+00
2.127405762075486262e+00 2.095048215609727205e+00
2.222289611872300341e+00 2.190632924579589691e+00
2.320135596060400651e+00 2.289056521053673077e+00
2.413481148839906609e+00 2.355081815542251711e+00
2.510382020775208556e+00 2.466832441428375322e+00
2.606806020876603291e+00 2.566168609718994631e+00
2.703128704468231280e+00 2.662744244728964649e+00
2.799708583616758784e+00 2.738552435826431264e+00
2.894790234022254882e+00 2.852009046371705381e+00
2.995907723438786974e+00 2.942804115332984694e+00
3.090750985606264045e+00 3.032371417141206837e+00
3.193280881689187112e+00 3.134986585365889589e+00
3.291052607352459969e+00 3.211096882776328432e+00
3.383744069066418447e+00 3.345678604441233883e+00
3.482953154650649807e+00 3.424095681510348488e+00
3.576955469150560507e+00 3.515377732720847082e+00
3.676628259894479722e+00 3.599966739682193495e+00
3.768265247383392413e+00 3.708778443925083046e+00
3.862511152047996443e+00 3.773643386963960289e+00
3.962786774301992665e+00 3.880308856809302487e+00
4.054283793275304859e+00 3.990237728038132037e+00
4.148528428709131965e+00 4.055227626804174257e+00
4.249127644749110644e+00 4.169612589005012637e+00
4.346634160285614890e+00 4.272305277452672634e+00
4.445858630946065482e+00 4.349369938457717133e+00
4.544742590239985169e+00 4.448004545359830253e+00
4.642355000478826099e+00 4.540223731494655190e+00
4.740128679928419686e+00 4.673727624407128189e+00
4.842014632716185041e+00 4.759655142515109461e+00
4.940108118731430409e+00 4.830931237476677076e+00
5.026728664311162831e+00 4.914575941589486519e+00
5.127566845156739994e+00 5.064188754856731478e+00
5.223882811442206453e+00 5.131453654683906684e+00
5.317884165436616684e+00 5.211994340081804289e+00
5.410776415887739610e+00 5.310566189571797047e+00
5.512672089572348000e+00 5.419182319092010758e+00
5.610932358731298919e+00 5.492492984129357048e+00
5.703211698409892172e+00 5.599130024043376785e+00
5.802399902557476175e+00 5.713295165755229554e+00
5.892382203828368858e+00 5.796229242418370120e+00
5.989942150084567984e+00 5.895575667111396356e+00
6.086731208469490895e+00 5.980411765257006351e+00
6.184982412807221941e+00 6.093254705160902951e+00
6.279919620549391013e+00 6.199873669050565361e+00
6.373974189620142283e+00 6.263360640167220161e+00
6.467411024388349361e+00 6.361962037868564401e+00
6.572010781369595378e+00 6.469780320256534267e+00
6.670313451066590460e+00 6.569880556825290263e+00
6.761860883853226589e+00 6.673667773960704430e+00
6.862238441117384014e+00 6.758603649258605905e+00
6.957012387193270975e+00 6.851429994751654817e+00
7.051170027957287090e+00 6.928036862940663454e+00
7.145595085382184131e+00 7.052074024796845642e+00
7.244210058822966758e+00 7.162415477256205421e+00
7.339431832312106607e+00 7.268141044016033447e+00
7.439495561039255911e+00 7.320113274169672835e+00
7.536208199211956504e+00 7.429644424120862567e+00
7.636142485549409997e+00 7.526805855322623806e+00
7.727125535196075035e+00 7.596429070583353038e+00
7.823632797823731444e+00 7.701103415614109160e+00
7.923562741729578640e+00 7.828270570240377424e+00
8.014563107542238996e+00 7.915220622281650797e+00
8.110712274503402597e+00 7.981944450967926485e+00
8.212848870507372112e+00 8.101152082401473109e+00
8.303719814815949007e+00 8.196689239600599919e+00
8.404024293902098819e+00 8.257388470521075163e+00
8.501072951073146200e+00 8.370521849548591575e+00
8.592774652003727809e+00 8.492835049796594760e+00
8.698025565394051029e+00 8.572466370742660047e+00
8.793699184581218020e+00 8.682414955891951891e+00
8.889286437730483215e+00 8.780128683038109116e+00
8.977884861237953373e+00 8.888420113023618896e+00
9.081395371595492705e+00 8.954591717493880054e+00
9.174375491734091170e+00 9.059881271756534460e+00
9.269920395568368221e+00 9.149912832461998491e+00
9.371128443731182145e+00 9.281511162668852677e+00
9.462821626088379290e+00 9.331353358816530275e+00
9.569893260520434097e+00 9.458728710989069199e+00
9.661800223443771429e+00 9.548948217363099289e+00
