0.000000000000000000e+00 0.000000000000000000e+00
0.000000000000000000e+00 0.000000000000000000e+00
0.000000000000000000e+00 0.000000000000000000e+00
0.000000000000000000e+00 0.000000000000000000e+00
2.243823739768827444e-02 0.000000000000000000e+00
1.027817079284144494e-02 0.000000000000000000e+00
2.604987096083381456e-02 -2.405100440409851242e-03
1.778991218901049276e-02 0.000000000000000000e+00
3.412303132288340812e+00 3.447003170602157773e+00
4.102869280427290377e+00 4.106698165295534331e+00
4.204488689721539885e+00 4.206326266917389312e+00
4.276453556455681593e+00 4.276504357282648883e+00
4.325140678414989281e+00 4.325057236674018313e+00
4.389429026500858200e+00 4.386851035028887402e+00
4.472193604827519486e+00 4.470961778240211792e+00
4.661540828565957639e+00 4.792562303727027739e+00
4.860347181033866981e+00 5.026239429660918745e+00
5.086930155135831910e+00 5.321370914831564214e+00
5.319850553580600661e+00 5.532053401032442252e+00
5.483375340592575142e+00 5.754358065366817598e+00
5.673314536975994749e+00 5.935026076029148889e+00
5.877463351040132622e+00 6.118704955064115936e+00
6.126579034715094352e+00 6.303766135956243133e+00
6.288305554897812399e+00 6.491781229611420123e+00
6.475995209669552111e+00 6.661509279531990124e+00
6.657754019832959003e+00 6.837371616749013725e+00
6.851067169853747529e+00 7.004734717537069777e+00
7.012042229927692105e+00 7.166222126177523855e+00
7.165495447872723744e+00 7.331203626820921748e+00
7.319745056815000872e+00 7.489919539366952428e+00
7.499106930323821807e+00 7.641121381629841558e+00
7.650016396980094946e+00 7.792455942418766490e+00
7.938451955874479715e+00 7.794656994630509317e+00
7.931758491574863790e+00 8.106715165183237204e+00
8.251741603897107424e+00 8.054405743918746197e+00
8.408935820506457048e+00 8.229249311776728248e+00
8.559787760363633424e+00 8.363649429522089562e+00
8.508815695924546674e+00 8.722174897991889608e+00
8.723310134458030163e+00 8.886723129780984110e+00
9.045342536540752931e+00 8.913998846376271601e+00
9.208610837653552039e+00 9.047544326036360829e+00
9.216998603019835201e+00 9.367035942946133176e+00
9.534350929600016400e+00 9.420276392693788026e+00
9.694561131537671628e+00 9.547478100564203984e+00
9.860449930212745073e+00 9.705549257728080192e+00
1.002584163035487741e+01 9.905602946212370696e+00
1.019438733676507702e+01 1.006625030659895259e+01
1.035688043590951146e+01 1.026646483211829342e+01
1.052279202455266827e+01 1.043913535907026358e+01
1.070046242747719667e+01 1.058913138218006900e+01
1.086137442928456665e+01 1.077890916203555527e+01
1.103389663122653808e+01 1.095013263231513179e+01
1.122233317969135946e+01 1.110527417414264484e+01
1.140188679004183037e+01 1.128154601747773889e+01
1.147650707251451330e+01 1.156459744445222171e+01
1.174690852328928692e+01 1.164469450694502939e+01
1.193760469768029786e+01 1.184386534783172529e+01
1.211588199566392454e+01 1.200782873039276311e+01
1.229960662236007529e+01 1.221521847680462969e+01
1.247699407204044952e+01 1.240213005613926711e+01
1.266112892988326166e+01 1.258313644110539009e+01
1.285256402490805527e+01 1.272663524070294017e+01
1.304124685156450880e+01 1.294326949885795131e+01
1.323530703740141412e+01 1.309873400869982518e+01
1.341544513905548719e+01 1.329625602841499799e+01
1.359768074811118410e+01 1.346669604075563065e+01
1.377914126268219164e+01 1.361514079965497181e+01
1.397059603196906608e+01 1.385690647171152179e+01
1.415733616689968066e+01 1.400909953527805207e+01
1.433922274425954768e+01 1.425723275585141536e+01
1.452394481183759822e+01 1.431974200423302968e+01
1.470403485479779349e+01 1.454919864283163022e+01
1.487322346753537339e+01 1.472191918268688582e+01
1.505717245187597975e+01 1.490455127526881363e+01
1.525034701047486152e+01 1.512209332077636681e+01
1.544738728830253649e+01 1.528295880002137963e+01
1.562048059700221714e+01 1.549952422640953209e+01
1.582391088075872609e+01 1.561321833573882145e+01
1.600578997874747245e+01 1.583148131743314657e+01
1.619782660695402043e+01 1.599765060096596336e+01
1.638661446150640089e+01 1.614291343961293634e+01
1.657793779510173593e+01 1.636832478837531824e+01
1.662240922113733887e+01 1.668705019893408448e+01
1.691682005572158332e+01 1.678216095381300832e+01
1.711654415057195777e+01 1.693097706535290214e+01
1.730286757916259788e+01 1.710383162838085624e+01
1.751184382096045766e+01 1.730750039456872358e+01
1.769843388622882685e+01 1.749303616771657488e+01
1.788168405646771575e+01 1.771681586801979691e+01
1.809070351249300046e+01 1.787325807791621912e+01
1.828147227011585940e+01 1.807799366801299357e+01
1.847774225924041502e+01 1.826889755447424690e+01
1.866869528489418073e+01 1.845636820695175473e+01
1.886334092421874331e+01 1.863617745645137447e+01
1.904781931622332181e+01 1.881480002276425978e+01
1.924993526099200736e+01 1.896332569146805724e+01
1.943673636214195355e+01 1.922114786499313155e+01
1.963130792363794797e+01 1.939889262054715502e+01
1.983017010364855537e+01 1.955664891293825391e+01
2.003676774487226808e+01 1.969416980555961416e+01
2.021264798671278129e+01 1.995687698906084151e+01
