0.000000000000000000e+00 0.000000000000000000e+00
0.000000000000000000e+00 0.000000000000000000e+00
0.000000000000000000e+00 0.000000000000000000e+00
0.000000000000000000e+00 0.000000000000000000e+00
0.000000000000000000e+00 0.000000000000000000e+00
0.000000000000000000e+00 0.000000000000000000e+00
0.000000000000000000e+00 0.000000000000000000e+00
6.584990235713938933e-02 1.542784013619445505e+00
5.766105527029986355e+00 8.559419405661161662e+00
8.302528560188322970e+00 8.634502463462803590e+00
8.650036621058468711e+00 8.649824490097826057e+00
8.676241652914598035e+00 8.673682637376090909e+00
8.701847545787019911e+00 8.698358937859465456e+00
8.728105791911273670e+00 8.727495234814691472e+00
8.787086489819932567e+00 8.783945734259503979e+00
8.842882502233942787e+00 9.046814949304570419e+00
8.959048080343567477e+00 9.212703084424527233e+00
9.240460511100218710e+00 9.754760481769428893e+00
9.397714115170082039e+00 1.005280870339387533e+01
9.762233463241605236e+00 1.026743977517481632e+01
1.010849664404324955e+01 1.054863320136413130e+01
1.037217100496014233e+01 1.079267827511465860e+01
1.067133211014498428e+01 1.100247617378902909e+01
1.094468872927321001e+01 1.119947066582585471e+01
1.117644702320582972e+01 1.143129008908107913e+01
1.139885709978652528e+01 1.164819067129462304e+01
1.163046106210657626e+01 1.185597162507349722e+01
1.187749546514574028e+01 1.206783980136815337e+01
1.211844305529441357e+01 1.226043203237742141e+01
1.228876146040476236e+01 1.247328873447871445e+01
1.255051160199104565e+01 1.267599348444398721e+01
1.273855501414088920e+01 1.287729274616691022e+01
1.290435452373793979e+01 1.306544201865635380e+01
1.311917545084849657e+01 1.325372525902182730e+01
1.331126376242278120e+01 1.344818334580339858e+01
1.350888395771764472e+01 1.362433878985070912e+01
1.365318170782635221e+01 1.380415286946402276e+01
1.396432862878427450e+01 1.384205969336919928e+01
1.396405709337942191e+01 1.417788908180560981e+01
1.414142569775310321e+01 1.436295990264743239e+01
1.452224996333213980e+01 1.431018017191455627e+01
1.470285512443993703e+01 1.442982114150376916e+01
1.464940036011511459e+01 1.490426369865202183e+01
1.481642387446692766e+01 1.510428563341412378e+01
1.528335474662491933e+01 1.502648361468002669e+01
1.547441524364672638e+01 1.516185193314383284e+01
1.537298952292841925e+01 1.568142381765445137e+01
1.586794357910383901e+01 1.559705489732704287e+01
1.575959549840506213e+01 1.607153319671056479e+01
1.625874467934997014e+01 1.600272350438603652e+01
1.616163155041244437e+01 1.645186188338031741e+01
1.636180872606567149e+01 1.664592799917014432e+01
1.657776233619083328e+01 1.685247884386957296e+01
1.679419040723556122e+01 1.704744109580466827e+01
1.725295136540932361e+01 1.692843306904629230e+01
1.745211100205840538e+01 1.713944563876350102e+01
1.766959117908981725e+01 1.732046521623324864e+01
1.787011564376906136e+01 1.755291082089927102e+01
1.778682998786904790e+01 1.805965837406164098e+01
1.827665279870918624e+01 1.799496954982924635e+01
1.848196103186493033e+01 1.819779945509037233e+01
1.868805337544160494e+01 1.836326161856264250e+01
1.888909458628764071e+01 1.853497694516104133e+01
1.908935134414838686e+01 1.880306225246333085e+01
1.929270745659226094e+01 1.902969176817454411e+01
1.949787932938262713e+01 1.916712078542965969e+01
1.971748759220240643e+01 1.942260396354540930e+01
1.993916978542959484e+01 1.962951492366725148e+01
2.013630516700407824e+01 1.985008966023051613e+01
2.035621068970770153e+01 2.002233278765367785e+01
2.057205577775639682e+01 2.026145710388605892e+01
2.078605793592924655e+01 2.042924643670810525e+01
2.100333319349730132e+01 2.072526164507373991e+01
2.089392866343150246e+01 2.116478630478637513e+01
2.141241077944572524e+01 2.113501182211706819e+01
2.159421207736245307e+01 2.126748017345752473e+01
2.152083843926460105e+01 2.175958686631924976e+01
2.202375995555199850e+01 2.173391568896044390e+01
2.221550435084114028e+01 2.192294177438025216e+01
2.242524500131638376e+01 2.212976783884679577e+01
2.265060212987963695e+01 2.237540568365509941e+01
2.286917152482853766e+01 2.259343821984288425e+01
2.308164257646781081e+01 2.272684400946424077e+01
2.332387872345574209e+01 2.303363396996840251e+01
2.352451641530101156e+01 2.321403589844651805e+01
2.377215090283873522e+01 2.346177035543902889e+01
2.397530334349133341e+01 2.372107674252222154e+01
2.419088238703199778e+01 2.394957762679317526e+01
2.442370147352719201e+01 2.418050248320098206e+01
2.463641603742177111e+01 2.439204859946715942e+01
2.486571233550522209e+01 2.455968706749738928e+01
2.510505988225046181e+01 2.483400069972546120e+01
2.532636859570455456e+01 2.508410954406570781e+01
2.555315378133625970e+01 2.532573611088530896e+01
2.578482970551353048e+01 2.548274854081114782e+01
2.600293384686673548e+01 2.569070691040365517e+01
2.623548387549195127e+01 2.591623080569301862e+01
2.647034313625208313e+01 2.613713142246648147e+01
2.670426181021410983e+01 2.637380477463972639e+01
2.660739781550757144e+01 2.681733177889566022e+01
2.713665557011692542e+01 2.690938317347681874e+01
