0.000000000000000000e+00 0.000000000000000000e+00
0.000000000000000000e+00 0.000000000000000000e+00
5.796901407921315353e-04 0.000000000000000000e+00
3.284623259791893263e-02 0.000000000000000000e+00
1.779491698348104056e-01 5.662114139827768844e-02
2.983492822821174895e-01 4.759694143239211889e-02
3.991029022637525014e-01 4.749626908023691918e-01
5.588244282129264384e-01 5.899150259850769462e-01
6.954878013917259461e-01 6.709413824395024095e-01
7.988042832322814757e-01 7.666320589002932895e-01
8.996656639299123182e-01 8.703818123131203954e-01
9.957074928560967209e-01 9.725580121346019125e-01
1.089648269280267145e+00 1.068557794099169955e+00
1.181918932412161061e+00 1.148832215931126832e+00
1.272698147073870967e+00 1.242651317079349615e+00
1.367664011981777117e+00 1.348996098735307125e+00
1.460925287692013130e+00 1.423119757566926102e+00
1.554959773447389226e+00 1.528783625319690920e+00
1.648327949117327940e+00 1.611029568772698539e+00
1.738088029227204956e+00 1.694172118821835271e+00
1.832719195721476346e+00 1.791019222822929136e+00
1.923711671423967262e+00 1.881959705605884992e+00
2.017418485211337487e+00 1.983301683991360642e+00
2.111058841283130594e+00 2.061859743079415885e+00
2.200708929603752750e+00 2.141412173595794943e+00
2.297326445814478646e+00 2.240068256771429400e+00
2.384386625446696772e+00 2.338834929416347741e+00
2.482620926125894911e+00 2.430037376451677833e+00
2.568406037704001665e+00 2.512142531065573614e+00
2.655654930806860214e+00 2.605897851347940275e+00
2.745297628067822959e+00 2.693095721568103063e+00
2.837207223881414553e+00 2.789041594851092043e+00
2.932432431995355415e+00 2.901727052955008990e+00
3.028963172927184644e+00 2.989967352735814821e+00
3.118492000046980461e+00 3.063001371584295640e+00
3.210355950928394098e+00 3.143752017155054368e+00
3.301174566667542276e+00 3.249883320543374143e+00
3.390997717842020087e+00 3.330256856905285279e+00
3.484203821356283814e+00 3.426306858419338131e+00
3.578854064902266430e+00 3.519061946368374549e+00
3.669730808278682144e+00 3.615345913823989843e+00
3.756733220940617013e+00 3.709099955462438647e+00
3.853326355523859714e+00 3.789022889698904883e+00
3.941644157412070193e+00 3.890142243278172707e+00
4.034413526184928322e+00 3.970277617522303348e+00
4.126702264107707130e+00 4.049393672009062861e+00
4.220028158406710972e+00 4.154484793549777066e+00
4.311800978949206886e+00 4.252928681995626015e+00
4.399939195984308604e+00 4.342019699712555081e+00
4.497764250948995013e+00 4.421562189860407166e+00
4.589374908839625178e+00 4.533835959907499991e+00
4.680572320558748167e+00 4.593387297168404437e+00
4.769292591331541153e+00 4.671095688675102942e+00
4.865015635289438478e+00 4.793518452550561193e+00
4.955104080548717427e+00 4.873403362542585882e+00
5.047756468382393891e+00 4.948485954556196553e+00
5.135703396605838300e+00 5.070038222431409558e+00
5.230794719694417338e+00 5.150314816660781503e+00
5.323062628430200505e+00 5.267556848803740088e+00
5.413499941861814158e+00 5.297414756244339884e+00
5.502178679027345254e+00 5.417021406776484582e+00
5.594948103397615391e+00 5.512691336940040543e+00
5.689380775104750043e+00 5.633811537110793743e+00
5.778639590201641418e+00 5.680151757388967937e+00
5.871723760595151553e+00 5.790980913528718688e+00
5.963076058194775264e+00 5.846341472686608753e+00
6.052997433279941220e+00 5.933601552116097189e+00
6.137260826732140018e+00 6.057404142501537692e+00
6.234590582617917320e+00 6.140674239445498728e+00
6.327260893735438430e+00 6.228646527454491988e+00
6.417382441131210591e+00 6.307049645146515893e+00
6.508996029916645831e+00 6.430160203399786667e+00
6.606890246844914216e+00 6.545287593440022533e+00
6.694997758208727667e+00 6.589797479092031729e+00
6.789746426207790897e+00 6.705214732021128832e+00
6.879752124429296067e+00 6.778566884563235639e+00
6.974382183083491782e+00 6.912072820527121131e+00
7.071381254186747789e+00 6.952794511378262321e+00
7.159645179921358071e+00 7.071915059144071591e+00
7.252359110601505066e+00 7.128782051691115562e+00
7.349366135224525642e+00 7.220172528884430285e+00
7.433251324312047714e+00 7.345161023207609219e+00
7.527790453927829972e+00 7.429129241860711552e+00
7.614253433251215064e+00 7.476616176040364437e+00
7.712688071623346353e+00 7.597239247289691910e+00
7.801468819477690886e+00 7.674460974324933460e+00
7.893325191396792562e+00 7.764759445007092253e+00
7.983888394436721825e+00 7.875923883427963013e+00
8.078692222332875872e+00 7.933245552722032912e+00
8.174726835996949603e+00 8.048209038061962417e+00
8.253025299645338819e+00 8.095092896754650269e+00
8.346654244735319139e+00 8.233961087877593954e+00
8.434904622090513726e+00 8.311546097695359236e+00
8.525289351838837959e+00 8.428216857011669561e+00
8.616624951986665337e+00 8.502783921631692721e+00
8.711455212269108017e+00 8.614956434388197692e+00
8.796132619480980352e+00 8.681363902884202233e+00
8.897141926969656112e+00 8.787157641087963711e+00
8.984727832703999439e+00 8.881879099787720833e+00
9.074861830153725606e+00 8.932545809341835508e+00
9.166205792908588279e+00 9.064075401211679761e+00
