0.000000000000000000e+00 0.000000000000000000e+00
0.000000000000000000e+00 0.000000000000000000e+00
0.000000000000000000e+00 0.000000000000000000e+00
0.000000000000000000e+00 0.000000000000000000e+00
0.000000000000000000e+00 0.000000000000000000e+00
0.000000000000000000e+00 0.000000000000000000e+00
0.000000000000000000e+00 0.000000000000000000e+00
0.000000000000000000e+00 0.000000000000000000e+00
0.000000000000000000e+00 0.000000000000000000e+00
0.000000000000000000e+00 0.000000000000000000e+00
0.000000000000000000e+00 0.000000000000000000e+00
0.000000000000000000e+00 0.000000000000000000e+00
0.000000000000000000e+00 0.000000000000000000e+00
0.000000000000000000e+00 0.000000000000000000e+00
0.000000000000000000e+00 0.000000000000000000e+00
1.095778542239137371e-01 -1.062839552128310161e-01
1.095778542239137371e-01 0.000000000000000000e+00
4.952831934534489555e-01 5.393401614397403065e+00
3.630970731375891436e+00 6.481042993160306409e+00
6.425572192046113962e+00 6.524671391629964567e+00
6.615228600923230395e+00 6.617673162684166499e+00
6.726078584007947114e+00 6.719112185631764156e+00
6.829370702956902406e+00 6.877536586153724762e+00
6.941259244219136981e+00 6.916500160364727812e+00
7.029229095136271255e+00 7.193650802023451085e+00
7.179577634196804503e+00 7.341132952751991958e+00
7.419165409124769184e+00 7.342681660198315363e+00
7.525793512454443501e+00 7.576066919893912122e+00
7.652099421218527375e+00 7.735785014190570408e+00
7.801817778866735331e+00 7.912512261224731169e+00
7.951186960213633803e+00 8.059625859250431290e+00
8.104356749980889063e+00 8.196805243798923613e+00
8.245261046287703621e+00 8.357615351824630778e+00
8.481193786921206623e+00 8.370404922379726997e+00
8.626773234084513575e+00 8.521827611127369195e+00
8.693261441575232951e+00 8.786358832754748605e+00
8.858679022901664979e+00 8.948763641918429101e+00
9.086539442962090263e+00 9.026708160289107497e+00
9.241346460728324885e+00 9.172160648087768209e+00
9.396170852016709318e+00 9.328015381999522404e+00
9.554488476532744912e+00 9.481502914410121718e+00
9.712831944417946062e+00 9.626863137592987840e+00
9.871452514203660655e+00 9.782103678795841972e+00
1.002060655320930138e+01 9.952421805493374407e+00
1.017129193769434714e+01 1.008091350341366876e+01
1.034144515322119240e+01 1.026437414398896664e+01
1.050383928190781724e+01 1.041819608657271523e+01
1.066367037298336307e+01 1.056764928028788297e+01
1.083913401504366369e+01 1.076253341959081666e+01
1.099805211083053003e+01 1.092525469432549023e+01
1.117426629070448563e+01 1.107681554028200743e+01
1.134888319032305404e+01 1.126332736424862802e+01
1.151723197829186418e+01 1.144238277365020018e+01
1.169859763949179765e+01 1.161779584048659153e+01
1.188108108988064870e+01 1.175643802366321999e+01
1.205051768285750136e+01 1.197993987361295964e+01
1.223248872796293263e+01 1.207080801609145126e+01
1.239646097172556694e+01 1.222764118723630311e+01
1.258641328188514130e+01 1.246306219757846101e+01
1.275203361727503726e+01 1.264027690301967866e+01
1.293818844744019358e+01 1.281477569872554056e+01
1.311766148788386488e+01 1.287169095068079017e+01
1.330504030258635950e+01 1.312777786462478069e+01
1.348967722595354424e+01 1.327967568198026704e+01
1.365904104608001290e+01 1.344497734154879254e+01
1.384943014299548203e+01 1.369924842768266871e+01
1.403922631746226557e+01 1.388084069644020602e+01
1.421437754513607921e+01 1.405474294164720561e+01
1.439657163080801361e+01 1.421039908209297309e+01
1.458024430926823456e+01 1.435362131217760684e+01
1.476247603543017384e+01 1.452193110766877737e+01
1.494303331500609922e+01 1.474991743626614848e+01
1.512423281569931710e+01 1.488263165436261737e+01
1.530729193124260412e+01 1.516233829929448795e+01
1.548632279575734039e+01 1.533562742777201393e+01
1.565920508603993611e+01 1.546226381132338723e+01
1.584444844093849092e+01 1.560558857773314578e+01
1.603833295106442947e+01 1.583400051763436522e+01
1.621168168504472717e+01 1.600548300521853307e+01
1.639386282468170464e+01 1.613213456913925370e+01
1.659672960787682783e+01 1.632145440443048301e+01
1.676324354362358804e+01 1.651811443580300676e+01
1.696092765434203997e+01 1.668909063600095877e+01
1.715372428307333408e+01 1.691240907253640202e+01
1.734146853336213567e+01 1.706751826952272566e+01
1.752210391505251508e+01 1.721766097808914253e+01
1.769795330965897051e+01 1.743889990039654592e+01
1.788799735541460123e+01 1.761251065321547316e+01
1.807424082236100205e+01 1.783806512917970721e+01
1.826384514129077274e+01 1.800611889253928766e+01
1.844643750832873508e+01 1.823363689487102590e+01
1.864244821703609745e+01 1.826677052121824829e+01
1.882308944937607720e+01 1.862071026203977908e+01
1.901352491829182867e+01 1.871391063458862547e+01
1.921897449203132524e+01 1.903696074499412916e+01
1.940336309933906023e+01 1.900487498159451860e+01
1.959712237608734853e+01 1.924291968118052765e+01
1.979031762022183827e+01 1.947637024728729926e+01
1.999660443024895073e+01 1.958121030642195493e+01
2.017564431124359459e+01 1.983674811887492950e+01
2.035777848938533907e+01 2.003463488835852502e+01
