0.000000000000000000e+00 0.000000000000000000e+00
0.000000000000000000e+00 0.000000000000000000e+00
1.054962073948657458e-01 3.439680126349069916e-02
2.672837298220725466e-01 2.283032324315064920e-01
5.762758473943940807e-01 7.364204062146096907e-01
1.182940053593273921e+00 1.385583194348116276e+00
1.571128209663640973e+00 1.725056677588688858e+00
1.916905135712722918e+00 2.010145233179288837e+00
2.179282084474299275e+00 2.262511315651691390e+00
2.357785539959645238e+00 2.483588695776778543e+00
2.576940687444551514e+00 2.694993714088173675e+00
2.793898656434987249e+00 2.900613607221879775e+00
3.003536816637666806e+00 3.103666199437413731e+00
3.181355754674021430e+00 3.312620699267037505e+00
3.380366298280126358e+00 3.514496929629889799e+00
3.585284571109453200e+00 3.716955333751652546e+00
3.767812198980172056e+00 3.903789062555630185e+00
3.948210820061417881e+00 4.093434110172574414e+00
4.163542420113280684e+00 4.282662440436875606e+00
4.365068210778481728e+00 4.477280489978286759e+00
4.516057782601425430e+00 4.664739231049325419e+00
4.704938333516043514e+00 4.851833976706303453e+00
4.899200741803332093e+00 5.030258443147495484e+00
5.188837864255114951e+00 5.090801287773475181e+00
5.275218111243580310e+00 5.389470404627803468e+00
5.551232347888766405e+00 5.442706599648833965e+00
5.649220698101506066e+00 5.746655514623217442e+00
5.821722506806797703e+00 5.933591494241667874e+00
5.997299586878586553e+00 6.128648368376846456e+00
6.200237928930484976e+00 6.313390083492499194e+00
6.476168100719863041e+00 6.390940157763323803e+00
6.560939443921196990e+00 6.678373211963315015e+00
6.859470824160160518e+00 6.774887870900593079e+00
7.034036129205321508e+00 6.936084526372367165e+00
7.121274348262495835e+00 7.227471388630003268e+00
7.292131212351313785e+00 7.416841835755064061e+00
7.541944197310638032e+00 7.610659246910055131e+00
7.794560746505917237e+00 7.678267797299690223e+00
7.888735414874693319e+00 7.981295569120136157e+00
8.070268724293992335e+00 8.167176819711210456e+00
8.259904147168244393e+00 8.351559949790837933e+00
8.539681720695501355e+00 8.457283314236168081e+00
8.598742585960119200e+00 8.724718595268820209e+00
8.787175382410721269e+00 8.907321356834280834e+00
9.098957143109950962e+00 9.019604698495951922e+00
9.185655132741340267e+00 9.298318517048619114e+00
9.480419794089835150e+00 9.386312833276276635e+00
9.669722568579748767e+00 9.530403700047626714e+00
9.685244702033232400e+00 9.863047313656645443e+00
1.003651793187358621e+01 9.966047384367447748e+00
1.022894874926059572e+01 1.010907682309466971e+01
1.042182312893888074e+01 1.026832186622178078e+01
1.060394319387659046e+01 1.047370473930800294e+01
1.079234007178303401e+01 1.071405721243780285e+01
1.091674074973762743e+01 1.098158431573206428e+01
1.105333449285074821e+01 1.117118846396266463e+01
1.136186795999305943e+01 1.129316016957958624e+01
1.147177327392405211e+01 1.155465080558199809e+01
1.175241227017858137e+01 1.165868955024305542e+01
1.185601016852855949e+01 1.192074046200685089e+01
1.211846727944194946e+01 1.202902550186076880e+01
1.219546736742679371e+01 1.230480331930914595e+01
1.239094820495911264e+01 1.248932038930568922e+01
1.261534003111753499e+01 1.266697309258549353e+01
1.287390726300156629e+01 1.278524025642205864e+01
1.306695850253476365e+01 1.298549482069700289e+01
1.314094923258522662e+01 1.324619342138823086e+01
1.344701662441592660e+01 1.333869781351057604e+01
1.364969925208041346e+01 1.354428442495844642e+01
1.373867901816929482e+01 1.382248450141298157e+01
1.392589168205859629e+01 1.401593972072792482e+01
1.409972602271072084e+01 1.420594831203839270e+01
1.440086341218014176e+01 1.430082223133116770e+01
1.460299843325652880e+01 1.449418273611385999e+01
1.478415272166962779e+01 1.468680360652612471e+01
1.498000329815189602e+01 1.486273320669100073e+01
1.506256165446301587e+01 1.516129331878971698e+01
1.529772064849159641e+01 1.535053795143565836e+01
1.556756015964024975e+01 1.543651322169018059e+01
1.575296492067980836e+01 1.565662101231665559e+01
1.594709146548716916e+01 1.582981813252493453e+01
1.613919722863915140e+01 1.600462191109622978e+01
1.634290705629978291e+01 1.623225936082029008e+01
1.652134126878360121e+01 1.639505591887989766e+01
1.672673298489335281e+01 1.661586069475888650e+01
1.694219920822700587e+01 1.680345458391013125e+01
1.711740248221837390e+01 1.695072353465167581e+01
1.717160705860180059e+01 1.729253592129740369e+01
1.751196202738455909e+01 1.737335025959484369e+01
1.771149968090558247e+01 1.757213442012331228e+01
1.772408647999528952e+01 1.787791470308571107e+01
1.809777916334239478e+01 1.794910787341594016e+01
1.813036582846324052e+01 1.824012088712355251e+01
1.847317943865322221e+01 1.834564279586953361e+01
1.864493890487212369e+01 1.852243470541727532e+01
1.885097260541006747e+01 1.872901970442370612e+01
1.903483624836862731e+01 1.887464575517379473e+01
1.923853193068238809e+01 1.906188598324832029e+01
1.943993176830372605e+01 1.934380147174390530e+01
1.963802100031731968e+01 1.956609819061344524e+01
1.968560775084634784e+01 1.980637906823141137e+01
