0.000000000000000000e+00 0.000000000000000000e+00
0.000000000000000000e+00 0.000000000000000000e+00
0.000000000000000000e+00 0.000000000000000000e+00
0.000000000000000000e+00 0.000000000000000000e+00
0.000000000000000000e+00 0.000000000000000000e+00
0.000000000000000000e+00 0.000000000000000000e+00
0.000000000000000000e+00 0.000000000000000000e+00
0.000000000000000000e+00 1.080781876023203109e-01
2.009958760311997272e-01 2.512703202652858181e+00
8.027404579720606725e-02 4.136235374360318851e+00
4.815973662645532727e+00 5.711978264447273190e+00
6.311911711964235394e+00 7.042114287395358829e+00
6.981043107208180665e+00 6.966920793048357652e+00
6.954093598503220619e+00 7.068575560277965408e+00
7.009645125162201396e+00 7.337228807962846489e+00
7.088070404778121336e+00 7.523258844214280039e+00
7.376840453165259603e+00 7.703118188102992647e+00
7.789994046814065598e+00 7.946242922572780643e+00
7.955795511611598592e+00 8.185977757983422975e+00
8.129317795879909880e+00 8.406684795224773410e+00
8.288681881918019911e+00 8.612678063738142598e+00
8.467470589030304140e+00 8.800584517739942214e+00
8.766549186211978650e+00 8.988395497373703691e+00
8.932331790103075875e+00 9.172404044968885728e+00
9.189880598782417920e+00 9.339068163848125437e+00
9.412600872615499270e+00 9.516324924468895219e+00
9.590379441513670500e+00 9.683971615607786632e+00
9.747061988633292984e+00 9.836145133236252391e+00
9.921212631787067693e+00 1.001366049877530706e+01
1.011502785911471314e+01 1.018354150727732055e+01
1.027247245618231197e+01 1.034806597791719085e+01
1.043031748400741598e+01 1.051993467088729339e+01
1.059433284753374771e+01 1.068599874525778759e+01
1.073917333922094919e+01 1.086557352628678252e+01
1.092600746222376706e+01 1.102361050302392442e+01
1.111694768773713093e+01 1.118359371532674018e+01
1.125691378232018280e+01 1.134450339557014331e+01
1.142411769676887445e+01 1.151221494497303155e+01
1.160204483215217763e+01 1.167062135987618099e+01
1.174256040842578841e+01 1.184085947458532750e+01
1.190171710369764924e+01 1.200842785983362759e+01
1.205606752101312829e+01 1.218387674973827117e+01
1.225318718673906737e+01 1.234318182241121953e+01
1.242749943469770990e+01 1.250679854191488261e+01
1.256636590696165534e+01 1.267802338751611657e+01
1.272536195433417383e+01 1.284655333674596989e+01
1.286569739590127526e+01 1.301125197433265157e+01
1.303497639893455862e+01 1.317897286446491734e+01
1.321345758126914660e+01 1.333733363507109004e+01
1.338402797092102858e+01 1.349688396125024425e+01
1.353196022671107990e+01 1.366922915386244775e+01
1.366693174815540957e+01 1.382310944412444975e+01
1.383813959209112987e+01 1.399212510160708867e+01
1.398464652147740495e+01 1.414963459088471964e+01
1.414084599621713778e+01 1.430574211108866933e+01
1.429283310336008839e+01 1.446530231430876512e+01
1.448096000774448910e+01 1.462162038020696109e+01
1.462424233602403234e+01 1.479010067615164026e+01
1.482677598297935440e+01 1.495203006422484648e+01
1.496953604724542863e+01 1.510719113606882580e+01
1.523878272771066378e+01 1.510639421958478934e+01
1.537997276882051878e+01 1.517845783880726884e+01
1.552541043081088645e+01 1.536533734278855867e+01
1.551816088099747937e+01 1.571836970872521100e+01
1.572557502803936735e+01 1.588241061156579015e+01
1.601404819071995433e+01 1.586052605839351415e+01
1.617264099576509295e+01 1.597198961492343550e+01
1.608059468698297678e+01 1.635419079078551263e+01
1.635465531101809233e+01 1.651832239974192973e+01
1.665476218851433998e+01 1.647944665358858529e+01
1.660611346371417696e+01 1.683343871951737825e+01
1.697117518463845087e+01 1.679750584797928781e+01
1.713954447109795254e+01 1.693158452703178085e+01
1.728853535677952991e+01 1.710569128970465513e+01
1.729899590718031988e+01 1.746581255693661916e+01
1.760116830285192080e+01 1.735624120822143368e+01
1.776522936491731741e+01 1.756264796980844167e+01
1.793066989680274403e+01 1.775489766246380796e+01
1.788991416071175067e+01 1.808209908993645954e+01
1.824653761199536106e+01 1.806079621953000114e+01
1.826265114770830422e+01 1.842121793853802458e+01
1.858720759635116693e+01 1.840554215566537266e+01
1.874379579361620074e+01 1.855243716839937207e+01
1.873639238622217462e+01 1.890606295645640245e+01
1.884969946406674168e+01 1.906298496013538468e+01
1.923153609877291359e+01 1.906649144800548257e+01
1.918352026671816901e+01 1.939103572151479327e+01
1.936425675568317217e+01 1.956184723018506944e+01
1.972984762805209868e+01 1.956630301289618501e+01
1.988846749986254281e+01 1.971210988668704545e+01
2.007474557448351504e+01 1.989638921319077980e+01
2.005040605138351140e+01 2.022021599451587193e+01
2.023656410754600898e+01 2.040462071653536569e+01
2.058804684173505350e+01 2.039242513619897679e+01
2.058234619481457628e+01 2.072999583910641519e+01
2.092378058039999900e+01 2.074033479069655428e+01
2.091011109162962356e+01 2.106408173985208521e+01
2.126640931196585171e+01 2.105627518648807239e+01
2.143231276209734659e+01 2.119877216731223157e+01
2.160296772894801620e+01 2.142398047086451385e+01
2.179403244196468492e+01 2.163956462251163515e+01
