0.000000000000000000e+00 0.000000000000000000e+00
0.000000000000000000e+00 0.000000000000000000e+00
0.000000000000000000e+00 0.000000000000000000e+00
0.000000000000000000e+00 0.000000000000000000e+00
0.000000000000000000e+00 0.000000000000000000e+00
0.000000000000000000e+00 0.000000000000000000e+00
0.000000000000000000e+00 0.000000000000000000e+00
0.000000000000000000e+00 8.875536317094995242e-02
2.304673077101241363e-01 2.514013827852401572e+00
1.860578331960033860e-01 2.788080260213952499e+00
5.374785731928884758e+00 5.148561179445045433e+00
4.763290539062008833e+00 6.277638569477277386e+00
6.454806767680421942e+00 6.519769641079078859e+00
6.525219143097155339e+00 6.670262125136869891e+00
6.626221394423609468e+00 6.710181504381542261e+00
6.798850262845764547e+00 6.981565466694744870e+00
6.845553991797627802e+00 7.133812456723783058e+00
7.162125540430536397e+00 7.372883453860124447e+00
7.296125741377524676e+00 7.696034185005504291e+00
7.632992156650183269e+00 7.964821489172799751e+00
7.928477783665653256e+00 8.160293510321487531e+00
8.247320430612001374e+00 8.362411000259610816e+00
8.451902512380625510e+00 8.566857551950590732e+00
8.637595720890137940e+00 8.756581045232538330e+00
8.824808647709319942e+00 8.925194674075806134e+00
8.984900961052684210e+00 9.101072948297844079e+00
9.154739435981934292e+00 9.273910591013457605e+00
9.327777323372876239e+00 9.448022466901079497e+00
9.463823523976113705e+00 9.603810389921255464e+00
9.658215736554618402e+00 9.770317156857755592e+00
9.836406465314281533e+00 9.927541411166609819e+00
1.000250380868731170e+01 1.009339733075020185e+01
1.017153066530341299e+01 1.024801098269797706e+01
1.033318818920229631e+01 1.042520932552789859e+01
1.050126606280420383e+01 1.059671621271109387e+01
1.067715571522929174e+01 1.076782122686874033e+01
1.084866616489176216e+01 1.092902526703711708e+01
1.101195834675939267e+01 1.109479204531952412e+01
1.117952949434059029e+01 1.125244835494984308e+01
1.132595090839954288e+01 1.141589981789149100e+01
1.149351386460777569e+01 1.158961231347452170e+01
1.165546389120614457e+01 1.176003385761055675e+01
1.184017454386033918e+01 1.192667634185378844e+01
1.197984879581222906e+01 1.209251933619779429e+01
1.213112444474319673e+01 1.224839121846067513e+01
1.231524319163095527e+01 1.242020927700397337e+01
1.246322519777807614e+01 1.258530749987317421e+01
1.261691999168559875e+01 1.273455476406462594e+01
1.277520192867988236e+01 1.290124751378424328e+01
1.296978559489484972e+01 1.306122600415911528e+01
1.309224724766854031e+01 1.321689124630876933e+01
1.322825560911206999e+01 1.337253762889117326e+01
1.349661975681671322e+01 1.336485975854339792e+01
1.363579359180654116e+01 1.349268790522025796e+01
1.364516783394786437e+01 1.383346515286303102e+01
1.383114449424309278e+01 1.398571358699356360e+01
1.399792119192589723e+01 1.415461395372175701e+01
1.418340191419089180e+01 1.430955721247415013e+01
1.435782672653310676e+01 1.447948987175082891e+01
1.460625226109822172e+01 1.446967074399628572e+01
1.467040568260143729e+01 1.478835722482632775e+01
1.481687017840262222e+01 1.494182363087203669e+01
1.496142037295357952e+01 1.511488709445186096e+01
1.525648978996895977e+01 1.510824012359635660e+01
1.527705080520495073e+01 1.542426107334918761e+01
1.555326014904945175e+01 1.544319964048947469e+01
1.571886945586544648e+01 1.563341725824242801e+01
1.587104669907867560e+01 1.577094257250484688e+01
1.595548488839536816e+01 1.605316298299654676e+01
1.605645333848054790e+01 1.622191334667079587e+01
1.637087223851226980e+01 1.627663290748831315e+01
1.652721743526296194e+01 1.643275683683062738e+01
1.657691888418136372e+01 1.671440876578695622e+01
1.686318935584404599e+01 1.676487176006312652e+01
1.689407632534114612e+01 1.701943923793979252e+01
1.719246565855811326e+01 1.704600924356497771e+01
1.723966641318207493e+01 1.735891731285538953e+01
1.751919127400477549e+01 1.743073350898037788e+01
1.755979553819037164e+01 1.768922869574236856e+01
1.786009718099824894e+01 1.770279060725909659e+01
1.802757037541044483e+01 1.789087878506649076e+01
1.819333422192087113e+01 1.809650971120760587e+01
1.823218897782160752e+01 1.835912554448261247e+01
1.836917041746884038e+01 1.852186369599930416e+01
1.869926846501578410e+01 1.855065987282871731e+01
1.886818627450444907e+01 1.873985262724001188e+01
1.904956190678755945e+01 1.888041478159879105e+01
1.921996410365477459e+01 1.905241443670539070e+01
1.938984044386381456e+01 1.917076341223025793e+01
1.942835001756982294e+01 1.952623486500801420e+01
1.949730357176769857e+01 1.970799350196092803e+01
1.989747936196236822e+01 1.973713220984984318e+01
2.006501856522366012e+01 1.990757447665644975e+01
2.023740459469833297e+01 1.998904540783929562e+01
2.040936487063348537e+01 2.028227720224265340e+01
2.059054863775081401e+01 2.035270377694992661e+01
2.075853895413716188e+01 2.055956495280405250e+01
2.095013486473189701e+01 2.075801380335076018e+01
2.099207075668587308e+01 2.108435530863782859e+01
2.131132938736118376e+01 2.104777067658033474e+01
2.148349536833380569e+01 2.134108707596360688e+01
