0.000000000000000000e+00 0.000000000000000000e+00
0.000000000000000000e+00 0.000000000000000000e+00
0.000000000000000000e+00 0.000000000000000000e+00
0.000000000000000000e+00 0.000000000000000000e+00
0.000000000000000000e+00 0.000000000000000000e+00
0.000000000000000000e+00 0.000000000000000000e+00
0.000000000000000000e+00 0.000000000000000000e+00
5.004863546982204342e-02 8.493783924955561337e-02
5.004863546982204342e-02 5.719844053693947522e-02
9.958234402880980496e-02 5.667561938760217188e-01
5.688119661030047958e+00 7.863557974514518989e+00
7.082460553498261646e+00 8.261248519552417235e+00
8.194957248287117579e+00 8.324393267036784394e+00
8.285088058314379111e+00 8.465027428772033957e+00
8.396500373779923976e+00 8.597168955626390385e+00
8.632617926568405764e+00 8.824011307044603569e+00
8.845749569823279757e+00 9.074971746973091058e+00
8.974999666949990740e+00 9.324280031060704133e+00
9.104995086365100576e+00 9.624411500805635455e+00
9.445383514693727278e+00 9.824204511103735271e+00
9.699928494976088444e+00 1.005646078615630579e+01
9.964119940496411587e+00 1.020105965108075807e+01
1.011100348938424709e+01 1.035886191380627253e+01
1.035412974072248993e+01 1.052613668513180478e+01
1.054629166618003389e+01 1.070050542173177988e+01
1.070890710163546267e+01 1.086692586898971946e+01
1.088305705691641023e+01 1.102447051507069986e+01
1.107066977615017045e+01 1.119067796237488466e+01
1.122093758902897065e+01 1.135381086566465925e+01
1.136549660482418744e+01 1.152377070728637243e+01
1.155291817210351013e+01 1.169351609517923762e+01
1.171811696497728406e+01 1.185415720031850562e+01
1.190460443208466046e+01 1.202150787355637540e+01
1.206065187017124174e+01 1.218617330961782130e+01
1.222376970399021090e+01 1.235364045621287765e+01
1.238359212652431651e+01 1.252265872599940799e+01
1.257155591363296665e+01 1.268416822044313719e+01
1.271084183554265401e+01 1.284182606310846531e+01
1.290544713778994534e+01 1.301081213627428390e+01
1.306977726151120045e+01 1.317656040291299036e+01
1.319484925815369714e+01 1.333940020422500083e+01
1.336849557164563151e+01 1.350393594928284813e+01
1.353033340243028881e+01 1.365595574712201099e+01
1.371239093084873772e+01 1.382510525651257183e+01
1.388392452862119519e+01 1.399805174306370148e+01
1.404924705685235509e+01 1.416180977292858145e+01
1.418403834521464724e+01 1.432300520504756136e+01
1.436205044255484786e+01 1.449245990769983727e+01
1.450946358298331873e+01 1.465690706483265870e+01
1.467103695116928286e+01 1.481767953314474795e+01
1.482456389857421186e+01 1.499208854705278604e+01
1.501617098702458364e+01 1.516149590973998862e+01
1.516393692521352321e+01 1.532089122734114639e+01
1.533555160367220616e+01 1.548157404431615980e+01
1.550034323935450509e+01 1.564638459146234695e+01
1.566120194921583142e+01 1.580672313256373762e+01
1.581919914480660694e+01 1.596221373069434257e+01
1.597688474893279498e+01 1.612844880207716258e+01
1.615565571249478793e+01 1.627983587902714291e+01
1.631645623121047350e+01 1.644066500360863969e+01
1.650017463048972743e+01 1.660749303869348381e+01
1.666097129445666170e+01 1.676464163528567397e+01
1.678454653139039010e+01 1.692758046070575517e+01
1.695589012344321134e+01 1.709827161194157696e+01
1.713682813417199213e+01 1.725766824959021761e+01
1.729005281683075879e+01 1.741861921431975446e+01
1.740906775750056212e+01 1.758900797674103345e+01
1.759084011864714014e+01 1.775527073317495663e+01
1.772165885357508941e+01 1.790821662046040430e+01
1.796503712671485431e+01 1.807413793126904622e+01
1.808920162288166367e+01 1.824486643174317990e+01
1.830729504920693174e+01 1.839754443318874877e+01
1.843190131090588935e+01 1.855948490794034811e+01
1.856639888812343386e+01 1.872569737857902439e+01
1.874592416619826096e+01 1.889220474606046096e+01
1.883890688395823076e+01 1.904344192289228488e+01
1.906185137219111425e+01 1.921448479594773673e+01
1.912365378264709292e+01 1.936925672298238510e+01
1.934827830214538480e+01 1.953962753061618685e+01
1.949020446503822868e+01 1.970050347406120395e+01
1.966409498443346138e+01 1.986187944619394585e+01
1.976828436963164748e+01 2.002730222766928847e+01
2.004102956230266486e+01 2.019091312895116630e+01
2.013828221951903785e+01 2.035162529153967625e+01
2.048323687217432720e+01 2.031018029997486707e+01
2.063867020265732322e+01 2.047670727051878004e+01
2.061159531234034148e+01 2.083290236983065213e+01
2.080986583472037665e+01 2.098057222549368106e+01
2.097161533554681512e+01 2.115371263343785557e+01
2.111833493945821161e+01 2.132410084073918455e+01
2.145245827196237443e+01 2.130305140815785947e+01
2.161791198902341549e+01 2.138704200747953976e+01
2.153610159421971204e+01 2.180022495515390091e+01
2.181085026335329147e+01 2.197652926616049029e+01
2.212209704070465932e+01 2.191362945730477563e+01
2.228192678185398279e+01 2.204237456561480002e+01
2.219216915671464463e+01 2.245931474019458562e+01
2.262267526758947511e+01 2.235005241839674284e+01
2.278389806939049222e+01 2.253413465269360572e+01
2.295162026908106512e+01 2.267412644355065865e+01
2.312038413746181575e+01 2.295539210801210572e+01
