0.000000000000000000e+00 0.000000000000000000e+00
0.000000000000000000e+00 0.000000000000000000e+00
0.000000000000000000e+00 0.000000000000000000e+00
0.000000000000000000e+00 0.000000000000000000e+00
0.000000000000000000e+00 0.000000000000000000e+00
0.000000000000000000e+00 0.000000000000000000e+00
0.000000000000000000e+00 0.000000000000000000e+00
0.000000000000000000e+00 0.000000000000000000e+00
0.000000000000000000e+00 0.000000000000000000e+00
0.000000000000000000e+00 0.000000000000000000e+00
0.000000000000000000e+00 0.000000000000000000e+00
0.000000000000000000e+00 0.000000000000000000e+00
0.000000000000000000e+00 0.000000000000000000e+00
0.000000000000000000e+00 0.000000000000000000e+00
0.000000000000000000e+00 0.000000000000000000e+00
0.000000000000000000e+00 0.000000000000000000e+00
0.000000000000000000e+00 0.000000000000000000e+00
0.000000000000000000e+00 0.000000000000000000e+00
0.000000000000000000e+00 0.000000000000000000e+00
0.000000000000000000e+00 0.000000000000000000e+00
0.000000000000000000e+00 0.000000000000000000e+00
0.000000000000000000e+00 0.000000000000000000e+00
4.242242926202182685e-01 4.580988275982664781e+00
1.901924713551599311e-01 6.856743856207048182e+00
1.918060580410602567e+00 7.283095391138088459e+00
7.249301050029083981e+00 7.415177139785103400e+00
7.411780731683536239e+00 7.545122816058484005e+00
7.673726047178316634e+00 7.594702522467762229e+00
7.724250088764217814e+00 7.854317409846772513e+00
7.955471337085772809e+00 7.887299567124446575e+00
8.064351968754820632e+00 8.011736256944109513e+00
8.166758184201180271e+00 8.230478503447169913e+00
8.345489835056818961e+00 8.395335799098507579e+00
8.499610351324836444e+00 8.555361457948077231e+00
8.650923350360065101e+00 8.708991628300791987e+00
8.797796814236699348e+00 8.852613669059840262e+00
8.988709439146733260e+00 8.939118277673486546e+00
9.144289742993535697e+00 9.099357056743100358e+00
9.239535114855424780e+00 9.292348302739563692e+00
9.448572426164691507e+00 9.408376872466252649e+00
9.597771012836863846e+00 9.557888976848355256e+00
9.751224147416470700e+00 9.728564418717418505e+00
9.910671051136974441e+00 9.845922408411041715e+00
1.007224469034554382e+01 1.003052392115155200e+01
1.024621907606795013e+01 1.018227973145837417e+01
1.039674539241069873e+01 1.035098481004653515e+01
1.056065537209980576e+01 1.054449404674771529e+01
1.072667188857629128e+01 1.066417651101896702e+01
1.089915742387792008e+01 1.078892158219588815e+01
1.107549036177278268e+01 1.095511867123978256e+01
1.123979322841761253e+01 1.116390446405035242e+01
1.141265194223960755e+01 1.133639186254121967e+01
1.159387618235481376e+01 1.147922957903171159e+01
1.176151096896102821e+01 1.165429321290243081e+01
1.194704566885279284e+01 1.183648374396183911e+01
1.211415667938325491e+01 1.194689280075900406e+01
1.229211194230731508e+01 1.210448188046303919e+01
1.247430841810022883e+01 1.237405988872444951e+01
1.265429207057886707e+01 1.250553475863873487e+01
1.283646492744695777e+01 1.264389071493894967e+01
1.301881748093735958e+01 1.286327253105332602e+01
1.320197840632467035e+01 1.302071631928521711e+01
1.337671588519222432e+01 1.318639916887232744e+01
1.354574131542193882e+01 1.340138662405818515e+01
1.373892537607858877e+01 1.350700891632916978e+01
1.391569530617764450e+01 1.370654013704025687e+01
1.410041253855414922e+01 1.389823123959392426e+01
1.428691790368915449e+01 1.402889859396125161e+01
1.445898734333272984e+01 1.422293390430284710e+01
1.464806701827621360e+01 1.437729389200700503e+01
1.483062221923150048e+01 1.460184342688623182e+01
1.502097857205367326e+01 1.473050908691901384e+01
1.519568065828384107e+01 1.488282678224677724e+01
1.538213364497258695e+01 1.507003298003642477e+01
1.557177338870769390e+01 1.515438900376891596e+01
1.574305679636211330e+01 1.546232240076428788e+01
1.593429102568612166e+01 1.566518292111852340e+01
1.610956759105192049e+01 1.576876201400519406e+01
1.631077799521389693e+01 1.601115313998790768e+01
1.650135624006983903e+01 1.609608546306020926e+01
1.667818231476998037e+01 1.629383412188299118e+01
1.685472362316069095e+01 1.644856711190424292e+01
1.705804166204717731e+01 1.666182298404308071e+01
1.722493920916197396e+01 1.684290384425427689e+01
1.742235594845701030e+01 1.702178738216396425e+01
1.759772187012220357e+01 1.721138044317419258e+01
1.779509975723651038e+01 1.736401602950624579e+01
1.797159815996294085e+01 1.762590048495917827e+01
1.814626326311350013e+01 1.781849031583515242e+01
1.834255723756099243e+01 1.802849736323933527e+01
1.852176907318832377e+01 1.805532572891961252e+01
1.872010147957153592e+01 1.826360852276986080e+01
1.891399153188491056e+01 1.846819429503356957e+01
1.909858538419026885e+01 1.871080333814393626e+01
1.928120832621181435e+01 1.888145820144376330e+01
1.948346009765672804e+01 1.894808712515263238e+01
1.968294019717516363e+01 1.919574071649785196e+01
1.986086883236478329e+01 1.939505104919357237e+01
2.004714785307616154e+01 1.955973713087084320e+01
2.023895602428466844e+01 1.974385077334412486e+01
2.043572461149671682e+01 1.993010269798800138e+01
