0.000000000000000000e+00 0.000000000000000000e+00
0.000000000000000000e+00 0.000000000000000000e+00
0.000000000000000000e+00 0.000000000000000000e+00
0.000000000000000000e+00 0.000000000000000000e+00
4.821858329324213432e-02 0.000000000000000000e+00
3.735893881185141652e-01 1.548731737749094117e+00
2.765004312564066868e+00 2.460985723360524347e+00
2.623827933590426653e+00 2.885902872838303157e+00
2.966871413080577113e+00 2.994651702210147537e+00
3.078766122625049562e+00 3.145517562960263191e+00
3.251235374442089210e+00 3.305303263375753975e+00
3.388497729378666889e+00 3.464872294124446750e+00
3.560068668321463736e+00 3.659440529123664021e+00
3.708014612019919554e+00 3.866580074990713545e+00
3.918449407865645551e+00 4.071944172422540476e+00
4.101035518106991518e+00 4.258597051364613861e+00
4.312624911428510011e+00 4.462963994504993259e+00
4.505547895033640060e+00 4.653191913899920706e+00
4.703493517106096533e+00 4.849947599598389836e+00
4.926102961756034126e+00 5.035995438947876046e+00
5.116255198684386940e+00 5.222858749036584314e+00
5.304518364120696994e+00 5.405287362215000613e+00
5.487902440206331889e+00 5.595972862439994699e+00
5.670964094087794116e+00 5.789536302921717947e+00
5.858664728439630487e+00 5.972788436432154846e+00
6.054472482013546042e+00 6.156124396626042383e+00
6.233517483920494762e+00 6.324158255400432083e+00
6.406834604706348912e+00 6.503124931906362427e+00
6.587339187891520176e+00 6.669924884788670738e+00
6.756054795770386256e+00 6.847952579910192128e+00
7.003460595580500048e+00 6.922344588306899027e+00
7.161166725992285542e+00 7.095610300522759317e+00
7.247757683415031238e+00 7.339622668730137356e+00
7.423337654957416376e+00 7.510607343199182218e+00
7.671050080590448239e+00 7.611843895701790430e+00
7.778344343635709812e+00 7.858659033371723446e+00
8.024408493684550336e+00 7.928628875658538355e+00
8.095135244290196042e+00 8.217860086547551290e+00
8.323698627812001760e+00 8.398144187405046424e+00
8.474079921205962762e+00 8.583867551782759620e+00
8.766787616867553368e+00 8.628696815227897332e+00
8.807557367721013719e+00 8.954531960702917459e+00
9.120540244093207960e+00 9.032710120408090404e+00
9.186300254916385910e+00 9.314144119868423388e+00
9.477942878558270223e+00 9.409461945909722402e+00
9.668593779244469388e+00 9.557669812279897315e+00
9.849419910750350837e+00 9.710246310738227749e+00
9.888102070936277244e+00 1.003706391972320056e+01
1.007397608997791849e+01 1.021703938073499174e+01
1.039755513356030292e+01 1.023519991190723211e+01
1.058298193927694975e+01 1.041826540780080812e+01
1.078094055108776317e+01 1.060243469104396929e+01
1.083804350603313438e+01 1.095645910095685416e+01
1.114138976071921228e+01 1.097846030710638843e+01
1.133715657255164544e+01 1.111904470501102971e+01
1.151986151153696092e+01 1.135351470038225230e+01
1.169034115074911995e+01 1.154835709485299056e+01
1.187775256683025482e+01 1.172654134526452019e+01
1.205222913683326880e+01 1.186028260323906913e+01
1.224195464664036237e+01 1.211447525108573764e+01
1.242500710477071024e+01 1.217544181351349586e+01
1.260933508096681699e+01 1.246749713443365692e+01
1.278754178389997520e+01 1.260197336468802121e+01
1.298032194286356500e+01 1.285889624279156784e+01
1.316113557368077736e+01 1.304116235788028177e+01
1.335794044880648279e+01 1.314676651622358783e+01
1.355507696654747463e+01 1.338502311268010381e+01
1.373935884274957075e+01 1.354320363223107471e+01
1.393110586338802825e+01 1.375905422827659841e+01
1.411384389009502627e+01 1.398533305775271174e+01
1.412014445503011295e+01 1.429554357818483723e+01
1.450221418877217161e+01 1.428089408087151924e+01
1.467430147061746304e+01 1.447367976314432525e+01
1.485808757097121102e+01 1.467084779771943026e+01
1.505978834734763616e+01 1.487836539137533975e+01
1.524789014810742493e+01 1.508491107450652891e+01
1.544500220674305524e+01 1.527039674635441280e+01
1.561193418209425232e+01 1.543505172328172392e+01
1.581638838018418802e+01 1.562967563971042750e+01
1.599152879041895403e+01 1.580789472664044304e+01
1.599090419797115636e+01 1.615853617660783925e+01
1.620883691513405012e+01 1.632673842243517726e+01
1.634679516559251411e+01 1.650408696779458495e+01
1.673363044288811352e+01 1.653119204111856533e+01
1.691445455049208491e+01 1.674951618550221610e+01
1.709992567201829416e+01 1.690643840668700904e+01
1.729659050939185150e+01 1.710989879720859719e+01
1.748891126956824849e+01 1.734417167829399631e+01
1.767742677299674625e+01 1.753694122377414288e+01
1.787669797641244784e+01 1.766446467558898092e+01
1.807498842016874008e+01 1.781927478410712951e+01
1.825266030519427929e+01 1.805571860780718652e+01
1.845338164664302738e+01 1.821712024840792310e+01
1.864872989392568314e+01 1.847673023051583030e+01
1.884840355072451601e+01 1.867937479678180068e+01
1.902387369634859482e+01 1.884293631627420140e+01
1.922106944226468528e+01 1.902657179442633151e+01
1.941895375833703241e+01 1.922084076848447154e+01
1.960993588007054811e+01 1.943127994552040150e+01
1.980495593191492887e+01 1.962067448834409333e+01
2.001171675243424275e+01 1.981839502022983623e+01
