0.000000000000000000e+00 0.000000000000000000e+00
0.000000000000000000e+00 0.000000000000000000e+00
0.000000000000000000e+00 0.000000000000000000e+00
0.000000000000000000e+00 0.000000000000000000e+00
0.000000000000000000e+00 0.000000000000000000e+00
0.000000000000000000e+00 0.000000000000000000e+00
0.000000000000000000e+00 0.000000000000000000e+00
0.000000000000000000e+00 0.000000000000000000e+00
0.000000000000000000e+00 0.000000000000000000e+00
0.000000000000000000e+00 0.000000000000000000e+00
0.000000000000000000e+00 0.000000000000000000e+00
0.000000000000000000e+00 0.000000000000000000e+00
1.707187410634902758e-01 0.000000000000000000e+00
0.000000000000000000e+00 -3.585684382341221277e-02
1.736623133221242565e-01 0.000000000000000000e+00
1.238053153685785834e-01 0.000000000000000000e+00
3.128344000249091428e-01 4.693216742748157699e+00
3.534923357240995045e+00 3.145067688482346746e+00
5.120684529846679212e+00 6.060143122019332473e+00
5.985304990018103233e+00 6.376591027811852719e+00
6.416050309528954720e+00 6.424685874927567930e+00
6.508604441753646164e+00 6.478050824746734548e+00
6.675036756986565400e+00 6.756636956494083357e+00
6.811948805120437100e+00 6.907536322811281160e+00
6.928157683112209142e+00 7.108502142862114681e+00
7.080405876774676699e+00 7.262605791794976007e+00
7.245133309616232253e+00 7.418915204706292066e+00
7.466832424028666537e+00 7.555667523604650881e+00
7.668099606731609619e+00 7.632391682811389799e+00
7.761590039553564857e+00 7.851121569653198407e+00
7.927727593219270119e+00 8.004356910556110094e+00
8.059954259509204633e+00 8.142406228953230851e+00
8.269167521702298629e+00 8.237813663910273476e+00
8.368291647379422216e+00 8.424886814097050092e+00
8.534761316590428137e+00 8.575394147307314086e+00
8.718757904193957131e+00 8.683919986303838101e+00
8.869867863449300671e+00 8.823205751124442386e+00
9.013167209489401088e+00 8.981967559826596670e+00
9.169637555610249180e+00 9.113503935364322572e+00
9.299222159774801710e+00 9.325894160526445376e+00
9.476946569335883197e+00 9.385204931881418133e+00
9.632926422591133075e+00 9.610149861786785763e+00
9.804476732538280004e+00 9.791117996753891717e+00
9.967662195406479242e+00 9.915066556670748099e+00
1.013032613132830662e+01 1.008536691808334318e+01
1.029609161986326527e+01 1.021021816701944829e+01
1.047248678271144051e+01 1.039199005058195979e+01
1.063225611629715495e+01 1.055819223411304186e+01
1.079750530692668775e+01 1.071323231665394005e+01
1.097075950558856405e+01 1.091926528144703390e+01
1.114326377456947448e+01 1.108648176628402560e+01
1.130937528872396491e+01 1.125111562296283552e+01
1.148666274259304743e+01 1.140320185287220234e+01
1.166432499265153844e+01 1.155857707049388061e+01
1.184423874996414483e+01 1.174416943404060554e+01
1.202639491240403125e+01 1.190752757160176678e+01
1.220502117518951124e+01 1.209026691384042174e+01
1.239227948381188860e+01 1.226614000634933532e+01
1.256713094992583457e+01 1.245198477422258776e+01
1.275295039410406872e+01 1.260709729931654799e+01
1.293526524579674053e+01 1.279871588075336142e+01
1.311935585579827013e+01 1.299275872070257876e+01
1.329427114806660093e+01 1.315505390384432616e+01
1.348453168196677510e+01 1.327480983669787662e+01
1.366227310111273496e+01 1.348688143256367056e+01
1.384847657040391056e+01 1.365535636350086435e+01
1.402420977724256801e+01 1.389441482413662676e+01
1.420381635931264519e+01 1.401803781361989287e+01
1.437775370190801105e+01 1.416073502051162514e+01
1.456369332883683043e+01 1.443301820833347193e+01
1.475321393807258197e+01 1.452516132752857914e+01
1.491309026007892591e+01 1.471635278516702350e+01
1.510207658010140896e+01 1.489599909399818145e+01
1.528055745617657557e+01 1.513258827378179916e+01
1.547119657463745668e+01 1.533622813034062737e+01
1.565351018765135116e+01 1.541660322471204481e+01
1.583101095411788073e+01 1.566926172490237512e+01
1.602286300882641967e+01 1.579725218003791376e+01
1.620863547432683305e+01 1.606700500293642264e+01
1.638393960176621178e+01 1.617385968567958088e+01
1.656937969006111899e+01 1.635175121601789527e+01
1.675678388159271748e+01 1.655932330558317034e+01
1.695538114297485421e+01 1.678200491038797182e+01
1.712805190945629974e+01 1.685671457265778983e+01
1.731409650176319914e+01 1.699365682048112447e+01
1.751123076159041148e+01 1.723712057569468215e+01
1.768651893686027421e+01 1.745185773633351545e+01
1.788023754933441367e+01 1.763557070846390928e+01
1.808028258095749763e+01 1.785813578890059006e+01
1.826224910123971767e+01 1.807003168435428364e+01
1.843914712917677079e+01 1.816142300052707270e+01
1.864134939746826802e+01 1.841039367723680797e+01
1.883047154887846375e+01 1.855686685062476471e+01
1.902113188200697280e+01 1.867559870474617156e+01
1.921414104484334473e+01 1.885089576149397317e+01
1.941208072650927718e+01 1.913731560897946338e+01
1.960780095640928877e+01 1.929556663021289609e+01
1.980337996453316407e+01 1.947782422117726853e+01
1.999803888077151370e+01 1.973389637299419519e+01
2.018027298423151805e+01 1.983507919624754123e+01
2.038978678422786217e+01 2.008688186105818829e+01
