0.000000000000000000e+00 0.000000000000000000e+00
0.000000000000000000e+00 0.000000000000000000e+00
0.000000000000000000e+00 0.000000000000000000e+00
0.000000000000000000e+00 0.000000000000000000e+00
0.000000000000000000e+00 0.000000000000000000e+00
0.000000000000000000e+00 0.000000000000000000e+00
0.000000000000000000e+00 0.000000000000000000e+00
0.000000000000000000e+00 0.000000000000000000e+00
0.000000000000000000e+00 0.000000000000000000e+00
0.000000000000000000e+00 0.000000000000000000e+00
0.000000000000000000e+00 0.000000000000000000e+00
0.000000000000000000e+00 0.000000000000000000e+00
0.000000000000000000e+00 0.000000000000000000e+00
0.000000000000000000e+00 0.000000000000000000e+00
0.000000000000000000e+00 0.000000000000000000e+00
0.000000000000000000e+00 0.000000000000000000e+00
0.000000000000000000e+00 0.000000000000000000e+00
1.962036058569515407e-01 5.350528181392641081e+00
3.090675905060481732e+00 5.446364526251729288e+00
5.063883074193806344e+00 6.416029062004900752e+00
6.393061311589187667e+00 6.403667136698733664e+00
6.614802161408177561e+00 6.646241504465936423e+00
6.728951682975144344e+00 6.821124774457281603e+00
6.905830670783933201e+00 6.838426632669516891e+00
7.000445107413305834e+00 7.107940616621455376e+00
7.108952639145491581e+00 7.301785663806872329e+00
7.278379636108778250e+00 7.445797749743064742e+00
7.435295286434689288e+00 7.589041716772629620e+00
7.594465201728876735e+00 7.724767277127458698e+00
7.837935164913304220e+00 7.724619400594953333e+00
7.917656715332089590e+00 8.000263332243148895e+00
8.090304199355630388e+00 8.144049770993674997e+00
8.272899023326669266e+00 8.256719897669121622e+00
8.412946280622231043e+00 8.432715794099166828e+00
8.570247308355737559e+00 8.548469525407163871e+00
8.715341700220230692e+00 8.704786516809049246e+00
8.863578721780728031e+00 8.848337808489503686e+00
9.017099698835894017e+00 9.001452102138035372e+00
9.151186870784345118e+00 9.196688043694681625e+00
9.343556065651416276e+00 9.309084067106518035e+00
9.508364252792844695e+00 9.463512804570431314e+00
9.664409056311086488e+00 9.609066018545448173e+00
9.831603615686523412e+00 9.765998690138530947e+00
9.993485662773078815e+00 9.914996209053873244e+00
1.015724660923361711e+01 1.012159125610992128e+01
1.032700021681204916e+01 1.025703309027593235e+01
1.048518146895611203e+01 1.043172885755561197e+01
1.065219501213418241e+01 1.060618642334671158e+01
1.083086637196642066e+01 1.077433481548559158e+01
1.099113690645562436e+01 1.093363169559190062e+01
1.116077095854089585e+01 1.104072413967175947e+01
1.133021357430666498e+01 1.123149791534880038e+01
1.150598426670329388e+01 1.135905768565382346e+01
1.167683896148803768e+01 1.159097531470813003e+01
1.185649052236529322e+01 1.179036681257569974e+01
1.202709913643315609e+01 1.188651564199286170e+01
1.219901002298874992e+01 1.211087786991467929e+01
1.237645997776168016e+01 1.228206688958963966e+01
1.255229787990404944e+01 1.243816789721858385e+01
1.273607264098682634e+01 1.262021070874737916e+01
1.290511956201387278e+01 1.283346189373219026e+01
1.309700456296074478e+01 1.297077132408831979e+01
1.328111349802442476e+01 1.314721311979313967e+01
1.347441612827947033e+01 1.334108649531269641e+01
1.365461420605892684e+01 1.348998570551367138e+01
1.383832275616142837e+01 1.364011271439804673e+01
1.403321582179301608e+01 1.385474391670820538e+01
1.420168886368981909e+01 1.403302689533017755e+01
1.438367503627570620e+01 1.421357085992616831e+01
1.456727985939759762e+01 1.444294074045165743e+01
1.475207388661551633e+01 1.457895165704380780e+01
1.493138821562055796e+01 1.477837771628160368e+01
1.511733223145605010e+01 1.497710085100326260e+01
1.530999241585908344e+01 1.514601485349131416e+01
1.549329970301948656e+01 1.532488714707590738e+01
1.567234998765992948e+01 1.549827952058512359e+01
1.585877370402571529e+01 1.566383616310791105e+01
1.604383781242137985e+01 1.588509173783141826e+01
1.623944353948836294e+01 1.610982578509344876e+01
1.642587042350077198e+01 1.620261477891516222e+01
1.663545424984483745e+01 1.641488989068989213e+01
1.681248087902860178e+01 1.656373214033577668e+01
1.700478444795690436e+01 1.677866734434629592e+01
1.719319035815729180e+01 1.695021649557166654e+01
1.738219920533397200e+01 1.718461948008315332e+01
1.757512404652884896e+01 1.722767204375811545e+01
1.776373409243376500e+01 1.756981864818349592e+01
1.795359403943176702e+01 1.767110375736938011e+01
1.814470054689074630e+01 1.784339321779158638e+01
1.832101965541002642e+01 1.808323500355432856e+01
1.851824518168129430e+01 1.829899149099782107e+01
1.870163132637107850e+01 1.849556666637629476e+01
1.889233069561073464e+01 1.858246333540445860e+01
1.907296153138522499e+01 1.877317731208512441e+01
1.927000208984213714e+01 1.899499737969537705e+01
1.945253982693083827e+01 1.918075128097966697e+01
1.964470230099520975e+01 1.934530380798423366e+01
1.982741309503369465e+01 1.951534965225065932e+01
2.002253933778001738e+01 1.958138728910596882e+01
2.023126010341109549e+01 1.988414726786703923e+01
2.040511743648219323e+01 2.008574942609646286e+01
