0.000000000000000000e+00 0.000000000000000000e+00
0.000000000000000000e+00 0.000000000000000000e+00
0.000000000000000000e+00 0.000000000000000000e+00
0.000000000000000000e+00 0.000000000000000000e+00
0.000000000000000000e+00 0.000000000000000000e+00
0.000000000000000000e+00 0.000000000000000000e+00
0.000000000000000000e+00 0.000000000000000000e+00
0.000000000000000000e+00 0.000000000000000000e+00
0.000000000000000000e+00 0.000000000000000000e+00
0.000000000000000000e+00 0.000000000000000000e+00
8.952307634091791200e-02 0.000000000000000000e+00
9.881950653413405783e-02 -6.551452331196903900e-02
1.180163756826316801e-01 0.000000000000000000e+00
2.136914167052681446e-01 0.000000000000000000e+00
2.934242586519465734e-02 -5.774975816347666102e-02
0.000000000000000000e+00 0.000000000000000000e+00
5.606670933144752844e-02 0.000000000000000000e+00
1.328500228179420595e-01 -1.812791117755702675e-01
1.897532176430810347e-01 0.000000000000000000e+00
1.322847572416323558e-01 0.000000000000000000e+00
1.484099024443392478e+00 8.059481448441765394e+00
3.177849412767288939e+00 6.248127730838615612e+00
4.353627299357685665e+00 7.044113568381854762e+00
6.886267358457994980e+00 7.026571353219620342e+00
7.184236918489733448e+00 7.237248887831488453e+00
7.262874314340098891e+00 7.294521376450484595e+00
7.439249971798946426e+00 7.438333589491734621e+00
7.562946984201881051e+00 7.636733866115147151e+00
7.710251254402927579e+00 7.791856604714002543e+00
7.841661437274797031e+00 7.938778614259009991e+00
8.051215272752392238e+00 8.008131433261647558e+00
8.174982909289754573e+00 8.135798610735822223e+00
8.305720621281286853e+00 8.259966554092635249e+00
8.439861436829072971e+00 8.548209195167741470e+00
8.591589095578955337e+00 8.687548413523968449e+00
8.755104210164613932e+00 8.823694671141515400e+00
8.970716044093585140e+00 8.921921694847164019e+00
9.118900404333336596e+00 9.062656215909173696e+00
9.276482008243281285e+00 9.208827154860628639e+00
9.424285310961417750e+00 9.344240527790047324e+00
9.584251931427679949e+00 9.502969134264008133e+00
9.739990359565643629e+00 9.660260970933217450e+00
9.898570691220028195e+00 9.804136061694302740e+00
1.005411738403654454e+01 9.952132588076851860e+00
1.020788369150844410e+01 1.009817658999711476e+01
1.036694532630134447e+01 1.026028531438527125e+01
1.053509009825011233e+01 1.044765954918797490e+01
1.069592401923823033e+01 1.058748697312429954e+01
1.087054404829315146e+01 1.076695420529046565e+01
1.102901735130819993e+01 1.090893417677688149e+01
1.121584485372984830e+01 1.107989793062375838e+01
1.137522879942994258e+01 1.125079889751528128e+01
1.156318100728181619e+01 1.145214741441588302e+01
1.172805628489275165e+01 1.162919413199733043e+01
1.189611082251066421e+01 1.180428623383684794e+01
1.208429981444175461e+01 1.198114906986812755e+01
1.225356671368572137e+01 1.208664803711858227e+01
1.242494582901021793e+01 1.227448971714213322e+01
1.260990787860567686e+01 1.248121953663458861e+01
1.278766727617688481e+01 1.267542822581124717e+01
1.295318204484959246e+01 1.282035860533100724e+01
1.313007759975405797e+01 1.298619018611121234e+01
1.331291143482056505e+01 1.307769212531258063e+01
1.351136333621168362e+01 1.338640100824097523e+01
1.366574424639427221e+01 1.340202071921313021e+01
1.385898246449735360e+01 1.360966362197649104e+01
1.403560070295106499e+01 1.387465107071149006e+01
1.422130407577918021e+01 1.402217810402106934e+01
1.440020747762300601e+01 1.417924971697986258e+01
1.458428836602437251e+01 1.435005085948021453e+01
1.475127230488534025e+01 1.460379699633178596e+01
1.495463799437228403e+01 1.473837600422048055e+01
1.514281498864752606e+01 1.490829591822591382e+01
1.532129892735086152e+01 1.508495223402886509e+01
1.550545923083896938e+01 1.525487900145505549e+01
1.570831050140605889e+01 1.543624384060298738e+01
1.589155917285442143e+01 1.564422375995041392e+01
1.606672866958743384e+01 1.578826382123845207e+01
1.626148433732518939e+01 1.595952926811883721e+01
1.644038107565829776e+01 1.617007070490387832e+01
1.663106665674316886e+01 1.633197398197593841e+01
1.682002498691038639e+01 1.652345032426501348e+01
1.699427080408137769e+01 1.665726303743198145e+01
1.718264603391030221e+01 1.690163810992244819e+01
1.736882395935386114e+01 1.698624286036601916e+01
1.755762564733866782e+01 1.725182986243796179e+01
1.774651946482897102e+01 1.737379075397106476e+01
1.792729484680144481e+01 1.754426961777721772e+01
1.811605557683909851e+01 1.772896172366542800e+01
1.831401401310305488e+01 1.791575011355180536e+01
1.850047112855695985e+01 1.803197310383733054e+01
1.869268064916101579e+01 1.826000454014370789e+01
1.886979801468005746e+01 1.841050105862709785e+01
1.906054775669033319e+01 1.866617966442786170e+01
1.925296935922417418e+01 1.884959071473855730e+01
1.943247286910089144e+01 1.897464432659992895e+01
1.962594932630737432e+01 1.922100033640755967e+01
1.980865342796218798e+01 1.945300226966020674e+01
1.999910232412834432e+01 1.953966463930106912e+01
2.019149208466951961e+01 1.972849157896940397e+01
2.037951165443917034e+01 1.992746461907165312e+01
