0.000000000000000000e+00 0.000000000000000000e+00
0.000000000000000000e+00 0.000000000000000000e+00
0.000000000000000000e+00 0.000000000000000000e+00
0.000000000000000000e+00 0.000000000000000000e+00
0.000000000000000000e+00 0.000000000000000000e+00
0.000000000000000000e+00 0.000000000000000000e+00
0.000000000000000000e+00 0.000000000000000000e+00
0.000000000000000000e+00 0.000000000000000000e+00
0.000000000000000000e+00 0.000000000000000000e+00
0.000000000000000000e+00 0.000000000000000000e+00
0.000000000000000000e+00 0.000000000000000000e+00
0.000000000000000000e+00 0.000000000000000000e+00
0.000000000000000000e+00 0.000000000000000000e+00
0.000000000000000000e+00 0.000000000000000000e+00
0.000000000000000000e+00 0.000000000000000000e+00
0.000000000000000000e+00 0.000000000000000000e+00
0.000000000000000000e+00 0.000000000000000000e+00
0.000000000000000000e+00 0.000000000000000000e+00
0.000000000000000000e+00 0.000000000000000000e+00
0.000000000000000000e+00 0.000000000000000000e+00
0.000000000000000000e+00 0.000000000000000000e+00
0.000000000000000000e+00 0.000000000000000000e+00
0.000000000000000000e+00 0.000000000000000000e+00
0.000000000000000000e+00 0.000000000000000000e+00
0.000000000000000000e+00 0.000000000000000000e+00
0.000000000000000000e+00 0.000000000000000000e+00
0.000000000000000000e+00 0.000000000000000000e+00
0.000000000000000000e+00 0.000000000000000000e+00
0.000000000000000000e+00 1.297389133510379877e-01
0.000000000000000000e+00 0.000000000000000000e+00
2.072778825287505011e+00 2.404373493375011162e+00
2.589799030220270915e+00 3.324162680135532622e+00
2.773528315931508281e+00 4.017232809116279668e+00
2.483248681509458322e+00 4.513759864151211332e+00
4.809155791047721173e+00 6.613946487330992774e+00
5.779228357725780363e+00 9.642971454356768390e+00
9.437473172008811417e+00 1.062557314042990875e+01
1.129512756143797070e+01 1.151113636664071294e+01
1.194598348226255702e+01 1.232423442353715615e+01
1.244107774248850262e+01 1.282862223799275547e+01
1.293154064664395619e+01 1.323725581338428547e+01
1.331857664219871218e+01 1.354613727879502072e+01
1.368495187043368766e+01 1.381204658083629511e+01
1.395794121108232488e+01 1.405106244296981188e+01
1.418479642172805200e+01 1.427629575771734594e+01
1.446211796786793258e+01 1.440065900735814708e+01
1.458343408785432693e+01 1.474048508364646359e+01
1.486261342994679779e+01 1.499285847962179830e+01
1.509740860686806840e+01 1.523145174657998702e+01
1.535853361372184267e+01 1.545125814292528688e+01
1.565240420672179589e+01 1.559088398088055172e+01
1.579954631429486867e+01 1.593354067259618034e+01
1.610185037467840985e+01 1.618058160164278192e+01
1.634286192668808013e+01 1.641583692063015221e+01
1.657699616233535167e+01 1.666312728763500317e+01
1.681935746226320205e+01 1.690022528206561248e+01
1.706594838160166461e+01 1.712956737450069156e+01
1.726673380352596610e+01 1.737342542743317964e+01
1.760635358896136893e+01 1.751009723600314771e+01
1.784155681783994396e+01 1.774065719040460465e+01
1.806312437435736129e+01 1.796270414395297976e+01
1.818525608030859786e+01 1.830473087905834007e+01
1.854881432073077363e+01 1.848829646092446666e+01
1.878629501900129029e+01 1.871665768897957349e+01
1.902899850201941945e+01 1.888694299264073706e+01
1.927450915532286047e+01 1.915903889465620580e+01
1.951701159723058510e+01 1.941708172634629648e+01
1.977227087320613563e+01 1.967797547998562280e+01
2.002886954572766598e+01 1.994829386446645358e+01
2.026601572350041991e+01 2.015528379861213892e+01
2.052339318068242591e+01 2.045553230218028773e+01
2.064687279719126067e+01 2.075185850983931601e+01
2.102889208843227564e+01 2.096911925448430836e+01
2.129815534855004344e+01 2.113818551112981581e+01
2.156530445759414150e+01 2.143862141248779452e+01
2.183543618661263253e+01 2.171263597626414565e+01
2.210277964424638242e+01 2.197549268745860829e+01
2.237581827382482302e+01 2.219465750128799542e+01
2.263440900735849937e+01 2.246829613676903037e+01
2.290046487058197044e+01 2.274061190064999849e+01
2.314944545136390985e+01 2.296739928198049441e+01
2.341244005210234036e+01 2.323873098215967303e+01
2.370298268756682347e+01 2.352771313418354282e+01
2.395810485144483692e+01 2.378358397653857281e+01
2.423673297147522376e+01 2.403176502370719803e+01
2.450099490931979318e+01 2.427080398652618953e+01
2.478049385402780658e+01 2.458495736557871325e+01
2.503889253380395630e+01 2.489942460457812956e+01
2.530925881519554821e+01 2.510993453140899234e+01
2.556940366444218071e+01 2.536139471154096015e+01
2.585580912821266608e+01 2.566105770158499766e+01
2.612119047905509461e+01 2.589961531214206047e+01
2.640049307049206817e+01 2.613249828933597740e+01
2.668295366693561022e+01 2.643284183913744911e+01
2.695483265491606062e+01 2.668671824382975544e+01
2.720826496978807540e+01 2.699097868970992664e+01
2.747565452707127776e+01 2.721114242210808953e+01
2.775110266733274500e+01 2.751272861624178390e+01
2.802505032846899624e+01 2.775135543501051671e+01
2.829934182049575142e+01 2.804162209113719584e+01
2.857417435640939729e+01 2.832461916390758105e+01
