0.000000000000000000e+00 1.323116753935811074e+00
1.174494100566199517e+00 1.172963864481247231e+00
1.177154775512400553e+00 1.166865891566318369e+00
1.191886109190992027e+00 1.199711758138251483e+00
1.275791626931864098e+00 1.384775870468576864e+00
1.448476675164587668e+00 1.595254966331247415e+00
1.561624771180120108e+00 1.736016096054772362e+00
1.720477162281430994e+00 1.868432451361278224e+00
1.893464183513890786e+00 1.979701858355386479e+00
2.034195842796423292e+00 2.116984295918795667e+00
2.164547122255794154e+00 2.262002226775661651e+00
2.295123579164329630e+00 2.400780242927683883e+00
2.434725237052680846e+00 2.538965826734499664e+00
2.556716040564280146e+00 2.664610432603632617e+00
2.671388832657504597e+00 2.790349362757155394e+00
2.801131359015542444e+00 2.920214075830965150e+00
2.915784833411951382e+00 3.041180440078710578e+00
3.056646574912117220e+00 3.162469430485221444e+00
3.144151537329968882e+00 3.292332034773740812e+00
3.296332323168244205e+00 3.410572256336244390e+00
3.522077969071562897e+00 3.421005733250586545e+00
3.529699923314934207e+00 3.651853242824303347e+00
3.664499482234100824e+00 3.762696242590617413e+00
3.886435167524243006e+00 3.793964506737365738e+00
3.906470254469939452e+00 4.017067784634865468e+00
4.027349681581378960e+00 4.139903739076236100e+00
4.260270306767353077e+00 4.156090589416148617e+00
4.391985152884528176e+00 4.261242122023856993e+00
4.511517776172622618e+00 4.429403579451097528e+00
4.629480084243578375e+00 4.547940073847756004e+00
4.761467195513644945e+00 4.657894891237142510e+00
4.872442562914326203e+00 4.780474360979723336e+00
4.997375751890393403e+00 4.918827641198210365e+00
5.121142707438655073e+00 5.036851905165208088e+00
5.247069623299412733e+00 5.137233797105536404e+00
5.378926089102614050e+00 5.269444166049218836e+00
5.512366654433638935e+00 5.452207141032518578e+00
5.643506825165754748e+00 5.550654516942927330e+00
5.769624409647882146e+00 5.690887227227386269e+00
5.905787039501237068e+00 5.797036811586181670e+00
6.034329116952407368e+00 5.959381597762162919e+00
6.165900459187671601e+00 6.060690691486547266e+00
6.299297536726071733e+00 6.189586969907091785e+00
6.429063598645905486e+00 6.326988949968882281e+00
6.562324420480325493e+00 6.434110822226292825e+00
6.691113100477478426e+00 6.595143233874541266e+00
6.829885181051176701e+00 6.746339857679765295e+00
6.968216438111630495e+00 6.848187480902258706e+00
7.098770330342458301e+00 7.011182488157541748e+00
7.132643886633456276e+00 7.205999776340518359e+00
7.361367536823704150e+00 7.284701198432950164e+00
7.487231498923436313e+00 7.406130400104233402e+00
7.618899329821781308e+00 7.546262756640422786e+00
7.758254067633838957e+00 7.633840694635230406e+00
7.886541280089722328e+00 7.839380550662832903e+00
8.024169138341450846e+00 7.941383751280440606e+00
8.162992160052025881e+00 8.082632247557253180e+00
8.297706291713598858e+00 8.178113887142815841e+00
8.426646697165798727e+00 8.315861975541103845e+00
8.570007739923205747e+00 8.474380925928068464e+00
8.703841230337157953e+00 8.638883623172684878e+00
8.849903471374320318e+00 8.727733060989219638e+00
8.890489032060047592e+00 8.939776090427358213e+00
9.107504998610782110e+00 8.966448798069718507e+00
9.235288566634007879e+00 9.158392151724921604e+00
9.367060567602353061e+00 9.280100565215107622e+00
9.511476331995840638e+00 9.385091486718108555e+00
9.635012042703298363e+00 9.514854129895658374e+00
9.767628139344031624e+00 9.634842744878190146e+00
9.925422181742360905e+00 9.812232987531505302e+00
1.006514107981822015e+01 9.976633532941651339e+00
1.018768256253389026e+01 1.002784900249066169e+01
1.033016065131933914e+01 1.018924733252274351e+01
1.047356828941838458e+01 1.034997145731374601e+01
1.060548646061860012e+01 1.048738990129705861e+01
1.073363328596030364e+01 1.059015962511655928e+01
1.088065110902383736e+01 1.077594314850350443e+01
1.101199019870486673e+01 1.082598596477299857e+01
1.115294877818131702e+01 1.095822100862043058e+01
1.128800572809104885e+01 1.117973858319578717e+01
1.142017043962145273e+01 1.129053876733505390e+01
1.155269700460592119e+01 1.146279203728003182e+01
1.170119222805821302e+01 1.155720059165128788e+01
1.184177911662490423e+01 1.169204492047254718e+01
1.196723350786737328e+01 1.185640341786713137e+01
1.211601470332818131e+01 1.195214772281007853e+01
1.223613955552041332e+01 1.209839236763588488e+01
1.238110936561169773e+01 1.220848178216054514e+01
1.250428867695871027e+01 1.234970312270711013e+01
1.265093507231286729e+01 1.258252112185386551e+01
1.279264271680047393e+01 1.257943556374311100e+01
1.292710430116646947e+01 1.278122194234383535e+01
1.305596285024307512e+01 1.290300739903880611e+01
1.319746599113475405e+01 1.298704018105859959e+01
1.333347260890947616e+01 1.324011757054916671e+01
1.347707675255557724e+01 1.327361672895591660e+01
1.359406841516838327e+01 1.342123670937883695e+01
1.374028417884134257e+01 1.363670544493870018e+01
1.388147976206309053e+01 1.372245118871910385e+01
1.401484444430283638e+01 1.381665413293595712e+01
1.415943523656811287e+01 1.408174545265318400e+01
