0.000000000000000000e+00 0.000000000000000000e+00
0.000000000000000000e+00 0.000000000000000000e+00
0.000000000000000000e+00 0.000000000000000000e+00
0.000000000000000000e+00 0.000000000000000000e+00
0.000000000000000000e+00 0.000000000000000000e+00
0.000000000000000000e+00 0.000000000000000000e+00
0.000000000000000000e+00 0.000000000000000000e+00
0.000000000000000000e+00 0.000000000000000000e+00
0.000000000000000000e+00 0.000000000000000000e+00
0.000000000000000000e+00 0.000000000000000000e+00
0.000000000000000000e+00 0.000000000000000000e+00
0.000000000000000000e+00 0.000000000000000000e+00
0.000000000000000000e+00 0.000000000000000000e+00
0.000000000000000000e+00 0.000000000000000000e+00
0.000000000000000000e+00 0.000000000000000000e+00
0.000000000000000000e+00 0.000000000000000000e+00
5.236161659765525139e-02 3.961567863898573377e-02
1.075674375306764768e-01 0.000000000000000000e+00
0.000000000000000000e+00 0.000000000000000000e+00
1.792038656759366577e-01 4.427462650450682879e+00
4.265409222944680501e+00 7.223228068586786677e+00
7.686851785308767226e+00 7.821125902906808314e+00
7.898056291522604688e+00 8.060768661821215986e+00
8.245691579123619164e+00 8.233198421613849405e+00
8.349304899957468606e+00 8.348053820383203316e+00
8.527886902364683053e+00 8.525497798814850370e+00
8.567889679740494202e+00 8.648860678928631529e+00
8.717618877180822068e+00 8.701578221889093356e+00
8.955331161366544279e+00 9.070744800821925580e+00
9.110271867881458263e+00 9.440655021910558276e+00
9.492109496433855043e+00 9.679581635124952399e+00
9.720584307006838287e+00 9.913047841301967367e+00
9.962619730226023762e+00 1.015277729800830819e+01
1.017976002683529124e+01 1.038696883118806369e+01
1.036940751515258796e+01 1.060786728021159675e+01
1.058219960074188393e+01 1.083639971681431646e+01
1.077753603202589261e+01 1.104480811165501564e+01
1.104656285851360664e+01 1.126122369906350684e+01
1.126392669964106474e+01 1.146475262869554435e+01
1.154575513633781902e+01 1.167167797357751624e+01
1.174297758314291329e+01 1.187741501558485346e+01
1.193793771811672677e+01 1.209403897048658827e+01
1.214933967919504809e+01 1.228817227142494417e+01
1.235750364660902001e+01 1.246852705947300777e+01
1.257026891835256954e+01 1.266507206144344799e+01
1.272974765194549107e+01 1.284558619989736172e+01
1.303435106545467725e+01 1.292951338507169368e+01
1.322462486731708076e+01 1.307374111949809858e+01
1.341239096765696104e+01 1.327605836746837831e+01
1.361130783031469527e+01 1.348370488367559794e+01
1.370612139704626209e+01 1.382706034825597818e+01
1.390564897275279854e+01 1.402383117042172067e+01
1.422764850560799665e+01 1.408682063582885569e+01
1.428535607591778422e+01 1.442365724948139771e+01
1.463381162191501517e+01 1.449564430545125404e+01
1.484363353397779228e+01 1.472228573032812271e+01
1.504022840541727213e+01 1.491511057098295367e+01
1.524665171835100708e+01 1.509105363457143945e+01
1.546381721081058735e+01 1.530666447804931529e+01
1.551979330943247248e+01 1.564782057016213201e+01
1.576210229704144261e+01 1.585450670799657757e+01
1.607158445189056195e+01 1.597792525138276964e+01
1.629463609263338952e+01 1.616319642583747296e+01
1.640280869698668553e+01 1.647505903526764470e+01
1.671090992531171437e+01 1.658116988289646088e+01
1.693279401330806166e+01 1.682709914206511925e+01
1.715991611558735741e+01 1.704220928957041892e+01
1.739019807399112594e+01 1.725476762395916452e+01
1.762401926145672704e+01 1.746851409749429607e+01
1.784635251632152375e+01 1.762240602117305244e+01
1.807548877466017601e+01 1.786109908577177308e+01
1.830136643706349986e+01 1.808220846318192798e+01
1.852693902969985018e+01 1.831310705487931401e+01
1.875779886469175395e+01 1.852650335963639350e+01
1.880004405766887388e+01 1.893257543596351056e+01
1.919682293476130042e+01 1.899027253527302506e+01
1.942159503077974136e+01 1.922275254364160801e+01
1.966412710241642259e+01 1.945329618244618786e+01
1.989849062345629704e+01 1.964040490820658746e+01
2.012139095836602110e+01 1.992859167276969501e+01
2.034899012288837028e+01 2.019414284336033916e+01
2.058971015088302181e+01 2.040589388690526462e+01
2.082437980560134605e+01 2.061535493547727782e+01
2.106341767712181223e+01 2.084633174096964936e+01
2.130042199916057299e+01 2.107293880814446752e+01
2.153468768123805432e+01 2.131757933123257232e+01
2.178308270746915909e+01 2.152239108874874063e+01
2.200521259176373334e+01 2.179896057716985425e+01
2.223951851496539689e+01 2.202189819292572537e+01
2.248059201456286260e+01 2.224844089716879125e+01
2.272215495971509469e+01 2.244683022583835807e+01
2.296390733218446556e+01 2.265726094278876346e+01
2.321211662218895810e+01 2.288586075505094186e+01
2.343811624642042801e+01 2.313591271730950538e+01
2.367446666946412037e+01 2.342252903014392373e+01
2.393599090465925983e+01 2.362154177712488590e+01
2.417731721665947831e+01 2.381516822264095623e+01
2.440193716179296857e+01 2.411605500301735461e+01
2.462028484757687252e+01 2.430132017720504578e+01
2.486697679129291672e+01 2.450509577176775267e+01
2.510909201517687706e+01 2.485165975008896311e+01
