0.000000000000000000e+00 0.000000000000000000e+00
0.000000000000000000e+00 0.000000000000000000e+00
0.000000000000000000e+00 0.000000000000000000e+00
0.000000000000000000e+00 0.000000000000000000e+00
0.000000000000000000e+00 0.000000000000000000e+00
0.000000000000000000e+00 0.000000000000000000e+00
0.000000000000000000e+00 0.000000000000000000e+00
0.000000000000000000e+00 0.000000000000000000e+00
3.890298011292171454e-01 2.736693575999102457e+00
3.133441854460297549e+00 3.347195581654984320e+00
3.417706086008408306e+00 3.404635577692932902e+00
3.545279455099872301e+00 3.561591135529569296e+00
3.705143842558872080e+00 3.837650053458375066e+00
3.903265846776243553e+00 4.101238701731795722e+00
4.111477627093671927e+00 4.329352323015353221e+00
4.401215155073852081e+00 4.521636919590307002e+00
4.570027496547404589e+00 4.731320359032011424e+00
4.769568733366087443e+00 4.971336041453453980e+00
4.945109353260869867e+00 5.174164660315647701e+00
5.131111914240034544e+00 5.373797328996522182e+00
5.335751264869748489e+00 5.540050157954532040e+00
5.532389144445601481e+00 5.704038057229077197e+00
5.769351861747149535e+00 5.856959839899423592e+00
5.941820846580189830e+00 6.012206270942461295e+00
6.141356513368717351e+00 6.171959003453604709e+00
6.304930966270165804e+00 6.322623503680333990e+00
6.464720841252791672e+00 6.473698269262891714e+00
6.615005820234024725e+00 6.604823243100623742e+00
6.765937965992375958e+00 6.787659460435143011e+00
6.932882934828764832e+00 6.925735516116214185e+00
7.102314661109653926e+00 7.087574207847912255e+00
7.270386540651223584e+00 7.236587604357789694e+00
7.422865871230986734e+00 7.463639805986288955e+00
7.618606775951850096e+00 7.593913497615492503e+00
7.793298892098111885e+00 7.749839119511433339e+00
7.957779567630626438e+00 7.922090664438417917e+00
8.133479334888049195e+00 8.081347075993981832e+00
8.298552593693580448e+00 8.259249152640064651e+00
8.474987524795537297e+00 8.430508912549870004e+00
8.646835860472192437e+00 8.563144776860566409e+00
8.820521764451244806e+00 8.779341733198329223e+00
9.000561815736727311e+00 8.911587128031822402e+00
9.126098269230691784e+00 9.166205418155575657e+00
9.342271177372182933e+00 9.271808210114226512e+00
9.510847915919439899e+00 9.453462554611538948e+00
9.694020926451084819e+00 9.570835261806717398e+00
9.878820632886629483e+00 9.816513662594438472e+00
1.005830791302340721e+01 9.989163017557224578e+00
1.023286373670434024e+01 1.016245411075960270e+01
1.041998133616936961e+01 1.034202436664583047e+01
1.059734061113180204e+01 1.047489613365824646e+01
1.077584565583959986e+01 1.065401431177092206e+01
1.096957394346325998e+01 1.083343473212210917e+01
1.116017498089503412e+01 1.101317389089886589e+01
1.132285371551038722e+01 1.122542532557074679e+01
1.152196898910399980e+01 1.137932772041570217e+01
1.170034308287427294e+01 1.160415872350735178e+01
1.188133939866287037e+01 1.176587092399885037e+01
1.206578828287642402e+01 1.195222065132285927e+01
1.216373961869962450e+01 1.221570764918017638e+01
1.243397153582729509e+01 1.231745780219985242e+01
1.261107747118278688e+01 1.248179310373026318e+01
1.279595216994809448e+01 1.268876623185216701e+01
1.298239279268492830e+01 1.283355723145179539e+01
1.316899622815615167e+01 1.306448810635724733e+01
1.336098679714680948e+01 1.329570204916245402e+01
1.355661558354415952e+01 1.348045411719476050e+01
1.374585926111375400e+01 1.358497946380187393e+01
1.394315227842756499e+01 1.384794900331582035e+01
1.413030818052378557e+01 1.402008329142075382e+01
1.433310214379747016e+01 1.413352047915307530e+01
1.451543081285887382e+01 1.440893455539063694e+01
1.470906197117949965e+01 1.452212804746003627e+01
1.491698666516034066e+01 1.474434232362792940e+01
1.510658584265156179e+01 1.497437708672712553e+01
1.529648446986759325e+01 1.506461451580742583e+01
1.548340149057826132e+01 1.534028887606295299e+01
1.568723384809363885e+01 1.549063864531223622e+01
1.588098160115770163e+01 1.561880438642906910e+01
1.606956674358799830e+01 1.593516528325037918e+01
1.625529144994261443e+01 1.606314644708209727e+01
1.645176152700353356e+01 1.625303991909975565e+01
1.665046836185442913e+01 1.643066472964426339e+01
1.684203417572268435e+01 1.665606758690524458e+01
1.703132054200311529e+01 1.683845887259608531e+01
1.722229539015133781e+01 1.698345926800111627e+01
1.740532632247485978e+01 1.716897660232822886e+01
1.759592414030701590e+01 1.736860686708715917e+01
1.779867028191009126e+01 1.753981653690339826e+01
1.798728894105697051e+01 1.776775700080894893e+01
1.818395059806755043e+01 1.793451661153892829e+01
1.837366712042845762e+01 1.813359187859700228e+01
1.856405343140543351e+01 1.829909998619593026e+01
1.876197652561585016e+01 1.849949891855172268e+01
1.895825077126194813e+01 1.862376481073080114e+01
1.914128138494541176e+01 1.892057096776688851e+01
1.933777990217829768e+01 1.902760204754289930e+01
1.953837809838201167e+01 1.930029324907876997e+01
1.972348101467042625e+01 1.947730042343295409e+01
1.992133679249335643e+01 1.954852236491353423e+01
2.010466121923181149e+01 1.990624165220087960e+01
