0.000000000000000000e+00 0.000000000000000000e+00
0.000000000000000000e+00 0.000000000000000000e+00
0.000000000000000000e+00 0.000000000000000000e+00
0.000000000000000000e+00 0.000000000000000000e+00
0.000000000000000000e+00 0.000000000000000000e+00
0.000000000000000000e+00 0.000000000000000000e+00
3.001942170079406613e-02 3.090534422297162159e-02
0.000000000000000000e+00 5.120343924502901434e-01
0.000000000000000000e+00 3.852019774800665708e+00
3.764287604565597967e+00 6.267062940573045360e+00
4.956460942060207486e+00 6.620881879033971629e+00
6.619690655185825001e+00 6.643156819778786470e+00
6.537725458482007923e+00 6.524575073431911676e+00
6.522030811146805718e+00 6.517793155213843725e+00
6.559382387048073859e+00 6.689848777639733513e+00
6.717609757184341390e+00 6.893109179804365105e+00
6.870659800383814186e+00 7.187476090558684305e+00
7.173904743422228947e+00 7.489900541670213130e+00
7.447349958955327587e+00 7.827014677550020672e+00
7.670962016909212977e+00 8.003413549899820012e+00
7.969601854504468008e+00 8.187614998962372326e+00
8.198795884610417417e+00 8.395242231234973929e+00
8.386103573375544684e+00 8.583257212048925666e+00
8.578875528891286351e+00 8.732042684667250754e+00
8.768839571105884190e+00 8.914017668903831293e+00
8.918098735458011461e+00 9.088021987438279936e+00
9.084875597095594557e+00 9.245668867057874607e+00
9.260786133938983866e+00 9.411202638898416239e+00
9.443272386242538730e+00 9.573586161702541730e+00
9.611862309926316073e+00 9.733529479012821284e+00
9.760069813383688953e+00 9.902601900613884567e+00
9.945241364044782983e+00 1.007277967652891348e+01
1.007157663749221044e+01 1.023344125154671680e+01
1.025222029376000421e+01 1.039871736098194255e+01
1.042386707994081618e+01 1.057149663052066479e+01
1.057988432936812195e+01 1.073433622207600102e+01
1.078488976999043558e+01 1.090879281564335912e+01
1.094449650048629863e+01 1.107575351429674271e+01
1.110611773905803012e+01 1.124342580138172387e+01
1.126249152359801009e+01 1.139876719052437792e+01
1.144846475756812687e+01 1.157171297068204296e+01
1.163458701779332216e+01 1.173660970750805355e+01
1.179550554024301867e+01 1.189666705491891996e+01
1.196559649089799748e+01 1.205822841318995486e+01
1.210844816900363696e+01 1.221939133101952635e+01
1.224547250762114636e+01 1.238488571243237502e+01
1.244621788588352551e+01 1.255122191940388277e+01
1.258724074201770549e+01 1.270633397538943932e+01
1.277613691193758072e+01 1.287704270935719464e+01
1.292296907844093212e+01 1.303602556687779845e+01
1.305352992277260071e+01 1.319340121251891240e+01
1.320585768460425236e+01 1.334779859359410459e+01
1.341172815257723272e+01 1.351407698087635723e+01
1.351438069140337994e+01 1.368033454518613823e+01
1.365777068509811087e+01 1.383938505694417387e+01
1.385417964939555624e+01 1.400364448401547435e+01
1.397261831013426914e+01 1.416748985802183114e+01
1.417562833769791375e+01 1.433254160792783871e+01
1.446220428424688187e+01 1.432282654053745041e+01
1.442469511758262968e+01 1.462680312351916001e+01
1.463696347639961459e+01 1.479018340137146303e+01
1.491937333052194603e+01 1.480683354569644017e+01
1.507566038547897591e+01 1.490268946548495066e+01
1.524018489124702747e+01 1.505107205077682231e+01
1.521644183143597928e+01 1.539203302049936006e+01
1.554384709809724541e+01 1.537510542168266170e+01
1.569699164461851382e+01 1.551461078764802437e+01
1.563862711969619035e+01 1.587971653168135511e+01
1.579346665889652712e+01 1.604940320815250487e+01
1.620166529982196479e+01 1.600045627900107093e+01
1.619653899169596301e+01 1.638244780940948786e+01
1.634074588974386444e+01 1.654598556157415246e+01
1.644500274713815102e+01 1.671642429785117656e+01
1.686611588021515828e+01 1.665696353218766390e+01
1.703835222403951022e+01 1.682215360372837054e+01
1.700811834326429306e+01 1.720432455068207744e+01
1.737242302148825956e+01 1.714899602583406946e+01
1.728950628893005259e+01 1.753263016323978007e+01
1.770608259443077870e+01 1.745007926561513401e+01
1.786578262963408648e+01 1.769624708437072158e+01
1.804232413286522885e+01 1.785160559643953349e+01
1.820648680746116810e+01 1.798756296389847265e+01
1.837766868012759147e+01 1.815036090572155558e+01
1.831343981130521925e+01 1.852928861166775576e+01
1.848214700036091074e+01 1.869705349653750659e+01
1.888091219358097561e+01 1.865644227842729208e+01
1.905296924669379166e+01 1.882609530382567442e+01
1.921898887906089115e+01 1.898082789717585328e+01
1.919735770687590204e+01 1.937025228352446860e+01
1.954818356831244941e+01 1.934158154540687491e+01
1.973106371775225298e+01 1.950310077480726889e+01
1.972457771500004498e+01 1.986342473432416611e+01
2.007129761805082069e+01 1.985374151334334059e+01
2.024106615800252840e+01 1.998569442881731106e+01
2.041481591774535431e+01 2.020837152139008097e+01
2.034331602084580126e+01 2.056555829440560501e+01
2.078050458026391922e+01 2.053776478917420079e+01
2.094866189054181405e+01 2.072205978538649518e+01
2.089170328673119670e+01 2.109151296942566844e+01
2.129206326639595304e+01 2.105880687322339284e+01
2.146732373807630978e+01 2.126664120506652367e+01
