0.000000000000000000e+00 0.000000000000000000e+00
7.441855031582853995e-04 -7.473269954316591294e-03
1.037114802982128624e-02 0.000000000000000000e+00
5.194290234168148779e-02 1.018304638830649662e-03
2.583121489544250027e-01 5.367263457979795649e-02
6.975632152694987154e-01 8.046450890600947981e-01
9.682034107493789898e-01 1.048071112320046572e+00
1.260291966673551256e+00 1.189557242935356696e+00
1.477435739960987648e+00 1.417446615999063964e+00
1.686211710489251114e+00 1.622300360194558921e+00
1.886920613422226056e+00 1.805819557186528979e+00
2.090977060722120751e+00 2.046848993973645836e+00
2.290170755129386393e+00 2.230014517962057408e+00
2.495592533220882370e+00 2.416902283603646673e+00
2.700213586513916741e+00 2.643742138431049327e+00
2.902594103507970313e+00 2.844350566734298980e+00
3.095554556309406014e+00 3.050409802693879957e+00
3.309009674439764126e+00 3.231473102090610450e+00
3.506798086412083570e+00 3.411686189455813256e+00
3.705238911805451174e+00 3.611838764049610351e+00
3.902931624138394895e+00 3.834856363600966933e+00
4.103066319078549462e+00 3.978781239746228326e+00
4.302073428985341508e+00 4.218540468993319692e+00
4.497004527498279280e+00 4.416870257154113411e+00
4.685495017983339672e+00 4.628521564078728723e+00
4.888398928829834844e+00 4.822771047801301059e+00
5.092701827815641735e+00 5.016960627920190596e+00
5.286544495489665429e+00 5.166772415371300831e+00
5.481459734718146848e+00 5.395850584678364648e+00
5.680339606152783993e+00 5.614197999193767608e+00
5.880571006190203676e+00 5.781517653733052597e+00
6.090264382775553820e+00 5.982205955428301358e+00
6.275669652850738522e+00 6.117707108954848039e+00
6.483252081093192842e+00 6.358350105916207085e+00
6.672666574492244429e+00 6.515603896289045238e+00
6.878112533275083429e+00 6.713583168361425102e+00
7.064804126659212535e+00 6.928066942433006581e+00
7.256778934334019660e+00 7.057661723740077164e+00
7.458015530959697159e+00 7.311143724136818456e+00
7.653092964540781473e+00 7.464067848421485074e+00
7.856867738167705006e+00 7.687390940074062762e+00
8.041479291362669812e+00 7.904578408036996073e+00
8.244876403771426610e+00 8.052932369232992826e+00
8.436507316869205297e+00 8.222832146329816183e+00
8.636650674204995326e+00 8.499615592708442691e+00
8.825014820434040175e+00 8.662984839169352469e+00
9.024372510299917494e+00 8.860580051409097990e+00
9.214732825570013830e+00 9.037391626935020739e+00
9.411342847300714354e+00 9.238286318993921498e+00
9.602702551152114907e+00 9.431287026096528692e+00
9.811635999957085019e+00 9.614057834125196322e+00
1.000290625049476922e+01 9.784086020228514258e+00
1.019308512290338165e+01 9.977058985073236741e+00
1.039891120992161966e+01 1.019385198738468112e+01
1.058072718457767003e+01 1.039854605361807316e+01
1.078126803661765187e+01 1.055325540392400008e+01
1.098254555302470514e+01 1.081836430005246008e+01
1.118513831370754730e+01 1.100183647671170029e+01
1.137623833260646755e+01 1.119004997284243430e+01
1.158711051713393125e+01 1.139158806732189966e+01
1.177602150626887756e+01 1.156806138267379858e+01
1.198015352897773056e+01 1.179272309479033787e+01
1.218854951425254640e+01 1.205063010715759475e+01
1.238734320640000952e+01 1.212559233588196328e+01
1.258862383731877088e+01 1.239335324859160359e+01
1.278778571053970126e+01 1.254400202464129777e+01
1.298008705175358024e+01 1.276478073687987802e+01
1.317778320507237844e+01 1.284929977898996079e+01
1.336982306977994206e+01 1.311524803756063662e+01
1.357574600563082079e+01 1.324066781837577089e+01
1.376872699933663036e+01 1.355251544665005348e+01
1.396974627495083432e+01 1.368964757708300972e+01
1.417484179215615647e+01 1.389633785733183302e+01
1.438284338932593442e+01 1.413756384631291851e+01
1.456285630823036037e+01 1.434240042940133897e+01
1.476613494469276944e+01 1.447617787848227344e+01
1.496911570583757367e+01 1.471316448144761857e+01
1.516784972037066836e+01 1.491533511088016084e+01
1.536471329951837639e+01 1.512465407538216233e+01
1.557456299192629778e+01 1.525216811266063566e+01
1.577760215350834194e+01 1.546223037073814055e+01
1.596090930705866562e+01 1.567582680100214887e+01
1.616979545707178900e+01 1.585767226268370322e+01
1.637173556070978719e+01 1.606898425796059016e+01
1.657114553550396607e+01 1.625017736723368600e+01
1.677500932992703042e+01 1.638425276076315384e+01
1.696497323487318099e+01 1.667538288253236800e+01
1.715279263322520009e+01 1.682303863339663508e+01
1.734838258384665366e+01 1.700157843072508612e+01
1.756030867222866831e+01 1.723474535747210012e+01
1.775581863954882778e+01 1.734867315241969976e+01
1.793980033912667338e+01 1.755277912194382850e+01
1.812748202125971630e+01 1.784341675158028906e+01
1.833046383232965937e+01 1.802226160118032894e+01
1.851630919974211409e+01 1.812063408013874977e+01
1.871748498160509655e+01 1.840276218065373115e+01
1.891635121915686213e+01 1.855000634086235323e+01
1.910154684266851888e+01 1.872367280140515433e+01
1.929855850126656946e+01 1.896496086571598028e+01
1.948909592724690043e+01 1.904166945757344820e+01
1.968733520128998649e+01 1.941892551693888080e+01
