0.000000000000000000e+00 0.000000000000000000e+00
0.000000000000000000e+00 0.000000000000000000e+00
0.000000000000000000e+00 0.000000000000000000e+00
0.000000000000000000e+00 0.000000000000000000e+00
0.000000000000000000e+00 0.000000000000000000e+00
0.000000000000000000e+00 0.000000000000000000e+00
0.000000000000000000e+00 9.912631699920003772e-03
0.000000000000000000e+00 3.151615550376253294e-01
9.650415113132634892e-02 1.377009258521953328e+00
4.500743039320225236e+00 5.107873953698200964e+00
5.989601272130064658e+00 6.347217945665237337e+00
6.353422005152618013e+00 6.349352485610266328e+00
6.385491963960106432e+00 6.389665784661856307e+00
6.332164963766125254e+00 6.321419339900285372e+00
6.343703130320285766e+00 6.383047893790906535e+00
6.425741310948702711e+00 6.641554379209895664e+00
6.657516150199536575e+00 6.827031393050103425e+00
6.812058294413297688e+00 7.023061256440990441e+00
7.050903849790836730e+00 7.313733947142094571e+00
7.287758790177683466e+00 7.556646741621372954e+00
7.472504240211389259e+00 7.728371311255579634e+00
7.711581334332440640e+00 7.911144029963468327e+00
7.884541076591999875e+00 8.097293543901624702e+00
8.062964846162065768e+00 8.266093395016550716e+00
8.272746714845336413e+00 8.427306670198801086e+00
8.460999243449931484e+00 8.592146570920716542e+00
8.650818294056039193e+00 8.770054091575625321e+00
8.827912789259785953e+00 8.935955824891159693e+00
9.015719210681689688e+00 9.111759340225571435e+00
9.191009501491484102e+00 9.277320087981319574e+00
9.395023169825714504e+00 9.444528523855829860e+00
9.558587870719314594e+00 9.615120411504642917e+00
9.730850856902053536e+00 9.782617828007230898e+00
9.914077646243946162e+00 9.954440135508676235e+00
1.007104090411341346e+01 1.011879548203471124e+01
1.024840418290571620e+01 1.029281363040956165e+01
1.039698056995873365e+01 1.045672722797237419e+01
1.057552201290166316e+01 1.061851598205051772e+01
1.070323058174414399e+01 1.078442041330753653e+01
1.088883087275270434e+01 1.095267724428653189e+01
1.098762971247576559e+01 1.112329160847910003e+01
1.117757026600249759e+01 1.128642207663863140e+01
1.133165056092737188e+01 1.143424631915004142e+01
1.144815215439154343e+01 1.158990492851191689e+01
1.163345477231922587e+01 1.174572324271286483e+01
1.176889075395253492e+01 1.189619405494177506e+01
1.200816896016635837e+01 1.191547968905606325e+01
1.215058379670402999e+01 1.197611840703603825e+01
1.216232616152348633e+01 1.232241759953266680e+01
1.230694267948967280e+01 1.247962445912531670e+01
1.261381414375681764e+01 1.246741140265458014e+01
1.275678522958747152e+01 1.259351488195396840e+01
1.277628816725692573e+01 1.294179888156556757e+01
1.307841910115469375e+01 1.294367217338777110e+01
1.307106036669785354e+01 1.324917363206304977e+01
1.338865380727638943e+01 1.324971762103961304e+01
1.354584469896084187e+01 1.339079218171700880e+01
1.370280692660733024e+01 1.354434889412027943e+01
1.386866543970175591e+01 1.368879894242425443e+01
1.387770493494692481e+01 1.404252024911867380e+01
1.419662622595708079e+01 1.404132646975575049e+01
1.435252194519787494e+01 1.420255163236610407e+01
1.451872895344693504e+01 1.437039120815475002e+01
1.451019915468659072e+01 1.469032989402980149e+01
1.469118806591874105e+01 1.485446840613061248e+01
1.502785108839047190e+01 1.487193138500375511e+01
1.518612316621666913e+01 1.502058519606652709e+01
1.516944615567272336e+01 1.535794831350085232e+01
1.550046816885134504e+01 1.535679742821906935e+01
1.550911560636891018e+01 1.567783830985951887e+01
1.566787246001035072e+01 1.583900824900454829e+01
1.601362335211694798e+01 1.588677427619334281e+01
1.602963373303455796e+01 1.618650384788824326e+01
1.622096832994162696e+01 1.634832760788692241e+01
1.633961103567359174e+01 1.651426812698745294e+01
1.668679450989201740e+01 1.652839191663218088e+01
1.672471882906968332e+01 1.683181076023982925e+01
1.702372062746124826e+01 1.689586373805962083e+01
1.717741664786706224e+01 1.700476727016989997e+01
1.734724302516119110e+01 1.724792240758085526e+01
1.740565827427332479e+01 1.750944027412054993e+01
1.755362001494095381e+01 1.767215882175419139e+01
1.786101622806605249e+01 1.776415655897403667e+01
1.802832012422972241e+01 1.793096257086242673e+01
1.821408345759184044e+01 1.812583351669110598e+01
1.822443234848195459e+01 1.835212944637378030e+01
1.856546881409002836e+01 1.845274661303872676e+01
1.871920488544758143e+01 1.862417272301006932e+01
1.890282941111190596e+01 1.881565396644670685e+01
1.909134635409463598e+01 1.900326245030227312e+01
1.926718525888502853e+01 1.917864736205699216e+01
1.943645970615696683e+01 1.929904890665833861e+01
1.945148094247762316e+01 1.956785687134938811e+01
1.977056512734949933e+01 1.973317721645340939e+01
1.995730188372725422e+01 1.987823315724529394e+01
2.014671878123182225e+01 2.000401828081811573e+01
2.033220162109798679e+01 2.017138779553467742e+01
2.050737753605752545e+01 2.044447766678747769e+01
2.069413447274691720e+01 2.059427508265673623e+01
2.088135716820276500e+01 2.065846818165176657e+01
2.106269720541678581e+01 2.094192791864751868e+01
