0.000000000000000000e+00 0.000000000000000000e+00
0.000000000000000000e+00 0.000000000000000000e+00
0.000000000000000000e+00 0.000000000000000000e+00
0.000000000000000000e+00 0.000000000000000000e+00
0.000000000000000000e+00 0.000000000000000000e+00
0.000000000000000000e+00 0.000000000000000000e+00
0.000000000000000000e+00 7.137259450484834122e-02
2.639425889514434576e-01 8.038564605172572319e-01
1.380628256662816411e-01 2.975728837861039366e+00
4.221940176599315642e+00 4.734197385893644139e+00
5.051824292962424856e+00 5.065561653808591913e+00
5.053646071346435065e+00 5.058221918418038143e+00
5.112532886153838163e+00 5.116382320619397461e+00
5.163050998299911321e+00 5.224554323254022137e+00
5.221107979879091587e+00 5.220716967060080371e+00
5.384504001757474789e+00 5.578963744076859577e+00
5.621945771149940541e+00 5.825221696140947536e+00
5.798859489382851784e+00 6.182731894415828933e+00
6.083880138515313618e+00 6.411193436147684999e+00
6.323353520957047280e+00 6.653346829952341501e+00
6.539042938081584211e+00 6.868016246115282719e+00
6.719299994905204798e+00 7.036349222091600630e+00
6.935642942622196827e+00 7.227794364362817525e+00
7.141710414723858591e+00 7.396194603808052825e+00
7.412560859829682158e+00 7.576946065971294608e+00
7.633065766825728460e+00 7.759561169031260697e+00
7.811483514760779734e+00 7.919113146798906655e+00
7.978141533111941186e+00 8.093277660174898358e+00
8.152929099144472502e+00 8.255513937511485878e+00
8.324087971551460186e+00 8.415109633545796441e+00
8.457077512625376770e+00 8.582916161532905264e+00
8.628866827412814189e+00 8.752135570372194806e+00
8.781693185964490667e+00 8.921495199435010903e+00
8.971353329729581105e+00 9.079232859231741060e+00
9.137184922752403793e+00 9.240666587996877013e+00
9.314961373231515296e+00 9.415386914821560538e+00
9.474050314638644110e+00 9.569139564411580423e+00
9.631855960474716483e+00 9.733675476846624264e+00
9.761039863005398942e+00 9.890770029990981982e+00
9.938249079234823924e+00 1.004945755293477561e+01
1.009499891729982046e+01 1.021476915386154793e+01
1.022237671070316800e+01 1.036428708949958910e+01
1.050353126988606967e+01 1.040106961165037269e+01
1.051742664268802585e+01 1.067147333068510839e+01
1.072487056824910212e+01 1.083248469374376022e+01
1.096886451965301568e+01 1.082959593349615801e+01
1.097592686356020053e+01 1.113519733887035379e+01
1.127888359875420754e+01 1.113807648845209997e+01
1.144227856154262746e+01 1.121793179886446445e+01
1.159374833878989364e+01 1.139900294986749962e+01
1.176370655165579571e+01 1.152575314162783471e+01
1.174817536318575861e+01 1.192120133697732243e+01
1.208979220566386381e+01 1.190868653506616326e+01
1.210726020407640569e+01 1.224851032344236046e+01
1.241203011917439625e+01 1.224622993950135452e+01
1.257645511855982612e+01 1.232693057462457453e+01
1.275429802200568474e+01 1.257509966261402212e+01
1.291953826958349083e+01 1.276977026668502546e+01
1.287801595115873710e+01 1.309166867470091233e+01
1.326222536099803762e+01 1.306791012152927500e+01
1.342924635613811368e+01 1.320430811165485707e+01
1.359843452418404119e+01 1.336311650170671683e+01
1.376973766448954173e+01 1.356986808611566531e+01
1.393080059180896235e+01 1.371424701102298904e+01
1.411248924286173079e+01 1.392587054684879888e+01
1.412392045815633956e+01 1.426034683242482792e+01
1.445710441017821068e+01 1.431356003118828646e+01
1.448554490443556553e+01 1.460336848348463690e+01
1.459672958763624351e+01 1.476980626356179549e+01
1.496577535581620921e+01 1.477409458077000259e+01
1.513360462057234557e+01 1.497511814034326960e+01
1.509244203208205271e+01 1.528839452416890055e+01
1.548728137051493192e+01 1.528268260635606879e+01
1.566343737291919957e+01 1.547483770123549718e+01
1.584419570257433030e+01 1.565873557728594712e+01
1.601971125405806617e+01 1.581643902867202911e+01
1.621488765568148338e+01 1.600491513704032442e+01
1.639141676992272423e+01 1.619102241958958288e+01
1.656712947136049507e+01 1.635050062193263898e+01
1.675442254716255164e+01 1.651576098310087559e+01
1.694936447326207940e+01 1.672146396006486313e+01
1.713647814146963810e+01 1.688635714514722252e+01
1.712155102096008008e+01 1.726098544931520351e+01
1.748119592495719132e+01 1.721671512976735485e+01
1.764694131911580044e+01 1.737984075549134033e+01
1.784454395384142700e+01 1.761614183100414621e+01
1.801794663609181057e+01 1.775608486891239934e+01
1.820351964017418211e+01 1.794934865026203497e+01
1.838277719723062376e+01 1.815078473889065336e+01
1.855884902569700756e+01 1.838444787095356858e+01
1.874750988789474349e+01 1.856454477178869311e+01
1.893116545899564684e+01 1.877046853382400116e+01
1.911525236439360143e+01 1.886640493229221249e+01
1.929999299378885169e+01 1.904783848249595124e+01
1.948424360697189428e+01 1.928565685743389224e+01
1.967690416282214017e+01 1.944631347167542046e+01
1.986028314526872407e+01 1.953542995495412526e+01
2.005192705356505556e+01 1.979161829736817424e+01
2.023156180165641160e+01 1.995209555183327765e+01
2.040298995463543008e+01 2.014727972860613292e+01
2.060852108514975711e+01 2.044826578647473880e+01
