0.000000000000000000e+00 0.000000000000000000e+00
0.000000000000000000e+00 0.000000000000000000e+00
0.000000000000000000e+00 0.000000000000000000e+00
6.708959841330431120e-03 0.000000000000000000e+00
2.217238075378676065e-02 3.866754249869888138e-01
1.629588319641858130e-01 1.025662847104890751e+00
1.215927907221703963e+00 1.276471277496187051e+00
1.473777303011379214e+00 1.456753054437798678e+00
1.641693691309909608e+00 1.706786920410167552e+00
1.842470494648520418e+00 1.886271550255565810e+00
2.028471912740296368e+00 2.058979074151946698e+00
2.247959537168670252e+00 2.234110627232074986e+00
2.444795932850530651e+00 2.406940548713939698e+00
2.640014886239156144e+00 2.603126050562091454e+00
2.833910601140585683e+00 2.778279876540495685e+00
3.021254248310492940e+00 2.986160133269597505e+00
3.220755052866473456e+00 3.164114831030170993e+00
3.421924029906050269e+00 3.348180717216678648e+00
3.616773758432679120e+00 3.517416525926531534e+00
3.806966687553082984e+00 3.733153632469927707e+00
4.001144099179356317e+00 3.901409430946199741e+00
4.200807426753071283e+00 4.103107303082342838e+00
4.398444625454511758e+00 4.299812644687428076e+00
4.585381886986044542e+00 4.492466932652853018e+00
4.782421300113329998e+00 4.642293012364938853e+00
4.973409062737120578e+00 4.854317342453184025e+00
5.165725942784168190e+00 5.093855027681193803e+00
5.352884610784807151e+00 5.271189254453800821e+00
5.556554698121402680e+00 5.448447885317277972e+00
5.754093425388022709e+00 5.630837468488173236e+00
5.945967805691608987e+00 5.848685009935580048e+00
6.143536627314957421e+00 5.995378940292820147e+00
6.341223673286373597e+00 6.145534894600101161e+00
6.538381093785670117e+00 6.404530175972857897e+00
6.726909972843658103e+00 6.578601244838192308e+00
6.921135525151085766e+00 6.762250068809743553e+00
7.122337460774219586e+00 7.009152847720592661e+00
7.314517003099839876e+00 7.162163321192074328e+00
7.518099359286817496e+00 7.401201925657288960e+00
7.714350965053344389e+00 7.515456046962213144e+00
7.914324531259357975e+00 7.792331408576805174e+00
8.121822871389714038e+00 7.924693159271550158e+00
8.315293436529270110e+00 8.136584743522790930e+00
8.513137856350219579e+00 8.320555266878951528e+00
8.709156551958045611e+00 8.533072928441592708e+00
8.899121783693770382e+00 8.726197813824812854e+00
9.093855206896117593e+00 8.849643310490860060e+00
9.298334015838404909e+00 9.112236285445426631e+00
9.489945624108434785e+00 9.255877742246457984e+00
9.696835309596046670e+00 9.471917498201753105e+00
9.889483905615245263e+00 9.642790671288857141e+00
1.008068323921383858e+01 9.838097863475082860e+00
1.027495443222269955e+01 1.003217118062470448e+01
1.046083020670973696e+01 1.023877176923289767e+01
1.065213868906342398e+01 1.045958499481658954e+01
1.085319989402513841e+01 1.059129335619188517e+01
1.104511803060812092e+01 1.079687920363699227e+01
1.123173539451445890e+01 1.095713354343576107e+01
1.142741856732067873e+01 1.119052307489762299e+01
1.163083462236827614e+01 1.137812336079166897e+01
1.182496904298096396e+01 1.157977166370872624e+01
1.202983337952905885e+01 1.173261116552610872e+01
1.222471997020916135e+01 1.194071711992214446e+01
1.242964966621153167e+01 1.213327020302207693e+01
1.262381142163009962e+01 1.232366792406245359e+01
1.282229422492379278e+01 1.253441747526998462e+01
1.300973627562705559e+01 1.275068972959329194e+01
1.321238920254783977e+01 1.298186098574590730e+01
1.341873808576430349e+01 1.311245217013660458e+01
1.359548296501412068e+01 1.332477853342033036e+01
1.379380227931233982e+01 1.353481140424555207e+01
1.399703155485662265e+01 1.371552708991027636e+01
1.418136616124963645e+01 1.395896512491306929e+01
1.438957148554796461e+01 1.412194861968608883e+01
1.458654019789468137e+01 1.426874648995785222e+01
1.479050002210975379e+01 1.450116574075429554e+01
1.498886137923529738e+01 1.463919484637888679e+01
1.518248492828455731e+01 1.494276477699027872e+01
1.539201492353084078e+01 1.516063145544356416e+01
1.557413886867037967e+01 1.527768915707735964e+01
1.576292921255442359e+01 1.550739138169017828e+01
1.596743524475564335e+01 1.564012865907066363e+01
1.614716965451786024e+01 1.589796639061916039e+01
1.634061284526504920e+01 1.607512892872655286e+01
1.653552370058323007e+01 1.624621647912076483e+01
1.672315103177984597e+01 1.650836249696086355e+01
1.692391518462282463e+01 1.665311363452476101e+01
1.710762175776343241e+01 1.683454118139088251e+01
1.731439290370000350e+01 1.707618554707356040e+01
1.751740186425699264e+01 1.718668211711211669e+01
1.772186454012419432e+01 1.739403399507309800e+01
1.791936854637214438e+01 1.770959057070483667e+01
1.811351406293386646e+01 1.785168291771291393e+01
1.830199267697145160e+01 1.807784839986679515e+01
1.850802090181141679e+01 1.814014826315762363e+01
1.869970847203088482e+01 1.841367995553009962e+01
1.889251674305886652e+01 1.860974973837210911e+01
1.909802051475034190e+01 1.878032197469086384e+01
1.927734708299203703e+01 1.894139990311203547e+01
1.947278682707542430e+01 1.918690350360904873e+01
1.968453848627508052e+01 1.939973343157839025e+01
