0.000000000000000000e+00 0.000000000000000000e+00
0.000000000000000000e+00 0.000000000000000000e+00
2.972588966819894075e-03 -3.046708025866751201e-04
1.861010525485157566e-02 0.000000000000000000e+00
1.978217163701658302e-02 1.953875855899375735e-01
1.989349794117887260e-01 9.065010521619213391e-01
1.097667732200758861e+00 1.153626256456495858e+00
1.353114355340860664e+00 1.318137025224622505e+00
1.551786322988357947e+00 1.498971119902918980e+00
1.739788909640842540e+00 1.711293178166449769e+00
1.949146451126122725e+00 1.911625216436593222e+00
2.142991294406870306e+00 2.122707823243730640e+00
2.335070145143685050e+00 2.290461822473838449e+00
2.539912093954367123e+00 2.494614620893712775e+00
2.741660524008112887e+00 2.698762820413297181e+00
2.944495340645465919e+00 2.882724258487173952e+00
3.134024134263848627e+00 3.063169057728499567e+00
3.328375433298578212e+00 3.276303695672341476e+00
3.534804697931218875e+00 3.449004525485497297e+00
3.747016752431723940e+00 3.663671551397582604e+00
3.938479112202784460e+00 3.863878440383128332e+00
4.138712259797672210e+00 4.066203468883489158e+00
4.339634017843388314e+00 4.249761318914264230e+00
4.529819781820970448e+00 4.432491291719475868e+00
4.719461000805735829e+00 4.647814800222342058e+00
4.923279315602404616e+00 4.834338741772223003e+00
5.115595615759075621e+00 5.033608204331768476e+00
5.313457558425525917e+00 5.244465677714618579e+00
5.506349494502569719e+00 5.394460176653979033e+00
5.702369209985024945e+00 5.611584682053115003e+00
5.908376137599374189e+00 5.831041576577371544e+00
6.098508383029473734e+00 5.999646442948014524e+00
6.296031545171667076e+00 6.195157536576014756e+00
6.491682277747847785e+00 6.417827367525010374e+00
6.688805656406450417e+00 6.608510275947304002e+00
6.879631936673354708e+00 6.771409955110569534e+00
7.081436546998215675e+00 6.987258165117206765e+00
7.272273295656426662e+00 7.092484576791465045e+00
7.466747543853446523e+00 7.347443349159455295e+00
7.662603748536306547e+00 7.472397570797851607e+00
7.857739434150811775e+00 7.732279872845553292e+00
8.051258940644757445e+00 7.924062412492347107e+00
8.241183694119659009e+00 8.075278261677860669e+00
8.434173070018241347e+00 8.328257785681632441e+00
8.633124447824878089e+00 8.470177323993796747e+00
8.828532658535605648e+00 8.704706403264616199e+00
9.016606630092502073e+00 8.876717913103636448e+00
9.217028507822956129e+00 9.080433432954578166e+00
9.406863907097553934e+00 9.278893506350970100e+00
9.607817101452086561e+00 9.478606547894360190e+00
9.812930217776537845e+00 9.657816761773172942e+00
1.000556012177285581e+01 9.796630963323551100e+00
1.021277718012271940e+01 1.008856902240856712e+01
1.041643660627642909e+01 1.027720085503338510e+01
1.060244270868465932e+01 1.042170504761888239e+01
1.080392079706922281e+01 1.068125130366102304e+01
1.099189327057612608e+01 1.088938653799620049e+01
1.119233893825380299e+01 1.098736999131775427e+01
1.138878366393368502e+01 1.124617078804829617e+01
1.158064164473559288e+01 1.144766531603448279e+01
1.180050927224914936e+01 1.159807983845573354e+01
1.200058096921675244e+01 1.189764129016654692e+01
1.217997672345144800e+01 1.202512493297199292e+01
1.238956383988909948e+01 1.224666467978487283e+01
1.260252399682623370e+01 1.238099710525275121e+01
1.280735310803906657e+01 1.265832416033059715e+01
1.300104501058035211e+01 1.272339140577441263e+01
1.320278415481027245e+01 1.301146066836433413e+01
1.340851968727910482e+01 1.307394126511823629e+01
1.360098932585583675e+01 1.336281443120226164e+01
1.381155054219817124e+01 1.345805748488537112e+01
1.401115251202116951e+01 1.373502695724871892e+01
1.420709383459196928e+01 1.389439275487663217e+01
1.442462984079576493e+01 1.421687820769699506e+01
1.462509936265885813e+01 1.440393946195256802e+01
1.480274889892697843e+01 1.451499661035616917e+01
1.500112227462731695e+01 1.475453530107369460e+01
1.519400167738109708e+01 1.493632662725836724e+01
1.540831526210337721e+01 1.513829542121508887e+01
1.559457678443837736e+01 1.523008571736346184e+01
1.578296806116327566e+01 1.555132326208411087e+01
1.598052962367943231e+01 1.569045331432359625e+01
1.617516115569289425e+01 1.592402191534213785e+01
1.636263204721751663e+01 1.598209335987409396e+01
1.655144686811749111e+01 1.626091290818460422e+01
1.675501052604647612e+01 1.646965509473269762e+01
1.694908735007012623e+01 1.667170559052430079e+01
1.714400831690413085e+01 1.683781373293315653e+01
1.733592122900035548e+01 1.702742755919614481e+01
1.752380020982330322e+01 1.728167593830497140e+01
1.773868829691005189e+01 1.755235130176644631e+01
1.792935677994802290e+01 1.762700252876365070e+01
1.813212801385244077e+01 1.781620238257213273e+01
1.832804852695936049e+01 1.807492969969912266e+01
1.853809081941492920e+01 1.807385612935759056e+01
1.872000321421284497e+01 1.835645347804214822e+01
1.892143198531000436e+01 1.857509968077916440e+01
1.912547011680671361e+01 1.874767443721674809e+01
1.932260797278946285e+01 1.900490985720885107e+01
1.951478792273993079e+01 1.916271612738252017e+01
1.971463657290623672e+01 1.940539375874163142e+01
