0.000000000000000000e+00 0.000000000000000000e+00
0.000000000000000000e+00 0.000000000000000000e+00
0.000000000000000000e+00 0.000000000000000000e+00
1.117339374039132138e-01 0.000000000000000000e+00
3.752892694979209631e-02 0.000000000000000000e+00
9.180240862250824696e-01 2.528500587870523120e+00
2.319029520345285089e+00 2.611349269163047548e+00
2.685657270400643171e+00 2.719971509174148316e+00
2.769446717414040915e+00 2.765075991074033901e+00
2.884763113665959278e+00 3.025292944721184707e+00
2.975687644989698732e+00 3.212266828489391823e+00
3.190565432652271660e+00 3.434563442336742156e+00
3.516634238929476464e+00 3.684768579994478710e+00
3.765827051798713132e+00 3.895862104487149757e+00
3.937427262596802979e+00 4.102861264692401200e+00
4.165319465134637689e+00 4.314641637790641582e+00
4.353645678126907725e+00 4.499186909766420328e+00
4.522290066723398283e+00 4.708485726943417937e+00
4.711834080563237492e+00 4.895341423213059429e+00
4.890925930912987774e+00 5.079611884742233130e+00
5.092320781594697365e+00 5.260580346875966207e+00
5.276597284657786879e+00 5.444205546990702693e+00
5.460912046554396326e+00 5.628560205460817478e+00
5.637574286540017354e+00 5.804250996713674837e+00
5.818076386483268969e+00 5.974079370309447690e+00
6.014288086943225586e+00 6.149781901593301292e+00
6.196371170574915155e+00 6.337739031283573077e+00
6.357627948600206302e+00 6.510337799827638605e+00
6.568347106093898269e+00 6.682658394532690060e+00
6.691064590692303859e+00 6.859128482578068287e+00
6.889548594418516636e+00 7.043875178122488201e+00
7.190316620480304621e+00 7.049754934829591591e+00
7.360552046407422999e+00 7.219673882373617957e+00
7.367918967843710476e+00 7.559645763142163410e+00
7.568214367942323939e+00 7.743438458218752096e+00
7.762306669242750701e+00 7.920325879773627342e+00
8.096181243375994541e+00 7.926420613976442375e+00
8.100238209714239801e+00 8.270613419751281725e+00
8.284125862617797154e+00 8.447050529487585280e+00
8.620952707841386342e+00 8.422750802256581792e+00
8.782125177388314441e+00 8.593737997000905793e+00
8.776349135765855181e+00 8.978676100599678023e+00
9.006166868824678318e+00 9.149389314882769852e+00
9.321044489692731361e+00 9.173502868014987044e+00
9.360362857181193874e+00 9.489870556572553184e+00
9.672152699672354359e+00 9.537392349632582977e+00
9.848422466347367177e+00 9.687298160248094092e+00
1.003944900105447324e+01 9.889511877081057278e+00
1.021569096615506389e+01 1.004518767128116075e+01
1.039680830194354932e+01 1.025198147662930026e+01
1.057848825573539386e+01 1.042584191681316774e+01
1.076058579327981590e+01 1.058523952231744047e+01
1.075323509517023801e+01 1.093408260278154742e+01
1.112113533445944569e+01 1.100718162726817262e+01
1.115213592252546704e+01 1.130113931604464561e+01
1.148462970065756039e+01 1.126729172614199470e+01
1.167983241853591281e+01 1.151425000979770452e+01
1.166443849499111352e+01 1.185806522979615885e+01
1.184614870684198173e+01 1.202063581948485194e+01
1.222385350137686899e+01 1.204170444976067245e+01
1.241120018222665600e+01 1.226736413085001765e+01
1.259159266726510751e+01 1.246117789445882806e+01
1.276035845545203706e+01 1.260195658309951305e+01
1.277769101611896119e+01 1.294965863284819285e+01
1.313666853539715085e+01 1.296930462149086516e+01
1.330681819159231694e+01 1.317364834732615897e+01
1.349693213395375047e+01 1.336371067842600446e+01
1.368965148398232579e+01 1.352775683775477944e+01
1.387767079647777280e+01 1.376758822094838663e+01
1.405947410585391744e+01 1.392827211145131550e+01
1.411288677872028074e+01 1.422151050278695550e+01
1.443606788244424166e+01 1.431922666570872593e+01
1.462180979386347524e+01 1.449005920370505685e+01
1.480348693250953929e+01 1.467210019355218797e+01
1.499161062039443948e+01 1.487289999986412958e+01
1.518915585249419209e+01 1.502341231821667655e+01
1.519255304527108308e+01 1.534824483913453719e+01
1.555775638831895513e+01 1.539728393605260592e+01
1.576564855700103429e+01 1.554290586844488686e+01
1.594728507491154801e+01 1.574601643512600546e+01
1.614317479521713139e+01 1.591952561731636884e+01
1.633755160172118082e+01 1.617258376714618962e+01
1.653159629649335116e+01 1.641428997798209011e+01
1.672749866400386054e+01 1.656398832372716612e+01
1.692147196322483182e+01 1.669675328882332366e+01
1.697636866824277746e+01 1.707224181164766819e+01
1.729240378421665625e+01 1.712928679380807750e+01
1.747905113333514038e+01 1.729723382075798099e+01
1.768018859576164559e+01 1.749088008909420466e+01
1.776572378298403976e+01 1.783800968327762604e+01
1.805706222004516448e+01 1.784104525491473581e+01
1.824740661819344822e+01 1.800428777209259223e+01
1.843365260047408682e+01 1.826275952521733004e+01
1.863147076609332231e+01 1.848559523649252867e+01
1.882863854070109255e+01 1.869238345546538937e+01
1.902004318618590872e+01 1.881078633597974559e+01
1.922328932338998442e+01 1.900212242164911203e+01
1.941645167657057769e+01 1.913464143364210557e+01
1.959494737743879966e+01 1.937465987118804733e+01
1.981375117525702123e+01 1.954276052770953243e+01
2.000505829824974668e+01 1.988562293255323254e+01
