0.000000000000000000e+00 0.000000000000000000e+00
0.000000000000000000e+00 0.000000000000000000e+00
0.000000000000000000e+00 0.000000000000000000e+00
0.000000000000000000e+00 0.000000000000000000e+00
0.000000000000000000e+00 0.000000000000000000e+00
0.000000000000000000e+00 0.000000000000000000e+00
0.000000000000000000e+00 0.000000000000000000e+00
0.000000000000000000e+00 0.000000000000000000e+00
0.000000000000000000e+00 0.000000000000000000e+00
0.000000000000000000e+00 0.000000000000000000e+00
0.000000000000000000e+00 0.000000000000000000e+00
0.000000000000000000e+00 0.000000000000000000e+00
0.000000000000000000e+00 0.000000000000000000e+00
0.000000000000000000e+00 0.000000000000000000e+00
0.000000000000000000e+00 0.000000000000000000e+00
0.000000000000000000e+00 0.000000000000000000e+00
0.000000000000000000e+00 5.862278866332901295e+00
9.836389492516563193e-02 5.443297158945779479e+00
8.076651801824410448e-01 5.973941597669425896e+00
1.339888476485225244e+00 6.524015416958468983e+00
6.480341824068654333e+00 6.509808540493047246e+00
6.625017986113499013e+00 6.632385489375629106e+00
6.739182608869899838e+00 6.760812010736457545e+00
6.860148527187809542e+00 6.867038818894265262e+00
6.990228051124928399e+00 6.995795463088207100e+00
7.112493019884839285e+00 7.248942920573060889e+00
7.255834155359733195e+00 7.462795498100880387e+00
7.420794289521405851e+00 7.613014709867420571e+00
7.618221943344245517e+00 7.754400988688271212e+00
7.819164465373647843e+00 7.895074058581088572e+00
8.014875751169126872e+00 7.960809342634754593e+00
8.091795984152176047e+00 8.184622520370442800e+00
8.307359085803161847e+00 8.207879524748815214e+00
8.417513565610619253e+00 8.476817974943473999e+00
8.555427894878878448e+00 8.623559157485676252e+00
8.757898444773639213e+00 8.687761871237649203e+00
8.911175682835310141e+00 8.849312574055057112e+00
9.017502148212903634e+00 9.061960650218514601e+00
9.213410449739178887e+00 9.163601081703639295e+00
9.369687651996459365e+00 9.326741222774863616e+00
9.523559394872036066e+00 9.477830340994396252e+00
9.683114742125887631e+00 9.649417028680183250e+00
9.846642347808158391e+00 9.800102769223796528e+00
1.000103471956045631e+01 9.904260469370552045e+00
1.016382113773704710e+01 1.007550512688131406e+01
1.033344814504444820e+01 1.023242967392160452e+01
1.049559707542024967e+01 1.039116237077301363e+01
1.065860659299445778e+01 1.054458147014276115e+01
1.082536747867647264e+01 1.072543155301649698e+01
1.099776248135267132e+01 1.092175713328561315e+01
1.117575703215652361e+01 1.106455061706433973e+01
1.134129426779397853e+01 1.123193779159282890e+01
1.151247486348376015e+01 1.138363852684894972e+01
1.168824801659810575e+01 1.154482130414438146e+01
1.186498631363079603e+01 1.174131982663320883e+01
1.205055028244459692e+01 1.190779665148676791e+01
1.222835878993173608e+01 1.212775114367550700e+01
1.240203277967899886e+01 1.230244400000768046e+01
1.259142689930160763e+01 1.244814755928428340e+01
1.277521175445718704e+01 1.260662889109786455e+01
1.295771720255681636e+01 1.281679109038940823e+01
1.313674454976977124e+01 1.304426835521338646e+01
1.332712379299113969e+01 1.309023122579461962e+01
1.349950712752623616e+01 1.332216155564888282e+01
1.368281127039760570e+01 1.346501398696764262e+01
1.386109637658167593e+01 1.366094259134902344e+01
1.402663776005162433e+01 1.392115965831614766e+01
1.422067755488926899e+01 1.399974163188012533e+01
1.440745780929255559e+01 1.419112510370440816e+01
1.457173322045872688e+01 1.441955251435181218e+01
1.476051105811116670e+01 1.457735438875509892e+01
1.493950239036559680e+01 1.477230169277247285e+01
1.512426539448965457e+01 1.493263173177297709e+01
1.530617930416314287e+01 1.507274590443141449e+01
1.549430770557356674e+01 1.527008756795772193e+01
1.566956355804525636e+01 1.549313265007090834e+01
1.584977391963206372e+01 1.568143351623572102e+01
1.603814153101883377e+01 1.582576213006345078e+01
1.621813756478794133e+01 1.601787916337648099e+01
1.640659173355294698e+01 1.616291928611918038e+01
1.659515168252597661e+01 1.632827916161798498e+01
1.679138572793099726e+01 1.652953459043835949e+01
1.698821106171786255e+01 1.668161493561085251e+01
1.717940378181395644e+01 1.691650865630685985e+01
1.736823173590946823e+01 1.715169656999077219e+01
1.755438378951672362e+01 1.731489007646804978e+01
1.774662805647175645e+01 1.746585049121841848e+01
1.793151001703721192e+01 1.758497052648158387e+01
1.812070680922737864e+01 1.789134136212139126e+01
1.829716203628416693e+01 1.802342621116701693e+01
1.848753180014115927e+01 1.816049208470832355e+01
1.867937995799708872e+01 1.833964833983650777e+01
1.886561675070987221e+01 1.852050654899374393e+01
1.904823972255780973e+01 1.874882102671357842e+01
1.922577436405179441e+01 1.888786620256122362e+01
1.942825108178261218e+01 1.909751640239256076e+01
1.960521742367690834e+01 1.936022654911915097e+01
1.980041132037430174e+01 1.940058200385059095e+01
1.997550845820312304e+01 1.969814376371004983e+01
2.014665259615937387e+01 1.979496665812962419e+01
2.035878526499800145e+01 2.008650075116663558e+01
