0.000000000000000000e+00 0.000000000000000000e+00
0.000000000000000000e+00 0.000000000000000000e+00
0.000000000000000000e+00 0.000000000000000000e+00
0.000000000000000000e+00 0.000000000000000000e+00
0.000000000000000000e+00 0.000000000000000000e+00
0.000000000000000000e+00 0.000000000000000000e+00
0.000000000000000000e+00 0.000000000000000000e+00
1.215840200537223609e-01 8.183484140146918273e-02
2.717399636980162292e-01 1.083257179037875328e-01
2.532133113617562881e-01 3.074392018367248625e+00
3.560639380443942237e+00 4.619389866342100248e+00
4.421916937360109046e+00 4.605186170084166086e+00
4.691826165632842383e+00 4.713150806426249062e+00
4.803344587321604742e+00 4.891167990185113723e+00
4.889849684344684810e+00 4.988825949729104536e+00
4.987952744014720885e+00 5.079632390459043911e+00
5.150677144797857210e+00 5.136263943588497582e+00
5.279553782558391362e+00 5.473461454085486899e+00
5.468621287351410842e+00 5.740381981782587850e+00
5.666709628626469097e+00 5.896027252639538752e+00
5.889666915767417521e+00 6.065112278024282766e+00
6.112507891644472835e+00 6.283378903228689083e+00
6.304366360348952369e+00 6.476794550618940605e+00
6.426439181397032741e+00 6.662655145606342977e+00
6.597505712437719438e+00 6.810604645730951034e+00
6.728522384063547968e+00 6.970012256914684734e+00
6.929682861866595545e+00 7.122522596296344766e+00
7.080793045355051163e+00 7.274120004721075006e+00
7.308569949410084199e+00 7.429052660882175196e+00
7.512339599361435027e+00 7.573046170206693795e+00
7.683385886317027236e+00 7.721359505208974738e+00
7.861875286671631713e+00 7.816021525651836832e+00
8.005861862455256883e+00 7.914541681529451367e+00
8.045533661987272822e+00 8.160626845138093444e+00
8.309624230954840485e+00 8.196988889946025481e+00
8.337944681607611486e+00 8.487645053863815292e+00
8.631084243538476031e+00 8.527498100959441274e+00
8.700970413363535272e+00 8.797987124705661799e+00
8.859309451529728818e+00 8.966016699827378034e+00
9.122586775030127271e+00 9.028456067029393850e+00
9.285883539736838443e+00 9.162283626838039652e+00
9.455434798071445712e+00 9.347202154211244007e+00
9.617523499010278698e+00 9.500740020146331233e+00
9.668818694777156608e+00 9.793208148511519440e+00
9.965156925683615441e+00 9.842699340629494031e+00
1.013060027056932100e+01 9.949359913247180387e+00
1.030338865784571212e+01 1.014017341258779759e+01
1.047823253806804544e+01 1.036093012863440244e+01
1.064718162736574492e+01 1.052418111922897204e+01
1.082380458561336312e+01 1.068632758952066020e+01
1.100005738008816358e+01 1.087505992115925046e+01
1.117401035223407924e+01 1.103284350705353134e+01
1.133672160950547969e+01 1.120054022786316317e+01
1.151162609403429116e+01 1.138870335117060684e+01
1.167562889191570896e+01 1.156548537488536965e+01
1.186258214664446520e+01 1.175853889367582461e+01
1.204197545476074360e+01 1.191699757997446163e+01
1.221833323860194831e+01 1.208692618780176531e+01
1.240798550037508896e+01 1.226692909453415581e+01
1.245402154289642205e+01 1.254786905950403586e+01
1.275123918019168023e+01 1.261889697985377268e+01
1.291612055194982389e+01 1.282025844571400519e+01
1.310886777719943552e+01 1.300320945454510202e+01
1.328183233764779025e+01 1.316692229215415821e+01
1.345394662683681553e+01 1.334926656349759533e+01
1.363607669813486112e+01 1.350902911486141278e+01
1.381243889181870088e+01 1.371589058413017348e+01
1.399511542738982506e+01 1.390659914368625749e+01
1.417325743831557183e+01 1.408785337688704509e+01
1.436078176824061003e+01 1.427489654204160630e+01
1.454642830661264696e+01 1.444293417747374519e+01
1.471883672162993761e+01 1.461049298065863766e+01
1.491281293143191178e+01 1.480369323207492904e+01
1.508823726847951541e+01 1.500314547212236072e+01
1.527934730660803098e+01 1.516784448504866667e+01
1.545835717247672747e+01 1.533556542200196482e+01
1.565084591606472664e+01 1.557242307863575093e+01
1.584047201707950236e+01 1.572870775902638307e+01
1.602881168605644291e+01 1.591075930976519714e+01
1.621521677908492975e+01 1.609765171904134107e+01
1.640451318299382066e+01 1.621949492376808166e+01
1.660013853442081455e+01 1.638570649670463908e+01
1.678079862950511725e+01 1.663583501388250596e+01
1.697266482487345840e+01 1.682585066611868285e+01
1.716666909699515031e+01 1.702657926064097182e+01
1.736130067584325332e+01 1.719484196715409396e+01
1.754346702307472583e+01 1.739354587593444990e+01
1.773030807879844417e+01 1.755819135916680551e+01
1.793445516648163718e+01 1.778150022955428256e+01
1.813495925047347157e+01 1.792297877032228115e+01
1.831444679598301306e+01 1.812268694871623609e+01
1.850808888919248929e+01 1.828909660958154859e+01
1.870022751035918418e+01 1.852845735697816920e+01
1.888592576296771242e+01 1.875229410854400314e+01
1.909160322920112307e+01 1.888908450875959133e+01
1.927325203440730306e+01 1.911312688546027871e+01
1.946550727617595555e+01 1.930068552717154517e+01
1.964882362989486708e+01 1.954146830284853209e+01
1.986628938947328038e+01 1.963879532487332824e+01
2.004661476551214250e+01 1.977636922287766907e+01
2.023878604204740128e+01 2.003283886835538397e+01
