0.000000000000000000e+00 0.000000000000000000e+00
0.000000000000000000e+00 0.000000000000000000e+00
0.000000000000000000e+00 0.000000000000000000e+00
0.000000000000000000e+00 0.000000000000000000e+00
0.000000000000000000e+00 0.000000000000000000e+00
0.000000000000000000e+00 0.000000000000000000e+00
0.000000000000000000e+00 0.000000000000000000e+00
0.000000000000000000e+00 0.000000000000000000e+00
7.304763244923953222e-03 0.000000000000000000e+00
4.447213742322955743e-02 0.000000000000000000e+00
0.000000000000000000e+00 0.000000000000000000e+00
1.734479057057814605e-02 0.000000000000000000e+00
1.004404946177043546e-02 0.000000000000000000e+00
1.446599172847826409e-01 5.635139969919530228e-02
2.257324003834427356e-02 0.000000000000000000e+00
1.936706418589698164e-01 0.000000000000000000e+00
2.580299341452954032e-01 0.000000000000000000e+00
5.114830340316529889e-02 0.000000000000000000e+00
1.308322545311865204e-01 -1.583671739574229673e-02
2.843300293634463127e-01 4.420029437692021314e-03
1.541483448628162833e-01 2.437370234578109418e+00
6.955664067858881028e-01 0.000000000000000000e+00
2.696334870877722945e-01 6.361814528598173091e-01
1.649615413345068560e-01 6.221103379892107377e+00
4.370386877584452101e+00 7.314885775886792452e+00
6.684210149483186925e+00 7.346904556281635301e+00
7.384218980336048510e+00 7.357998709302989937e+00
7.543324801316430239e+00 7.622489180221715621e+00
7.659420736689387610e+00 7.773161307008468413e+00
7.812662195715818214e+00 7.929086532839176193e+00
7.988283481368807060e+00 8.068101082531963897e+00
8.132307311284087348e+00 8.272098220199797680e+00
8.354819528882329038e+00 8.272736658448259561e+00
8.422580954912771034e+00 8.561670169564399302e+00
8.596263912492386083e+00 8.719817859063573096e+00
8.759756406333282897e+00 8.861684685215513113e+00
8.959259955750628279e+00 9.015575439605198582e+00
9.158109562124131742e+00 9.078884954254329287e+00
9.306079633182088529e+00 9.233007732998093076e+00
9.456462291819375920e+00 9.408728963011348867e+00
9.601913878374258360e+00 9.496940200079903249e+00
9.760076179756149273e+00 9.647351871714045402e+00
9.916235729877753258e+00 9.798763949870194168e+00
1.007481360848799490e+01 9.956488037915510958e+00
1.023558232983457472e+01 1.014139673425243515e+01
1.039857162022277137e+01 1.026453608936760631e+01
1.057537272131927786e+01 1.044491299413722807e+01
1.073403466680146323e+01 1.061197946543727610e+01
1.089625262819489215e+01 1.080905749602240640e+01
1.106299609107715654e+01 1.094607050673082504e+01
1.123175874935098406e+01 1.110963500429545547e+01
1.140286467033627638e+01 1.126295902031348106e+01
1.155222006828153702e+01 1.142779521909810114e+01
1.172639704041332998e+01 1.160599754467409106e+01
1.189509158327572536e+01 1.174894820487766900e+01
1.207293230866084777e+01 1.195121077931608333e+01
1.224390156741101343e+01 1.212524921413990953e+01
1.242652198730706559e+01 1.230764591726589430e+01
1.260250028587996596e+01 1.243524344141390792e+01
1.277595606995451760e+01 1.264321038878911452e+01
1.296064501780927181e+01 1.286552996392135206e+01
1.313445824803776318e+01 1.302734299670497009e+01
1.331754868196969888e+01 1.318288905501046493e+01
1.349802679758545310e+01 1.330291238017832889e+01
1.368140147205356882e+01 1.350489135593075041e+01
1.385833764222567055e+01 1.369311998621687465e+01
1.403852817430737154e+01 1.389935422295763701e+01
1.423164391493350323e+01 1.409097689216272364e+01
1.442274217913166545e+01 1.420072141734286042e+01
1.460501041048980575e+01 1.440747984264555015e+01
1.478467133541610323e+01 1.457650920215664847e+01
1.497945760643488455e+01 1.471462994366136989e+01
1.516008080318683859e+01 1.491724830978837524e+01
1.535519221787777155e+01 1.508870165348479020e+01
1.553002322621632914e+01 1.522196455693080530e+01
1.572849535631245921e+01 1.545048080633486265e+01
1.589592826159566030e+01 1.564238811351762770e+01
1.607308166181100972e+01 1.584728980065523096e+01
1.626482579359920777e+01 1.589641592668906966e+01
1.644435267194666750e+01 1.626191519921948014e+01
1.661889443463206106e+01 1.634272575630474833e+01
1.681758763874286799e+01 1.652846080846099852e+01
1.700590879940845568e+01 1.662022829561583137e+01
1.719148038183546134e+01 1.686642492529335158e+01
1.738884735210208632e+01 1.700004637002318830e+01
1.756447003762436054e+01 1.729296828871062530e+01
1.775161229023493092e+01 1.749014828211646133e+01
1.794450287794775889e+01 1.756057972420288493e+01
1.813404507367767948e+01 1.771283401657088064e+01
1.832952925451863280e+01 1.798339339919844804e+01
1.849598709438966182e+01 1.811158039282204513e+01
1.868663678939241635e+01 1.837058362256478006e+01
1.888507113513459501e+01 1.847426781817935648e+01
1.907530255569942312e+01 1.861821903545989088e+01
1.926528452639844957e+01 1.887817162601923116e+01
1.944704431327968663e+01 1.907888506578312615e+01
1.963143070673989143e+01 1.926140983923777483e+01
1.983433839685891087e+01 1.937123641167828936e+01
2.001258103745778527e+01 1.964475970314430953e+01
2.020771255544597977e+01 1.969560326204477718e+01
2.039422655370398019e+01 1.999289957944061769e+01
