0.000000000000000000e+00 0.000000000000000000e+00
0.000000000000000000e+00 0.000000000000000000e+00
0.000000000000000000e+00 0.000000000000000000e+00
0.000000000000000000e+00 0.000000000000000000e+00
0.000000000000000000e+00 0.000000000000000000e+00
0.000000000000000000e+00 0.000000000000000000e+00
0.000000000000000000e+00 0.000000000000000000e+00
0.000000000000000000e+00 0.000000000000000000e+00
0.000000000000000000e+00 6.822329911828503013e-01
8.570766055696601882e+00 9.637062293272954605e+00
8.725954473133306522e+00 9.246968343543738200e+00
8.771495097116355666e+00 8.799253646432912745e+00
8.788938687756349566e+00 8.764849582974635567e+00
8.644122781412390211e+00 8.645784450368861229e+00
8.707303044031997175e+00 8.751886004890804927e+00
8.717220208298464001e+00 8.847867877989404661e+00
8.739863102425504238e+00 8.984780662795996520e+00
8.920422155842882006e+00 9.221248606367471012e+00
9.148539929716577035e+00 9.496132818780864682e+00
9.231485847722579408e+00 9.733348647145040999e+00
9.617211479592267409e+00 9.920185332699842817e+00
9.836653829228454882e+00 1.014301260148064721e+01
1.006649019817643520e+01 1.033863141658542339e+01
1.022885206903357691e+01 1.051294689558188367e+01
1.051896807968577008e+01 1.069424757371764478e+01
1.069816509602352816e+01 1.086673583110346719e+01
1.087870638429756198e+01 1.103378573847450284e+01
1.108717380556985255e+01 1.119160149131041848e+01
1.123453990645360356e+01 1.136172912459087669e+01
1.140708884245409038e+01 1.153510245979818727e+01
1.156270701075719387e+01 1.170633348652322780e+01
1.170046433327808977e+01 1.187185876757799186e+01
1.188502528782652590e+01 1.203496236761066207e+01
1.206155474180851073e+01 1.219141852884598443e+01
1.222543302103400187e+01 1.235925978562401895e+01
1.237587363755954684e+01 1.251657647900264259e+01
1.253734615995157853e+01 1.267367470542171581e+01
1.271684745286856888e+01 1.285103498320574467e+01
1.287845057369777457e+01 1.302273847536020490e+01
1.303451815201919572e+01 1.319182146981665937e+01
1.318634553200247339e+01 1.335123363088986181e+01
1.337363982393698336e+01 1.350979565871105237e+01
1.354060299762286945e+01 1.367059112450508351e+01
1.368660632874815519e+01 1.382599783594011456e+01
1.388171927763018054e+01 1.400059941126071372e+01
1.404679569116775184e+01 1.415405638353532147e+01
1.421115274331113554e+01 1.432264652629405255e+01
1.435826802584951345e+01 1.448671519151404574e+01
1.451597334902640490e+01 1.465135412460259801e+01
1.467565136287022831e+01 1.481447882678288153e+01
1.483877366001838105e+01 1.497452919039325536e+01
1.498689082779790027e+01 1.514271406836716949e+01
1.517479699349592792e+01 1.530502096949227031e+01
1.532115178790123977e+01 1.547756433066443371e+01
1.548844574835756660e+01 1.563284095573049548e+01
1.565324499539425140e+01 1.580324066097811730e+01
1.582210166561185538e+01 1.594585563288589114e+01
1.600750990932688467e+01 1.611674922697604728e+01
1.616254855558967662e+01 1.629186353696097811e+01
1.632859130363052458e+01 1.644326470600575263e+01
1.645142153002338503e+01 1.660765884295026140e+01
1.656248854543963489e+01 1.677460960689319336e+01
1.679181882952785188e+01 1.694312404803219252e+01
1.697420585962304074e+01 1.710928268904226712e+01
1.711314255484496627e+01 1.727253118881466776e+01
1.731804139689317168e+01 1.744189916342914870e+01
1.745733815410812539e+01 1.760063347889808938e+01
1.755339974907618128e+01 1.776717329193604655e+01
1.773181020557200327e+01 1.793131416136032286e+01
1.791993717930882113e+01 1.809382315032857846e+01
1.809341730722224284e+01 1.826296177415683530e+01
1.827975247662067915e+01 1.842280366411169013e+01
1.837148279995581390e+01 1.858073331267557293e+01
1.868672310716461382e+01 1.854624038749288673e+01
1.867882083106412239e+01 1.888407647525520971e+01
1.885239540883128129e+01 1.905373798471693192e+01
1.903983714701949381e+01 1.921726396576466200e+01
1.932150571305124132e+01 1.923517328901061774e+01
1.934578628411368229e+01 1.951753852445123272e+01
1.950050020317745947e+01 1.967647386675784915e+01
1.962535454974396032e+01 1.983797802357467432e+01
1.996901356667481764e+01 1.979506803371204882e+01
1.992628475398633725e+01 2.015089258386534610e+01
2.028501705655870069e+01 2.013457570462762547e+01
2.043639091292646270e+01 2.030974318162896708e+01
2.041152104155917257e+01 2.061122368411386319e+01
2.058527146646715522e+01 2.077612635858751844e+01
2.070769759429099821e+01 2.093856584925357112e+01
2.090238917653480755e+01 2.109929682990253497e+01
2.122453581203112094e+01 2.105470342584363408e+01
2.140815228016689886e+01 2.122109097711014059e+01
2.155257182600861299e+01 2.140982028313767316e+01
2.154536539206662127e+01 2.172941515996107853e+01
2.173023680941415137e+01 2.190154385887781530e+01
2.188336884630546209e+01 2.205957417784276586e+01
2.197946958943133566e+01 2.223289729339910892e+01
2.239632934073337722e+01 2.219050629472180347e+01
2.254653428254345826e+01 2.234535137545798023e+01
2.252780455081242295e+01 2.272811518412049026e+01
2.262382528342956434e+01 2.288853367230659330e+01
2.291155002768611126e+01 2.305270365886842754e+01
