0.000000000000000000e+00 0.000000000000000000e+00
0.000000000000000000e+00 0.000000000000000000e+00
0.000000000000000000e+00 0.000000000000000000e+00
0.000000000000000000e+00 0.000000000000000000e+00
0.000000000000000000e+00 0.000000000000000000e+00
0.000000000000000000e+00 0.000000000000000000e+00
0.000000000000000000e+00 0.000000000000000000e+00
0.000000000000000000e+00 0.000000000000000000e+00
0.000000000000000000e+00 0.000000000000000000e+00
0.000000000000000000e+00 5.801439579871223273e+00
7.419931975961948645e+00 7.529969418792902047e+00
7.309993849769610641e+00 7.672991107434492974e+00
7.597115267482720036e+00 7.604236632802408025e+00
7.598230699091356399e+00 7.598677277479422010e+00
7.659599841587293234e+00 7.670399764653158314e+00
7.710511239798543137e+00 7.768377218604737067e+00
7.834873064538769860e+00 8.034555778057562492e+00
7.916761413556882232e+00 8.437428841189172246e+00
8.232539782926554750e+00 8.666881878052818067e+00
8.471208678947530046e+00 8.894267715464062363e+00
8.771848960829279562e+00 9.107591103596753612e+00
9.025232518243358371e+00 9.295802814319275242e+00
9.288455016223682748e+00 9.453326116207602325e+00
9.429756434113361507e+00 9.611524709519992271e+00
9.650980041057493963e+00 9.799076996304966869e+00
9.823171736368491835e+00 9.971369662292815406e+00
1.001473573033695885e+01 1.012873328027745501e+01
1.016264060830133609e+01 1.030523538347939194e+01
1.032899898592134313e+01 1.048068463902519731e+01
1.050872508422433249e+01 1.064212354093396407e+01
1.068061112981627225e+01 1.081024325520393425e+01
1.083869580242499531e+01 1.098295863752708001e+01
1.101505639596789088e+01 1.114659513155015169e+01
1.118902463527528290e+01 1.131638334468887130e+01
1.136258674231146948e+01 1.147752981942295136e+01
1.151774034739345076e+01 1.164085756865208232e+01
1.166916494859236764e+01 1.180563682423555250e+01
1.184800753321784050e+01 1.195899797994620606e+01
1.203233479199064071e+01 1.212910691057635049e+01
1.217466620820034784e+01 1.228948823902910448e+01
1.230537419031321456e+01 1.244249965548555714e+01
1.248393726351152111e+01 1.261245990257601512e+01
1.266492833025938047e+01 1.277850852102089974e+01
1.282699259465524655e+01 1.294754849326078983e+01
1.300123442791123018e+01 1.310330582166984748e+01
1.317627643170969165e+01 1.327264876152942108e+01
1.332646779924209213e+01 1.343326933184616223e+01
1.347703557762267046e+01 1.359661714475487315e+01
1.361599070018341529e+01 1.377032370080384638e+01
1.380128940145034022e+01 1.391575780127019435e+01
1.392858257954692114e+01 1.409037283578707367e+01
1.410331315264874519e+01 1.425297181838316618e+01
1.428534033079874099e+01 1.440777758187000757e+01
1.444010343478227121e+01 1.457468140010796631e+01
1.459296740057642694e+01 1.473709077991752281e+01
1.477401078335028473e+01 1.489773654565367167e+01
1.491401341463053853e+01 1.504303497949936563e+01
1.509553555567268113e+01 1.521090756210801587e+01
1.522146410590665866e+01 1.536071296226572613e+01
1.547417173087130671e+01 1.539506275358599297e+01
1.555157364303085110e+01 1.567015167377269691e+01
1.562307798835893458e+01 1.582166853540490514e+01
1.586410384802989526e+01 1.598472950547306759e+01
1.606008064898118803e+01 1.615376885109404981e+01
1.624025295046869388e+01 1.631227295941325295e+01
1.635008328453455206e+01 1.648358850243278084e+01
1.646673219894217155e+01 1.664146058714745280e+01
1.668545689728788872e+01 1.680498641417934635e+01
1.682607249077795331e+01 1.697321301571775010e+01
1.710389479338231666e+01 1.693573991444193183e+01
1.715059418549536119e+01 1.728557606407091285e+01
1.728326218377405610e+01 1.745148930901436657e+01
1.744091397645605213e+01 1.761550566990078437e+01
1.774334687602220484e+01 1.758750863600866055e+01
1.781717019514755407e+01 1.792785356354493942e+01
1.788295787702604400e+01 1.808909405393153591e+01
1.822993253693383764e+01 1.804206126352344697e+01
1.839479272884846495e+01 1.818433597564773052e+01
1.854351275931311704e+01 1.840564456836570528e+01
1.855095660683704750e+01 1.872757620616596697e+01
1.886471486154902166e+01 1.873535376136614872e+01
1.902197555462180389e+01 1.889030565480435087e+01
1.901421851774011174e+01 1.920091469268325568e+01
1.922837686294077386e+01 1.938112119497178654e+01
1.953190491718355659e+01 1.935202818348787801e+01
1.956218221408597202e+01 1.970674334255623705e+01
1.969862273218170756e+01 1.987912314726804297e+01
1.984661949202202536e+01 2.004639286246340646e+01
2.000710323863445694e+01 2.021054402956655238e+01
2.012540745391178731e+01 2.038975681935143314e+01
2.028020589304712473e+01 2.055246772700930080e+01
2.045981342362651745e+01 2.072254706752771369e+01
2.089421652306933908e+01 2.060047478047605551e+01
2.106379393739426931e+01 2.082917653291708859e+01
2.123808186884989624e+01 2.100929847098295156e+01
2.141010684981989343e+01 2.118269590944099434e+01
2.156575527536509185e+01 2.133394880286267536e+01
2.146699491807339299e+01 2.172734175589350869e+01
2.190199637230330509e+01 2.161810670846384497e+01
2.176532119079212180e+01 2.204862223391562992e+01
2.224181167686547766e+01 2.203404197167966316e+01
