0.000000000000000000e+00 0.000000000000000000e+00
3.120545143015351908e-03 0.000000000000000000e+00
9.311391949909590682e-03 0.000000000000000000e+00
4.898888719174799428e-02 -1.433951526586052690e-02
7.964986796187108198e-02 2.873240797224908046e-03
2.473962962285808087e-01 1.537092169078602133e-02
9.276459822275776590e-01 1.017948631029885975e+00
1.254130312783082069e+00 1.281641412536957514e+00
1.471204979602602769e+00 1.498387020262871960e+00
1.701249322697968580e+00 1.675769125912721869e+00
1.906097230102060003e+00 1.876389984003808964e+00
2.095462249172208580e+00 2.082662090378603281e+00
2.294110673390905575e+00 2.286152704595875385e+00
2.503118765430887294e+00 2.483742878388037312e+00
2.702335435661201934e+00 2.674091799557160698e+00
2.905899185668357809e+00 2.881213510721987170e+00
3.112845654180694144e+00 3.090172107634985732e+00
3.313203273237943947e+00 3.267759733771574915e+00
3.497603354894230243e+00 3.467829140494634643e+00
3.705268163538231185e+00 3.690622896221427141e+00
3.909615695049246220e+00 3.860603683363931893e+00
4.107580109942930768e+00 4.031385951271852619e+00
4.304320982247322291e+00 4.235738142364754211e+00
4.509073214120285833e+00 4.441914738635337478e+00
4.704714217176970692e+00 4.617025814591366739e+00
4.894265014671162817e+00 4.825492706469935555e+00
5.087881639757514840e+00 5.018758443191969398e+00
5.296872063178285295e+00 5.183138315986094646e+00
5.501948322185470808e+00 5.364844147989217937e+00
5.695253640989707655e+00 5.566987196391729675e+00
5.898607900353817435e+00 5.790261896395295871e+00
6.096047382865913633e+00 5.997728344019233049e+00
6.303073480994126676e+00 6.185930453154415254e+00
6.495850841937608422e+00 6.353075416861098113e+00
6.697571849604059047e+00 6.569863811244229801e+00
6.888995867627919267e+00 6.727166579840254457e+00
7.081994866706735614e+00 6.942823113991424933e+00
7.281822090963247618e+00 7.138757259557594104e+00
7.476194573187128434e+00 7.325508696629619898e+00
7.664885813438295337e+00 7.586164235272301326e+00
7.866203860598117714e+00 7.738284682730403929e+00
8.072656722359003112e+00 7.934763565570365884e+00
8.277027013150043189e+00 8.160881932687013673e+00
8.472304428808639543e+00 8.277328474238828449e+00
8.670810976387937075e+00 8.529039267609178410e+00
8.865947838942695114e+00 8.687499023507669449e+00
9.075178819414722042e+00 8.905714206415098033e+00
9.266548575105121088e+00 9.020760040549056669e+00
9.473420289173724029e+00 9.190794989080638189e+00
9.656979126972860428e+00 9.388900199228093157e+00
9.863599354088490756e+00 9.622736216989553171e+00
1.006083458407066367e+01 9.850149480945580294e+00
1.026460774528847431e+01 1.000519275631980598e+01
1.046612670029764303e+01 1.019526232156776402e+01
1.065995365567811604e+01 1.043967022124312294e+01
1.085469096412643530e+01 1.057752913806107919e+01
1.104129422055901166e+01 1.076829431718656771e+01
1.124240891999655823e+01 1.097607875603615213e+01
1.143466510344499376e+01 1.116191291118589923e+01
1.162849322066814217e+01 1.138676880484739939e+01
1.182523908098101373e+01 1.154030328975962760e+01
1.203701879438174771e+01 1.172738286683312126e+01
1.222534789152810397e+01 1.188473526773257127e+01
1.243550921632035866e+01 1.213480314939535099e+01
1.261932399206741273e+01 1.230678365114480499e+01
1.282561032480047380e+01 1.250608237400822986e+01
1.302836148164255015e+01 1.268488293493480157e+01
1.322153023418146844e+01 1.288592324835355996e+01
1.341716257412932656e+01 1.312774533403234756e+01
1.361786053739546531e+01 1.325499770087541229e+01
1.381069543019320989e+01 1.346679375284080038e+01
1.400865677621000671e+01 1.369550842436511573e+01
1.419828974941249378e+01 1.384167319817757580e+01
1.440876514003547371e+01 1.403832595105364156e+01
1.458730885009650002e+01 1.429849461120599408e+01
1.478486400994651184e+01 1.446513336552689566e+01
1.498283584860175566e+01 1.465160602299227222e+01
1.516839138238987239e+01 1.486990096233869352e+01
1.535707508765518092e+01 1.496548480429945371e+01
1.555302936784309331e+01 1.522981788980915674e+01
1.572734898908921153e+01 1.540092665899468116e+01
1.592378056490543869e+01 1.565836514881060992e+01
1.613688531069525922e+01 1.588707132227817276e+01
1.632324646267316481e+01 1.589640011849469836e+01
1.651159145971853093e+01 1.618164990644731205e+01
1.669630503494343543e+01 1.639149167474267799e+01
1.688991595581456906e+01 1.658918287254456203e+01
1.709421232691377313e+01 1.680874258910359131e+01
1.728794192179623934e+01 1.700254773126198060e+01
1.747144659953661971e+01 1.721766236637396830e+01
1.766015461280314369e+01 1.727566242838480903e+01
1.787153218943140232e+01 1.759890647062036351e+01
1.807100954805755677e+01 1.776992096255591491e+01
1.825932468186894653e+01 1.792001274296780622e+01
1.844152799637808826e+01 1.816868856344602179e+01
1.865886757241313276e+01 1.835521871332299426e+01
1.885132982206746632e+01 1.854218415215642679e+01
1.905243113036107516e+01 1.880112468628598421e+01
1.925161873740679397e+01 1.896605541532989037e+01
1.946029431155931988e+01 1.915757364321970257e+01
1.965184961788434137e+01 1.936934502665721070e+01
