0.000000000000000000e+00 0.000000000000000000e+00
0.000000000000000000e+00 0.000000000000000000e+00
0.000000000000000000e+00 0.000000000000000000e+00
1.967703495805301489e-02 -4.194764800162483279e-03
9.907693616082384469e-02 5.256286787590360582e-02
2.167624835885386680e-01 1.987585952954318974e-02
3.803330806694102950e-01 2.074577522944265895e-01
8.527366924230213030e-01 1.229869824209416151e+00
1.405570467655984590e+00 1.501757001774221889e+00
1.639963520239773986e+00 1.766087187397350267e+00
1.863757405093283914e+00 1.977842413293153134e+00
2.066014294373202276e+00 2.171543234835291436e+00
2.372576135785487761e+00 2.253776259583939012e+00
2.565412679362426118e+00 2.484101006715920157e+00
2.752946535462237332e+00 2.655589135913624332e+00
2.950197863380579655e+00 2.864478750466568968e+00
3.150922189338553725e+00 3.068400890282125371e+00
3.341035252831482172e+00 3.271780237464672947e+00
3.536790473983507432e+00 3.460828159175824759e+00
3.738756655737326184e+00 3.661257513664961660e+00
3.934022754884873851e+00 3.866059266745786260e+00
4.117666710516276751e+00 4.054577131381485344e+00
4.318834235840629532e+00 4.243796155005356674e+00
4.512274661344484628e+00 4.445462004667939837e+00
4.709377986482285117e+00 4.651159355924509242e+00
4.906936785301021509e+00 4.829369547765832493e+00
5.116765641790713914e+00 5.015722596662228305e+00
5.305444029448130649e+00 5.239707892351106011e+00
5.511065618291330459e+00 5.424501163198192089e+00
5.706870486400156928e+00 5.617017435651383117e+00
5.913882029681571062e+00 5.804936078654632681e+00
6.107313899086120657e+00 6.004396373533122500e+00
6.300930681069603523e+00 6.187318502902581230e+00
6.500113869295887525e+00 6.405080251001798786e+00
6.688862784556085295e+00 6.568696318972050641e+00
6.883844115009085662e+00 6.789401994723489153e+00
7.073352001006929513e+00 6.966022561255497791e+00
7.265694028309900077e+00 7.149303401087095722e+00
7.459264092302280602e+00 7.288866897206120576e+00
7.654275247070428279e+00 7.521589078745802404e+00
7.863149851025865722e+00 7.712606251060081242e+00
8.061726566056750087e+00 7.935723946667422091e+00
8.252780609070386575e+00 8.121939233390252255e+00
8.440031810281164226e+00 8.253669339242341252e+00
8.629090430420847113e+00 8.499528476683551048e+00
8.822941749090315255e+00 8.731882756288866787e+00
9.028191023207202903e+00 8.907453949450008679e+00
9.224109033220484477e+00 9.125878590689438852e+00
9.431940136716139733e+00 9.290471639051638419e+00
9.615100671302082347e+00 9.464647594390347862e+00
9.819727467553693856e+00 9.658881209199078555e+00
1.002073806507884690e+01 9.885596466670945048e+00
1.022773675275213101e+01 1.003867778604668004e+01
1.044211522418884641e+01 1.025386866781925477e+01
1.062864489576688243e+01 1.045841096940007020e+01
1.082529017077398592e+01 1.060798367823462485e+01
1.102434712324387789e+01 1.084345595172804977e+01
1.121384116838789424e+01 1.101046413616273512e+01
1.140031567159358872e+01 1.128948610639700689e+01
1.159788028368304325e+01 1.143655979819998869e+01
1.180121402946371667e+01 1.158961562029615600e+01
1.200874616999702127e+01 1.183866505003260450e+01
1.219660653167487041e+01 1.200901477498278425e+01
1.240328139972734967e+01 1.223925455141428564e+01
1.259120762172396546e+01 1.247828727609570265e+01
1.278960879923866933e+01 1.258922085164742377e+01
1.299528861967275262e+01 1.273589217125832107e+01
1.320492064312529479e+01 1.301705558752787084e+01
1.340699233806448909e+01 1.314691464856556280e+01
1.360536409182368978e+01 1.339625690764058064e+01
1.379740129181800512e+01 1.359205078317982007e+01
1.399469491744900829e+01 1.373725683482270021e+01
1.420620299555895727e+01 1.399190212854691495e+01
1.439698918310619469e+01 1.411242063296247373e+01
1.459767992680495219e+01 1.444689931101365232e+01
1.480622965098272203e+01 1.453033849893474461e+01
1.500938453449391652e+01 1.468065743712423732e+01
1.521100482741978510e+01 1.492381435952902891e+01
1.541145493284905044e+01 1.516920168162105753e+01
1.559704697553143049e+01 1.531946377682507254e+01
1.579121275510725297e+01 1.551186756305079406e+01
1.599863595084011259e+01 1.572699905700411804e+01
1.620318657342848567e+01 1.589064190551925115e+01
1.640009291902327604e+01 1.614799108925168625e+01
1.659157301036461973e+01 1.627036905132468547e+01
1.678691327585694992e+01 1.651572737008948621e+01
1.698715427377457488e+01 1.667718079382365204e+01
1.717457570074065742e+01 1.679271881276296341e+01
1.736696676923273941e+01 1.706393463796987930e+01
1.755536136711627293e+01 1.720171420961740338e+01
1.775769442597993120e+01 1.744225496461830360e+01
1.795690357970319795e+01 1.763628077565487473e+01
1.816043676397480056e+01 1.785518387460491851e+01
1.835921662663469789e+01 1.803695305254698766e+01
1.854170905259402602e+01 1.828226882443093260e+01
1.874742798371516272e+01 1.836614601976043915e+01
1.894156604785278830e+01 1.861774843879769392e+01
1.912694958353618802e+01 1.881974888024915060e+01
1.932551083110521972e+01 1.895151098645767007e+01
1.952954070060367897e+01 1.916424419221419129e+01
1.972765433367342069e+01 1.943306162227521128e+01
