0.000000000000000000e+00 0.000000000000000000e+00
4.144035974348235464e-04 0.000000000000000000e+00
1.282673253410315101e-02 0.000000000000000000e+00
4.549330146167842454e-02 0.000000000000000000e+00
1.732450696920974920e-01 3.501237878411468663e-02
4.362967421535066115e-01 3.766873010786696979e-02
6.605329362934841964e-01 3.938727361570208974e-01
1.045638571049179566e+00 1.147597902592141450e+00
1.362060043268288334e+00 1.286121381674299569e+00
1.528281829487892152e+00 1.650687430150620916e+00
1.762692751928726986e+00 1.866319575731877567e+00
2.068013008480774406e+00 1.980863715046232265e+00
2.272948578152557353e+00 2.214840412771415412e+00
2.477512477422830539e+00 2.384008954355421483e+00
2.674526619969855190e+00 2.568764830443976965e+00
2.878292840245860518e+00 2.776074563443537979e+00
3.076542309487339200e+00 3.001685168022981465e+00
3.275460490242831924e+00 3.157892168748374750e+00
3.477021620441852257e+00 3.384419837026022559e+00
3.679173671575352245e+00 3.604427435023812354e+00
3.880913146363828226e+00 3.769314263139704746e+00
4.092348455288822962e+00 3.974481915574422874e+00
4.283098837567108852e+00 4.179879275690696616e+00
4.476982361522730436e+00 4.352150516625679089e+00
4.672304673493332672e+00 4.524892559096312716e+00
4.861115077151408670e+00 4.778440425822448212e+00
5.066546004537038961e+00 4.933167633530797680e+00
5.265146628334735013e+00 5.149142487781242394e+00
5.462591617827311730e+00 5.348414037064220139e+00
5.665804990487513848e+00 5.537713670457816484e+00
5.867450892389785011e+00 5.741270705167158539e+00
6.063963514306117020e+00 5.935322918957685268e+00
6.260714107329562239e+00 6.140098586697796179e+00
6.469913086932166379e+00 6.340266270939149074e+00
6.667477521790872608e+00 6.496061217766524010e+00
6.870547650352794022e+00 6.722941253090029434e+00
7.068097684135407732e+00 6.918870018157973867e+00
7.267260684787736125e+00 7.074954881354790004e+00
7.469779763110879323e+00 7.301865032674021094e+00
7.655950671317254930e+00 7.501795120018086571e+00
7.848387890443725645e+00 7.666782728903053901e+00
8.049698430132078641e+00 7.898227616671929852e+00
8.248195813938821175e+00 8.050771647344907578e+00
8.439233347231652971e+00 8.305883689420449301e+00
8.638671120927222447e+00 8.457815538439987790e+00
8.829604600348467613e+00 8.633211915119948898e+00
9.036363069980971829e+00 8.816064071685625336e+00
9.226632506096104080e+00 9.051639621811883529e+00
9.425660752079304316e+00 9.234417692372947073e+00
9.610829394321203978e+00 9.433557079408442902e+00
9.819169491701691399e+00 9.637771407007811320e+00
1.002202389681337813e+01 9.828746252083067958e+00
1.022652552028655215e+01 9.990162494739532661e+00
1.043814126394395103e+01 1.020624461369708413e+01
1.062895177772549360e+01 1.040980357470739825e+01
1.082447199849225505e+01 1.060446952976539770e+01
1.101882698044502540e+01 1.080451423896696639e+01
1.120731960522615012e+01 1.097449942076325158e+01
1.139975510099443490e+01 1.121508800999944100e+01
1.159675823267404482e+01 1.140080961719785790e+01
1.179139097560047134e+01 1.158254033201386868e+01
1.198334077859246349e+01 1.180253859462130173e+01
1.219736313050355392e+01 1.192126603686578612e+01
1.238098930969717593e+01 1.210268967484810965e+01
1.258225581945404414e+01 1.234670017502125461e+01
1.278082538806516588e+01 1.253624633846656522e+01
1.298596516561156733e+01 1.267302995625738227e+01
1.317979863779273764e+01 1.289721022360317626e+01
1.337821670638921923e+01 1.309473586808121759e+01
1.356908252191563591e+01 1.336636767505142487e+01
1.375725765199877593e+01 1.351992449334141000e+01
1.395369029103638958e+01 1.372938468072682028e+01
1.416834220204050254e+01 1.384927448486208590e+01
1.437164838678188339e+01 1.402204951155439261e+01
1.455488433819144234e+01 1.427217641436692830e+01
1.476004598759030628e+01 1.443437092007717837e+01
1.496874571982155899e+01 1.465339513710567765e+01
1.515473209771731433e+01 1.485350273418491263e+01
1.536516919518702906e+01 1.506292496419964166e+01
1.554243360335618718e+01 1.521935784851661744e+01
1.574819927020115173e+01 1.541003659806988679e+01
1.594757647998635264e+01 1.567665807326053695e+01
1.612917537162502413e+01 1.586820142558755542e+01
1.633901386840103598e+01 1.601791330473800912e+01
1.653348226913696450e+01 1.624391584744381234e+01
1.673640728590563853e+01 1.639257731299037246e+01
1.693775890012877383e+01 1.656075552105327020e+01
1.714092870932303114e+01 1.686158000617425401e+01
1.734028904719716024e+01 1.699464842499009265e+01
1.752639876870886937e+01 1.718248896104520540e+01
1.772788327866255642e+01 1.741628951512817736e+01
1.792037398549155114e+01 1.757843916985272514e+01
1.811476605823852282e+01 1.780787785056519823e+01
1.831125927881940996e+01 1.799818401170188764e+01
1.850729431755953769e+01 1.816327345960803896e+01
1.871647475621807288e+01 1.835477786577772363e+01
1.890675292282301712e+01 1.863244964493327771e+01
1.910335944928774765e+01 1.873982764329724304e+01
1.929139850968619641e+01 1.894815693286076197e+01
1.948916975315714595e+01 1.918377792617785005e+01
1.969113710436867493e+01 1.936390506138817358e+01
