0.000000000000000000e+00 0.000000000000000000e+00
0.000000000000000000e+00 0.000000000000000000e+00
0.000000000000000000e+00 0.000000000000000000e+00
1.159823983548708207e-02 0.000000000000000000e+00
9.471200557747272777e-03 -2.880289117953014396e-03
2.296142148262610844e-02 0.000000000000000000e+00
1.664786981714947156e-01 -3.992069372997342214e-02
1.950482457209745446e+00 1.977403954574968870e+00
2.238506047796749776e+00 2.383096489467674051e+00
2.404749553194347467e+00 2.468024106600484657e+00
2.601445853646686679e+00 2.596483356197459180e+00
2.744169745424630324e+00 2.840291603920588770e+00
2.927292079892351406e+00 3.117437647124358779e+00
3.148860589127369547e+00 3.292906613669062121e+00
3.358122265550825158e+00 3.459614718345430884e+00
3.554722603632435973e+00 3.635586798153146226e+00
3.754439037103168175e+00 3.803960677363339205e+00
3.943577614123743746e+00 3.969875363366068388e+00
4.139167603763465486e+00 4.098210795008693452e+00
4.302511593920148592e+00 4.276308930322336721e+00
4.476863058276999041e+00 4.436687586990807119e+00
4.646204461839458233e+00 4.625521778976963816e+00
4.812849146620981067e+00 4.778187198982972284e+00
4.993816090488290449e+00 4.946982663900344690e+00
5.135901571898199514e+00 5.181121786606576407e+00
5.366805012155902332e+00 5.304045096532007619e+00
5.511767327376318804e+00 5.543366919343972299e+00
5.716522615746477243e+00 5.700191292239945362e+00
5.907089796243992552e+00 5.872796661560548692e+00
6.091254879728773552e+00 6.052230369560230194e+00
6.288803888711085754e+00 6.227733677793012568e+00
6.472804494480861592e+00 6.415318448372534732e+00
6.650697574932463496e+00 6.592101827335323350e+00
6.848688813553624577e+00 6.746205794317376103e+00
6.979930687985992144e+00 7.013121255290329259e+00
7.208233954174120939e+00 7.152577856087089181e+00
7.394128953335200372e+00 7.323695312727842577e+00
7.580692525289498995e+00 7.543206777510476968e+00
7.776730812784096614e+00 7.684287782435720082e+00
7.956701341060062660e+00 7.888041575099693503e+00
8.136932225024411380e+00 8.076349154834938204e+00
8.332688634137355166e+00 8.244341032154400395e+00
8.519582028778533100e+00 8.434507631192580845e+00
8.722029051126334309e+00 8.620149341332229653e+00
8.917238012959431970e+00 8.793172549388732051e+00
9.109716385114470683e+00 8.992690826230175460e+00
9.301906593744575957e+00 9.199370651743006277e+00
9.493636450707612084e+00 9.389621137790976846e+00
9.687908536437694451e+00 9.586050039969796543e+00
9.879113050632831516e+00 9.777275716489555180e+00
1.007718597158510043e+01 9.920979507487251325e+00
1.026793507857470367e+01 1.011030141025933382e+01
1.047001747302846653e+01 1.036103888761387459e+01
1.065387942290208478e+01 1.050690248961224960e+01
1.085755315912420116e+01 1.068956136156627501e+01
1.105475490783700288e+01 1.090239737375427787e+01
1.124881730213862596e+01 1.109317388507272106e+01
1.144641384469821688e+01 1.129894060741506934e+01
1.165997846129413418e+01 1.151100520455086951e+01
1.185134204578509021e+01 1.171288235673535283e+01
1.205003879427768076e+01 1.188584748052742590e+01
1.224121715497203233e+01 1.201875432894018125e+01
1.242437205612948148e+01 1.224386915559582079e+01
1.261217753231379213e+01 1.247047100889061078e+01
1.280662036257778169e+01 1.262175959621955101e+01
1.300234109310902575e+01 1.285537481579817687e+01
1.319326416518353895e+01 1.300962704899298394e+01
1.338758710446782274e+01 1.316038960052113715e+01
1.358255988130627756e+01 1.337330537836922772e+01
1.377678285449533035e+01 1.352854586805800707e+01
1.395172084522650380e+01 1.367916933745944519e+01
1.415239798237230673e+01 1.395678330177366355e+01
1.435134803487806820e+01 1.410876274611916692e+01
1.454354920618824742e+01 1.434603011746306933e+01
1.473876839125813376e+01 1.449024060434933325e+01
1.492360384295522024e+01 1.468953024333271529e+01
1.512357958283847736e+01 1.483631389384257915e+01
1.531298201281739679e+01 1.512235432195702778e+01
1.550596610883937032e+01 1.524837358137583365e+01
1.567807517604355816e+01 1.541906462969927638e+01
1.588475936228021546e+01 1.562903121787889482e+01
1.608050136925493234e+01 1.588254807334499930e+01
1.627231496954676260e+01 1.594317866631802971e+01
1.646823774774348692e+01 1.625253040334510146e+01
1.668256208268370955e+01 1.644110435003514681e+01
1.686158613766854231e+01 1.656918359932205576e+01
1.706128196158126542e+01 1.680818752551736495e+01
1.724377370305180790e+01 1.697031415925594544e+01
1.745518930377981093e+01 1.717836959548456122e+01
1.764934590329753306e+01 1.743848711371814275e+01
1.784831269484680050e+01 1.760143648651946791e+01
1.804493494215096305e+01 1.775026881294592940e+01
1.822940168967311436e+01 1.792925149181935751e+01
1.843312975026421796e+01 1.805927375518945510e+01
1.862860902648550976e+01 1.842902829712270574e+01
1.883770715316380873e+01 1.848634980911310777e+01
1.901265732306262279e+01 1.865770457012556705e+01
1.921485769974255930e+01 1.893044630670579309e+01
1.941751564249210560e+01 1.921015978852304684e+01
1.958787511572007745e+01 1.931440777427780731e+01
1.980592577019350742e+01 1.959480007213936759e+01
