0.000000000000000000e+00 0.000000000000000000e+00
0.000000000000000000e+00 0.000000000000000000e+00
0.000000000000000000e+00 0.000000000000000000e+00
0.000000000000000000e+00 0.000000000000000000e+00
0.000000000000000000e+00 0.000000000000000000e+00
2.246320058978859557e-01 1.108558367066223571e-01
2.741506891539848279e-01 1.004843960294092564e-01
1.652301818761910956e+00 2.972269609640352694e+00
3.064658175949595442e+00 3.192295634100072110e+00
3.294527315791234479e+00 3.294296173153776319e+00
3.375611886379554338e+00 3.386853640615774097e+00
3.505429436644524444e+00 3.494052130745295415e+00
3.595766891296440448e+00 3.626139299074115474e+00
3.697085469924393131e+00 3.788223104249524908e+00
3.844074812537485730e+00 4.002239500512903447e+00
4.031192595037732751e+00 4.218960690971656824e+00
4.227073387634853852e+00 4.416781074946694474e+00
4.405984230277629976e+00 4.602719651846878257e+00
4.565272848660682392e+00 4.764586671739563073e+00
4.798661213378640156e+00 4.927518509216481490e+00
5.058939375190504073e+00 4.965641139751546973e+00
5.148197104131268631e+00 5.328123856058890162e+00
5.379149687283582892e+00 5.512397454928569474e+00
5.569284633420606312e+00 5.689006859658954696e+00
5.764092868933524905e+00 5.847369528081114431e+00
5.936353069840732744e+00 6.011204658176860782e+00
6.102444960882933422e+00 6.180168675756442020e+00
6.335660214537586654e+00 6.245459334492429626e+00
6.500989793020536922e+00 6.427183530158101732e+00
6.667853880416027224e+00 6.592144830668593691e+00
6.763619610407870297e+00 6.834049770536209323e+00
7.007418137936449298e+00 6.940306177574876223e+00
7.168517741027280010e+00 7.099760796075200275e+00
7.345140404564223680e+00 7.265325756112344102e+00
7.514844801745021563e+00 7.451413167352759714e+00
7.685279779528306321e+00 7.581658264952106485e+00
7.855933067407115722e+00 7.753898053787266598e+00
8.030575783607282858e+00 7.942471833892323474e+00
8.135499829774335723e+00 8.203475132573032624e+00
8.376797132580415806e+00 8.308534870582821696e+00
8.551459883701044262e+00 8.502037187623598058e+00
8.742676257318077404e+00 8.633900148159533217e+00
8.926584211489879905e+00 8.870437491969966004e+00
9.104879659032782513e+00 9.021767582549623299e+00
9.296140979501407386e+00 9.225460702727076523e+00
9.472274685728276467e+00 9.393042344508142349e+00
9.655741084701533694e+00 9.533239014921996102e+00
9.842452343341440368e+00 9.755785238520783054e+00
1.002346528007248949e+01 9.869152379477077019e+00
1.021877076836482878e+01 1.010876990106202911e+01
1.040115650306544914e+01 1.018534795535854798e+01
1.059690079839461596e+01 1.041812862516012572e+01
1.076967135961016453e+01 1.065059025346947053e+01
1.095448303818809777e+01 1.080923209178171440e+01
1.115366529721652000e+01 1.100223538830780967e+01
1.134636220742294732e+01 1.119393922994041901e+01
1.153105323986426001e+01 1.135274550247786962e+01
1.172636668514940617e+01 1.153453044727882393e+01
1.192194801768893875e+01 1.172592436600237775e+01
1.210596198088574482e+01 1.190066775822495337e+01
1.228386019047712097e+01 1.207901970106775202e+01
1.248432839594006616e+01 1.229352910843248559e+01
1.243762206764960432e+01 1.262245593361885021e+01
1.285283600357603895e+01 1.266831255213537588e+01
1.303496709386771890e+01 1.279077972502804705e+01
1.322923403312465673e+01 1.302213922957685632e+01
1.341760786057846744e+01 1.317981999256914349e+01
1.361632606268643642e+01 1.341922719432102262e+01
1.379978949784992359e+01 1.361277784747750985e+01
1.399469669750752843e+01 1.377257742234221105e+01
1.419074528549584713e+01 1.395146329193001122e+01
1.437057617667406717e+01 1.413415836496015210e+01
1.457291369750800492e+01 1.435419101140680809e+01
1.476324976974768433e+01 1.455395167063323925e+01
1.497369595169514689e+01 1.474085967564222521e+01
1.516343679102765307e+01 1.493326432817022642e+01
1.535345865244759977e+01 1.513470177607904255e+01
1.555093904855466036e+01 1.527906192715572331e+01
1.573920539131419183e+01 1.545787754166561534e+01
1.591333787090156449e+01 1.568658357059753250e+01
1.610747003548335954e+01 1.587722358791676314e+01
1.628913145286163555e+01 1.604121508062150525e+01
1.647438176702556945e+01 1.619263682898571588e+01
1.666526993745533858e+01 1.644273906206158031e+01
1.684615222615498809e+01 1.666526234290300579e+01
1.705122268809489583e+01 1.680413888996878669e+01
1.724006542714226953e+01 1.709709492340694936e+01
1.744277909220292955e+01 1.725489655569293035e+01
1.763118967692039618e+01 1.739023413561201181e+01
1.783038476339647005e+01 1.759251638599249290e+01
1.801227554306757739e+01 1.776479963009683161e+01
1.820846447834386694e+01 1.799115095137032938e+01
1.838232684083693513e+01 1.816618437477495718e+01
1.857760307590041293e+01 1.836031712715365316e+01
1.876796570526496666e+01 1.854788652771724955e+01
1.895933715983813883e+01 1.876053193873361735e+01
1.915952652517451327e+01 1.888083496957351670e+01
1.933120364940956293e+01 1.916029386116011679e+01
1.953862878495236188e+01 1.930497394519300869e+01
1.974516924663988249e+01 1.944560050276641761e+01
1.992290985309234941e+01 1.968590888880844503e+01
