0.000000000000000000e+00 0.000000000000000000e+00
0.000000000000000000e+00 0.000000000000000000e+00
0.000000000000000000e+00 0.000000000000000000e+00
0.000000000000000000e+00 0.000000000000000000e+00
0.000000000000000000e+00 0.000000000000000000e+00
0.000000000000000000e+00 0.000000000000000000e+00
0.000000000000000000e+00 0.000000000000000000e+00
3.799654528532268177e-02 0.000000000000000000e+00
6.315956007670817107e-02 0.000000000000000000e+00
2.765038316544133679e+00 3.343074652727426432e+00
5.005082179907731188e+00 5.123908775778521552e+00
5.186395040384528698e+00 5.163289326070859886e+00
5.217435000228225483e+00 5.380906875566345171e+00
5.346586139262166526e+00 5.439641734723843491e+00
5.464892708545831645e+00 5.702266030405069408e+00
5.651048077505018696e+00 5.813687435312037799e+00
5.765057073729428438e+00 5.966702805436483459e+00
5.982194772246936409e+00 6.207914061599259625e+00
6.121606347936034531e+00 6.403490477998033725e+00
6.337898951077268528e+00 6.648399101646942810e+00
6.597117627127442319e+00 6.835678407089028852e+00
6.805446281500974415e+00 7.025552486889321990e+00
6.991858556240944544e+00 7.192320279015117279e+00
7.178372171365718479e+00 7.353039873586809883e+00
7.419724177674697607e+00 7.528053180789554766e+00
7.552255083650167400e+00 7.704238110067141321e+00
7.729017523761043229e+00 7.880868065280344226e+00
7.897155220883220750e+00 8.058268680155505237e+00
8.069728899029552593e+00 8.240934248883165836e+00
8.276073341628835678e+00 8.416662590357754326e+00
8.427239744344268146e+00 8.578584077297902510e+00
8.616774128651361053e+00 8.745455816746407152e+00
8.755147387214552879e+00 8.907645807518841607e+00
8.912469570359062843e+00 9.066338688774445487e+00
9.112344502589133199e+00 9.241828006468212564e+00
9.263808957235569963e+00 9.406157303182553164e+00
9.406530468422143798e+00 9.577752841184093313e+00
9.578603926316009876e+00 9.738288585695849875e+00
9.713800748499471283e+00 9.905817938173353099e+00
9.907882527926149763e+00 1.007265141931469365e+01
1.007800370025061021e+01 1.023218472940445523e+01
1.022073453820955002e+01 1.039883817416309064e+01
1.036770726809777443e+01 1.055974988092360078e+01
1.051493490151943533e+01 1.072314790464564993e+01
1.068527823985019687e+01 1.087971377295754927e+01
1.087506669176292995e+01 1.105618243455696081e+01
1.104173754413279873e+01 1.121080225254909735e+01
1.136437718835908939e+01 1.116712688505582385e+01
1.151664400359246621e+01 1.132198860928678741e+01
1.166319577736580371e+01 1.145442271301499204e+01
1.181809387236302022e+01 1.161719067782422421e+01
1.198580166670138603e+01 1.180232998226754049e+01
1.195739396530427712e+01 1.216373051312053377e+01
1.212559333886993862e+01 1.231983613088812568e+01
1.229384671811248708e+01 1.249733208098592563e+01
1.264819160054817004e+01 1.245668277576549166e+01
1.282223656142416779e+01 1.260824443340790957e+01
1.297839572837215982e+01 1.273656138394547632e+01
1.312777205712048989e+01 1.295680256323796442e+01
1.330680472772425915e+01 1.311480082088208476e+01
1.347002761056713993e+01 1.326792526635086134e+01
1.363184369183568911e+01 1.347727427473942008e+01
1.380687746174957731e+01 1.363202207153016232e+01
1.397768099962565458e+01 1.376368018128922266e+01
1.390703077923788200e+01 1.413043998927053835e+01
1.430115659245274884e+01 1.413114610950461802e+01
1.423530157358199411e+01 1.446145802186595830e+01
1.464198911738043840e+01 1.448804156979897506e+01
1.480714454673591618e+01 1.459982445788663519e+01
1.498731165201709281e+01 1.488107375111026087e+01
1.518117729058771026e+01 1.497267894446909153e+01
1.535334978370902981e+01 1.513532248214687748e+01
1.552228115406986753e+01 1.526510006902845440e+01
1.570792367069710593e+01 1.552087218403557145e+01
1.587428225823602901e+01 1.564669724237429449e+01
1.585073035272420583e+01 1.601682300007892579e+01
1.622237234329733013e+01 1.603647858862885300e+01
1.639534022890147469e+01 1.623047331383861547e+01
1.658388578852641260e+01 1.640097011274151839e+01
1.676739430425008948e+01 1.655758637907363706e+01
1.694852144441603414e+01 1.675017308596755328e+01
1.689765091916030570e+01 1.708155821036373823e+01
1.728580770469139694e+01 1.713161666764968771e+01
1.745937315304821169e+01 1.719765391122219356e+01
1.763576760524383502e+01 1.740885146601887357e+01
1.782415012137660071e+01 1.761840963709694563e+01
1.801186270704369363e+01 1.786048687241213528e+01
1.818020067953281682e+01 1.797929504122918232e+01
1.837869535436043833e+01 1.820303630337662781e+01
1.856982566892453690e+01 1.836876428288668350e+01
1.874844983428721790e+01 1.853906111349105146e+01
1.875539025377562297e+01 1.888404637299322175e+01
1.911282600570451606e+01 1.889834925402131915e+01
1.928805172947205548e+01 1.907700174712220331e+01
1.947943196816886058e+01 1.933432590630518177e+01
1.967145603066100890e+01 1.952530300890288473e+01
1.984804127930855699e+01 1.969189027150404314e+01
2.003908842686336911e+01 1.985368857599064896e+01
2.021857497109786550e+01 2.000731450168463965e+01
2.040274014310834971e+01 2.018424126297164989e+01
2.059992179880292085e+01 2.042816379154326611e+01
