0.000000000000000000e+00 0.000000000000000000e+00
0.000000000000000000e+00 0.000000000000000000e+00
0.000000000000000000e+00 0.000000000000000000e+00
3.441252884061584902e-03 0.000000000000000000e+00
2.915360966297335377e-02 0.000000000000000000e+00
1.783723293748886926e-02 0.000000000000000000e+00
3.222684380408583626e-01 9.542341944498586304e-02
9.348403484519886009e-01 1.449859260353659085e+00
1.654628178028217267e+00 1.736295493894722375e+00
1.882326661608165974e+00 1.963652330352359199e+00
2.139842588841733395e+00 2.099253275966995069e+00
2.284822450181719589e+00 2.333398380619967405e+00
2.511878007937481616e+00 2.487456696675348855e+00
2.669584748324325574e+00 2.692998910605157281e+00
2.887791945632759649e+00 2.861156885690402607e+00
3.083165596764280370e+00 3.063768161045336669e+00
3.274933668404337528e+00 3.233859573422258826e+00
3.463789428417907601e+00 3.404664422834232873e+00
3.652740248665065081e+00 3.620292783679103454e+00
3.846124065243774037e+00 3.797492601122655742e+00
4.030086249942495868e+00 3.996136094585536647e+00
4.221524629848286914e+00 4.143251015182358721e+00
4.418566011984267128e+00 4.339105594671440969e+00
4.621204411051421879e+00 4.527664660886452808e+00
4.811636183081998475e+00 4.735887739213165304e+00
4.994296662394696718e+00 4.916534624141895904e+00
5.196671990098980842e+00 5.132431921742133696e+00
5.390952556229976267e+00 5.309592649681531107e+00
5.587595267937506271e+00 5.503313662132839568e+00
5.792351864534547978e+00 5.696407590023635947e+00
5.976563598501681618e+00 5.868946271425719452e+00
6.184271862764816774e+00 6.020127720755274581e+00
6.379256118684871524e+00 6.242955053212132732e+00
6.572005195408396006e+00 6.464765163462478981e+00
6.762108585822463880e+00 6.612858070988534287e+00
6.952749312000324089e+00 6.816940771893163387e+00
7.148864113649824326e+00 7.033132758429507803e+00
7.338993072346201352e+00 7.191227211706265443e+00
7.533646473400747112e+00 7.381818193096941982e+00
7.730393341671425667e+00 7.590457041750156009e+00
7.928567777615572965e+00 7.763285970943329062e+00
8.112738262759311425e+00 7.970495712927688103e+00
8.321681594447619901e+00 8.185891271334121200e+00
8.522171554624243583e+00 8.353878741321938861e+00
8.719119458165293324e+00 8.545706710188600397e+00
8.913321136230591080e+00 8.766017551824466736e+00
9.113945487538961387e+00 8.961429861428912957e+00
9.310838765588750121e+00 9.155650085164813490e+00
9.514524628658145744e+00 9.320757500289580832e+00
9.715673396187609612e+00 9.499969076038819793e+00
9.914489150155144870e+00 9.711266179730069226e+00
1.010507206135781821e+01 9.917234196171438754e+00
1.029728659759468812e+01 1.009912090032898213e+01
1.048409659675009920e+01 1.031717283210129388e+01
1.068148518754226473e+01 1.049650497292084417e+01
1.086409610193729414e+01 1.063324288611466528e+01
1.106420411353439803e+01 1.087546501756269635e+01
1.125147711194458644e+01 1.111885759521852357e+01
1.144369380913639667e+01 1.125887431888444645e+01
1.163091749134274622e+01 1.144318082792650948e+01
1.183030204682433073e+01 1.170352445768510385e+01
1.202633043750416597e+01 1.190240281659651167e+01
1.221497532163556698e+01 1.206071860750345692e+01
1.240194754545074396e+01 1.222963215963067007e+01
1.260027215475155060e+01 1.248777738242965718e+01
1.280101902297533201e+01 1.263386681356099395e+01
1.299821426261882884e+01 1.284831389886997144e+01
1.319326416222037324e+01 1.302734508480111231e+01
1.338070840217086399e+01 1.325028509976604418e+01
1.358788103967396843e+01 1.342142171279373031e+01
1.378551083134401267e+01 1.353788485265629937e+01
1.398601747512439530e+01 1.388646015343572948e+01
1.419545850146629640e+01 1.402121360875391964e+01
1.438451758782261614e+01 1.422017593162433613e+01
1.458900588813117238e+01 1.435001776033251453e+01
1.478275189271594314e+01 1.448759775231588343e+01
1.498920399472506482e+01 1.475418551451490146e+01
1.518660833927091502e+01 1.499191719464076300e+01
1.538530557471485949e+01 1.510172089646236593e+01
1.558680933506813915e+01 1.533135547011971589e+01
1.578964805079091249e+01 1.557216864444556492e+01
1.598597544239829382e+01 1.567554154411141099e+01
1.617580533605670468e+01 1.589173440557839534e+01
1.637253309348298913e+01 1.609903619974643263e+01
1.657788737089105169e+01 1.633465480724134977e+01
1.674686642184294172e+01 1.647660168791014357e+01
1.695860062143403013e+01 1.671464991049638371e+01
1.715051857909029920e+01 1.691631485221213538e+01
1.735549359228682320e+01 1.702339400451978690e+01
1.753977712593412264e+01 1.729645628354052889e+01
1.774350458090783533e+01 1.739888669833216639e+01
1.792160772967425686e+01 1.760266968280474487e+01
1.812218642124530987e+01 1.788477759409563106e+01
1.831603797860421423e+01 1.811338835828195926e+01
1.850245308963723190e+01 1.823097068040970825e+01
1.871901597903376668e+01 1.841942367881347664e+01
1.891349769185119811e+01 1.868664540185918099e+01
1.911142174189460263e+01 1.883447948618383450e+01
1.929624170750861012e+01 1.904047006674332110e+01
1.950068295870005031e+01 1.922597478977274221e+01
1.970846677648285095e+01 1.944211645863503790e+01
