0.000000000000000000e+00 0.000000000000000000e+00
0.000000000000000000e+00 0.000000000000000000e+00
0.000000000000000000e+00 0.000000000000000000e+00
0.000000000000000000e+00 0.000000000000000000e+00
0.000000000000000000e+00 0.000000000000000000e+00
0.000000000000000000e+00 0.000000000000000000e+00
0.000000000000000000e+00 2.216145972080207568e-02
0.000000000000000000e+00 1.377486576798694906e-01
4.112204927411734490e-01 2.544546482672526699e-01
2.364063401039418366e+00 6.885925109922248488e+00
6.228360065951784819e+00 6.704347621728263817e+00
6.678897791648949145e+00 6.672286154063848507e+00
6.682516173144945171e+00 6.727811182156197667e+00
6.659151611606502819e+00 6.756001277509090741e+00
6.780324924659169916e+00 6.843871298929234293e+00
6.904395378283790130e+00 7.052021364636869905e+00
7.088899876765741404e+00 7.235369397070254394e+00
7.181188318278358906e+00 7.468811875147594037e+00
7.443601845235145120e+00 7.697779813622840805e+00
7.698761250032830183e+00 7.901480723185192012e+00
7.845036842327442805e+00 8.126247059930300054e+00
8.102047785292731064e+00 8.324296305792982409e+00
8.328690510027655591e+00 8.509686320939440662e+00
8.531627745286282760e+00 8.699806106409630146e+00
8.740558661055926493e+00 8.891567575620872077e+00
8.922806323343952073e+00 9.082019288406677049e+00
9.132811741632496094e+00 9.245800362058908206e+00
9.288546550340415209e+00 9.421325733584886564e+00
9.467364914494961425e+00 9.593609179201685322e+00
9.655913808148326893e+00 9.752555177648401852e+00
9.822786751093220303e+00 9.920363867619272469e+00
9.989268493855012920e+00 1.008999326831867727e+01
1.018766818299498134e+01 1.025742908799936082e+01
1.032961258086636747e+01 1.042233880981151550e+01
1.049620253414285465e+01 1.058811632599886821e+01
1.067153097847956467e+01 1.074488448402268403e+01
1.084192901137430809e+01 1.090758445445128721e+01
1.100379355614036392e+01 1.106424613817541847e+01
1.116173677317492263e+01 1.123518608751283487e+01
1.133249841932148350e+01 1.140241544111855276e+01
1.147526016730341425e+01 1.157164621484985290e+01
1.164733335227008304e+01 1.173383843965473083e+01
1.178293083378409456e+01 1.188627397431814003e+01
1.191819173295571055e+01 1.204519973583973069e+01
1.210964975386838383e+01 1.220321489643645840e+01
1.225044970102196373e+01 1.236719874706811062e+01
1.241824342341398335e+01 1.252993649800732712e+01
1.257924880615197338e+01 1.269928790860450718e+01
1.273809230921836466e+01 1.286129649937749342e+01
1.293734224461739402e+01 1.303653514222155074e+01
1.304180142127619924e+01 1.319851020550380127e+01
1.319728590981458538e+01 1.335373827425659421e+01
1.346353887313661168e+01 1.331982307115365671e+01
1.360612051303835202e+01 1.345835498959840315e+01
1.375097911733369571e+01 1.361732966760277286e+01
1.377573024875612262e+01 1.394474123500557994e+01
1.405332440895411139e+01 1.391349453035331152e+01
1.420657619226738611e+01 1.406560385863526896e+01
1.423137298640656390e+01 1.438479911681159074e+01
1.437576471752025675e+01 1.455338839343086477e+01
1.468611405560833560e+01 1.456456826745650268e+01
1.468315381588254454e+01 1.486495972921534481e+01
1.485998215867872574e+01 1.503272039183364939e+01
1.500778159722914751e+01 1.519742493787268245e+01
1.533040952410049584e+01 1.520449824075148726e+01
1.549070617430642827e+01 1.533393990801462259e+01
1.550793333261783147e+01 1.566766413084787324e+01
1.568615662587582982e+01 1.583538888367685082e+01
1.582528350676731499e+01 1.599438566020162433e+01
1.615067189929058600e+01 1.600694883695210535e+01
1.630358522075744432e+01 1.617732021599699266e+01
1.635621388285082034e+01 1.648032029691204770e+01
1.663823873456569302e+01 1.650989273940280810e+01
1.679170286462747796e+01 1.668307968214472936e+01
1.695567243507904820e+01 1.682143609634344372e+01
1.703005440537564752e+01 1.712066821871352218e+01
1.728265400121102857e+01 1.718076043854526702e+01
1.744883319007882605e+01 1.731650578699132126e+01
1.761465297100334126e+01 1.748725414121479105e+01
1.778565918306937377e+01 1.767606845911250346e+01
1.784993976550228467e+01 1.794678335493177812e+01
1.811824773182457804e+01 1.799260644362346540e+01
1.829325488091070895e+01 1.818633528133142718e+01
1.836384330034360701e+01 1.845585171990953199e+01
1.864492674188417354e+01 1.851014283784065029e+01
1.868975278317894251e+01 1.879911100173305627e+01
1.897460693376490681e+01 1.878777764710487475e+01
1.904395217580741217e+01 1.913706787064809589e+01
1.920577101888318694e+01 1.929678534036298387e+01
1.949604857185927997e+01 1.935895708620753197e+01
1.955985724568654049e+01 1.963757974503949910e+01
1.983292437124940477e+01 1.977087286851420700e+01
2.000876432591910614e+01 1.988946583409436286e+01
2.019074910626728681e+01 2.010273022736658177e+01
2.036731624761229043e+01 2.026701347571929546e+01
2.045310877566877750e+01 2.051247143562871855e+01
2.071603050313943584e+01 2.060879843272985212e+01
2.088609207557432512e+01 2.078685681498059168e+01
2.108057997650174542e+01 2.089737268404198645e+01
2.124285067251930315e+01 2.100419879285154678e+01
2.143231012800997703e+01 2.130442823295354771e+01
