0.000000000000000000e+00 0.000000000000000000e+00
0.000000000000000000e+00 0.000000000000000000e+00
1.300794901474288355e-02 -8.389440745587537634e-03
5.419372353763365208e-02 -1.403661807003838899e-02
1.806172669832475097e-01 -7.845593315163339534e-03
3.688593321729887742e-01 1.739423526788105856e-01
7.355043309569431198e-01 9.431715846347130672e-01
1.061866446942071107e+00 1.192857061373789440e+00
1.413232888334629456e+00 1.325178329080578088e+00
1.616388160089417436e+00 1.555078561974365225e+00
1.826294603374619241e+00 1.766764729668326872e+00
2.034274444022248662e+00 1.981054762392198798e+00
2.247679135217439228e+00 2.160052239197340462e+00
2.472863730868807508e+00 2.349079128528907212e+00
2.670640660090916718e+00 2.534753427110280732e+00
2.874233522290608356e+00 2.763975686322784675e+00
3.081780693950319172e+00 2.956701243417782177e+00
3.282261014283208489e+00 3.179474900807984117e+00
3.482431998044641208e+00 3.355499920555910620e+00
3.686679837750854727e+00 3.580732624094589145e+00
3.888076373839938427e+00 3.771953738339907325e+00
4.075234712609463905e+00 3.971942667667422544e+00
4.271084384571711468e+00 4.168445399122089334e+00
4.464167690769762054e+00 4.348335495605764045e+00
4.668761992240156644e+00 4.572384083964048607e+00
4.863804334463741164e+00 4.747737066781641424e+00
5.063024833437745897e+00 4.963265251297412028e+00
5.265635530438523837e+00 5.154114829431677869e+00
5.455904311171260623e+00 5.350531390315913960e+00
5.649451937665262768e+00 5.550983281081563803e+00
5.839974799434195063e+00 5.692343349068038627e+00
6.042093193829806808e+00 5.973633410420858603e+00
6.241615848263939448e+00 6.130468155866809710e+00
6.435007578326201738e+00 6.295497490076538583e+00
6.638567353541641403e+00 6.544037708067763859e+00
6.833594091532901871e+00 6.638740661421596911e+00
7.044771410373260601e+00 6.940639085668937724e+00
7.232502807625655450e+00 7.034180568597131256e+00
7.433614614670165821e+00 7.282148162207673359e+00
7.622173876507097212e+00 7.493169256088260788e+00
7.818045487723693121e+00 7.662512006867221004e+00
8.006180538143283343e+00 7.878902107678591449e+00
8.201767164543566579e+00 8.071345818771773040e+00
8.405339180959741086e+00 8.191631714598260672e+00
8.598639327098466012e+00 8.501593490808369680e+00
8.803895437528165502e+00 8.696163742051931322e+00
8.997668964660688218e+00 8.772999619634246571e+00
9.204849147091040962e+00 8.991058566052604561e+00
9.398115109317553006e+00 9.235718623288706297e+00
9.598131740655936994e+00 9.388975059517319366e+00
9.796490287249151052e+00 9.620032326934692790e+00
9.995123688439589316e+00 9.821603793256949544e+00
1.019116583945898213e+01 1.000826099464298480e+01
1.039973861399264443e+01 1.019930748361285211e+01
1.060820606458114135e+01 1.042563734852673996e+01
1.078001595904315479e+01 1.053485108816631310e+01
1.099177591227851636e+01 1.081488211165433810e+01
1.117914213144037916e+01 1.092978862864049994e+01
1.136980608968707962e+01 1.116706051480779216e+01
1.156582838309023487e+01 1.138995781351852088e+01
1.177474076741826714e+01 1.156971262823520519e+01
1.195398497648255010e+01 1.175835661303146296e+01
1.215883310263868999e+01 1.194355278853388569e+01
1.235893531509445609e+01 1.212142344811651995e+01
1.255864149811801589e+01 1.234466541207727985e+01
1.275196454572563809e+01 1.256053999907602936e+01
1.294587624332675091e+01 1.270632319026685408e+01
1.314220688315455199e+01 1.285642825184686799e+01
1.333679411459449504e+01 1.310171401523617973e+01
1.353341022557687090e+01 1.325913616612951351e+01
1.373888756621393448e+01 1.346959486879267764e+01
1.392632722252400335e+01 1.360691339487253870e+01
1.415546510384300127e+01 1.384954109669507893e+01
1.432589709336862960e+01 1.407851145631388157e+01
1.452793888862553295e+01 1.427386886647660980e+01
1.473483744156024500e+01 1.440581816561321027e+01
1.493814162606518536e+01 1.464196364266774175e+01
1.513070749524100300e+01 1.479971141825762437e+01
1.533407981215028748e+01 1.499566604047378071e+01
1.553550841112246239e+01 1.526234900662880634e+01
1.572317039944814709e+01 1.543609307213871595e+01
1.592907554661260505e+01 1.559690082011914214e+01
1.613882549795706467e+01 1.573826192576902550e+01
1.631847107389043217e+01 1.602445900405641410e+01
1.652104590394956674e+01 1.626931220491867691e+01
1.672948577813590276e+01 1.635709698540926382e+01
1.690247846317837954e+01 1.663480707192060848e+01
1.711428821037154435e+01 1.682254396280280062e+01
1.730411908376882479e+01 1.696645719103841188e+01
1.750615470436470389e+01 1.716019526736376122e+01
1.770087103291398378e+01 1.735844429468608396e+01
1.791051348645182628e+01 1.754147354997544284e+01
1.809494743643918824e+01 1.771724616893257576e+01
1.830415472563695545e+01 1.793115460682457041e+01
1.848830112721462271e+01 1.814605966431981088e+01
1.870752148237762924e+01 1.837258908219017073e+01
1.889675691466081986e+01 1.849799040383567927e+01
1.910491571953362921e+01 1.869445359475909285e+01
1.929113409444683924e+01 1.894041555750228412e+01
1.947123906095993817e+01 1.897681486783859128e+01
1.967939058339745273e+01 1.937974421174013884e+01
