0.000000000000000000e+00 0.000000000000000000e+00
0.000000000000000000e+00 0.000000000000000000e+00
3.277865411072627966e-02 0.000000000000000000e+00
3.585942463507892919e-01 9.497343184582844877e-01
1.292024235255858633e+00 1.314881054174995123e+00
1.634623666850275603e+00 1.662272742744000498e+00
1.795367542340506439e+00 1.916844604365085081e+00
2.003839817256094058e+00 2.083868302753555835e+00
2.213624878988726508e+00 2.326872354550542976e+00
2.423046603446448621e+00 2.548169133046798152e+00
2.631174882184148522e+00 2.739540011400687813e+00
2.816910317722146395e+00 2.945469370016589039e+00
3.037516161482870736e+00 3.142826617054579774e+00
3.234375594354208072e+00 3.346887538365053150e+00
3.433933394695077634e+00 3.538243702023996740e+00
3.629057994074895710e+00 3.720762268912654491e+00
3.799036028055576164e+00 3.915910488590799599e+00
4.012217723929416557e+00 4.114490901305048354e+00
4.166545387815073553e+00 4.301235847853448035e+00
4.361064502079957883e+00 4.485589810724356141e+00
4.558147638226866860e+00 4.672109172935790866e+00
4.758528331139257439e+00 4.860727711532612183e+00
4.944883265604536504e+00 5.054745576036356880e+00
5.210386580784722277e+00 5.127106757851570329e+00
5.277226458671789189e+00 5.407253470096769377e+00
5.467324155471755098e+00 5.597589357800408116e+00
5.647877014947397356e+00 5.795180919437708411e+00
5.836570354202856414e+00 5.972266314913390772e+00
6.002598447169233964e+00 6.165320737957041608e+00
6.331519184454669436e+00 6.199529463741769497e+00
6.398408393098034885e+00 6.526961571974220888e+00
6.568656365063072933e+00 6.708242113657226113e+00
6.770954919086308976e+00 6.894585206746376649e+00
6.942021396270643407e+00 7.078165634495198866e+00
7.131624008791865421e+00 7.251575684448138936e+00
7.334688730718609939e+00 7.428567519788035867e+00
7.615363245099215028e+00 7.501986400310740599e+00
7.789537962173676000e+00 7.690513133395411316e+00
7.974148204335537393e+00 7.891030649549842124e+00
8.061191219079626435e+00 8.174742691604164335e+00
8.259470999957933657e+00 8.363971236802997922e+00
8.547040254753307309e+00 8.393515609139818423e+00
8.742475222560525339e+00 8.626752319650897505e+00
8.939822055979735893e+00 8.778062855005169141e+00
9.128390435428119787e+00 8.995656712796055388e+00
9.307943657126477532e+00 9.178142912488427285e+00
9.493689108013882105e+00 9.341339110050409289e+00
9.539098447581153550e+00 9.680555805446836359e+00
9.862895854842935961e+00 9.750545343251431518e+00
1.005785993733951678e+01 9.920992733803823072e+00
1.010779304457104821e+01 1.024268018883465459e+01
1.042805175761737679e+01 1.031194816622346622e+01
1.061256764145410436e+01 1.049033230944230155e+01
1.080040997666608682e+01 1.066837145528407760e+01
1.099507610356252307e+01 1.085796931484797057e+01
1.104950317027565276e+01 1.118379364630413697e+01
1.125402684570578060e+01 1.137777245621937539e+01
1.146237589505779120e+01 1.156619786729772237e+01
1.174676462645157216e+01 1.161735833076158819e+01
1.185415141921079574e+01 1.193764401471898573e+01
1.213009928206954946e+01 1.202437116221056357e+01
1.222882416127700722e+01 1.232426113927838784e+01
1.251123944468548110e+01 1.241869002832578595e+01
1.269973740655205852e+01 1.259581824453049670e+01
1.280829739924966937e+01 1.287025463527310443e+01
1.307670880359889587e+01 1.299536900515508187e+01
1.326174019084817957e+01 1.317604982893511689e+01
1.332475338141618870e+01 1.344053151405716306e+01
1.357032806980118167e+01 1.363457389218298488e+01
1.383962105264915010e+01 1.373330378927196982e+01
1.403293959032765059e+01 1.392030255063877142e+01
1.414712712165863095e+01 1.421416163822353163e+01
1.430717125373949905e+01 1.440566736390632485e+01
1.459301064054937669e+01 1.453585904502934412e+01
1.479209156680119897e+01 1.471875689140691890e+01
1.498883385578675487e+01 1.485663080572954087e+01
1.517550838030493132e+01 1.509883837454787603e+01
1.537850698970781949e+01 1.522147971114357112e+01
1.549287997704012021e+01 1.555169072098080818e+01
1.574723521738013510e+01 1.571182845225659896e+01
1.594092748976021667e+01 1.585326291871807491e+01
1.604548412148036718e+01 1.610955676006025072e+01
1.631418361565973640e+01 1.622944396761324271e+01
1.651575244646102192e+01 1.644858538372930923e+01
1.657740783150797625e+01 1.668810538155902634e+01
1.690473828825622959e+01 1.679368490553842719e+01
1.694896781957995202e+01 1.706643323060219686e+01
1.728889954437270760e+01 1.722499329678521462e+01
1.737034131367896350e+01 1.746858515791826960e+01
1.767730537199397034e+01 1.753039193335294499e+01
1.772169437088166433e+01 1.784659916862800699e+01
1.806253519208170033e+01 1.792061842595068555e+01
1.826896869909110777e+01 1.806646750558670078e+01
1.845873161137733831e+01 1.833314677914563617e+01
1.865252177499501229e+01 1.855424691362989975e+01
1.886409626025711361e+01 1.868707086924930394e+01
1.905474937784420320e+01 1.890369193310174722e+01
1.909574179251192305e+01 1.925113813899714188e+01
1.945842571931485310e+01 1.931413076939209361e+01
1.965400242734182612e+01 1.944840802534414337e+01
1.972949458099052222e+01 1.981925114459523485e+01
