0.000000000000000000e+00 0.000000000000000000e+00
0.000000000000000000e+00 0.000000000000000000e+00
0.000000000000000000e+00 0.000000000000000000e+00
0.000000000000000000e+00 0.000000000000000000e+00
0.000000000000000000e+00 0.000000000000000000e+00
0.000000000000000000e+00 0.000000000000000000e+00
0.000000000000000000e+00 0.000000000000000000e+00
0.000000000000000000e+00 0.000000000000000000e+00
0.000000000000000000e+00 0.000000000000000000e+00
0.000000000000000000e+00 0.000000000000000000e+00
0.000000000000000000e+00 0.000000000000000000e+00
0.000000000000000000e+00 0.000000000000000000e+00
0.000000000000000000e+00 0.000000000000000000e+00
0.000000000000000000e+00 0.000000000000000000e+00
0.000000000000000000e+00 0.000000000000000000e+00
0.000000000000000000e+00 0.000000000000000000e+00
0.000000000000000000e+00 0.000000000000000000e+00
0.000000000000000000e+00 0.000000000000000000e+00
8.562324935550380545e-02 2.642791910118868159e+00
1.306962121978980651e+00 4.567182578194810105e+00
3.059408690574117351e+00 2.703702935672161356e+00
4.419204656531642961e+00 6.415286015649578566e+00
6.685115485180103789e+00 6.870671045752857253e+00
6.602449110975405766e+00 7.036257725244738026e+00
6.948441552738946925e+00 7.142457891088613842e+00
7.097797334787042445e+00 7.303111174646652159e+00
7.375709775605092666e+00 7.312060284953792788e+00
7.484463155934317768e+00 7.632144314277998554e+00
7.613828918205538088e+00 7.764651587549858291e+00
7.891925289624826867e+00 7.734682253165077626e+00
7.868545070433710542e+00 8.040695393529905033e+00
8.087735608868035442e+00 8.153938301219767482e+00
8.279179005693455551e+00 8.339951022031439010e+00
8.423069496454806071e+00 8.528142150669403065e+00
8.564794692518692187e+00 8.692264917955187187e+00
8.721368112378245385e+00 8.840520671150887466e+00
8.881804363399510294e+00 8.998161291641430637e+00
9.045150542486991796e+00 9.141816171778067712e+00
9.296583061496134448e+00 9.198246930231618990e+00
9.449718462877347847e+00 9.346274515397489324e+00
9.599831904688253204e+00 9.495921167867463097e+00
9.754480286529782163e+00 9.634417042545365462e+00
9.903250983686220366e+00 9.807092258353950598e+00
1.006816530261987275e+01 9.953382624496491360e+00
1.022563873137626267e+01 1.007467058505129742e+01
1.038437495835581892e+01 1.026478722394069365e+01
1.053990492745123220e+01 1.044734650149385935e+01
1.071024540789611379e+01 1.058637949121693289e+01
1.087480551441895216e+01 1.074717547629386516e+01
1.103925348212560564e+01 1.092516893915845522e+01
1.120542171503858064e+01 1.103977141461624711e+01
1.138148989396682786e+01 1.129541320031624885e+01
1.154697588431301014e+01 1.140991651978521659e+01
1.171463638915003358e+01 1.159744059363613999e+01
1.189215546870206452e+01 1.173876556302748320e+01
1.207666653586794681e+01 1.187745421274076385e+01
1.224890966528464453e+01 1.212453665864255825e+01
1.241562617817101355e+01 1.223727831322766235e+01
1.259521466887928653e+01 1.240762204072833086e+01
1.276799175107739082e+01 1.261075278535843758e+01
1.294471604090034056e+01 1.278731736640239802e+01
1.313596729593890977e+01 1.294083259117031304e+01
1.332540808667812726e+01 1.316818715755130675e+01
1.350223761981622062e+01 1.330755602936362259e+01
1.367879460635187883e+01 1.352993466446501003e+01
1.385807580102586378e+01 1.366633636457081913e+01
1.404496199344807295e+01 1.385215412987393613e+01
1.421993448402530724e+01 1.397415161194930810e+01
1.440107384054046058e+01 1.422589963669988755e+01
1.458043477346143568e+01 1.438857285999996094e+01
1.476915521177560287e+01 1.454204178337381315e+01
1.493763441959808524e+01 1.470691454919424856e+01
1.512831959560038442e+01 1.490587906176158839e+01
1.529997792590504879e+01 1.507746559098028527e+01
1.547065555745459875e+01 1.526172929043144677e+01
1.567324667860134646e+01 1.549317270542463376e+01
1.583243022111531673e+01 1.564386869086038523e+01
1.603198957639164846e+01 1.581108237455486787e+01
1.620627780888516511e+01 1.595328381038163990e+01
1.639532263647305044e+01 1.617211790807330729e+01
1.659436546038521954e+01 1.628267053084283233e+01
1.677697752227565076e+01 1.653518563795411467e+01
1.696910892751395750e+01 1.667464741494794467e+01
1.716176931628821833e+01 1.681502955528099363e+01
1.734088678002974149e+01 1.692448881105340774e+01
1.755386688371691406e+01 1.715500154622125706e+01
1.774002237640265278e+01 1.735432626462114669e+01
1.791511468804961993e+01 1.753225217104917988e+01
1.810436872265570685e+01 1.773570734003502025e+01
1.829400128669139036e+01 1.789762512785428328e+01
1.847522174905222769e+01 1.805011818728165451e+01
1.867105237984015531e+01 1.835122536597129184e+01
1.884970185322582381e+01 1.850029904233191758e+01
1.904877249749717549e+01 1.858070940247844760e+01
1.922860010338014547e+01 1.883699476213953972e+01
1.942758814829888436e+01 1.911585215777022029e+01
1.961701227741626852e+01 1.923017927546689165e+01
1.980674649673737520e+01 1.931478960946208190e+01
1.999895588258713985e+01 1.955488715956998647e+01
2.020887364956464083e+01 1.971306789266281712e+01
2.038927219619177578e+01 2.001318049333478299e+01
