0.000000000000000000e+00 0.000000000000000000e+00
0.000000000000000000e+00 0.000000000000000000e+00
0.000000000000000000e+00 0.000000000000000000e+00
0.000000000000000000e+00 0.000000000000000000e+00
0.000000000000000000e+00 0.000000000000000000e+00
1.435702000621928431e-01 2.379453368008071834e+00
2.230251797498503386e-01 2.989970280199360175e+00
3.314468719596542989e+00 3.386434243638352992e+00
3.515812142056621514e+00 3.515716241978319445e+00
3.543535340114311705e+00 3.535611755013803315e+00
3.599524296290561587e+00 3.602285717732478076e+00
3.722329515069435768e+00 3.735256300365346060e+00
3.845009346090500379e+00 3.930561684174911363e+00
3.987267035236347734e+00 3.955960834349733890e+00
4.201664906067939853e+00 4.428083520740840662e+00
4.467958481139782556e+00 4.660415890368714287e+00
4.656161183918316127e+00 4.885156849899227716e+00
4.874747129535633938e+00 5.102674662534458783e+00
5.046337200064183293e+00 5.283617454848007711e+00
5.279281927555834031e+00 5.474629677611716261e+00
5.516516428491124557e+00 5.651720007714388316e+00
5.685400753043595934e+00 5.838978485715871081e+00
5.849965750847605506e+00 6.012678469969687356e+00
6.023717059967569121e+00 6.172675301475101683e+00
6.190443183217966272e+00 6.346044401802378054e+00
6.337608949443406026e+00 6.508012801069295250e+00
6.519674787016461970e+00 6.670195079822297757e+00
6.658058954426790521e+00 6.818660649856939315e+00
6.965540829063127326e+00 6.836450332371413197e+00
7.116342953241554525e+00 6.969807756835415091e+00
7.125933344019143689e+00 7.306019792470175744e+00
7.314791028024921538e+00 7.485033740847663708e+00
7.490361439803268517e+00 7.650078181163666002e+00
7.810554569506574119e+00 7.652891422036783631e+00
7.812699674060197275e+00 7.992972334166489112e+00
8.020180609009214479e+00 8.156402482029388779e+00
8.167356929340581218e+00 8.332097816505646293e+00
8.487890237638222146e+00 8.342687867325679463e+00
8.650389704437879246e+00 8.481428886082666097e+00
8.661932763611252639e+00 8.834905192212648473e+00
8.867140545777939309e+00 9.007924164611532447e+00
9.026469517073481441e+00 9.181442146371978197e+00
9.349377623901007794e+00 9.219909901391970308e+00
9.507648143948893349e+00 9.384826815595429750e+00
9.673814335609243642e+00 9.567293784282433933e+00
9.845893898219673090e+00 9.727585567256086918e+00
1.002890337994919179e+01 9.920409534659842876e+00
1.007203769851367881e+01 1.020783586329964976e+01
1.038357582092774223e+01 1.024004586991349797e+01
1.042194607682275098e+01 1.054752962307964204e+01
1.073737360462772550e+01 1.062826225130628544e+01
1.091131615303031666e+01 1.076910770727049282e+01
1.097121950996850259e+01 1.107801232939054614e+01
1.126916034903730868e+01 1.111272537396601301e+01
1.145337358149478391e+01 1.125481619398224353e+01
1.163874582538905500e+01 1.148379835769969226e+01
1.182672921346041583e+01 1.167223435643301421e+01
1.202004336561441988e+01 1.184794538636096561e+01
1.220122468083262035e+01 1.204120226690275786e+01
1.238779678409844287e+01 1.218653334366262797e+01
1.256673062728351375e+01 1.239482067431816503e+01
1.275497175824148499e+01 1.260840332307476963e+01
1.294730847599277190e+01 1.277113178731667453e+01
1.311868906831607084e+01 1.294929059482652711e+01
1.331146529246351129e+01 1.315078101338526650e+01
1.349581596534676287e+01 1.329580013052417620e+01
1.368303692515788406e+01 1.352490274918945978e+01
1.386651278330888992e+01 1.368444964746808168e+01
1.404511338914323915e+01 1.385847115972303101e+01
1.422467194732318063e+01 1.404232678321047345e+01
1.441095951029226363e+01 1.421064177893547686e+01
1.459265513071550480e+01 1.437475924669550764e+01
1.479492054905921172e+01 1.459563006027353538e+01
1.478790312964298970e+01 1.493375949643341016e+01
1.515975279397593845e+01 1.495921609665393071e+01
1.533174968828806684e+01 1.515961744289721125e+01
1.553655803920186074e+01 1.536267421534666866e+01
1.572211993222083493e+01 1.556648739287096639e+01
1.589825705988099713e+01 1.574360087924959828e+01
1.610419522835083939e+01 1.590964459313253876e+01
1.628676898281674568e+01 1.611325046081340417e+01
1.648904116365262240e+01 1.630645441650453975e+01
1.667759530206685881e+01 1.648824372716068609e+01
1.686394949118801279e+01 1.667575723627739848e+01
1.707243530815224375e+01 1.689813399070739308e+01
1.725557723680646660e+01 1.707385924067052940e+01
1.742999363307821170e+01 1.724553476933746055e+01
1.739936811071060063e+01 1.755479155204827890e+01
1.778966147124250696e+01 1.753177812750702458e+01
1.796265680062261438e+01 1.772044514386276504e+01
1.815315345131451963e+01 1.796507105596081644e+01
1.833794317703355503e+01 1.815279781418541560e+01
1.854434656518406044e+01 1.842205711060160311e+01
1.872222707770233896e+01 1.852010127704922127e+01
1.891175611220249309e+01 1.870983684979384876e+01
1.909190842930577148e+01 1.888140026904864754e+01
1.928946179085544443e+01 1.915382497493902036e+01
1.948160624202412095e+01 1.929451911145956089e+01
1.967150738841833402e+01 1.945966266161467217e+01
1.985099490116360244e+01 1.961996374727320713e+01
2.006386446266607138e+01 1.988881918721708075e+01
