0.000000000000000000e+00 0.000000000000000000e+00
8.459777757204649251e-02 3.096244570953058869e-02
2.937921530451975127e-01 3.213235239125951104e-01
4.885041455851848458e-01 5.291874206195354979e-01
7.293283101434309135e-01 6.910747239522057050e-01
9.309610857687715679e-01 8.985714697004483220e-01
1.109059376565826760e+00 1.134551640234325864e+00
1.326527716884547514e+00 1.310651074845235131e+00
1.526566534881585113e+00 1.492770305087543381e+00
1.704023972504125517e+00 1.733470471263654833e+00
1.905562346746158209e+00 1.935389635979577916e+00
2.102984493946678413e+00 2.140149041206331759e+00
2.301805523795796837e+00 2.335711938311954672e+00
2.492423679666257108e+00 2.538072980091610198e+00
2.737474061406951709e+00 2.691439855404369474e+00
2.935404144033767704e+00 2.886550843090303964e+00
3.084281966318939805e+00 3.135338624167113952e+00
3.300407005148560113e+00 3.336889296734985688e+00
3.485705960676347193e+00 3.521711458485451196e+00
3.718989060417495551e+00 3.674279145893267540e+00
3.917120896065510394e+00 3.877369545248372962e+00
4.083873667349180892e+00 4.118769008294322020e+00
4.271267112085563866e+00 4.317429644159329172e+00
4.444009509459372786e+00 4.511001398774563853e+00
4.682559184905609406e+00 4.722506909339801773e+00
4.924505490963158039e+00 4.806658257170361992e+00
5.128428829716602522e+00 5.044747830048540216e+00
5.256024079651896663e+00 5.322731579928544399e+00
5.516898427762991552e+00 5.451590741474179325e+00
5.710364835590758581e+00 5.620370718330648607e+00
5.827419985808717229e+00 5.901702961705313832e+00
6.099865383692431031e+00 6.012610451835560532e+00
6.287647688090032716e+00 6.198967613831529277e+00
6.405218667542740718e+00 6.496827194356837865e+00
6.583543609966643118e+00 6.686312358687028556e+00
6.887989308284444334e+00 6.795683373470915889e+00
7.072943422436263283e+00 7.032649462217258396e+00
7.193286365817529671e+00 7.280640000678777035e+00
7.411500826685735177e+00 7.477437297789381709e+00
7.668410495645361813e+00 7.584875567565342536e+00
7.779689342058007107e+00 7.868961617430738187e+00
8.062515663311128122e+00 8.004035495721756988e+00
8.265792728709159931e+00 8.160476269101661018e+00
8.345549059379560930e+00 8.466914371232606484e+00
8.661365422576599471e+00 8.579782289523654626e+00
8.849097350849959298e+00 8.751757806716371491e+00
9.035410687717769562e+00 8.951451381007233365e+00
9.159051780704421830e+00 9.236842920620873088e+00
9.351780495407490790e+00 9.430359309076376206e+00
9.533642102659685591e+00 9.620928325761024524e+00
9.762772172506304358e+00 9.832396127830079990e+00
9.939886190185664105e+00 1.002515192143778044e+01
1.013045438863826853e+01 1.022077980109292739e+01
1.030835204938217764e+01 1.042696766449718737e+01
1.053827586657637561e+01 1.062012582638560332e+01
1.074832538603637566e+01 1.080845597065596841e+01
1.094935669276901002e+01 1.102365942929740683e+01
1.120805462051241363e+01 1.110998493724976299e+01
1.139678404962609548e+01 1.132178865855848215e+01
1.160443835790197120e+01 1.151523847135242384e+01
1.181012821324443252e+01 1.167124772986751324e+01
1.191492669469277388e+01 1.200404455342689047e+01
1.212025611499176314e+01 1.220285518977404138e+01
1.239784669999553124e+01 1.231786919249308099e+01
1.251067143718690211e+01 1.260070087202267253e+01
1.278913451967441972e+01 1.270596976080700813e+01
1.298595133613204844e+01 1.293375216356355750e+01
1.312433816797593344e+01 1.318203143175194647e+01
1.338035760830621967e+01 1.331423319678313355e+01
1.357932382291319762e+01 1.351004067834724864e+01
1.372687769162903670e+01 1.376947757460104960e+01
1.387540226411260313e+01 1.398350534291836134e+01
1.407478992576948862e+01 1.416940032806634164e+01
1.431593176593679928e+01 1.437429638783137165e+01
1.456489513320951446e+01 1.445237761722355074e+01
1.464801158364499578e+01 1.476537841846971055e+01
1.496564329923197789e+01 1.483491494242044872e+01
1.507388670690141730e+01 1.516936849309199609e+01
1.524895092002711650e+01 1.535743284119030427e+01
1.543998920575638678e+01 1.556123313721963441e+01
1.575374911062104744e+01 1.564646063709982649e+01
1.586141513859390173e+01 1.595620521085826304e+01
1.615326369539067031e+01 1.602832561035623371e+01
1.634586197900175719e+01 1.626745954898009927e+01
1.643785956915621327e+01 1.654823747986873883e+01
1.675369470884812273e+01 1.662542184729337436e+01
1.696331356994449990e+01 1.684755801695905220e+01
1.715297674532913774e+01 1.707579240453707925e+01
1.735492569873641955e+01 1.724358373146398904e+01
1.755179545942814912e+01 1.745676018802059204e+01
1.775052317093866705e+01 1.761693512981786469e+01
1.794223096495281311e+01 1.782878969832398752e+01
1.805608223038808902e+01 1.815041151225604565e+01
1.834363665296172030e+01 1.821854780942984320e+01
1.845079849842652919e+01 1.854738355212162659e+01
1.863464656236550709e+01 1.874711908914159153e+01
1.878225506578350945e+01 1.895213314456231046e+01
1.914263370591288194e+01 1.903027128624267661e+01
1.916211758079731098e+01 1.933763781719792618e+01
1.938700601572047688e+01 1.953709652992164436e+01
1.962486666283371406e+01 1.973508484364347737e+01
