0.000000000000000000e+00 0.000000000000000000e+00
0.000000000000000000e+00 0.000000000000000000e+00
0.000000000000000000e+00 0.000000000000000000e+00
0.000000000000000000e+00 0.000000000000000000e+00
0.000000000000000000e+00 0.000000000000000000e+00
0.000000000000000000e+00 1.302116332481894734e+00
4.909857462281191909e-01 1.727670654267175143e+00
1.291925337952581243e+00 2.195241265105961848e+00
2.127613744789961459e+00 2.385751200198130029e+00
2.493474018686399951e+00 2.505202192908150938e+00
2.680101949270500494e+00 2.647249524921940989e+00
2.798079498023864797e+00 2.839956041762156769e+00
2.972113089646067685e+00 2.938721892803540126e+00
3.125241251871015091e+00 3.211894903101848886e+00
3.319291319498974602e+00 3.449996860876498150e+00
3.483341579239917163e+00 3.651487250524621864e+00
3.684820244952229817e+00 3.844405981175208709e+00
3.864254062036267534e+00 4.016635888773663510e+00
4.082834189839056549e+00 4.188971553087011301e+00
4.356808695734894599e+00 4.280481539890004683e+00
4.441107634906158452e+00 4.535246290240142919e+00
4.620581208629118031e+00 4.708641751547027354e+00
4.872861843792378522e+00 4.795191853820007566e+00
4.983844893047013613e+00 5.061296832542371504e+00
5.225677523561603088e+00 5.186324727410703161e+00
5.407247246746261560e+00 5.336025973116896637e+00
5.589336073943693250e+00 5.506781848061406137e+00
5.676561865873434698e+00 5.777225289406296760e+00
5.960377150719056161e+00 5.890723974899924720e+00
6.147663063036072906e+00 6.047771330162530212e+00
6.332185580073252495e+00 6.228162872671325623e+00
6.514087229948724911e+00 6.405299106791678909e+00
6.700620658180530320e+00 6.604023524944504508e+00
6.881128676742734207e+00 6.778544240092525541e+00
7.077240117660803520e+00 6.951959281446606020e+00
7.262017005696007388e+00 7.142177457624424797e+00
7.355417518969427526e+00 7.414549906936444224e+00
7.613803088475357583e+00 7.540695320065332830e+00
7.807718818898932156e+00 7.684183368348151077e+00
7.992350306434170548e+00 7.862756416692532113e+00
8.175062437127202486e+00 8.049907733415931688e+00
8.354669043432966902e+00 8.245022652318777290e+00
8.550395617226563161e+00 8.472667693602227601e+00
8.733475648956201098e+00 8.683844570972514276e+00
8.930480032903997056e+00 8.842965341635570908e+00
9.122059981897091774e+00 9.016130774199988096e+00
9.324746354295617934e+00 9.219037557684616857e+00
9.522670529017430496e+00 9.368919374742052497e+00
9.708864514194869955e+00 9.552781975865707764e+00
9.900271190409243971e+00 9.746913850468427398e+00
1.009689845515084450e+01 9.912556646200235022e+00
1.027339586747180356e+01 1.013058717243508688e+01
1.047995025302272509e+01 1.028487570198691081e+01
1.067417942992116053e+01 1.048440002243872726e+01
1.085913653110788601e+01 1.067512167059309824e+01
1.083429259804792011e+01 1.098019931893231593e+01
1.120430599284343387e+01 1.103862917407860955e+01
1.139726373881219068e+01 1.115861770886246696e+01
1.158803730534561005e+01 1.142903807500238855e+01
1.158131154818915576e+01 1.170595101381601211e+01
1.193730081827222378e+01 1.180162067928279512e+01
1.212803522275184420e+01 1.198663469862151487e+01
1.232213040522814573e+01 1.215188336290088778e+01
1.253091871367632493e+01 1.237990780782140909e+01
1.272621147164726807e+01 1.257019971364418431e+01
1.291999340719985589e+01 1.276669980975940888e+01
1.311730229844152440e+01 1.295970481350575731e+01
1.331727878529297193e+01 1.312323684177334648e+01
1.349933067251644303e+01 1.331670677469743502e+01
1.369502543244266946e+01 1.352789389690042121e+01
1.388918355872626798e+01 1.373680900332326260e+01
1.409506456544791853e+01 1.389828387814520738e+01
1.428683433995475127e+01 1.406212260381756707e+01
1.447184342238842092e+01 1.429029005937325536e+01
1.467484749571948299e+01 1.448479041625031805e+01
1.487277336042088649e+01 1.463257334288166156e+01
1.505970193734184370e+01 1.489644550807227574e+01
1.526013027192716898e+01 1.511412304772162507e+01
1.544619089137797552e+01 1.529745102585533623e+01
1.564602759310179714e+01 1.549848017744970896e+01
1.583464156611074181e+01 1.558999909470264456e+01
1.603099626074512685e+01 1.584397301981599249e+01
1.623591648430952361e+01 1.598512555108253608e+01
1.643618059330174219e+01 1.622435578580170912e+01
1.661984434757245310e+01 1.642835392509773129e+01
1.681995487085475105e+01 1.658994360895620090e+01
1.700751763688678864e+01 1.681667996750985239e+01
1.720339792313594174e+01 1.702222106793600531e+01
1.740255521337262934e+01 1.719592626544541503e+01
1.759984287513404411e+01 1.742470720653094318e+01
1.779022241393435522e+01 1.761881086043023714e+01
1.798079493823929909e+01 1.783131473010968193e+01
1.816865851070426174e+01 1.797009599341502906e+01
1.836896185084491862e+01 1.817831108618615943e+01
1.854620861412526622e+01 1.839192826835194694e+01
1.875210667324322600e+01 1.856014829269588162e+01
1.894149250401494200e+01 1.876638715045297090e+01
1.915492357452801286e+01 1.895436706242917424e+01
1.933988061702659422e+01 1.915817318762633192e+01
1.952658260690604308e+01 1.937680086307716110e+01
1.972445808070630946e+01 1.959407464070459426e+01
