0.000000000000000000e+00 0.000000000000000000e+00
0.000000000000000000e+00 0.000000000000000000e+00
0.000000000000000000e+00 0.000000000000000000e+00
0.000000000000000000e+00 0.000000000000000000e+00
0.000000000000000000e+00 0.000000000000000000e+00
0.000000000000000000e+00 0.000000000000000000e+00
0.000000000000000000e+00 0.000000000000000000e+00
0.000000000000000000e+00 0.000000000000000000e+00
0.000000000000000000e+00 0.000000000000000000e+00
2.810041183270691967e+00 5.613527827672157855e+00
4.559687115014193992e+00 6.286589300102556344e+00
7.174123535224596004e+00 7.198814709128013689e+00
6.991390543705921168e+00 7.122472765885978774e+00
7.153683217499732017e+00 7.224431678480907060e+00
7.198224594518202402e+00 7.449682503246122245e+00
7.323258217166406681e+00 7.446180895097257668e+00
7.444593086103685309e+00 7.753478861987400883e+00
7.724535550440989162e+00 7.977777937549555887e+00
7.941253682859534813e+00 8.218975191118452983e+00
8.204064193866553723e+00 8.431484189193550804e+00
8.363820042970512958e+00 8.619937485361463203e+00
8.624414567354012462e+00 8.796693234731758793e+00
8.770704261686338654e+00 8.980786580331175273e+00
8.944011311299917111e+00 9.159938930828252168e+00
9.116966547372596708e+00 9.334778440788641163e+00
9.315238239021027766e+00 9.517239315466358818e+00
9.527934934820120105e+00 9.683615928016131136e+00
9.698404086361589904e+00 9.853346968144888862e+00
9.848347582926084698e+00 1.002438208883565629e+01
1.003004829649120744e+01 1.018046138305096271e+01
1.021673661564475744e+01 1.035073258479932079e+01
1.041629660355334330e+01 1.051858878240707540e+01
1.055646330067807526e+01 1.069629499637581382e+01
1.069988803836995395e+01 1.086037094595454100e+01
1.091098210857728112e+01 1.101313948984760316e+01
1.109047739098470764e+01 1.118020631058646686e+01
1.124806845838917724e+01 1.134338987995370651e+01
1.139511519101423076e+01 1.152050468471304256e+01
1.157163748487457333e+01 1.168759773739550667e+01
1.172701700207498554e+01 1.185167424098188604e+01
1.188904079786111367e+01 1.201036085362413530e+01
1.202177413335971679e+01 1.216829880791946294e+01
1.218602203716137389e+01 1.233001167584599322e+01
1.237667935374569872e+01 1.249938631015977464e+01
1.251619606791265937e+01 1.266136334412514763e+01
1.270189853437217842e+01 1.281462853681718173e+01
1.282989108384427723e+01 1.296854830346181942e+01
1.299610481323419897e+01 1.313853465168856083e+01
1.317752180680386687e+01 1.330444343213322256e+01
1.330907461654306800e+01 1.346202925670885797e+01
1.346376373907837021e+01 1.362884881359517841e+01
1.365084134606283861e+01 1.379533768095690682e+01
1.381219994679892693e+01 1.395376464662607496e+01
1.396183908743116575e+01 1.411699032437513068e+01
1.410789716482001843e+01 1.428645481024842212e+01
1.430538595401628399e+01 1.445558784596194357e+01
1.443747456775875548e+01 1.462465237913063021e+01
1.464390567935223508e+01 1.477229817670860079e+01
1.488963867898688065e+01 1.472800702261308636e+01
1.485871743763334507e+01 1.508826680061634029e+01
1.508069311265471235e+01 1.524782823819542976e+01
1.522094830024258094e+01 1.541410663628740352e+01
1.538200365495570132e+01 1.557309641839147574e+01
1.559946544910445532e+01 1.573745247572660055e+01
1.586603425912961818e+01 1.567687868818633845e+01
1.585734984368549405e+01 1.605313610809454516e+01
1.598356896822390993e+01 1.620751727306911505e+01
1.617009428136601557e+01 1.638999633010644530e+01
1.637327571017586791e+01 1.655037356334118570e+01
1.668335905698569022e+01 1.654868634988787335e+01
1.661329010804490380e+01 1.685975647184147164e+01
1.700128807320514568e+01 1.684589874700949608e+01
1.690265303348288484e+01 1.717063256258902726e+01
1.708971222900110476e+01 1.733275725764100272e+01
1.728389467154964620e+01 1.749969562060072548e+01
1.764092090130755253e+01 1.740440071521258147e+01
1.781244152481476561e+01 1.758535167958222800e+01
1.797184976048790972e+01 1.768486047970103670e+01
1.813214127060646774e+01 1.788462339457446859e+01
1.828689861469570133e+01 1.802202937750255529e+01
1.828484456090057719e+01 1.846197079886036718e+01
1.862523365254477525e+01 1.835587738742833963e+01
1.856849716662568994e+01 1.878150090722229848e+01
1.894993099421215632e+01 1.875676074850570885e+01
1.885280995682905925e+01 1.912208701258832733e+01
1.929298860540869853e+01 1.901068419124485587e+01
1.946743010732809154e+01 1.919221379910755232e+01
1.932567041728025714e+01 1.962594852370918730e+01
1.953984785541336677e+01 1.979116341276841240e+01
1.974033816545832209e+01 1.994698762333329967e+01
1.991094810926109560e+01 2.011592416446039522e+01
2.009224180572356389e+01 2.026506380020493481e+01
2.045029279352758422e+01 2.026287426674471348e+01
2.041154180826908160e+01 2.060112462990137772e+01
2.054595778284044272e+01 2.074797459833949276e+01
2.077680786728803497e+01 2.091504840970506152e+01
2.094186647870709805e+01 2.108217131306493997e+01
2.106488182356221373e+01 2.123880025907039482e+01
2.125155464795382798e+01 2.139493594915844454e+01
2.159205246090527197e+01 2.138938307226584357e+01
2.176318979316814151e+01 2.163639426013098443e+01
