0.000000000000000000e+00 0.000000000000000000e+00
0.000000000000000000e+00 0.000000000000000000e+00
7.697899320302295338e-03 0.000000000000000000e+00
3.618916827406053194e-02 0.000000000000000000e+00
3.868188482324220329e-02 2.138744077718922054e-01
3.274886570956442866e-01 1.190513535754579993e-01
6.823417903517600136e-01 1.099754723651594546e+00
1.172145269846419868e+00 1.350385975153668205e+00
1.439160990510982341e+00 1.548671252752742866e+00
1.747783376396182975e+00 1.702238727146178743e+00
1.954114442359220272e+00 1.855966772401354214e+00
2.160474425831691025e+00 2.067402514838015737e+00
2.362032808949621643e+00 2.278631575754023864e+00
2.558844537430119637e+00 2.460507366230953785e+00
2.762213600045622108e+00 2.675459910637972172e+00
2.960196044474657562e+00 2.826315352906408673e+00
3.161386534818879213e+00 3.042846297072282713e+00
3.348125755464470998e+00 3.256362159868161132e+00
3.543842347717124586e+00 3.420049951732474725e+00
3.736827528393398268e+00 3.628561223660238699e+00
3.939979073069806326e+00 3.811636844657039447e+00
4.134953642702995147e+00 4.017705097959082927e+00
4.335049901427765029e+00 4.228448454119935640e+00
4.535067308772029904e+00 4.410032748105123801e+00
4.736996800891462911e+00 4.568772173627102084e+00
4.930984028548373033e+00 4.800462469871163762e+00
5.132306239362038447e+00 4.993238407776205534e+00
5.323891555036875722e+00 5.212669734174176561e+00
5.516058144088095361e+00 5.397618662436747705e+00
5.716860836699141579e+00 5.571591909618393679e+00
5.914698519192532977e+00 5.771798416795858699e+00
6.106752606439833642e+00 5.965540950914276053e+00
6.293408624813362273e+00 6.143578670272016318e+00
6.495642228578372368e+00 6.357716116293413933e+00
6.681192474556768346e+00 6.554612982340656480e+00
6.880245261717362837e+00 6.763486603101007688e+00
7.075080789191805941e+00 6.950828813104676485e+00
7.271124787784697396e+00 7.132102711849914733e+00
7.463918875920275475e+00 7.326669167316072873e+00
7.678241402455741493e+00 7.505057746757908710e+00
7.862710808065403789e+00 7.752475349409988503e+00
8.070793533024808397e+00 7.920608227319068995e+00
8.261473394319562402e+00 8.104838703100456954e+00
8.462419207506762575e+00 8.298471197157272883e+00
8.668174386520654195e+00 8.489260517949402285e+00
8.859535680128628243e+00 8.680307420504558280e+00
9.057239511610825744e+00 8.876116694417232722e+00
9.253458395644276635e+00 9.029731729603499346e+00
9.460681621568616251e+00 9.250438103747342211e+00
9.646853400156212288e+00 9.423783745014871371e+00
9.838979953722887473e+00 9.635067922231900894e+00
1.002785168872672372e+01 9.856475603677321118e+00
1.023111803849656631e+01 1.009871695424902960e+01
1.042421888866999247e+01 1.017448218322786957e+01
1.062259410887896216e+01 1.042251665729497567e+01
1.082229992425151899e+01 1.060832916536821280e+01
1.100515109739415998e+01 1.069434083860688389e+01
1.120221020877115237e+01 1.093604550008383214e+01
1.138749752762770839e+01 1.113534437092994978e+01
1.159102389347380324e+01 1.132193066570064488e+01
1.178960274639468864e+01 1.152601554350884072e+01
1.197711906085254974e+01 1.171609571150279194e+01
1.218643277646456369e+01 1.195487500666020964e+01
1.238304915712077126e+01 1.214698177048811267e+01
1.257821739126911709e+01 1.234680569046430421e+01
1.277740794270229152e+01 1.250390717905840710e+01
1.296525009620151714e+01 1.267956928312668019e+01
1.317317207311343630e+01 1.293272117622995943e+01
1.335769654083945568e+01 1.306409038969276182e+01
1.356457239845318519e+01 1.323103968096330618e+01
1.375781225296507237e+01 1.345754978551200409e+01
1.395481224481396687e+01 1.366434089479151481e+01
1.414900292230134404e+01 1.389942613298122076e+01
1.434515670422110389e+01 1.411560472974826297e+01
1.455028876642494851e+01 1.426952552797720308e+01
1.473269392960273905e+01 1.447275960489733393e+01
1.494424896913657363e+01 1.464544157601593355e+01
1.513705616330352299e+01 1.485463657318296882e+01
1.534826287540288270e+01 1.505950325879185847e+01
1.552115701829832162e+01 1.522612424901354089e+01
1.573469822617006386e+01 1.547494998194934901e+01
1.595607034232517130e+01 1.560744830376204995e+01
1.614470675756839668e+01 1.586717995934666803e+01
1.635045800065673305e+01 1.596784198644256136e+01
1.655833522813492209e+01 1.611660260472850226e+01
1.677129111829233210e+01 1.628744919609665232e+01
1.697793791291593024e+01 1.661682037991224448e+01
1.717476835827168458e+01 1.677088192309947345e+01
1.736352726345221598e+01 1.700098775869451018e+01
1.754720412331157320e+01 1.717094110949432206e+01
1.776223103696128902e+01 1.718737164699829378e+01
1.793713708038569976e+01 1.751800770469473534e+01
1.814482213179787351e+01 1.776410830847124345e+01
1.834655625760795061e+01 1.798127408671295413e+01
1.853967956345924151e+01 1.812555274204844125e+01
1.873377373006848501e+01 1.829837409156952077e+01
1.894191936080707706e+01 1.837391544751462291e+01
1.912936828657046107e+01 1.879577005768195264e+01
1.932530840580612264e+01 1.899120587454956421e+01
1.953090330096766536e+01 1.891911559996966830e+01
1.973481772584970884e+01 1.937670243954850235e+01
