0.000000000000000000e+00 0.000000000000000000e+00
0.000000000000000000e+00 0.000000000000000000e+00
0.000000000000000000e+00 0.000000000000000000e+00
0.000000000000000000e+00 0.000000000000000000e+00
0.000000000000000000e+00 0.000000000000000000e+00
0.000000000000000000e+00 0.000000000000000000e+00
0.000000000000000000e+00 0.000000000000000000e+00
0.000000000000000000e+00 2.265743664380260203e+00
1.014227020107387189e-01 0.000000000000000000e+00
2.580530440304538597e+00 2.985303974999107268e+00
9.826345332741716732e+00 9.421068633049484831e+00
7.237011070701402815e+00 8.937663148523990131e+00
8.981286279970444042e+00 8.835124975351954291e+00
8.849768697055653277e+00 8.794186231153926059e+00
8.818575053215978343e+00 8.913584082711029311e+00
8.812745872014376758e+00 8.953648924707128032e+00
8.937432647413155351e+00 9.118385848073664590e+00
9.085998788755098587e+00 9.353479887172399643e+00
9.196972314457369180e+00 9.568671394167896693e+00
9.506682120201482178e+00 9.771009527925437865e+00
9.739020141689628929e+00 9.992098104503476463e+00
9.924313660598146569e+00 1.017544664526642606e+01
1.014240502667741239e+01 1.036981343743548400e+01
1.032664505532123478e+01 1.053532537058593554e+01
1.055984219445189964e+01 1.073416851426104301e+01
1.071681502183417756e+01 1.090479334833728942e+01
1.087893146624991125e+01 1.107909484675066203e+01
1.102924885218781093e+01 1.124301007464020330e+01
1.119141532691972252e+01 1.139703449311316952e+01
1.138484039960340688e+01 1.156709095554978539e+01
1.158400241198298808e+01 1.172486424151538031e+01
1.175064059425634788e+01 1.188689978825323657e+01
1.191449400337674014e+01 1.205059471808941041e+01
1.208833380968223281e+01 1.221882906383891232e+01
1.225828117158785524e+01 1.238028440835066668e+01
1.241868552202828013e+01 1.254344701808428830e+01
1.257830110840671800e+01 1.270309850807385210e+01
1.273065666922527583e+01 1.286942004682294005e+01
1.291829877066588672e+01 1.303294199216485438e+01
1.306430927462013081e+01 1.319451739169087645e+01
1.321692804374870889e+01 1.335036125910645133e+01
1.340598146395029033e+01 1.350983891884889587e+01
1.355758389246368623e+01 1.367841948990761658e+01
1.371969706684973644e+01 1.384725069486804294e+01
1.387397037956091417e+01 1.401610525076653069e+01
1.403811619906368335e+01 1.417432814730993940e+01
1.423680793969804803e+01 1.434053057806418607e+01
1.438074856267488144e+01 1.450496642235065714e+01
1.451279112741388744e+01 1.467121128291597820e+01
1.470240204588611022e+01 1.482995953807395217e+01
1.484312428548341067e+01 1.499682646316640877e+01
1.502469464049748105e+01 1.514962808268135852e+01
1.521847112864814910e+01 1.531754533178204802e+01
1.532989766657733810e+01 1.547858615005577576e+01
1.553808700379362939e+01 1.564727997768648216e+01
1.567482582714803385e+01 1.580509542358458930e+01
1.586251649295979504e+01 1.596552851477604129e+01
1.598168144798848189e+01 1.612942621500423357e+01
1.614966624829524022e+01 1.630120544620118750e+01
1.633928705974667750e+01 1.645695150928195716e+01
1.642449257625406389e+01 1.662275134011728284e+01
1.660701120994748337e+01 1.678334479507817534e+01
1.680477201317498626e+01 1.695343546317649341e+01
1.689782814772440744e+01 1.711720839991165022e+01
1.709249683790991270e+01 1.728055997792005272e+01
1.728898953684486983e+01 1.744696978604476101e+01
1.739091094269192794e+01 1.760685328900649793e+01
1.757222546417307640e+01 1.776516830378021439e+01
1.778559429847305040e+01 1.793021904204483974e+01
1.792485239085442217e+01 1.808811134467734760e+01
1.808848495249981880e+01 1.824507059906571271e+01
1.825262216082963107e+01 1.841105536495972572e+01
1.841863364709430684e+01 1.857007419267091564e+01
1.855350395137700659e+01 1.873167810808470790e+01
1.869675849517156152e+01 1.891258088357098543e+01
1.888185295562019661e+01 1.907113137842666717e+01
1.900458245144190883e+01 1.922971870655855753e+01
1.922767496404109266e+01 1.939639171604703094e+01
1.938941392692572663e+01 1.957664396033561971e+01
1.954221375116271986e+01 1.973508363747465566e+01
1.968582088133102559e+01 1.988948403097116113e+01
2.001336133424997499e+01 1.982619318892425397e+01
2.004891905371832905e+01 2.020397778765472907e+01
2.020871096734039796e+01 2.034558659741265885e+01
2.030541980783378264e+01 2.050544953308283880e+01
2.064747386196831869e+01 2.043783012067332905e+01
2.061280600451774347e+01 2.084718714920261462e+01
2.096579013735227193e+01 2.078908828464198777e+01
2.094779292308236407e+01 2.115162614964518895e+01
2.104407570281302142e+01 2.130968416452249770e+01
2.143813368380070372e+01 2.127103481607285929e+01
2.162233909552865541e+01 2.143388710634134142e+01
2.177486551004876603e+01 2.159267852616029870e+01
2.176496205555437768e+01 2.194996888872181984e+01
2.198254973677105895e+01 2.211384780380584658e+01
2.225469904921885345e+01 2.211584969934688871e+01
2.223571704899002199e+01 2.242568332651609708e+01
2.240232321200711496e+01 2.259249736312490597e+01
2.254464148771367960e+01 2.276682493365515114e+01
2.292526627952557661e+01 2.265569928059646543e+01
2.307546200146592952e+01 2.295461610217738624e+01
