0.000000000000000000e+00 0.000000000000000000e+00
0.000000000000000000e+00 0.000000000000000000e+00
0.000000000000000000e+00 0.000000000000000000e+00
2.465342031765668362e-03 0.000000000000000000e+00
2.120475952964886446e-01 1.302151414386618078e-01
6.686284514014004254e-02 4.772770781083257585e-01
1.026185416999302324e+00 1.607589025195297561e+00
1.667863432844445715e+00 1.654841239823910959e+00
1.900556471319161833e+00 1.964393200600882183e+00
2.139851568920467795e+00 2.157227356057932255e+00
2.278948937665616459e+00 2.334130105932936239e+00
2.486655642648295306e+00 2.506144115292013197e+00
2.662665021288189493e+00 2.683650467001155615e+00
2.854387931482798457e+00 2.851675570429566431e+00
3.036165036118365634e+00 3.027514370287418544e+00
3.209911487872739944e+00 3.208735983319763285e+00
3.395750009015866766e+00 3.370291886802672998e+00
3.576967430885714894e+00 3.527876242366518422e+00
3.765899114341203724e+00 3.754157676120997156e+00
3.960691117616089940e+00 3.939561741675792206e+00
4.153798572792182675e+00 4.107254971346797845e+00
4.353442686439363385e+00 4.287905766216193015e+00
4.545877616214059280e+00 4.456074854408750063e+00
4.730096017042384027e+00 4.679165350427825665e+00
4.920748046770302864e+00 4.833815212474288359e+00
5.111784417192072105e+00 5.051077057477744603e+00
5.301496828817974460e+00 5.221828213446490174e+00
5.486217205070859748e+00 5.418907378507867634e+00
5.679745450108961258e+00 5.609478634973225297e+00
5.881785609833042550e+00 5.765905346690034072e+00
6.072798813073179147e+00 5.940255697114613653e+00
6.266130284919809945e+00 6.097016535535989767e+00
6.464984737334929399e+00 6.348707800591713024e+00
6.654591956762327065e+00 6.527903084394514721e+00
6.846244466633655712e+00 6.726492460336514156e+00
7.042132185837492564e+00 6.878149893013119076e+00
7.240323407434360981e+00 7.036309931638943027e+00
7.424355650864549183e+00 7.264003870194821744e+00
7.617572662319916255e+00 7.460496192055250830e+00
7.812828481289540328e+00 7.645950026882123218e+00
8.001095357998009305e+00 7.839762832167550322e+00
8.198491937488883607e+00 8.037384224085920792e+00
8.382692218218727120e+00 8.234214077709506086e+00
8.578248142858686975e+00 8.384144541027666264e+00
8.772913918001419731e+00 8.617764266620753233e+00
8.971153149203724197e+00 8.740940341598253838e+00
9.168906868452571857e+00 9.010980303726503493e+00
9.361658314118056268e+00 9.127039674647013712e+00
9.559361637422004065e+00 9.383007830306066666e+00
9.750043428038972948e+00 9.581527522929111029e+00
9.949207761372184322e+00 9.755167579406769818e+00
1.015982579817869969e+01 9.902055166288787902e+00
1.034371174924880776e+01 1.008475461273709506e+01
1.054505567637740704e+01 1.025979476057522355e+01
1.075322012579722930e+01 1.050996874461541708e+01
1.093894266375098390e+01 1.065551410247390862e+01
1.112948878855871548e+01 1.086738998834773184e+01
1.132836150507426076e+01 1.107932423437650904e+01
1.153152867621275313e+01 1.133495278613976254e+01
1.171943841085518301e+01 1.152277251637948474e+01
1.191386687281735846e+01 1.167654890660642764e+01
1.210186247400928927e+01 1.187384353575793128e+01
1.229905701480067748e+01 1.208316606819671435e+01
1.248171731901304327e+01 1.225941778222954603e+01
1.266638397217823808e+01 1.245815045617887407e+01
1.287597771376393929e+01 1.261876278860002643e+01
1.306397733081293033e+01 1.287854289918945305e+01
1.325442380376855311e+01 1.305344588798747019e+01
1.345378621543429887e+01 1.325347169676582659e+01
1.364664564519371481e+01 1.341628507712457541e+01
1.384691116663629451e+01 1.350969098688834968e+01
1.402791945980278676e+01 1.381500421839195525e+01
1.424548310835213982e+01 1.401651927122862773e+01
1.443408056199150913e+01 1.425361910138337507e+01
1.461773051705924154e+01 1.437509337596579151e+01
1.481811010082795121e+01 1.462585056201505296e+01
1.501398262038463294e+01 1.469398496161170975e+01
1.520893482540931352e+01 1.491542485981229937e+01
1.539925307739550142e+01 1.520693938084564145e+01
1.559549258037012720e+01 1.534963645678928046e+01
1.580412295470988404e+01 1.549324955622066469e+01
1.599663843260610285e+01 1.572010219087744787e+01
1.618366792178733249e+01 1.592720900917368709e+01
1.639059317728317566e+01 1.606475847419941516e+01
1.657456717422034131e+01 1.636509929953142972e+01
1.678375095874867995e+01 1.652047823759651024e+01
1.696928725119276749e+01 1.670930479621552323e+01
1.716061975123001204e+01 1.684502303638996423e+01
1.736560968060442178e+01 1.703880025863777803e+01
1.756158934090369783e+01 1.730801096227778402e+01
1.774199110640926946e+01 1.747519427536125391e+01
1.794971570993655874e+01 1.770700143169306173e+01
1.814412277551805985e+01 1.785813757409144387e+01
1.834933878879873959e+01 1.802244136652307915e+01
1.854380588786812467e+01 1.824986801019443305e+01
1.874530812894988685e+01 1.841727060277071359e+01
1.895660466826071300e+01 1.867554330385376815e+01
1.915555102783871178e+01 1.884951130298563982e+01
1.935198759703529703e+01 1.892836518865414774e+01
1.954878252956782703e+01 1.921615320149807715e+01
1.975112366259181940e+01 1.949377714452333521e+01
