0.000000000000000000e+00 1.138657614470126367e+00
1.121951184502704590e+00 1.119819771525955465e+00
1.099130854564283499e+00 1.102064708353825084e+00
1.156549273535708577e+00 1.148762768143698487e+00
1.264118994848618671e+00 1.315172919688570197e+00
1.363349237701188654e+00 1.457238310789364721e+00
1.549344766377495741e+00 1.615533183686587160e+00
1.662991310080929486e+00 1.803479317592832309e+00
1.771116385346022337e+00 2.002785671995927608e+00
1.886265642053157165e+00 2.152253142894144045e+00
2.107519959678224808e+00 2.283409000130533606e+00
2.285760700141111545e+00 2.412833645010433514e+00
2.452082079716590091e+00 2.539882144718607737e+00
2.597366749680968923e+00 2.666359907748438562e+00
2.722408894330005769e+00 2.786190360678244105e+00
2.847694266813634467e+00 2.903369033512168684e+00
2.983395105438585215e+00 3.019636433596085023e+00
3.112596591179914274e+00 3.138133798919995332e+00
3.255687267135437324e+00 3.226442175603916773e+00
3.372470757033226185e+00 3.323897552072370143e+00
3.494872956147202281e+00 3.406938525126624207e+00
3.611637433814380405e+00 3.501094056392617393e+00
3.666852438081220633e+00 3.740985080801337403e+00
3.791328772947040626e+00 3.867139080819524732e+00
3.924805646827674188e+00 3.995130340112083456e+00
4.119576931045213719e+00 4.044690951177416949e+00
4.247284122112104932e+00 4.154919308464260830e+00
4.266273052279830225e+00 4.371547938969855274e+00
4.496488925040309503e+00 4.432805731153624862e+00
4.625155957167975451e+00 4.538992561179947316e+00
4.747435664227086072e+00 4.659145774413168795e+00
4.886436763526924132e+00 4.770289778327505559e+00
5.011714133806171034e+00 4.898230470155982452e+00
5.134365741931289584e+00 5.034388857722294830e+00
5.253881082418399018e+00 5.174362878915361286e+00
5.390651950215860744e+00 5.260991840925667518e+00
5.518036904803923726e+00 5.393576017916892340e+00
5.645522212120015482e+00 5.468409077954340169e+00
5.774125264110256950e+00 5.627815581738551565e+00
5.904704715793803516e+00 5.811644674542955080e+00
6.041699720190526257e+00 5.910506725409608642e+00
6.175841331427138314e+00 6.055961437005141335e+00
6.313103916754934986e+00 6.178607946361326597e+00
6.448131094465353819e+00 6.290992530032233354e+00
6.590885894620724272e+00 6.455857219472201258e+00
6.719072470393372853e+00 6.560082219492407773e+00
6.853890262198159888e+00 6.741660142889853269e+00
6.982856734639535823e+00 6.828561756304261543e+00
7.114362825054669770e+00 6.974944375185434531e+00
7.249884457465872067e+00 7.076110775561948785e+00
7.382401841753033267e+00 7.209313085759335493e+00
7.523581229219942657e+00 7.332934692104221774e+00
7.657207591010735115e+00 7.518140749675662704e+00
7.790540482769791275e+00 7.632796470881513251e+00
7.922767286798230835e+00 7.771675203903962270e+00
8.056635131565526464e+00 7.896985898815007232e+00
8.201416825140094957e+00 8.030662672054265983e+00
8.326997634139853943e+00 8.165365427172977419e+00
8.469670685074722982e+00 8.287359165628538804e+00
8.597306100511733717e+00 8.422763364053853508e+00
8.743622342301096140e+00 8.548545873127844530e+00
8.874708607886908851e+00 8.702636246566610723e+00
8.994097387993337023e+00 8.847070508541969858e+00
9.151679836051572536e+00 8.957393540534550169e+00
9.285511940849497492e+00 9.095468102703522462e+00
9.406849714221779735e+00 9.273695758316859994e+00
9.547107288702727956e+00 9.340638084972763266e+00
9.680844911617374038e+00 9.501885962246671369e+00
9.815191416459793317e+00 9.617643274209312310e+00
9.949539058561557070e+00 9.751414805439601707e+00
1.008647348746258388e+01 9.939690567032947399e+00
1.022716413539546565e+01 1.006036031565350264e+01
1.034853532264600418e+01 1.018920925784126297e+01
1.049924395216836892e+01 1.031137810250575448e+01
1.062805375252644424e+01 1.044107444751225700e+01
1.076663791725724018e+01 1.055052688831626106e+01
1.089014580986496483e+01 1.064679979820742517e+01
1.104208767609334174e+01 1.086771995264523838e+01
1.117725976560072532e+01 1.095764492586965666e+01
1.131695886310574117e+01 1.109226679793109049e+01
1.144763278063662959e+01 1.124373901661108555e+01
1.158810902080126759e+01 1.138637693596327871e+01
1.171877479323015692e+01 1.156073315623092412e+01
1.185294174944213097e+01 1.170052762107719779e+01
1.199528654798973903e+01 1.180283766786636868e+01
1.212582379125791299e+01 1.190602987189324224e+01
1.226009121770059274e+01 1.208339790383087831e+01
1.241080496286614832e+01 1.218756729010149442e+01
1.253133135105245799e+01 1.228744284425586564e+01
1.268746607544396454e+01 1.249733681005485231e+01
1.281226165256851068e+01 1.260277996421170421e+01
1.294663399132589277e+01 1.268116868723879165e+01
1.307667316099697175e+01 1.283598273114644428e+01
1.322874409845038990e+01 1.295342147265631105e+01
1.306345147854868394e+01 1.326776634562121515e+01
1.348702589452157063e+01 1.329052606758111921e+01
1.361340905299989323e+01 1.345977650381118096e+01
1.374438823740222837e+01 1.352888341442095310e+01
1.389247659723411843e+01 1.369501140821435747e+01
1.401612614721995698e+01 1.374651638646984431e+01
1.416265637746094974e+01 1.401564778115347032e+01
