0.000000000000000000e+00 0.000000000000000000e+00
0.000000000000000000e+00 0.000000000000000000e+00
0.000000000000000000e+00 0.000000000000000000e+00
0.000000000000000000e+00 0.000000000000000000e+00
0.000000000000000000e+00 0.000000000000000000e+00
0.000000000000000000e+00 0.000000000000000000e+00
0.000000000000000000e+00 0.000000000000000000e+00
0.000000000000000000e+00 0.000000000000000000e+00
0.000000000000000000e+00 0.000000000000000000e+00
0.000000000000000000e+00 0.000000000000000000e+00
0.000000000000000000e+00 0.000000000000000000e+00
0.000000000000000000e+00 0.000000000000000000e+00
0.000000000000000000e+00 0.000000000000000000e+00
0.000000000000000000e+00 1.713371589992443544e+00
1.799303570369039207e+00 4.752993931676520845e+00
2.029499450310170428e+00 0.000000000000000000e+00
1.045574756761379787e+00 5.453922350123675322e+00
5.315024870186937811e+00 5.677745124711991664e+00
5.690964343313030582e+00 5.596360414132579564e+00
5.977894843366973632e+00 5.952461066278237567e+00
6.479704441397057479e+00 6.565654236282338907e+00
6.614652249613799384e+00 6.640390680555632308e+00
6.903961045051434375e+00 7.307091483007090993e+00
7.227935217762245124e+00 7.561759789141776267e+00
7.581648502801584755e+00 7.834097722632095362e+00
7.881275343632741404e+00 8.067456229643497068e+00
8.114211725033531053e+00 8.307341544815853851e+00
8.338288780905468656e+00 8.543382180288716654e+00
8.470830703555677132e+00 8.766278616457684691e+00
8.675135794672387490e+00 8.973528069705727361e+00
8.941417550137495951e+00 9.181713510538804357e+00
9.098755135912210079e+00 9.380231815230798631e+00
9.333465043426029339e+00 9.579431993903760656e+00
9.578020898591253385e+00 9.776722043399558970e+00
9.797775833987806493e+00 9.960704655591147372e+00
1.001756634920104183e+01 1.013224693707110191e+01
1.022530611469199258e+01 1.033073197666441168e+01
1.042519646523022736e+01 1.050899730591777193e+01
1.062551567658698914e+01 1.069405617585143986e+01
1.079781619961766381e+01 1.086442193226114306e+01
1.102901735980484510e+01 1.098002918682164264e+01
1.111790848237114204e+01 1.121707106879105531e+01
1.138045785075823524e+01 1.127377201778036486e+01
1.156426198385566195e+01 1.142001148606591343e+01
1.174080703749575960e+01 1.157226406677588670e+01
1.180790162986827596e+01 1.194621822011828449e+01
1.201110821311305266e+01 1.213848853051743149e+01
1.224704670620107372e+01 1.233383941917415783e+01
1.240928733417986507e+01 1.252344047369913582e+01
1.271764188090189940e+01 1.262717823241053061e+01
1.275611807341291026e+01 1.291079357574365005e+01
1.310735645670143867e+01 1.298395224865628883e+01
1.330074644789972638e+01 1.316625128278077739e+01
1.349996009075856129e+01 1.337775741712499311e+01
1.369660135900563169e+01 1.352382607485668053e+01
1.390740416948015223e+01 1.374372661481060121e+01
1.411614355627125583e+01 1.394467206591479425e+01
1.416562669866356572e+01 1.430998108734836549e+01
1.451864437959623721e+01 1.436241674567078874e+01
1.473011591052202007e+01 1.457568377072220756e+01
1.477495251198458881e+01 1.491912003546840459e+01
1.513291252537054099e+01 1.496540654142311233e+01
1.534234098839355198e+01 1.519655583840657265e+01
1.554414890057085863e+01 1.541427016531524963e+01
1.576511979835168198e+01 1.561577749787042002e+01
1.579540833805307365e+01 1.594137138872570958e+01
1.617457919169515534e+01 1.599608555921227548e+01
1.637445671303234818e+01 1.620966077731607413e+01
1.657735990472975374e+01 1.642899492678908757e+01
1.679518604082540634e+01 1.657350346439789490e+01
1.699619934019113643e+01 1.681970981402716703e+01
1.721578270943982147e+01 1.702951625380116241e+01
1.743691436754772539e+01 1.722689130354822495e+01
1.765525057152292021e+01 1.743733588544974467e+01
1.785822742388162965e+01 1.767741557993196011e+01
1.806964450482473339e+01 1.783433145665716069e+01
1.829578286910837548e+01 1.810511817996304273e+01
1.850792277409571795e+01 1.832362014028027630e+01
1.873678127301204555e+01 1.851258196284391389e+01
1.896531705429987724e+01 1.878615323296827455e+01
1.918686636306144422e+01 1.891266182839451204e+01
1.940132506658202161e+01 1.910447770171990811e+01
1.962642597476509465e+01 1.944522531701471735e+01
1.985341753714307345e+01 1.955761258177696149e+01
2.009180402129921816e+01 1.985835672353210768e+01
2.030852450955179833e+01 2.006258047242113918e+01
2.051660860825285226e+01 2.029181029585092233e+01
2.073830685252853456e+01 2.049969367065663661e+01
2.094602811193518477e+01 2.068768044160827557e+01
2.115618233780276469e+01 2.092625409506377565e+01
2.137584776742000159e+01 2.108760261748769693e+01
2.159125995657263886e+01 2.128104039457366525e+01
2.180461343351027992e+01 2.158882343222672162e+01
2.202790565070614193e+01 2.179232346184271663e+01
2.225171823871666987e+01 2.200511746745627661e+01
2.245940690958662600e+01 2.217800492232922238e+01
2.270395896321015528e+01 2.241198060869735897e+01
2.292007127124154664e+01 2.259834487395606217e+01
2.313710331145665577e+01 2.274104602866792035e+01
2.336897069925271708e+01 2.305350623861152926e+01
2.358915852471676899e+01 2.343128922007288395e+01
