0.000000000000000000e+00 0.000000000000000000e+00
0.000000000000000000e+00 0.000000000000000000e+00
0.000000000000000000e+00 0.000000000000000000e+00
0.000000000000000000e+00 0.000000000000000000e+00
0.000000000000000000e+00 0.000000000000000000e+00
0.000000000000000000e+00 0.000000000000000000e+00
0.000000000000000000e+00 0.000000000000000000e+00
0.000000000000000000e+00 0.000000000000000000e+00
0.000000000000000000e+00 0.000000000000000000e+00
0.000000000000000000e+00 0.000000000000000000e+00
0.000000000000000000e+00 0.000000000000000000e+00
0.000000000000000000e+00 0.000000000000000000e+00
0.000000000000000000e+00 0.000000000000000000e+00
0.000000000000000000e+00 0.000000000000000000e+00
0.000000000000000000e+00 0.000000000000000000e+00
0.000000000000000000e+00 0.000000000000000000e+00
0.000000000000000000e+00 0.000000000000000000e+00
0.000000000000000000e+00 0.000000000000000000e+00
0.000000000000000000e+00 0.000000000000000000e+00
0.000000000000000000e+00 0.000000000000000000e+00
0.000000000000000000e+00 0.000000000000000000e+00
0.000000000000000000e+00 0.000000000000000000e+00
0.000000000000000000e+00 0.000000000000000000e+00
0.000000000000000000e+00 0.000000000000000000e+00
2.064666552017791479e-01 0.000000000000000000e+00
1.216492383203524152e+00 2.270275016959529601e+00
5.152304735873678432e-01 6.959006967200549454e+00
6.405623727359091468e+00 8.692826021057747710e+00
8.816463710472797644e+00 9.154076032272987717e+00
9.752489326179961893e+00 9.856709630182578508e+00
1.010678121580724032e+01 1.018502937701114242e+01
1.040922592069738428e+01 1.044391488377894106e+01
1.058222688817900092e+01 1.061887239312595277e+01
1.079451975656332685e+01 1.092751864928455596e+01
1.102571204576389263e+01 1.116014609009630121e+01
1.123636542776385205e+01 1.145037981132739624e+01
1.139287979398075734e+01 1.171714977768359134e+01
1.167011892018867592e+01 1.194523214438909520e+01
1.193430312426311346e+01 1.218984602799988082e+01
1.214887712789671781e+01 1.240810550802718382e+01
1.246761917667244823e+01 1.262355713602907947e+01
1.267864549135415153e+01 1.282682798391633128e+01
1.288419998586942050e+01 1.302742346603348267e+01
1.319312278514468240e+01 1.310659472811009252e+01
1.329143475841119759e+01 1.343650364751215776e+01
1.352115083843512089e+01 1.364329827483056512e+01
1.375235718435619070e+01 1.386174142819750443e+01
1.395749919967790298e+01 1.406718332499476887e+01
1.426076916547658691e+01 1.417592341261825339e+01
1.446462523578322745e+01 1.434393405686530620e+01
1.455772030835355935e+01 1.466932164286083484e+01
1.486464881555024853e+01 1.474736130544356350e+01
1.506749225102841194e+01 1.495575755335511658e+01
1.517543251128480364e+01 1.528901244580936414e+01
1.538543223980941299e+01 1.551305290725574260e+01
1.561382063182530189e+01 1.572838562148656116e+01
1.595252871658060556e+01 1.584800541071176028e+01
1.618437755141471257e+01 1.606856832615667230e+01
1.624859414463637464e+01 1.639804146954033115e+01
1.663389195773748952e+01 1.650000969594086797e+01
1.686513018753481319e+01 1.671446842899479890e+01
1.709512477319923462e+01 1.694296719729833356e+01
1.732921218333668278e+01 1.715054762878944672e+01
1.756917599255408291e+01 1.738628147452741146e+01
1.780377574033435195e+01 1.761159379411610715e+01
1.804250653074289801e+01 1.788166098583649344e+01
1.827462444466283387e+01 1.811178663381235765e+01
1.851132900967769856e+01 1.835316215078509927e+01
1.874818381754959162e+01 1.856622538897114794e+01
1.898406619969622966e+01 1.877672534391560788e+01
1.922462173451339851e+01 1.901274057878869073e+01
1.946477277438052056e+01 1.927002391790261271e+01
1.968799858287867011e+01 1.949875225690562530e+01
1.992672073149926959e+01 1.976902269471020901e+01
2.016443706035672534e+01 2.001004210374752290e+01
2.039855331804666605e+01 2.025237062827135759e+01
2.064464755086833136e+01 2.048939865602246613e+01
2.089723285284398102e+01 2.073504410168970580e+01
2.114974938149950390e+01 2.102099785550414524e+01
2.140588655544024377e+01 2.121947709791333736e+01
2.164806470644117908e+01 2.148436627125193610e+01
2.188843554450067330e+01 2.171231420883437480e+01
2.213778693353411242e+01 2.199678461648517924e+01
2.238582174117953016e+01 2.224064740422840103e+01
2.263114680641087872e+01 2.246470442484111985e+01
2.289279072981339525e+01 2.264433810954455595e+01
2.314920163346384996e+01 2.298077262551375455e+01
2.338335206208572359e+01 2.321438374595422260e+01
2.364143289892397704e+01 2.348134975884573805e+01
2.388196756903057860e+01 2.358768204311320815e+01
2.414316585864144926e+01 2.393113053060177720e+01
2.439266217727690034e+01 2.416213166565795589e+01
2.464429787591458876e+01 2.441761117117513180e+01
2.489676436821359928e+01 2.469761546845057154e+01
2.516608727942687196e+01 2.492523379228365243e+01
2.541625958382387651e+01 2.515399575054128789e+01
2.566610869477980117e+01 2.547198196053489738e+01
2.590919311282127069e+01 2.560790746315046817e+01
2.616173383698587784e+01 2.596636013277272070e+01
2.640647409374423660e+01 2.611028512288179115e+01
2.666446786223724885e+01 2.648777243191931774e+01
