0.000000000000000000e+00 0.000000000000000000e+00
0.000000000000000000e+00 0.000000000000000000e+00
0.000000000000000000e+00 0.000000000000000000e+00
2.605752049726121067e-01 3.446798757801217139e-02
2.932361465801217815e+00 2.973098093718266277e+00
2.435567270640091930e+00 2.760241238731042657e+00
2.769864955441627696e+00 2.766504907870588781e+00
2.797013582323847558e+00 2.796983603393652817e+00
2.872706726879092010e+00 2.872092317344639767e+00
2.969736186501516162e+00 3.076547402826009581e+00
3.048065691389161280e+00 3.198267317710455249e+00
3.214383720558590785e+00 3.477856538407887665e+00
3.485322057119826678e+00 3.615485930711720197e+00
3.640192975565495814e+00 3.852681530395217546e+00
3.871635549902201046e+00 4.071350930048870609e+00
3.976914444629672918e+00 4.238165964439869704e+00
4.194531748383895753e+00 4.404126784580290277e+00
4.359361887155972504e+00 4.578620255883780743e+00
4.548015957723373859e+00 4.742538609668444316e+00
4.713338470374896616e+00 4.893599456652058421e+00
4.884067319481943059e+00 5.053001385800402367e+00
5.062094027484014269e+00 5.208709905499061321e+00
5.183248531820614957e+00 5.358817372145617597e+00
5.338058857045251848e+00 5.507820956963060510e+00
5.508168948626818384e+00 5.652979634527643960e+00
5.703102359544028666e+00 5.804677997533116418e+00
5.798989642973493730e+00 5.943552714551460170e+00
5.979410920220121106e+00 6.084506300182755290e+00
6.113352570032010824e+00 6.218019463969944205e+00
6.357154370974391178e+00 6.258829922190072281e+00
6.363795186973073115e+00 6.517098441059846259e+00
6.510085573938578563e+00 6.662479367074198855e+00
6.657052994384931921e+00 6.807513865192635016e+00
6.952328695018911375e+00 6.792844339945338206e+00
7.096427077026871366e+00 6.909146646037562789e+00
7.245291508354838150e+00 7.027765728830309477e+00
7.392893821230128282e+00 7.221722195960576407e+00
7.544043094992810339e+00 7.325089211667825673e+00
7.502076585689959387e+00 7.688619160428454613e+00
7.847849838912591913e+00 7.637505905304364795e+00
7.998793854873833986e+00 7.792696950519165000e+00
8.155843740423614818e+00 7.954920705845940354e+00
8.303747141500817719e+00 8.072466120613587037e+00
8.466440863673240003e+00 8.232822350603878903e+00
8.619626033989131741e+00 8.416472740956786325e+00
8.779635110241606810e+00 8.566119058202465553e+00
8.936662043281547341e+00 8.709707550539048881e+00
9.102775451444783172e+00 8.911438813629191102e+00
9.268521232043317681e+00 9.027820146210046914e+00
9.409031646081901457e+00 9.184122171527777212e+00
9.572052706044001269e+00 9.351110434596515475e+00
9.736188688326089746e+00 9.508229892618350831e+00
9.663703663134404209e+00 9.867174067588315722e+00
1.004292774405362287e+01 9.798234289029142730e+00
1.019762401841536636e+01 9.950176078382312994e+00
1.036321355119134502e+01 1.015411851073413807e+01
1.029861135852604725e+01 1.049330814685931124e+01
1.041976358733094621e+01 1.064539338682003589e+01
1.082096089057633748e+01 1.057778924163881662e+01
1.098104850625544415e+01 1.080034279049412049e+01
1.113426160545911081e+01 1.091463367823153341e+01
1.129530061702242882e+01 1.109452092435058290e+01
1.146936970510608589e+01 1.126450561363082770e+01
1.162395482237204547e+01 1.141337392028128406e+01
1.178143422870775581e+01 1.155813436373602698e+01
1.194894433315787730e+01 1.173926593635998650e+01
1.190381333126544305e+01 1.206158308437906790e+01
1.225476158876414168e+01 1.206671127966354184e+01
1.221566167649102930e+01 1.236861163376785555e+01
1.240635741274262926e+01 1.251412304992633295e+01
1.271106974256842648e+01 1.256803407746092205e+01
1.285963014714529784e+01 1.271601181393336155e+01
1.302721305397857954e+01 1.281588057562725069e+01
1.319122000883386647e+01 1.305404371109321460e+01
1.335408071024825993e+01 1.325194262203024564e+01
1.352236205287956317e+01 1.333577331086395290e+01
1.369007159332989865e+01 1.353581640891893123e+01
1.383664653742425976e+01 1.368337759366140283e+01
1.401415389728657424e+01 1.387866703688876058e+01
1.417205515558111451e+01 1.409703073014863151e+01
1.435207357998265110e+01 1.419659506777693814e+01
1.451334679435085739e+01 1.436524517860079619e+01
1.468488446709864448e+01 1.449503347224869998e+01
1.486214888285074487e+01 1.471310846272047534e+01
1.503559985565614099e+01 1.477904633581192151e+01
1.519062855454127536e+01 1.505861474045394921e+01
1.536475085045972655e+01 1.527289652834883960e+01
1.554240682809661145e+01 1.538103071746991368e+01
1.569944933359829875e+01 1.561488976630372427e+01
1.588546488926561295e+01 1.571918365878330270e+01
1.606173367540286634e+01 1.592052365049521434e+01
1.620976489206764626e+01 1.603234740132569414e+01
1.639453234979993823e+01 1.628525216563215494e+01
1.656073242776415100e+01 1.633328806587967108e+01
1.672462783694828659e+01 1.653148946912697070e+01
1.691074607602806879e+01 1.674442905334340992e+01
1.707166802964349017e+01 1.688234507443937815e+01
1.723820303048396951e+01 1.703144658884982832e+01
1.742768290266496223e+01 1.729677429400166488e+01
1.759808076329627724e+01 1.735917485489714096e+01
1.776969595245541100e+01 1.761473597018984449e+01
