0.000000000000000000e+00 0.000000000000000000e+00
0.000000000000000000e+00 0.000000000000000000e+00
0.000000000000000000e+00 0.000000000000000000e+00
0.000000000000000000e+00 0.000000000000000000e+00
0.000000000000000000e+00 0.000000000000000000e+00
0.000000000000000000e+00 0.000000000000000000e+00
0.000000000000000000e+00 0.000000000000000000e+00
0.000000000000000000e+00 0.000000000000000000e+00
0.000000000000000000e+00 0.000000000000000000e+00
0.000000000000000000e+00 0.000000000000000000e+00
0.000000000000000000e+00 0.000000000000000000e+00
0.000000000000000000e+00 0.000000000000000000e+00
0.000000000000000000e+00 0.000000000000000000e+00
0.000000000000000000e+00 0.000000000000000000e+00
0.000000000000000000e+00 0.000000000000000000e+00
0.000000000000000000e+00 0.000000000000000000e+00
0.000000000000000000e+00 0.000000000000000000e+00
0.000000000000000000e+00 0.000000000000000000e+00
0.000000000000000000e+00 0.000000000000000000e+00
0.000000000000000000e+00 0.000000000000000000e+00
0.000000000000000000e+00 0.000000000000000000e+00
0.000000000000000000e+00 0.000000000000000000e+00
0.000000000000000000e+00 0.000000000000000000e+00
0.000000000000000000e+00 0.000000000000000000e+00
0.000000000000000000e+00 0.000000000000000000e+00
0.000000000000000000e+00 0.000000000000000000e+00
0.000000000000000000e+00 0.000000000000000000e+00
0.000000000000000000e+00 0.000000000000000000e+00
0.000000000000000000e+00 0.000000000000000000e+00
0.000000000000000000e+00 0.000000000000000000e+00
0.000000000000000000e+00 0.000000000000000000e+00
0.000000000000000000e+00 0.000000000000000000e+00
0.000000000000000000e+00 0.000000000000000000e+00
0.000000000000000000e+00 0.000000000000000000e+00
0.000000000000000000e+00 0.000000000000000000e+00
0.000000000000000000e+00 0.000000000000000000e+00
0.000000000000000000e+00 0.000000000000000000e+00
0.000000000000000000e+00 0.000000000000000000e+00
0.000000000000000000e+00 0.000000000000000000e+00
0.000000000000000000e+00 0.000000000000000000e+00
0.000000000000000000e+00 0.000000000000000000e+00
0.000000000000000000e+00 0.000000000000000000e+00
0.000000000000000000e+00 0.000000000000000000e+00
0.000000000000000000e+00 0.000000000000000000e+00
0.000000000000000000e+00 0.000000000000000000e+00
0.000000000000000000e+00 0.000000000000000000e+00
0.000000000000000000e+00 0.000000000000000000e+00
0.000000000000000000e+00 0.000000000000000000e+00
0.000000000000000000e+00 0.000000000000000000e+00
0.000000000000000000e+00 0.000000000000000000e+00
0.000000000000000000e+00 0.000000000000000000e+00
5.348832748933139980e-01 0.000000000000000000e+00
3.640636851642028993e-01 3.081942834779589191e+00
3.367806628142227421e+00 5.197228266346119341e+00
2.686261005277555736e+00 5.185022920334759533e+00
9.252669246369798373e+00 1.251822219085332755e+01
1.265393145324724422e+01 1.397001675195000914e+01
1.511695709294229317e+01 1.628601968770283293e+01
1.722853339596891331e+01 1.793504895498661966e+01
1.852229153767716596e+01 1.905090450454247630e+01
1.939586631716526810e+01 1.981270656908056083e+01
2.003347803184470877e+01 2.037001436794446008e+01
2.057742352389208307e+01 2.084924850997008150e+01
2.105120893869946386e+01 2.124655559686372186e+01
2.142556046596844155e+01 2.160643314856796238e+01
2.174298342608042489e+01 2.192525684959233701e+01
2.222812112759115166e+01 2.206343934394610073e+01
2.239403698617009297e+01 2.252071471781616907e+01
2.283109959337253514e+01 2.268680645141884256e+01
2.313654044415822852e+01 2.299043145502412600e+01
2.344710097119309111e+01 2.333269596550634262e+01
2.364771845934110317e+01 2.372073079598600742e+01
2.403614491774469641e+01 2.395255413912077458e+01
2.434971154691452355e+01 2.425687973395724484e+01
2.466702195138783793e+01 2.457045329514022569e+01
2.499847393342609081e+01 2.486307529805901240e+01
2.531608626607631862e+01 2.522305540780229549e+01
2.564418164180677806e+01 2.549388678856575297e+01
2.597131159997192640e+01 2.583857935381242044e+01
2.629929892025584337e+01 2.618839939324793065e+01
2.663492189493357287e+01 2.650767488185769594e+01
2.696446505254401416e+01 2.679617759226366402e+01
2.728861524455323817e+01 2.712061041032286823e+01
2.762014895125788883e+01 2.744360442189853799e+01
2.794096879715617732e+01 2.777907839719580707e+01
2.827727823639443372e+01 2.806465614191375479e+01
2.861069895482316738e+01 2.842475627310670561e+01
2.894902508943505026e+01 2.877519367583924748e+01
2.926504446117815306e+01 2.910221318795907663e+01
2.958493227083039301e+01 2.941762770330581134e+01
2.991152858852249352e+01 2.974850037595478014e+01
3.024004263113850044e+01 3.004239832713149738e+01
3.056258608773622498e+01 3.040202852115348264e+01
3.087954522460150741e+01 3.070079715158967559e+01
3.120576124752922809e+01 3.103563163973223737e+01
3.153725675857232957e+01 3.138250283178753364e+01
3.187224995497677327e+01 3.172347022732231991e+01
3.221027152895123180e+01 3.205355854428051288e+01
3.253672912025224662e+01 3.234278499512289073e+01
3.287135486097055548e+01 3.261635114491861032e+01
3.319630321623004221e+01 3.298839223756440475e+01
