0.000000000000000000e+00 0.000000000000000000e+00
1.138608792204180986e+00 1.415815126749792707e+00
1.381609694225357066e+00 1.377137376950655190e+00
1.397888576327678933e+00 1.397288393961888309e+00
1.462509700028775006e+00 1.527197723653916928e+00
1.590946923779237299e+00 1.673890834573872333e+00
1.724001777131406676e+00 1.823524785171064311e+00
1.851111798116074736e+00 2.031074412512401839e+00
1.996706129400449781e+00 2.194257547755811721e+00
2.136354160919677891e+00 2.348085290247712287e+00
2.298343379475197512e+00 2.502185951228509175e+00
2.453760694122111286e+00 2.649608646191607075e+00
2.607886494954990919e+00 2.770586395381512190e+00
2.746188965671291449e+00 2.905735239052923191e+00
2.885398563269337302e+00 3.036763568171304772e+00
3.064052059368520986e+00 3.155246641632886817e+00
3.192842628737256661e+00 3.282377497117194398e+00
3.332293491745959901e+00 3.399190711285710709e+00
3.445918360354631282e+00 3.526122324877350334e+00
3.633289856024173314e+00 3.586134210214702911e+00
3.670684280939241262e+00 3.772266110028448249e+00
3.791918738135418465e+00 3.897136507965910379e+00
4.013528422129164497e+00 3.922884975672281893e+00
4.142014299072723560e+00 4.035847874370279698e+00
4.262968139244138754e+00 4.157512150096322578e+00
4.383341610163064672e+00 4.268648297225136723e+00
4.502100175469370136e+00 4.399696229237243905e+00
4.640075477762597878e+00 4.544419457530790574e+00
4.768116483201708888e+00 4.658246733943202322e+00
4.906638313987002675e+00 4.814466650889115407e+00
5.027571304030143295e+00 4.939647980777409408e+00
5.155548918953011928e+00 5.020325765455217137e+00
5.202228478181411653e+00 5.292179277428996187e+00
5.428623071499041330e+00 5.331518826223403451e+00
5.565483208877345156e+00 5.476927035230497509e+00
5.704622232868089782e+00 5.614956910101733811e+00
5.832920198281000168e+00 5.755177974693457266e+00
5.979829349284986328e+00 5.891680891558285893e+00
6.105032226419397468e+00 5.994581413762841038e+00
6.240561316955974824e+00 6.144095520881803552e+00
6.376042076051374963e+00 6.282098615933824348e+00
6.509737729543358498e+00 6.406826202953671334e+00
6.650840310636923824e+00 6.559517775640776094e+00
6.779201899729173419e+00 6.717546597794168406e+00
6.923842792058537476e+00 6.828361601431486960e+00
7.054943655634861699e+00 6.986699974561232374e+00
7.205441905706704731e+00 7.074008153852131109e+00
7.333373061293080752e+00 7.248439502471478058e+00
7.467164860189763331e+00 7.381378290865648673e+00
7.607625993416364807e+00 7.502054534054418689e+00
7.744928458592584164e+00 7.678695194058478890e+00
7.877968016089702097e+00 7.728889613212749587e+00
7.897111228346657796e+00 7.977689328787765710e+00
8.152371610616308217e+00 8.078599964709662018e+00
8.279691040819589176e+00 8.213150905277599279e+00
8.412652805211015661e+00 8.358575479944235553e+00
8.560451803061704723e+00 8.434196538723426784e+00
8.688643335753543084e+00 8.576686711238656002e+00
8.837029091821998250e+00 8.726836462841081499e+00
8.969542675030032441e+00 8.850212985830841816e+00
9.112720482271516431e+00 9.013110282198132595e+00
9.251588425782701464e+00 9.176519807789540906e+00
9.406438321267325264e+00 9.262215968637821817e+00
9.534059172364273138e+00 9.442977489871582364e+00
9.679771425663926010e+00 9.582963348043312735e+00
9.831302501234343794e+00 9.681343624300479789e+00
9.978560474654113222e+00 9.848813293513163813e+00
1.011145252726411670e+01 9.955607650351891991e+00
1.025167474939604517e+01 1.009934598300884900e+01
1.039684505583896446e+01 1.022892734292424421e+01
1.053934909782650919e+01 1.039436594536259051e+01
1.053158242221041263e+01 1.062880635705041144e+01
1.081279281313086571e+01 1.065772462965850309e+01
1.094588468105350110e+01 1.080791507249179162e+01
1.107997921424735388e+01 1.086306844436819929e+01
1.123480791560675129e+01 1.101820859397105146e+01
1.137308298869823275e+01 1.120315729466918064e+01
1.151613864387213404e+01 1.129564950549594826e+01
1.165864108343383165e+01 1.145302102148981227e+01
1.180092608006131094e+01 1.165767108766462101e+01
1.193230845431564724e+01 1.177390922111180060e+01
1.208369607508014809e+01 1.193537912237616716e+01
1.221907037681597252e+01 1.207157634800915780e+01
1.236664977480523575e+01 1.223385834127524774e+01
1.250766683830673287e+01 1.233716421443144817e+01
1.265680287293008810e+01 1.242761823280299538e+01
1.263617842894499610e+01 1.271959007975813805e+01
1.294521194080249593e+01 1.275696422416170073e+01
1.306561241726652156e+01 1.285757846638575153e+01
1.321852584703201217e+01 1.306205316580721032e+01
1.334211129386029171e+01 1.322601434860835390e+01
1.349189230161433350e+01 1.334022620306163631e+01
1.363807741913424110e+01 1.340083899283217939e+01
1.379446536315278493e+01 1.361927453242297403e+01
1.392755047694458881e+01 1.371629499704435950e+01
1.408318848635155973e+01 1.389312972987150019e+01
1.421840697520432606e+01 1.403415992688559655e+01
1.436011946959255781e+01 1.417162349356900286e+01
1.449154938756311495e+01 1.429621908113743345e+01
1.461583211295661044e+01 1.445391664199918402e+01
1.479010632618150822e+01 1.461390980208636137e+01
