9.062302317579521427e-01 8.762286241393099084e-01
7.503821255293873227e-01 7.375536954736759965e-01
8.212491928595353485e-01 8.310490514261579253e-01
9.040549621845195283e-01 9.191770019163887362e-01
9.917349391387743074e-01 1.025932888242336416e+00
1.074748403285454845e+00 1.207082855888833128e+00
1.209303264929799449e+00 1.405199884280172951e+00
1.367351035334327447e+00 1.541531442727783086e+00
1.506617852106580058e+00 1.670883126030848320e+00
1.657358565776527293e+00 1.783676791741530154e+00
1.801512474559787469e+00 1.891785946025414944e+00
1.941680323528930607e+00 2.003494612669651787e+00
2.075422613829025487e+00 2.110906942656553209e+00
2.216460735269512927e+00 2.179106233124500580e+00
2.331491786041969494e+00 2.276673271869238846e+00
2.367114867820963031e+00 2.457270372368258293e+00
2.507118164881725786e+00 2.576915973461965326e+00
2.628366310925282612e+00 2.696462750921580831e+00
2.808593809615024472e+00 2.744086302859067406e+00
2.833445278441554915e+00 2.935135507306365632e+00
3.049855725820664443e+00 2.972885485808964834e+00
3.157349579001504924e+00 3.070327923827711025e+00
3.276878587410120947e+00 3.181674840973228946e+00
3.396827867219596175e+00 3.312303672469072424e+00
3.510382839572542935e+00 3.425092143399161682e+00
3.634094613095331106e+00 3.556061546970543663e+00
3.757769821282940459e+00 3.664067086083525826e+00
3.876970892124688817e+00 3.789513707829401223e+00
3.989738760425035835e+00 3.915759923468105086e+00
4.122518531209160564e+00 4.028838291236731983e+00
4.248340285692053797e+00 4.177743383000855459e+00
4.275640070071258236e+00 4.353603587172292677e+00
4.484768479839730482e+00 4.394880675526056990e+00
4.607952853143172156e+00 4.535482429084606082e+00
4.730263234642591463e+00 4.643832646971897127e+00
4.854817095177216046e+00 4.748253199533745139e+00
4.992774787010449522e+00 4.904353265722940947e+00
5.108297778324177862e+00 5.013003866508886297e+00
5.228227771831093662e+00 5.153881474825063869e+00
5.346971874628918542e+00 5.232926723998669871e+00
5.471908667595252851e+00 5.372384799887981011e+00
5.595662039120358422e+00 5.473754008394189796e+00
5.723208847780935749e+00 5.632643961140985311e+00
5.738208020976692580e+00 5.815010089807154614e+00
5.959868589886813339e+00 5.898229452865144218e+00
6.078191532788606466e+00 5.982801130068164497e+00
6.212132246123355905e+00 6.118775054598084573e+00
6.322225700493080858e+00 6.205430518134799733e+00
6.451168514559585176e+00 6.307701504167386730e+00
6.430416173011987979e+00 6.547996898490080042e+00
6.696968217479723151e+00 6.593454040473205602e+00
6.822957673314817839e+00 6.714467250253813191e+00
6.940081940379967840e+00 6.840954254995892825e+00
7.066190648083310322e+00 6.924205395170672794e+00
7.196054535964385934e+00 7.069060215577077422e+00
7.317378867230089234e+00 7.199784869105740448e+00
7.445710125750966135e+00 7.322345385029307430e+00
7.568056770659697285e+00 7.423218326759827512e+00
7.704867252139507627e+00 7.593066429011688712e+00
7.837035401544966362e+00 7.678956076722565527e+00
7.949838564417391673e+00 7.828938834863335750e+00
8.074573763733107867e+00 7.964921210357176484e+00
8.202790768283900746e+00 8.074189860628736781e+00
8.338775285463746911e+00 8.188738155101701111e+00
8.449182150456191920e+00 8.345348870621680959e+00
8.588066936196813828e+00 8.438183308967269980e+00
8.708277371164500735e+00 8.607063207335119870e+00
8.840911908001471531e+00 8.695522313465756881e+00
8.967858555468927406e+00 8.835199641927101055e+00
9.095557641162846707e+00 8.937127287554654131e+00
9.210947658827333129e+00 9.020378401167421956e+00
9.349321665735484288e+00 9.198872501395481294e+00
9.467825293333577363e+00 9.371726109943768535e+00
9.595504874947936358e+00 9.452656852063752169e+00
9.710903972796954164e+00 9.555692603485567815e+00
9.867137835937521473e+00 9.668742934656746613e+00
9.974514102427077589e+00 9.772896986623637261e+00
1.010909258125278853e+01 9.953084094381534186e+00
1.022953443223523884e+01 1.008688926194659174e+01
1.036119092448488388e+01 1.019919960347083077e+01
1.049420567525044667e+01 1.033719033578216795e+01
1.061249008476939970e+01 1.049088240344842582e+01
1.074269450598176867e+01 1.056504375248580985e+01
1.086773958519652439e+01 1.064626154476643904e+01
1.100567499456428600e+01 1.081515349676606341e+01
1.114030728529733771e+01 1.095408381918259089e+01
1.126736984318145751e+01 1.107342853383911851e+01
1.138874699807435498e+01 1.114306718322525391e+01
1.150396769652326334e+01 1.129629056564895961e+01
1.164330168617475536e+01 1.138866551056473675e+01
1.177718894520013748e+01 1.152372410151665250e+01
1.190147508640882279e+01 1.171589025275994622e+01
1.202725984711103635e+01 1.181745528528202982e+01
1.214161051739580799e+01 1.201889568738564940e+01
1.227937559672465540e+01 1.206912229211445897e+01
1.239453484676239370e+01 1.212138778071414791e+01
1.254315300020259016e+01 1.233722546231672546e+01
1.267126435307121923e+01 1.248110208747702998e+01
1.279793292229578405e+01 1.251623477670467821e+01
1.289672289212821710e+01 1.273660546263782933e+01
1.304346642138711410e+01 1.285760018761668277e+01
