0.000000000000000000e+00 0.000000000000000000e+00
0.000000000000000000e+00 0.000000000000000000e+00
0.000000000000000000e+00 0.000000000000000000e+00
0.000000000000000000e+00 0.000000000000000000e+00
0.000000000000000000e+00 0.000000000000000000e+00
0.000000000000000000e+00 0.000000000000000000e+00
0.000000000000000000e+00 0.000000000000000000e+00
0.000000000000000000e+00 0.000000000000000000e+00
0.000000000000000000e+00 0.000000000000000000e+00
0.000000000000000000e+00 0.000000000000000000e+00
0.000000000000000000e+00 0.000000000000000000e+00
0.000000000000000000e+00 0.000000000000000000e+00
0.000000000000000000e+00 0.000000000000000000e+00
0.000000000000000000e+00 0.000000000000000000e+00
0.000000000000000000e+00 0.000000000000000000e+00
0.000000000000000000e+00 0.000000000000000000e+00
0.000000000000000000e+00 0.000000000000000000e+00
0.000000000000000000e+00 0.000000000000000000e+00
0.000000000000000000e+00 0.000000000000000000e+00
0.000000000000000000e+00 0.000000000000000000e+00
1.856036176123554149e-01 4.200588259789498485e-02
0.000000000000000000e+00 4.667320288654999011e-02
1.165275290969474964e-01 3.005189378517273968e-01
4.231614712313065407e-01 2.625822352900810674e-01
8.432983760284884500e-01 0.000000000000000000e+00
9.949445049574440203e-01 4.116004731702620489e-01
1.558490855814569809e+00 3.901942067796622560e+00
5.593670370861346441e+00 7.182036249610576739e+00
8.076740395293208863e+00 9.078597660742655506e+00
8.351645320528872318e+00 9.661568231317099631e+00
9.937014733716223347e+00 1.018052386427929967e+01
1.017536721672719580e+01 1.045615722944402926e+01
1.062820957690044565e+01 1.065697331892691402e+01
1.086226630890567435e+01 1.094385604602974738e+01
1.106116536676214679e+01 1.124267859647159362e+01
1.133564476572878021e+01 1.153705468597129702e+01
1.156136448359709235e+01 1.181201735238764883e+01
1.189952981482641547e+01 1.205894238486578551e+01
1.208055222870039636e+01 1.227464509689186123e+01
1.232945613904433557e+01 1.249186415039092246e+01
1.256589612154013480e+01 1.272956663604223237e+01
1.281114374341140305e+01 1.293059799241091845e+01
1.301857332032528980e+01 1.313641882322023235e+01
1.325173858279650929e+01 1.334619913843157057e+01
1.348978377589752853e+01 1.356136894743547927e+01
1.369226345178208426e+01 1.377134536971325218e+01
1.391561909778383033e+01 1.397930601953603791e+01
1.414750663608974435e+01 1.417970479982741239e+01
1.436974042877993085e+01 1.432124203776331051e+01
1.455484217390254287e+01 1.458194025866153076e+01
1.476036390023010370e+01 1.479381004028908642e+01
1.493384374861956232e+01 1.499897255344466984e+01
1.517940792078694301e+01 1.521098018103684524e+01
1.540179194626535519e+01 1.542909117376577122e+01
1.563807788243675923e+01 1.551336487223264626e+01
1.578466542324857613e+01 1.584348292649896450e+01
1.607959441296865677e+01 1.594525641599940968e+01
1.629851098926288344e+01 1.622256577030793778e+01
1.652770325044131994e+01 1.642669408108176654e+01
1.675185820291535777e+01 1.664714151236066897e+01
1.684342125206769225e+01 1.695828819346251493e+01
1.718851033212806456e+01 1.705457531065462717e+01
1.741392354575772217e+01 1.729322947826867463e+01
1.764486380620116179e+01 1.749488621544971423e+01
1.785089085590807301e+01 1.774961714823360381e+01
1.798393199160658540e+01 1.805092985675026185e+01
1.830044403577062795e+01 1.818346678515725756e+01
1.846064676706965102e+01 1.849494934584885897e+01
1.876379956455105003e+01 1.865273307688406845e+01
1.889745356030848811e+01 1.896207740659630758e+01
1.921207470599893341e+01 1.911907955676043969e+01
1.946206579647332902e+01 1.935323343379134187e+01
1.970744521027444307e+01 1.962796684969363881e+01
1.995714173362601684e+01 1.984727470444827091e+01
2.019774543981147374e+01 2.006369194276907919e+01
2.043992032584308660e+01 2.030967811672304535e+01
2.070083869440818702e+01 2.055607309679696115e+01
2.094506755752498250e+01 2.076861204397014049e+01
2.119901964816433804e+01 2.098979553039554347e+01
2.144538689995901848e+01 2.127083222780366256e+01
2.168895869274073007e+01 2.149974369226028870e+01
2.194419250687854372e+01 2.171315328854620930e+01
2.219283120593685155e+01 2.200007109504645797e+01
2.245733806236079388e+01 2.220612953769594711e+01
2.270149156936068735e+01 2.248775102848521357e+01
2.295222576813023707e+01 2.267029293119455957e+01
2.319682915316789718e+01 2.295387976381513795e+01
2.345122230612247094e+01 2.322066482809294641e+01
2.370090260785280023e+01 2.340870221646793681e+01
2.393887767992150728e+01 2.374182137529052028e+01
2.418444466830653283e+01 2.387855956347295106e+01
2.442995759213199847e+01 2.420384785461228105e+01
2.468107092813525227e+01 2.438269290528387501e+01
2.493445025602880705e+01 2.467069484703361937e+01
2.518678773523893355e+01 2.493344642357847718e+01
2.545202721036810090e+01 2.515060385532100895e+01
2.571498827177263635e+01 2.544185785251718457e+01
2.595488322393260816e+01 2.566434759435894364e+01
2.619727094366540499e+01 2.595706493735879405e+01
2.646986687749555855e+01 2.617327956052959692e+01
2.672770259629714573e+01 2.641866083318915770e+01
