0.000000000000000000e+00 0.000000000000000000e+00
0.000000000000000000e+00 0.000000000000000000e+00
1.182274227208260364e-01 1.134652094336527473e+00
1.468326064924627472e+00 1.726917405777731229e+00
1.902253702917661604e+00 1.920079751832634019e+00
1.978384521650162320e+00 2.018477407772425014e+00
2.108739745917237673e+00 2.105311710060794539e+00
2.196870507316744270e+00 2.301281351174265577e+00
2.359548579733067974e+00 2.505650103974180976e+00
2.474909903871497896e+00 2.678238540984426486e+00
2.691372318264175778e+00 2.863583777951531850e+00
2.847358913458855945e+00 3.030910093232328073e+00
3.018277414106176337e+00 3.212540367177466383e+00
3.159735997066650537e+00 3.373563102080313847e+00
3.359867789620086587e+00 3.524055304166385127e+00
3.518797268100297249e+00 3.683037563218932497e+00
3.691725000203359919e+00 3.829555222799320813e+00
3.857513245872087104e+00 3.977688895963168214e+00
3.966926844829262944e+00 4.113590044616075581e+00
4.152630693153876784e+00 4.254988556973479774e+00
4.305821356536345235e+00 4.395576549482401951e+00
4.463980888486164034e+00 4.523497843942489105e+00
4.587360024353812626e+00 4.666742560057596911e+00
4.752907288882728842e+00 4.810257130484676402e+00
4.894198771029389938e+00 4.945802785364436183e+00
5.022619109824345784e+00 5.076302551613534497e+00
5.148145591559396550e+00 5.212365484815312477e+00
5.341568971757213902e+00 5.300008363403093448e+00
5.477423344272958516e+00 5.364701969511636470e+00
5.461557855507272130e+00 5.604124190149449625e+00
5.742415329701167970e+00 5.579257673184167210e+00
5.890849902153736828e+00 5.717424965238357970e+00
6.026057042998815838e+00 5.860463549502951786e+00
6.161531223842311888e+00 5.994392623794619013e+00
6.299414342937511790e+00 6.123223799874002893e+00
6.440804727214135106e+00 6.298605962590822394e+00
6.588071831171160575e+00 6.415546413229548328e+00
6.730060412521529756e+00 6.516427828156882818e+00
6.871742094327239592e+00 6.669968819454706654e+00
7.014631674527927352e+00 6.847451277238636891e+00
6.946032040054674006e+00 7.152595948982363616e+00
7.128267585470378975e+00 7.297828869614502167e+00
7.440687847013889744e+00 7.263917150497037234e+00
7.588839022661248102e+00 7.387139019643641724e+00
7.737687226846773569e+00 7.490167862477817629e+00
7.874538459857391537e+00 7.649277685145807304e+00
7.779904500122102107e+00 7.994290892855486774e+00
8.159352487822253863e+00 7.988708777504769820e+00
8.134119918311601083e+00 8.285231630531638913e+00
8.443940594444130809e+00 8.254947994619774576e+00
8.581862559719393602e+00 8.418867381028011465e+00
8.732279312631522572e+00 8.522548755918966989e+00
8.879666124074566014e+00 8.673014293812018494e+00
9.016272487770391919e+00 8.857211710067044663e+00
9.167653886902224158e+00 9.003772038221468321e+00
9.311683042527519660e+00 9.140404056738629990e+00
9.452812820428306395e+00 9.280301942057223030e+00
9.615293291717428303e+00 9.459137286473564998e+00
9.757890089959612823e+00 9.611544294201536331e+00
9.914624593273202890e+00 9.732331185599267798e+00
1.006745788067597047e+01 9.905653639159762491e+00
1.021884109360153836e+01 1.006618296461684992e+01
1.038079781197855667e+01 1.021781757909940858e+01
1.051357025506754717e+01 1.034832968585846658e+01
1.067236094777106636e+01 1.049518129634618191e+01
1.082496109528836747e+01 1.062662554470118437e+01
1.082245915825771654e+01 1.092973831302173338e+01
1.112873889674493100e+01 1.097722877713981049e+01
1.126717818970814733e+01 1.110833627859865302e+01
1.142111533388077227e+01 1.123013082702811793e+01
1.156918201248191380e+01 1.138798717492435308e+01
1.172087596603473614e+01 1.161700992130203325e+01
1.187540956298913031e+01 1.169496979041456974e+01
1.202933782580909750e+01 1.188910658764474348e+01
1.218143895564384138e+01 1.200476423394912651e+01
1.233795219163553369e+01 1.210973998800194451e+01
1.248411137108086955e+01 1.226984222075022579e+01
1.263697947620622486e+01 1.249792448619058582e+01
1.279348525417920257e+01 1.265822568247117452e+01
1.293878431754202118e+01 1.282629942153186597e+01
1.310200816756219844e+01 1.297375591298215269e+01
1.324396435743158129e+01 1.299661013107790097e+01
1.340630609389279293e+01 1.324763098071308853e+01
1.356667006789714591e+01 1.342009374652640830e+01
1.371868354877214813e+01 1.356240967640045092e+01
1.387950101702344874e+01 1.369668060094701723e+01
1.401330196787070292e+01 1.382531789737518402e+01
1.417863792490147468e+01 1.400479706338170161e+01
1.433036856995787289e+01 1.416330044259841259e+01
1.450837636451012003e+01 1.427578325359677969e+01
1.465061526287847649e+01 1.447803404739921085e+01
1.481565499324083390e+01 1.458075482645497267e+01
1.495838898508784709e+01 1.476151831388693658e+01
1.511400632234835584e+01 1.489956325371555401e+01
1.527191696709908442e+01 1.510667693156373126e+01
1.542845397017912212e+01 1.514405864847551797e+01
1.557598985774269096e+01 1.540175291214066355e+01
1.572082819380834096e+01 1.546048093008317714e+01
1.589601860451226756e+01 1.568681395541000612e+01
1.601134162629064761e+01 1.574524328146522478e+01
1.619997550229682304e+01 1.604572105770620638e+01
