0.000000000000000000e+00 0.000000000000000000e+00
0.000000000000000000e+00 0.000000000000000000e+00
4.525234545038159945e-02 -9.330407757694598667e-03
2.245773943651274251e+00 2.396167291967839397e+00
2.368850235275280269e+00 2.104203446510354958e+00
2.402701265659866969e+00 2.419114108140034691e+00
2.489690665942522863e+00 2.519405917314322618e+00
2.526667346008601989e+00 2.580382937275273125e+00
2.650063666029193854e+00 2.747464027423783151e+00
2.849997613604230207e+00 2.954058394354670103e+00
2.963179365851756231e+00 3.143100235505637663e+00
3.127260844339255108e+00 3.297125671985585260e+00
3.258244720513478576e+00 3.443107108796583660e+00
3.482028744239351159e+00 3.620838536027923382e+00
3.662198722112798954e+00 3.801162748902533473e+00
3.820487268762158273e+00 3.951266098382469227e+00
3.978545730993742424e+00 4.100215248994244277e+00
4.121606313973940061e+00 4.249472391437760344e+00
4.264216638843588036e+00 4.387113406805030813e+00
4.405499304512876968e+00 4.529362103300842435e+00
4.558753422479232320e+00 4.668462008956671738e+00
4.710677275146901266e+00 4.800702163395951239e+00
4.851389833105277383e+00 4.936888872464468392e+00
5.016529474581701287e+00 5.079587325165139333e+00
5.204480323801661257e+00 5.118627335189129823e+00
5.332544084836984055e+00 5.227429604772374283e+00
5.366798809189032404e+00 5.489801073176163726e+00
5.613725351182624834e+00 5.490532717380242289e+00
5.635027872780885794e+00 5.780587914301489327e+00
5.796784014568432397e+00 5.919692831165642488e+00
5.928065593347569440e+00 6.068989910017585032e+00
6.073014055760421748e+00 6.200365396611038804e+00
6.245146270603346927e+00 6.349790395168303014e+00
6.491909224662433253e+00 6.358752459137076762e+00
6.503861741310331901e+00 6.634933063228437788e+00
6.774745739661434563e+00 6.659346883960185259e+00
6.930756319723109016e+00 6.816391649030720146e+00
7.073523519866628639e+00 6.940112247000238987e+00
7.218139811377978887e+00 7.120810550737196820e+00
7.373084382128621606e+00 7.226177597205713177e+00
7.513968480078376366e+00 7.392266931202803093e+00
7.669036095135294495e+00 7.525831899131417480e+00
7.818666680014175085e+00 7.697921540538938956e+00
7.966437119975410930e+00 7.845211498876619949e+00
8.119719950969205513e+00 7.994756964772462560e+00
8.264138747709303345e+00 8.119734070175786300e+00
8.416795232515010383e+00 8.301533172927173965e+00
8.571412275834994432e+00 8.469504541554448096e+00
8.606933615012973604e+00 8.706203879641968513e+00
8.864431760051836307e+00 8.768784212946295398e+00
9.021069396711260069e+00 8.893336753018616037e+00
9.180229671377363232e+00 9.031737449259615857e+00
9.335370760906195997e+00 9.222488135208131155e+00
9.374344079723950784e+00 9.457172363588663089e+00
9.625105108665774623e+00 9.510135156277106816e+00
9.789966519361216868e+00 9.697616038023445739e+00
9.940441444055785780e+00 9.814627984516148373e+00
1.009344221466214897e+01 9.986150834990699110e+00
1.025449527402366101e+01 1.010855183733652929e+01
1.026489400250745732e+01 1.038429916325784852e+01
1.055554882336486244e+01 1.039846738805833049e+01
1.072304997337115395e+01 1.058195524518552411e+01
1.087183840333160845e+01 1.068499426003545238e+01
1.103292979537114071e+01 1.088394701919799168e+01
1.120446833362627004e+01 1.101626221124144500e+01
1.136279682645903044e+01 1.120767069697090079e+01
1.151258689401905499e+01 1.138476496913390257e+01
1.166417229682430801e+01 1.151092587237995701e+01
1.182071898482660366e+01 1.170213688645095473e+01
1.197966272018035738e+01 1.185298921019509955e+01
1.214187071418249708e+01 1.198171185382697423e+01
1.230595467400913812e+01 1.214188698835062930e+01
1.246679310347790093e+01 1.235765713619345796e+01
1.261157773454035613e+01 1.249651514047662104e+01
1.277935960386423453e+01 1.264407597269018169e+01
1.294315550000594683e+01 1.281936640344338052e+01
1.310312772763714229e+01 1.296020398384375660e+01
1.325128723455936530e+01 1.306588522955612675e+01
1.341482243405892127e+01 1.327193036623839362e+01
1.359183762903228043e+01 1.343468229155756788e+01
1.374100272849823412e+01 1.361866164176900540e+01
1.391890397369240517e+01 1.373376703172652746e+01
1.407197756238132413e+01 1.386611244279836264e+01
1.421924666829590400e+01 1.404031622815141844e+01
1.440148895169319410e+01 1.419399423291239515e+01
1.453868246714598023e+01 1.436219529272723072e+01
1.471022113275861010e+01 1.452656099396218536e+01
1.486437966045521719e+01 1.469073614594234556e+01
1.502895692850944798e+01 1.480248175589752258e+01
1.517047577149924642e+01 1.495452358379288604e+01
1.535519092556701537e+01 1.514950390955177895e+01
1.549006594710968621e+01 1.532199736361858555e+01
1.565678991851616431e+01 1.545131058890707365e+01
1.584056581726599156e+01 1.565385432479807726e+01
1.598233826441796168e+01 1.577613545046016874e+01
1.614957281415063761e+01 1.593990940439010551e+01
1.630162158504962022e+01 1.611463670381511903e+01
1.648033985236644483e+01 1.625746014937297446e+01
1.662759742530028717e+01 1.635664116584707983e+01
1.678746574714878648e+01 1.652919317623280193e+01
1.695983709359092018e+01 1.681207816566075053e+01
