0.000000000000000000e+00 0.000000000000000000e+00
0.000000000000000000e+00 0.000000000000000000e+00
0.000000000000000000e+00 0.000000000000000000e+00
0.000000000000000000e+00 0.000000000000000000e+00
0.000000000000000000e+00 0.000000000000000000e+00
0.000000000000000000e+00 1.855650323877773733e+00
9.525807561255434930e-01 2.316499548717800394e+00
2.576151174156125379e+00 3.040066569548819153e+00
3.267926091605785288e+00 3.328617762017541004e+00
3.355194265650569996e+00 3.399744324062174528e+00
3.516167475665132880e+00 3.532813337374466567e+00
3.655901376834782113e+00 3.688610093668444279e+00
3.757577935597216534e+00 3.917926315127238102e+00
3.897539258178983168e+00 4.143903208346168654e+00
4.058778670602943173e+00 4.386171592512631001e+00
4.327706488482209402e+00 4.580377162826763993e+00
4.498715084111013063e+00 4.772978632891460293e+00
4.703420023451858611e+00 4.961721263270285398e+00
4.934979453816865202e+00 5.116477194677026219e+00
5.120008728192439129e+00 5.289445089341461070e+00
5.280141973836438574e+00 5.449198339604063079e+00
5.454172117700416322e+00 5.603468069222103054e+00
5.650774055737556978e+00 5.762644995286926530e+00
5.812666519930344222e+00 5.915370232149240515e+00
5.972483399459343367e+00 6.066783369003858617e+00
6.133861516196726704e+00 6.221400217751128281e+00
6.304095636208365327e+00 6.372840976265371715e+00
6.447593898069171381e+00 6.518943571336619058e+00
6.598327276860850077e+00 6.660650771599078368e+00
6.795099187375768679e+00 6.750308664833686301e+00
6.854668345175357835e+00 6.952498385348217624e+00
7.094484883090286687e+00 6.991591526277688651e+00
7.243423337283824814e+00 7.080694001365165136e+00
7.391178864817236516e+00 7.268190094116074640e+00
7.534985525145022400e+00 7.369919012971418937e+00
7.682478462221800974e+00 7.536376040924880115e+00
7.840488688554729357e+00 7.710794589074024152e+00
7.999125179888711301e+00 7.796440853314234865e+00
8.148034685044072134e+00 8.011236930056487182e+00
8.170638064296053216e+00 8.313508144357266261e+00
8.308480098237369660e+00 8.462297925281699662e+00
8.626256332691411899e+00 8.481593136822013435e+00
8.782203219482230594e+00 8.629272714254074828e+00
8.938412141913371300e+00 8.770372414423842855e+00
9.107239439984507356e+00 8.888570757571493175e+00
9.268605591992409742e+00 9.086055563488834252e+00
9.430495345150072595e+00 9.215708398009518021e+00
9.400467723539126297e+00 9.584991486017903739e+00
9.752355235293562075e+00 9.627935547957042317e+00
9.915188622316261302e+00 9.767471362054598316e+00
9.890270746453696304e+00 1.007487001227583079e+01
1.024676540508960798e+01 1.013063573641229986e+01
1.041521526879001591e+01 1.026192950537797444e+01
1.044581577714840570e+01 1.055215386092909213e+01
1.073079504514524807e+01 1.058649526376209415e+01
1.089876311916340157e+01 1.072118112709487292e+01
1.091254354454308029e+01 1.104417243708711815e+01
1.123534680597909841e+01 1.106826525370908954e+01
1.139817966807685856e+01 1.130995872636073152e+01
1.156382191971054674e+01 1.141559090736294912e+01
1.172784014389762497e+01 1.158765942575516128e+01
1.189689588294785061e+01 1.172820458004888700e+01
1.207425942190374357e+01 1.189075740187626629e+01
1.223920240987009223e+01 1.206458771406983210e+01
1.241032861523402531e+01 1.227715795826513201e+01
1.258537425711359070e+01 1.240422347229112177e+01
1.275575907221476335e+01 1.263558119372658162e+01
1.292488176321838544e+01 1.278928169658112424e+01
1.308693853695308107e+01 1.295134167582667395e+01
1.327159193599435838e+01 1.312712174265461051e+01
1.346192802790816323e+01 1.330164175231133505e+01
1.363176594286924370e+01 1.346230778878566525e+01
1.380661579597307842e+01 1.363257600181192863e+01
1.399165747720048358e+01 1.382847012899620687e+01
1.417285109748322824e+01 1.399464097484035108e+01
1.434355795340716178e+01 1.415466605001905265e+01
1.453346847104789674e+01 1.431855850373900552e+01
1.471165743148524996e+01 1.450654903698975318e+01
1.487539528859163163e+01 1.468902585820166351e+01
1.506188040860878630e+01 1.485424383683320926e+01
1.524267894853197625e+01 1.499115938504262857e+01
1.542024793224706158e+01 1.520846192933152530e+01
1.560193782540860852e+01 1.538169108854446776e+01
1.576279280857832177e+01 1.552977852362442057e+01
1.594801417972952606e+01 1.569953422997471115e+01
1.613177500623241656e+01 1.589422726743662473e+01
1.631949510499048017e+01 1.606960903536169383e+01
1.648346483467127044e+01 1.617591969544398012e+01
1.665918016506978816e+01 1.641831287441727483e+01
1.683191088367614796e+01 1.660503493673382280e+01
1.701437441326714861e+01 1.677508562019422556e+01
1.719571293081027363e+01 1.696128687135565727e+01
1.737375210215815713e+01 1.709386938734139605e+01
1.754098302368745621e+01 1.733970671865132118e+01
1.772844446282444508e+01 1.750159183552382913e+01
1.789344273267812113e+01 1.757910849497740102e+01
1.807304101594699830e+01 1.775252046251597804e+01
1.825447724389732684e+01 1.794940063363059224e+01
1.843137892258710053e+01 1.815223627115577187e+01
1.860361307128640718e+01 1.829671837337293994e+01
1.880077448463930523e+01 1.859199489376562653e+01
