0.000000000000000000e+00 0.000000000000000000e+00
0.000000000000000000e+00 0.000000000000000000e+00
0.000000000000000000e+00 0.000000000000000000e+00
0.000000000000000000e+00 0.000000000000000000e+00
5.545186658416434433e-02 0.000000000000000000e+00
1.179319895336564984e-02 -1.415183874403878016e-02
2.014071241056964445e-01 3.742804647113436023e-02
1.722138282435334289e-01 1.157653183525033658e-01
2.629733841877787692e-01 1.177032360651654452e-01
5.880051830463397522e-01 1.922379287771362133e+00
1.995561740348706703e+00 1.988245456587531823e+00
2.428781367953406267e+00 2.488860857481366651e+00
2.597289513135583761e+00 2.780872191462298026e+00
2.797617533157697789e+00 2.943090808038905326e+00
2.956225199704558548e+00 3.109431739060731115e+00
3.217998095095661704e+00 3.236354320041125998e+00
3.337324008998357794e+00 3.382197398117551046e+00
3.478508752182477792e+00 3.546912722613296154e+00
3.616869772051389376e+00 3.742212736807478457e+00
3.774627491754894759e+00 3.901110319735114906e+00
3.932838062600561901e+00 4.064974350129798353e+00
4.081439257296207046e+00 4.207599406105540396e+00
4.234993852795701841e+00 4.341801050057038758e+00
4.386815532646052951e+00 4.473462712309817846e+00
4.530433203364577111e+00 4.611301676219000889e+00
4.732915601149728424e+00 4.668447832456833702e+00
4.810035120381056295e+00 4.881956354053746061e+00
5.013217943139549604e+00 4.935062041016387901e+00
5.077000457672670386e+00 5.181715612291537099e+00
5.232607129713009897e+00 5.332828279739135979e+00
5.381485820184058078e+00 5.475145588267814389e+00
5.532978055954442809e+00 5.624163976054349590e+00
5.679981429036728535e+00 5.769250833988454730e+00
5.913919734807888240e+00 5.822174363298108446e+00
5.940776986066222065e+00 6.071176511239044338e+00
6.220027973207287175e+00 6.088789578366654354e+00
6.369770770981071806e+00 6.265813199490766650e+00
6.510801437402070846e+00 6.357921515911009180e+00
6.659075768359184799e+00 6.543116630147962631e+00
6.815688103081027016e+00 6.631726151251650769e+00
6.964557742087105652e+00 6.794598702264840639e+00
7.114801957638364982e+00 6.970364632217215473e+00
7.259851781959401507e+00 7.078337330260144888e+00
7.414812761742022751e+00 7.276371413615878581e+00
7.419653922182963157e+00 7.543245016202399178e+00
7.710651482408241719e+00 7.557744863861912243e+00
7.734946865705214947e+00 7.833971753868494758e+00
7.872268311996980295e+00 7.977878014996693246e+00
8.139355257554242939e+00 8.029793567778352070e+00
8.290508551637090662e+00 8.186010020997336767e+00
8.444973677921222333e+00 8.356987790920648251e+00
8.601799595705767132e+00 8.512020929504149791e+00
8.765794291212223754e+00 8.655152937959025294e+00
8.923903969620120336e+00 8.812965114701061253e+00
9.102580738436884644e+00 8.987239615802828041e+00
9.251880371799936498e+00 9.142528872977804255e+00
9.413519134806467292e+00 9.312099254433856999e+00
9.574155662809996414e+00 9.473489303128715733e+00
9.736636849477255495e+00 9.624997494589662139e+00
9.888858934631619135e+00 9.806892229389402971e+00
1.006326253576905749e+01 9.978950407042336934e+00
1.021526517130781819e+01 1.011640740123853810e+01
1.038302241651166113e+01 1.024560367606991917e+01
1.054630711382107577e+01 1.043699198819102492e+01
1.071414861124888063e+01 1.058804072187508893e+01
1.086074950547475026e+01 1.074606559505382997e+01
1.087292573426668874e+01 1.097550363338664248e+01
1.117403174674440791e+01 1.104757973607775767e+01
1.132894442255564904e+01 1.122343472369209572e+01
1.148426126233270317e+01 1.136206562580844626e+01
1.164720461726007983e+01 1.154396082216534225e+01
1.180847617278425687e+01 1.169525761994832713e+01
1.197672284800384368e+01 1.184195750791263357e+01
1.213143243486575962e+01 1.202889741297017601e+01
1.229961765287185216e+01 1.220189867769715342e+01
1.246279436152176068e+01 1.238387148363606727e+01
1.262469933271900224e+01 1.249730490843694497e+01
1.265642640694448140e+01 1.270750033290114267e+01
1.293473510715165453e+01 1.281297517544894937e+01
1.308370715376766569e+01 1.294074556944226018e+01
1.323920730828793069e+01 1.313165937621049295e+01
1.341812004076325593e+01 1.329824128997583976e+01
1.356870433738892423e+01 1.346727584936122213e+01
1.373837264024782456e+01 1.354818135395382228e+01
1.390649966553474037e+01 1.374777410247480880e+01
1.405953307353461668e+01 1.391437072038305978e+01
1.421301123797234922e+01 1.410963543789683605e+01
1.439446466706961125e+01 1.426226830701232373e+01
1.455775922629682029e+01 1.432361661867875569e+01
1.471741986816952519e+01 1.456073626537392407e+01
1.487344797322042034e+01 1.469266028482772413e+01
1.504472753561386966e+01 1.488383855602166506e+01
1.521313504610379930e+01 1.498219904731564611e+01
1.537365458620686098e+01 1.521304402353060325e+01
1.552848590419964836e+01 1.537593371271182363e+01
1.570594038552711424e+01 1.553030880395272817e+01
1.585832571826668236e+01 1.573163656584479675e+01
1.603015812724462563e+01 1.584027195970297797e+01
1.617995793976664132e+01 1.598594110348608055e+01
1.633490532025427910e+01 1.618125856773776050e+01
1.651745336959374200e+01 1.634671263388815277e+01
