0.000000000000000000e+00 0.000000000000000000e+00
0.000000000000000000e+00 0.000000000000000000e+00
0.000000000000000000e+00 0.000000000000000000e+00
0.000000000000000000e+00 0.000000000000000000e+00
0.000000000000000000e+00 0.000000000000000000e+00
0.000000000000000000e+00 0.000000000000000000e+00
0.000000000000000000e+00 -7.607016715439972321e-03
2.057133233798594529e-01 2.126105402209042816e-02
2.127242798957074965e-01 2.020296231374009086e-02
3.755395430899954867e+00 5.296663693999786204e+00
5.175220090157790054e+00 5.009969696084819013e+00
5.734686829569331401e+00 5.781724227789815096e+00
5.875123056348527051e+00 5.869991524350965939e+00
5.972674922994146485e+00 5.997717911265762147e+00
6.040658327938634997e+00 6.134361672705730406e+00
6.173040093388999949e+00 6.291904730274870516e+00
6.319599656961750078e+00 6.629043205708271991e+00
6.548631713156202849e+00 6.862814136702962919e+00
6.804008265615164142e+00 7.165808017901567517e+00
7.013624840436918362e+00 7.361254755849658160e+00
7.310477288142459784e+00 7.571017155798539733e+00
7.570265687722977255e+00 7.775126871130316530e+00
7.745312398028049827e+00 7.950193056171054096e+00
7.982590080033698854e+00 8.134677776291338702e+00
8.204418353254029128e+00 8.312849546395502998e+00
8.372868157562912472e+00 8.474644857683228949e+00
8.566405121216966734e+00 8.645833786004084587e+00
8.704302943964489003e+00 8.805079625713785774e+00
8.932206078838250463e+00 8.867038263728371561e+00
8.977087227600968333e+00 9.160958219431941885e+00
9.169864835839716122e+00 9.377230164617825992e+00
9.394428382594417926e+00 9.560492141814494360e+00
9.582760805694219286e+00 9.753260527609239006e+00
9.784750625887335573e+00 9.945104243504760078e+00
9.974249199752600603e+00 1.013300659216232447e+01
1.016618085315605313e+01 1.031404486334736603e+01
1.034784036340466074e+01 1.049337805840311688e+01
1.051477182370701691e+01 1.066596488651995145e+01
1.082620283908397241e+01 1.066329199225397595e+01
1.098457484761145864e+01 1.080513781971909104e+01
1.094327263659618765e+01 1.116410340068237694e+01
1.133243675500090575e+01 1.107317884496336546e+01
1.150560154780602673e+01 1.125163026106655728e+01
1.167001289934154151e+01 1.140127605591668392e+01
1.160298749744581670e+01 1.185857894449575589e+01
1.181707057706953101e+01 1.203640632042775138e+01
1.221826131705211615e+01 1.198755791212686894e+01
1.239315847856196484e+01 1.217227841343405892e+01
1.257817677496920439e+01 1.228454717484857994e+01
1.248138547738660620e+01 1.275686037893482094e+01
1.294553362684161968e+01 1.269861925280913084e+01
1.286094523749780372e+01 1.312816797652144984e+01
1.332394947591146384e+01 1.305579309778203090e+01
1.350227563634834382e+01 1.326048099850424045e+01
1.369469662643983199e+01 1.344418496750575365e+01
1.388467733610905164e+01 1.363920186912420007e+01
1.408387043661501892e+01 1.379579721407108828e+01
1.428197190913452097e+01 1.403352696489640117e+01
1.446594128374338695e+01 1.419765853920116783e+01
1.466736012079384288e+01 1.437300421402865602e+01
1.486666966224549036e+01 1.454819543672939908e+01
1.505753530364816051e+01 1.477411731930864747e+01
1.499027286935481840e+01 1.521315450061313257e+01
1.516301938587896458e+01 1.539340025452770711e+01
1.535701783823503952e+01 1.557182008879500579e+01
1.556270711073630864e+01 1.573348623458904605e+01
1.575882427420393306e+01 1.591752804439050806e+01
1.613143153093096061e+01 1.596392458470161912e+01
1.632603913812881657e+01 1.612109508007429071e+01
1.651738892124889446e+01 1.633395646901897891e+01
1.672829481944022589e+01 1.653893089127612370e+01
1.692705526103279823e+01 1.673647250977737855e+01
1.714025202335025710e+01 1.691332812172560196e+01
1.735049644466475627e+01 1.717520807248198977e+01
1.755595433614950807e+01 1.735377164924159388e+01
1.775453423548387377e+01 1.746489678999910922e+01
1.798044948440248092e+01 1.777469650653436872e+01
1.816862132653893980e+01 1.797448557193431640e+01
1.837179136833122683e+01 1.815996782975867774e+01
1.857804517849246295e+01 1.837251981564128656e+01
1.878877072404333504e+01 1.853885312829576293e+01
1.898375532352866202e+01 1.874534829438463035e+01
1.920005900440592939e+01 1.893885775499014912e+01
1.941100612184950691e+01 1.915496109215683163e+01
1.960329600183710141e+01 1.935980847610045785e+01
1.983300101305790974e+01 1.952907913363560866e+01
2.004276812188249579e+01 1.980167376261906753e+01
2.024883528989781567e+01 1.996382736422887305e+01
2.045228929348214919e+01 2.012562034781930009e+01
2.065631793510718239e+01 2.039691786504573301e+01
2.087196560854495431e+01 2.061184887201472549e+01
2.107097243245916829e+01 2.082285279064758399e+01
2.126829651027026458e+01 2.101951557797158543e+01
2.148062108421964922e+01 2.125823104835806632e+01
2.167787826655547434e+01 2.142174158847252485e+01
2.188662105852630901e+01 2.163442010524144621e+01
2.209487490393698650e+01 2.180701619247663814e+01
2.229609766131651227e+01 2.193969681104074709e+01
2.249963563734753080e+01 2.217415325999036568e+01
2.242780909136120115e+01 2.261141334829977367e+01
2.289885685456973619e+01 2.267065258259161808e+01
