0.000000000000000000e+00 0.000000000000000000e+00
0.000000000000000000e+00 0.000000000000000000e+00
0.000000000000000000e+00 0.000000000000000000e+00
0.000000000000000000e+00 0.000000000000000000e+00
2.647062756235220304e-02 0.000000000000000000e+00
7.751394971879724261e-02 1.098979666032080110e-03
5.487127413247590291e-02 0.000000000000000000e+00
9.616097593769204477e-02 0.000000000000000000e+00
6.167285882218569881e+00 7.877248049814757458e+00
8.771165105971729048e+00 8.790893849026396367e+00
7.816737375830202339e+00 8.639924542193073265e+00
8.641571630740878973e+00 8.629014526376376892e+00
8.657711847569716568e+00 8.657656420773566452e+00
8.703102323735407708e+00 8.696749096053203232e+00
8.745712619672257659e+00 8.744374376377699321e+00
8.836786577970896062e+00 8.906891151037980237e+00
8.908344110812389971e+00 9.266550143626657743e+00
9.217525803271051643e+00 9.640311944161162216e+00
9.451007264611282821e+00 9.912545661669319941e+00
9.854467274547518585e+00 1.021062584800092132e+01
1.005057652974370441e+01 1.044172820851357031e+01
1.030948895440258006e+01 1.068734580817467794e+01
1.057464839194229533e+01 1.089572838303743296e+01
1.081778619043826062e+01 1.112029860188019192e+01
1.099579015263482518e+01 1.132113936194714832e+01
1.123958835028506797e+01 1.151768197175822550e+01
1.146651055826992582e+01 1.170828055534312817e+01
1.171789292299928853e+01 1.190735581243379926e+01
1.192847483312447920e+01 1.209955590125858116e+01
1.213661121362773976e+01 1.228461017303751035e+01
1.229677941536936991e+01 1.247097773931837317e+01
1.246845496199007108e+01 1.263665396499602167e+01
1.279049829647604142e+01 1.268638000372828856e+01
1.275013474433679228e+01 1.302407448300104242e+01
1.296203386140219571e+01 1.322402654601468797e+01
1.321929360169360201e+01 1.344274720475447005e+01
1.340960885554069471e+01 1.363546347163026518e+01
1.365553955546038267e+01 1.383697001618879874e+01
1.386732753362219839e+01 1.403272064186466395e+01
1.403207551311976253e+01 1.421087545026609789e+01
1.437873216262196685e+01 1.417286091831164896e+01
1.435697194351543793e+01 1.458989822860624841e+01
1.452873393378362010e+01 1.477816356624462379e+01
1.495291471633221470e+01 1.468369732237014524e+01
1.492699620149961603e+01 1.517919357962405869e+01
1.509787545146370746e+01 1.537020619536343702e+01
1.554392376935910747e+01 1.530861187760488917e+01
1.573662658604312981e+01 1.543410313656985267e+01
1.561760147840614188e+01 1.593622292332026191e+01
1.612641430543568077e+01 1.583146459852910048e+01
1.601294582144059220e+01 1.634430665614603484e+01
1.653017206354777358e+01 1.627522678601528838e+01
1.671985612322139048e+01 1.644427271363119303e+01
1.691564256725867921e+01 1.663247111263764211e+01
1.711997473869317687e+01 1.680166650980184784e+01
1.696220623439392838e+01 1.730292939356043291e+01
1.751458053732902442e+01 1.721299070007595944e+01
1.771889543930737432e+01 1.750406188687471598e+01
1.793362044064953764e+01 1.759958460220916621e+01
1.813569085310626505e+01 1.784467241740266275e+01
1.835642934659243863e+01 1.802539846424632231e+01
1.855702519154680630e+01 1.819344582634134966e+01
1.847620008263491798e+01 1.876210040597415940e+01
1.898926365495642443e+01 1.862163845049195388e+01
1.919772513200405228e+01 1.880597124105316098e+01
1.939795591346253190e+01 1.912628678994625631e+01
1.962895190645764742e+01 1.919787640972684528e+01
1.985186520559516410e+01 1.947460890569429282e+01
2.006361397100674182e+01 1.966800033744588205e+01
1.994866301902173333e+01 2.024473261686784298e+01
2.048493841670836701e+01 2.011905934104428084e+01
2.069383650585936252e+01 2.031802091847185565e+01
2.090831124438998145e+01 2.048534144022813308e+01
2.112794829155916787e+01 2.075370173596184742e+01
2.101968249153194890e+01 2.128994033924556462e+01
2.154280544057690250e+01 2.118862535047886198e+01
2.174600795135510722e+01 2.137495531141234650e+01
2.196446884316435799e+01 2.158619543889265913e+01
2.220502433935046227e+01 2.168593806622531517e+01
2.242619223451137245e+01 2.203366670529408822e+01
2.264519957372759151e+01 2.218007916310710925e+01
2.243203827618426871e+01 2.281491990430506434e+01
2.308380938430989104e+01 2.269345249969006417e+01
2.329942339207462965e+01 2.279248425637355169e+01
2.352708315198798772e+01 2.310145901926908607e+01
2.333789377434291268e+01 2.370481566441308985e+01
2.397609758148684733e+01 2.343770556727836052e+01
2.417959670717871035e+01 2.375773822732973883e+01
2.441453200816678049e+01 2.387864638579593191e+01
2.417417016254974271e+01 2.455493539137040671e+01
2.484665116370144133e+01 2.438868162318309984e+01
2.506009774237768895e+01 2.462640834527078937e+01
2.528746524893862357e+01 2.486011168127950910e+01
2.550009617096904790e+01 2.500640495142837594e+01
2.574232261430160307e+01 2.529632891783596804e+01
2.595832281939145503e+01 2.553009229653389056e+01
2.620817010465215446e+01 2.574705398575649795e+01
2.639511929225504971e+01 2.599164545068423138e+01
2.664690946615300859e+01 2.620917080215316375e+01
2.685243277529175998e+01 2.640984494065522270e+01
2.709981612067518242e+01 2.667753520949756663e+01
