0.000000000000000000e+00 0.000000000000000000e+00
1.721481636603265511e-03 0.000000000000000000e+00
3.161031598065023457e-02 0.000000000000000000e+00
7.248942643781987327e-02 -3.002604061998663879e-04
1.837752674174224499e-01 3.842132992820897902e-02
2.486654127258078884e-01 3.406583062252419025e-01
4.103008352182759277e-01 4.468959813084220078e-01
5.515143303022245203e-01 5.304400212690798533e-01
6.479411597615267748e-01 6.143318625293116009e-01
7.371886924689323717e-01 7.065131970119779004e-01
8.227378369559742444e-01 7.803408529095871016e-01
9.072503958260926815e-01 8.755657439723121271e-01
9.902992025868850856e-01 9.656040347901484466e-01
1.075195778932620749e+00 1.039706105540741277e+00
1.158877597306030793e+00 1.134971897267904817e+00
1.243887323644031095e+00 1.224206547704042913e+00
1.325229084658175127e+00 1.289443712310758494e+00
1.412055449433395449e+00 1.362306628226536809e+00
1.495111056378843672e+00 1.458819352645241318e+00
1.577152180704975759e+00 1.552534035539729018e+00
1.660948787067448862e+00 1.612179705033125243e+00
1.745117488148704821e+00 1.707900836768144082e+00
1.829598091248740843e+00 1.805709098854635597e+00
1.915163320504241318e+00 1.871670523523506047e+00
1.999789307652769077e+00 1.950543921336031383e+00
2.085099439713198777e+00 2.038829301858725795e+00
2.170313781398025998e+00 2.123741664859105871e+00
2.251975272157873853e+00 2.186065402767420007e+00
2.335900461287047758e+00 2.273546325653169831e+00
2.418494812797193028e+00 2.362807345471489295e+00
2.497714395794212727e+00 2.434996820192242950e+00
2.584104812420970454e+00 2.535900711760442849e+00
2.665623770912813661e+00 2.607705538603363848e+00
2.747982050360046280e+00 2.694648871638933407e+00
2.829141709543920413e+00 2.778666922032875242e+00
2.911689976328350582e+00 2.875979422697228394e+00
2.999045593972093471e+00 2.941975547242001277e+00
3.075230712230549113e+00 3.015303174456882118e+00
3.163073785184589148e+00 3.102528541796620853e+00
3.249701858645186903e+00 3.178739906171708540e+00
3.328609138036294102e+00 3.261467348663082966e+00
3.412147323848263802e+00 3.345906607893289753e+00
3.490811186950627309e+00 3.437750371891839851e+00
3.576833150404834960e+00 3.510631795133680289e+00
3.655654677762108395e+00 3.581690797785579861e+00
3.743112020145260566e+00 3.643062759521135341e+00
3.822962239905157933e+00 3.771362234103381894e+00
3.908018866049384421e+00 3.856379296689666614e+00
3.992543385472526296e+00 3.939601216575645548e+00
4.070389941753787433e+00 4.006840565940927412e+00
4.154702341001171639e+00 4.094673532662952198e+00
4.241021373469273215e+00 4.178848625256685878e+00
4.325177991311667469e+00 4.259839751620748238e+00
4.406219811323748736e+00 4.339158412476072257e+00
4.489758493086208446e+00 4.422401532521790024e+00
4.574006607611263320e+00 4.501882203738865940e+00
4.656651760486067104e+00 4.555362945828160370e+00
4.742151918774990094e+00 4.672204451134549075e+00
4.827866535397712155e+00 4.747038716253173973e+00
4.908385524420760149e+00 4.835217282100904512e+00
4.992709540300354298e+00 4.887743882219774960e+00
5.075625176882087253e+00 4.966693471397013226e+00
5.161747615445499093e+00 5.074742657805384027e+00
5.240557877598102543e+00 5.120508744481649721e+00
5.322019038321207596e+00 5.239875900865742508e+00
5.405198714322404285e+00 5.339375610063000543e+00
5.493660127803140725e+00 5.390064350702443718e+00
5.572558307178596237e+00 5.485834401232145829e+00
5.662188815649431106e+00 5.581952654480378584e+00
5.746514273992629818e+00 5.649426757553910328e+00
5.827507787954815832e+00 5.755896495357010423e+00
5.906926870657122741e+00 5.797057008622094720e+00
5.996362319285655218e+00 5.922426759285001729e+00
6.071952648946409070e+00 6.021949908214342173e+00
6.157633422222297703e+00 6.072374253936176025e+00
6.243322768287954183e+00 6.157521972227947060e+00
6.320017520856007209e+00 6.210961035704715805e+00
6.404241898402662336e+00 6.304305120861734224e+00
6.494889307521386712e+00 6.388111072200389096e+00
6.574711804335802157e+00 6.496890734952465607e+00
6.666326053560891474e+00 6.584080185649207273e+00
6.743323425433646712e+00 6.648171274317012269e+00
6.828548185609612631e+00 6.751183484557151004e+00
6.906152713207818650e+00 6.795185324688266526e+00
6.994753796324199691e+00 6.887288748014152695e+00
7.074069170912578031e+00 6.970059680902203958e+00
7.156502928448653655e+00 7.050152050880239329e+00
7.243636911771667464e+00 7.146969140793546948e+00
7.324170446613358365e+00 7.224772119285517213e+00
7.405064687717898053e+00 7.301408523183546606e+00
7.488659236788763884e+00 7.334461056976277149e+00
7.569522147934420353e+00 7.464408019623294699e+00
7.655165548914173002e+00 7.543330133949721628e+00
7.739133249886063659e+00 7.623260676747030118e+00
7.827396484092458806e+00 7.670527696305488696e+00
7.905654843113625319e+00 7.827171153690757777e+00
7.989494927015654113e+00 7.891628209827436180e+00
8.070432586033243538e+00 7.992766814047481461e+00
8.152808179576807035e+00 8.061411113142787244e+00
8.237159571990710916e+00 8.118176885819057276e+00
8.315099997567614309e+00 8.215625056467954934e+00
