0.000000000000000000e+00 0.000000000000000000e+00
0.000000000000000000e+00 0.000000000000000000e+00
0.000000000000000000e+00 0.000000000000000000e+00
0.000000000000000000e+00 0.000000000000000000e+00
0.000000000000000000e+00 0.000000000000000000e+00
0.000000000000000000e+00 0.000000000000000000e+00
6.294888626795197561e-02 -2.937322898706965640e-04
2.844999609118153416e-01 4.447378987035722098e+00
1.692544060684022522e+00 4.241152322859732315e+00
4.269913798266586014e+00 4.275981581875322846e+00
4.299202899023083724e+00 4.308425203116248881e+00
4.349457779116361777e+00 4.342472988968066439e+00
4.402947888969355184e+00 4.402253834639066277e+00
4.488952157294231249e+00 4.512769824370716165e+00
4.572524902240001410e+00 4.689885643510105950e+00
4.664039699138871065e+00 4.951107000930988100e+00
4.836599838983614674e+00 5.099473100108927071e+00
5.068271039057032468e+00 5.347112598589033539e+00
5.322169326329134087e+00 5.536930197382795349e+00
5.538448818685707487e+00 5.705948862564718560e+00
5.723561748832031171e+00 5.885182968641125889e+00
5.889402090172279003e+00 6.062585823434434751e+00
6.077590395008030555e+00 6.255127720705833561e+00
6.246012576147795592e+00 6.442511529150504401e+00
6.409071019507781131e+00 6.620351913368645036e+00
6.555285408055026686e+00 6.790993486389004907e+00
6.728681168674401469e+00 6.967141948993800682e+00
6.907653331842058542e+00 7.136931130723876748e+00
7.063306822404523011e+00 7.305985588905592465e+00
7.224150455109504598e+00 7.475104312098084236e+00
7.400211380002641448e+00 7.646238785575942387e+00
7.551396833805470443e+00 7.805265852667800708e+00
7.730321154058692024e+00 7.957994889243490633e+00
7.903859412581104138e+00 8.122428228579789078e+00
8.036187981880891229e+00 8.286575745639828128e+00
8.433220560136099664e+00 8.201020280980456434e+00
8.336825252614694648e+00 8.594798471163985099e+00
8.748648390860864765e+00 8.519370163242188099e+00
8.671708248068627611e+00 8.913985040539861515e+00
9.068969525341234572e+00 8.854682831012731015e+00
9.232210584127937381e+00 9.014345447378554255e+00
9.178547214453626424e+00 9.402671885556502573e+00
9.573329550385260234e+00 9.302357928959494870e+00
9.735240191883210770e+00 9.536141511551180727e+00
9.895768732394069289e+00 9.682535222775936035e+00
1.005963051542530096e+01 9.863728867050809868e+00
1.005359009175671758e+01 1.022597355532042585e+01
1.040282801152587844e+01 1.023715826010340635e+01
1.040062025182849759e+01 1.056012493305076383e+01
1.072063590350047591e+01 1.058546200845722929e+01
1.089320129175528429e+01 1.077286912224139392e+01
1.091851968047230237e+01 1.103892788201987152e+01
1.122868483180609722e+01 1.108856130210500268e+01
1.139721586364701977e+01 1.128071575571186003e+01
1.157689737678329323e+01 1.146154604459719017e+01
1.175604937430208174e+01 1.165983883175162461e+01
1.193842271528178678e+01 1.184532102322976321e+01
1.210618896739437211e+01 1.200838813755800238e+01
1.227579112180594656e+01 1.218720843249292862e+01
1.246802069760465237e+01 1.234934058532188672e+01
1.264812241327294551e+01 1.254443828668344096e+01
1.283432221926603489e+01 1.275639905884799141e+01
1.300490673788930529e+01 1.292888938817859845e+01
1.318590814427026103e+01 1.312276637322097450e+01
1.338352150958240117e+01 1.330065046760351954e+01
1.354937055182716499e+01 1.346539100209142958e+01
1.373801278578679508e+01 1.364906481243400904e+01
1.382924938214393151e+01 1.387699181550728866e+01
1.408932347132771490e+01 1.402271695521176831e+01
1.427129483449743219e+01 1.421224419001096884e+01
1.446178619195933024e+01 1.437297156772343953e+01
1.455302438443082913e+01 1.458105627085658185e+01
1.481848451228196595e+01 1.472192899485228246e+01
1.500729284666170038e+01 1.492894075625700978e+01
1.519643857458438951e+01 1.505453471522566034e+01
1.538312918837089782e+01 1.530436224895217912e+01
1.557251169830468029e+01 1.547209971530150163e+01
1.576551195466722710e+01 1.564976606258179892e+01
1.594571427447447753e+01 1.583451543107269188e+01
1.614756939644957257e+01 1.606399713878586155e+01
1.634334710092930365e+01 1.622812440229393616e+01
1.653320784797881515e+01 1.635770655550454222e+01
1.674082232555165817e+01 1.661669796280561684e+01
1.690917063504126716e+01 1.678465985244259429e+01
1.695675420414142920e+01 1.703298630881094056e+01
1.727445927549651117e+01 1.714295966183601649e+01
1.746060475571375648e+01 1.729435285625294938e+01
1.765293364094467421e+01 1.750734370246529537e+01
1.783815548987287158e+01 1.776996156077013467e+01
1.802982644707138604e+01 1.790267377813760774e+01
1.822179706571956004e+01 1.811437947782868463e+01
1.840414599511780835e+01 1.820795305858977287e+01
1.859413369078466616e+01 1.847492416231808221e+01
1.878117909253175100e+01 1.866226182955760393e+01
1.896141994483637561e+01 1.881520298347590625e+01
1.915757307946585541e+01 1.892635027312505613e+01
1.933824011450552049e+01 1.916117915764320045e+01
1.954725222325662415e+01 1.940520400991611893e+01
1.973978689920453178e+01 1.954475495424055254e+01
1.992336968423030541e+01 1.968380483062189512e+01
2.012443418047705279e+01 1.999295917072939233e+01
