0.000000000000000000e+00 0.000000000000000000e+00
0.000000000000000000e+00 0.000000000000000000e+00
0.000000000000000000e+00 0.000000000000000000e+00
0.000000000000000000e+00 0.000000000000000000e+00
0.000000000000000000e+00 0.000000000000000000e+00
0.000000000000000000e+00 0.000000000000000000e+00
0.000000000000000000e+00 0.000000000000000000e+00
0.000000000000000000e+00 0.000000000000000000e+00
0.000000000000000000e+00 0.000000000000000000e+00
0.000000000000000000e+00 0.000000000000000000e+00
0.000000000000000000e+00 0.000000000000000000e+00
0.000000000000000000e+00 0.000000000000000000e+00
0.000000000000000000e+00 0.000000000000000000e+00
0.000000000000000000e+00 0.000000000000000000e+00
0.000000000000000000e+00 0.000000000000000000e+00
0.000000000000000000e+00 0.000000000000000000e+00
0.000000000000000000e+00 0.000000000000000000e+00
3.815609761739662265e-01 3.883611558694904264e+00
3.348223719908303142e-01 4.690806074052566998e+00
2.851609878848314850e+00 0.000000000000000000e+00
5.692826481367120550e+00 6.453272200628536126e+00
5.688884200242693367e+00 6.756242330162291587e+00
6.491911189839719043e+00 6.830374704623065618e+00
6.862440287330040967e+00 6.858024666043674777e+00
7.000948333404867441e+00 7.075603777491419777e+00
7.159643503720944047e+00 7.329038347292323508e+00
7.363420299123966117e+00 7.262885324848579849e+00
7.407687980463589561e+00 7.581492635927105539e+00
7.565191771165178380e+00 7.710797966739604270e+00
7.804688266081973858e+00 7.841659279043281749e+00
7.956471414213263316e+00 8.099563392411415208e+00
8.101256303260694125e+00 8.226821852475914909e+00
8.341679644147355077e+00 8.260520841624776622e+00
8.397722498176444006e+00 8.538148097124063085e+00
8.540319440861662059e+00 8.705452203299882896e+00
8.736094593795897367e+00 8.840362759793736203e+00
8.872159872075476628e+00 8.997827828102552772e+00
9.066171403708709775e+00 9.139381952649602070e+00
9.218119804655138694e+00 9.298188382408381969e+00
9.444016996480288029e+00 9.361149385797663314e+00
9.602954845427275288e+00 9.517817821491815877e+00
9.761219245934768196e+00 9.662287920995687784e+00
9.916583144180364684e+00 9.839705678070615136e+00
1.007277801569364684e+01 9.977301098111189148e+00
1.024604621495414314e+01 1.012381697927279944e+01
1.040459079814583099e+01 1.024064862865504644e+01
1.056602484740029979e+01 1.045391838591470801e+01
1.073130029252997808e+01 1.059283996690551355e+01
1.089715441774520066e+01 1.078425852407309726e+01
1.106179700394966403e+01 1.091820040969328964e+01
1.123290123565399057e+01 1.111903062485254168e+01
1.139790505157966649e+01 1.131026685890396699e+01
1.157196199847134288e+01 1.142230598140734266e+01
1.174795273332624568e+01 1.160942682738131637e+01
1.192068822889923041e+01 1.175799799245741895e+01
1.208027246376613562e+01 1.195410491397671038e+01
1.227436322765085741e+01 1.208262813129068292e+01
1.243572521316050761e+01 1.227750418572988522e+01
1.261107082378353539e+01 1.244881369284532191e+01
1.277797165206768959e+01 1.255721521807414653e+01
1.295857397190235716e+01 1.276811100838481927e+01
1.313619365934347627e+01 1.298846056391334614e+01
1.331510428313756478e+01 1.321080426203132596e+01
1.349277397891101948e+01 1.331944425484284622e+01
1.366837709059400474e+01 1.355570263771094552e+01
1.385281930446000942e+01 1.364283847473953060e+01
1.402948890612782407e+01 1.382901626893638003e+01
1.421347961717729902e+01 1.402626628292837907e+01
1.439947219466482764e+01 1.418100089469854552e+01
1.457687682952753860e+01 1.440589192661932572e+01
1.475418000059764090e+01 1.454175859455292574e+01
1.494552210761637845e+01 1.472337838965009205e+01
1.512331945596498706e+01 1.482612505044037121e+01
1.532372650478082043e+01 1.508802210636019758e+01
1.550398427797195033e+01 1.522581544146786747e+01
1.570582096875197209e+01 1.547247030248567334e+01
1.586884247083064103e+01 1.563803371431306921e+01
1.606321033913748764e+01 1.585538553254768601e+01
1.625676760113239894e+01 1.596460225962564472e+01
1.642417494919612508e+01 1.615372980288026383e+01
1.661478543934354590e+01 1.633910077395371019e+01
1.681555682359717707e+01 1.654994600573851926e+01
1.698588230340307703e+01 1.673345275810469346e+01
1.718825714912011549e+01 1.687582462471007361e+01
1.736408230573946199e+01 1.698759201255093032e+01
1.756220912097200682e+01 1.729231514868823183e+01
1.775683836833169948e+01 1.744130974071741846e+01
1.793491658154295720e+01 1.763436306565515110e+01
1.812462845707176129e+01 1.777829124247437420e+01
1.830838730489841382e+01 1.798578483040840936e+01
1.849288961644115759e+01 1.816667238483001512e+01
1.869118865741503654e+01 1.825601048074638300e+01
1.884688133242244490e+01 1.857827356970229715e+01
1.904554384459844485e+01 1.864986688805314330e+01
1.924751952418951362e+01 1.880739920597433823e+01
1.942776076838766031e+01 1.910601344006417079e+01
1.960900227849112554e+01 1.928748100293209333e+01
1.979825982181494837e+01 1.940493736467973562e+01
1.998414008095218009e+01 1.963103012279336212e+01
2.018312707258995431e+01 1.972722962870539476e+01
2.037602581664290824e+01 1.999570384602031226e+01
