0.000000000000000000e+00 0.000000000000000000e+00
0.000000000000000000e+00 0.000000000000000000e+00
0.000000000000000000e+00 0.000000000000000000e+00
0.000000000000000000e+00 0.000000000000000000e+00
0.000000000000000000e+00 0.000000000000000000e+00
0.000000000000000000e+00 0.000000000000000000e+00
0.000000000000000000e+00 0.000000000000000000e+00
0.000000000000000000e+00 0.000000000000000000e+00
0.000000000000000000e+00 0.000000000000000000e+00
0.000000000000000000e+00 0.000000000000000000e+00
0.000000000000000000e+00 0.000000000000000000e+00
0.000000000000000000e+00 -3.616507434240238267e-02
1.340172258467328792e+00 5.088269093038870317e+00
3.998762531949786592e+00 5.396618730429384669e+00
5.420034768971971673e+00 5.621282557881483122e+00
5.704578932098257837e+00 5.712012179326856121e+00
5.779968009635792825e+00 5.784358740878901450e+00
5.853317494338342364e+00 5.851712239407346416e+00
5.934763237748783560e+00 5.933319027865766593e+00
6.036839375566960264e+00 6.033020840057202072e+00
6.165880876072566963e+00 6.258177796799280657e+00
6.335439453968986889e+00 6.329939302309783855e+00
6.462174633076882557e+00 6.453427383500782710e+00
6.586620246547131963e+00 6.668800921690976047e+00
6.727090270109018277e+00 6.958546461149988538e+00
6.902398878410829219e+00 7.219840032089655857e+00
7.059300168388324082e+00 7.361466667616278770e+00
7.333142474546408884e+00 7.512635121610183653e+00
7.535808339311496518e+00 7.675424080822681461e+00
7.705996335066957137e+00 7.822672191752201520e+00
7.870854776085830729e+00 7.964845539071864877e+00
8.086509914315177738e+00 8.014894037869867205e+00
8.159194415628128638e+00 8.254129853964753849e+00
8.308621752896279133e+00 8.413899742232585410e+00
8.472547462083612757e+00 8.575214788873781302e+00
8.628666265474528529e+00 8.722693658835810382e+00
8.869150696720121019e+00 8.779923374893485288e+00
9.016465802413152986e+00 8.904234888207717802e+00
9.083688548967867149e+00 9.180129908185445942e+00
9.326417851927438107e+00 9.221076393219620471e+00
9.487976673348546441e+00 9.378165149574765991e+00
9.642364563271815570e+00 9.538852024042283162e+00
9.801964938683346062e+00 9.693163518520821142e+00
9.971041246630571564e+00 9.856614462470474791e+00
1.013257256181763388e+01 1.003126934391079317e+01
1.018934550948173623e+01 1.029524301709738943e+01
1.045610861325129193e+01 1.036736623688171832e+01
1.063194900332634774e+01 1.053373431667585614e+01
1.079512524607765656e+01 1.069819742238496652e+01
1.096419089319073770e+01 1.087728069322800550e+01
1.113673256851138049e+01 1.102966650952327399e+01
1.130039344880587926e+01 1.119123591444263077e+01
1.147220669060426523e+01 1.130263588085246518e+01
1.163470975544756492e+01 1.148442869453249493e+01
1.180366360084356181e+01 1.170085152250909388e+01
1.197725930405857753e+01 1.190891982335529953e+01
1.215776226913340174e+01 1.209386517920882831e+01
1.233181181484869526e+01 1.223273955356346043e+01
1.250596904648857155e+01 1.241379235584130392e+01
1.268707067072309513e+01 1.259792366794438578e+01
1.285735261017828357e+01 1.275438094681727463e+01
1.304173587525966482e+01 1.290027935265745462e+01
1.323327133548595924e+01 1.317018553928490654e+01
1.341084350158930860e+01 1.333043359024212648e+01
1.359591012864520820e+01 1.356631095766064909e+01
1.379062424585541535e+01 1.365644577667077719e+01
1.397714113398111557e+01 1.380258675326262363e+01
1.415798206819153293e+01 1.404490576826123771e+01
1.434532259482633165e+01 1.421285168801938248e+01
1.452684595255782796e+01 1.438895811265161306e+01
1.472204827389319703e+01 1.455884172197415083e+01
1.490781669086179484e+01 1.470682907056909272e+01
1.509048669795949138e+01 1.487277835559034500e+01
1.528416795460065991e+01 1.511480224323820032e+01
1.547692362893047147e+01 1.533424635966300542e+01
1.566847684372700300e+01 1.550419555714497122e+01
1.585240144365317150e+01 1.561610674679538668e+01
1.604192107329160422e+01 1.577165925104132960e+01
1.622060325863610331e+01 1.601045965984608088e+01
1.641703136052515788e+01 1.609190762873449998e+01
1.659785178259069838e+01 1.633814798669100909e+01
1.679485246417248945e+01 1.660354579999418689e+01
1.698843955873784139e+01 1.671476506851157851e+01
1.717135291232243333e+01 1.695759550696033813e+01
1.734402564666329027e+01 1.706390585205389954e+01
1.754202642678280100e+01 1.732590856208603114e+01
1.772499414604039814e+01 1.747883715166986818e+01
1.790117640655670428e+01 1.767778602940488497e+01
1.809881818453399660e+01 1.791136273348036312e+01
1.828496094784014403e+01 1.808531276132890042e+01
1.847886339410085910e+01 1.823904653784417107e+01
1.866503002329696770e+01 1.838065065366392048e+01
1.884632516675806713e+01 1.859667561637617439e+01
1.903966637864435896e+01 1.875207871623070233e+01
1.924370219176983809e+01 1.896268307108046614e+01
1.943005536161342661e+01 1.923483845888790356e+01
1.962065184105347981e+01 1.932946460161122815e+01
1.982596330992567246e+01 1.949970092653633102e+01
1.999409413714693429e+01 1.972061567079176214e+01
2.021948345587501450e+01 1.992134997339639924e+01
2.039931047460238744e+01 2.003334855401296366e+01
