0.000000000000000000e+00 0.000000000000000000e+00
0.000000000000000000e+00 0.000000000000000000e+00
0.000000000000000000e+00 0.000000000000000000e+00
0.000000000000000000e+00 0.000000000000000000e+00
0.000000000000000000e+00 0.000000000000000000e+00
0.000000000000000000e+00 0.000000000000000000e+00
0.000000000000000000e+00 0.000000000000000000e+00
0.000000000000000000e+00 0.000000000000000000e+00
0.000000000000000000e+00 0.000000000000000000e+00
0.000000000000000000e+00 0.000000000000000000e+00
0.000000000000000000e+00 0.000000000000000000e+00
1.091235106320766757e-01 2.558959737297991088e-01
1.091235106320766757e-01 2.356765203868060432e+00
3.049031678825819824e+00 4.533904164678553173e+00
4.626931456822003241e+00 5.204212683771097581e+00
5.374422687333046511e+00 5.445783801955463410e+00
5.424301266713923653e+00 5.507652802066941078e+00
5.601247048749732116e+00 5.654772096810648740e+00
5.752497200306066816e+00 5.830142011834445803e+00
5.829396955264334323e+00 5.872670455203896189e+00
6.013328721339761707e+00 6.176384785846282810e+00
6.119323346699205857e+00 6.450707557783396773e+00
6.382216220043678945e+00 6.615857391985680458e+00
6.554324899106974911e+00 6.810283253492756650e+00
6.824032232865508973e+00 6.972187192205998585e+00
6.993021266166049799e+00 7.166908763134359539e+00
7.177537246387517555e+00 7.338429495771582545e+00
7.321423037994415850e+00 7.524888456823537020e+00
7.509641719599680521e+00 7.681518114760311100e+00
7.681785263750410486e+00 7.837172499183500562e+00
7.846369872389490574e+00 7.994057401216328351e+00
8.003694911082945396e+00 8.136720851636512819e+00
8.175175970423941507e+00 8.284856630914587683e+00
8.338051209098958694e+00 8.431680177474149218e+00
8.504235007318410311e+00 8.571692157674629442e+00
8.722794441980305180e+00 8.653565229574651241e+00
8.793264679992132571e+00 8.872654875243135564e+00
9.019569706130898368e+00 8.926190442472545783e+00
9.174893470591298339e+00 9.083651939310410484e+00
9.331595786834814277e+00 9.219267195122892389e+00
9.487237249311032627e+00 9.378426480357589412e+00
9.646698001715005688e+00 9.503166327690683701e+00
9.821319189336692901e+00 9.663203885737575050e+00
9.974143667171697203e+00 9.835001663608927913e+00
1.013761933483887745e+01 1.001099155999234469e+01
1.030722813223784939e+01 1.017275533935444187e+01
1.047664775187825725e+01 1.034663372280325433e+01
1.063098864234581775e+01 1.047781405293968504e+01
1.080447648280649631e+01 1.062981168068483839e+01
1.097431504109904488e+01 1.084735265364728463e+01
1.114759588961682901e+01 1.099882123233357767e+01
1.131294643285898616e+01 1.118190139803786920e+01
1.134076119401799687e+01 1.144838882887468579e+01
1.164197688511737638e+01 1.148106219831709929e+01
1.181627000561570462e+01 1.164457135248325237e+01
1.198352957841357380e+01 1.182438177055396622e+01
1.215821549227593046e+01 1.202661224118591043e+01
1.232308249766955477e+01 1.215151659170018839e+01
1.251215674710090120e+01 1.234864364346208099e+01
1.268807876936747903e+01 1.250327440562682924e+01
1.287465335115639142e+01 1.269064188559252848e+01
1.304758080505900786e+01 1.290531380177334420e+01
1.321734501646005810e+01 1.304775504178970991e+01
1.339779170720244394e+01 1.323036654063472639e+01
1.359172397002432398e+01 1.340637570851079019e+01
1.375853123260361244e+01 1.362265792431005806e+01
1.395286489811398667e+01 1.381114022855334689e+01
1.412694680663025082e+01 1.396881015832691730e+01
1.431357658343606865e+01 1.408707042837616008e+01
1.448574780374902105e+01 1.426136614641729317e+01
1.468068001124787791e+01 1.442434338897641588e+01
1.484634430083454681e+01 1.463704088039135165e+01
1.502803946144675251e+01 1.479517906454459819e+01
1.520900556170637152e+01 1.494405507535843824e+01
1.539885776694048225e+01 1.519920569517267062e+01
1.557485240735165100e+01 1.531775208979432179e+01
1.577061578774356043e+01 1.550396859679090511e+01
1.596048569087572311e+01 1.572559688769784003e+01
1.613698727234933372e+01 1.585539665628186690e+01
1.633514475394326482e+01 1.612101455581054665e+01
1.653124890453850782e+01 1.627725160691830197e+01
1.673302180175726406e+01 1.645175558096595481e+01
1.691281000374112153e+01 1.660129754126003832e+01
1.710569810327134022e+01 1.690731378571635091e+01
1.729766632510596125e+01 1.703245608652608922e+01
1.748868961467569250e+01 1.719617044217557478e+01
1.767365346683627791e+01 1.734719462539595369e+01
1.786428736775908277e+01 1.751078194185455672e+01
1.805293184421148212e+01 1.768325110311166171e+01
1.824047177169998690e+01 1.795634315913748580e+01
1.843533149101129354e+01 1.813009796133490426e+01
1.863163841658845499e+01 1.821372744212281347e+01
1.882292142740027785e+01 1.846295537487539917e+01
1.900347456777888411e+01 1.868210578631191154e+01
1.919683734421309396e+01 1.884930494648543586e+01
1.938268308987616706e+01 1.901149794736632970e+01
1.956945276636567144e+01 1.926824347843493612e+01
1.975617587815262510e+01 1.938950692888332483e+01
1.994492136122812909e+01 1.960815677017225056e+01
2.012738588825946451e+01 1.978648786350019861e+01
2.033236588371034514e+01 2.004016439963075769e+01
