0.000000000000000000e+00 0.000000000000000000e+00
0.000000000000000000e+00 0.000000000000000000e+00
8.564178493860377661e-02 3.702898438325659680e-01
9.277777511476306138e-01 1.018335938584758349e+00
1.323018773704855988e+00 1.369875985886088054e+00
1.599101957623738857e+00 1.702414910004870663e+00
1.878107813566007422e+00 1.965847575724478213e+00
2.109818221562139939e+00 2.195362833146304204e+00
2.303039573218328862e+00 2.403246574925849366e+00
2.565411477237333315e+00 2.605276118926236784e+00
2.760146746345097490e+00 2.797499906149738536e+00
2.957751986349481665e+00 2.996567671197465366e+00
3.122319885104068327e+00 3.173873086544605204e+00
3.315512112917314624e+00 3.371575082559480574e+00
3.516296369441782588e+00 3.562194086490317435e+00
3.691680561959159945e+00 3.745715904856623979e+00
3.889740339252444556e+00 3.934036688911679569e+00
4.056118718747502960e+00 4.112471651247252780e+00
4.253203830150929399e+00 4.284434281974799141e+00
4.428740361811779991e+00 4.466505685859127439e+00
4.626291327119441910e+00 4.660176567185439822e+00
4.821628107094610982e+00 4.845313895524178349e+00
5.002327928752970720e+00 5.031365651977728781e+00
5.188567105916799704e+00 5.226905680375350194e+00
5.341044819073164085e+00 5.413962690155521784e+00
5.508415958208503937e+00 5.598727005042696270e+00
5.771386452138102641e+00 5.709178059153698470e+00
5.955692728042069284e+00 5.870434270589942827e+00
6.131356711747016242e+00 6.035405942155946946e+00
6.227605190832011139e+00 6.328166454606022562e+00
6.498773747114173105e+00 6.436907483387758866e+00
6.604726642475509557e+00 6.706270837539920038e+00
6.757896965984266480e+00 6.897954225213285717e+00
7.076763075068950748e+00 6.945264803993029368e+00
7.138235590780951156e+00 7.254808720419331891e+00
7.331191808092716755e+00 7.448761682414500207e+00
7.508188820408950193e+00 7.638931517889707479e+00
7.807021035299779754e+00 7.670303433887052158e+00
7.998130295416378210e+00 7.893446750758256414e+00
8.068726177538273703e+00 8.179408380970297543e+00
8.242657554980667101e+00 8.373448563868645778e+00
8.557120290483805292e+00 8.443877405461760688e+00
8.631016001922990455e+00 8.749172358171573904e+00
8.813498490953913134e+00 8.938607559011053638e+00
9.120675138992526243e+00 9.006287002430228839e+00
9.318942273408435284e+00 9.176196551728425632e+00
9.499453490102753861e+00 9.376436430206883443e+00
9.547048406281811950e+00 9.691522873447199871e+00
9.885122279192287920e+00 9.738536275730139025e+00
9.920918279751765212e+00 1.007680249370956460e+01
1.012750080032034816e+01 1.027346070376257892e+01
1.045135126592277075e+01 1.030320616500906361e+01
1.050894605341763999e+01 1.065053499411128435e+01
1.082613239581369768e+01 1.068620014255778550e+01
1.086571917361136741e+01 1.101924441958882461e+01
1.120786563174982930e+01 1.104310045931322648e+01
1.125306727470719004e+01 1.139660472800206925e+01
1.159129112586683696e+01 1.143401008415116493e+01
1.177472055790237171e+01 1.162604073590120990e+01
1.196521959071964503e+01 1.182373167227574307e+01
1.200436478640593663e+01 1.214821380440259091e+01
1.233857160103083750e+01 1.216837099915170128e+01
1.239339533394047876e+01 1.252083565165953516e+01
1.271981835668955796e+01 1.258022521088136791e+01
1.289358616766949517e+01 1.275523092199582820e+01
1.309093099951111405e+01 1.294004922637192223e+01
1.327566407782810032e+01 1.317731859147817808e+01
1.347506473067996424e+01 1.336550303040484167e+01
1.367763993589350235e+01 1.355146212560573815e+01
1.385364209844915884e+01 1.375906949504844512e+01
1.405703496912264328e+01 1.391176308124841121e+01
1.424796581460933176e+01 1.409421174246388553e+01
1.444311398373594102e+01 1.429530279576057161e+01
1.447785390192445654e+01 1.461595299701194861e+01
1.482457194477122009e+01 1.470999655986496535e+01
1.484935271326054540e+01 1.500393683894856700e+01
1.507746388239784707e+01 1.519012812682369074e+01
1.526053476193398772e+01 1.537074120173986103e+01
1.558823024106037813e+01 1.547869216423339722e+01
1.561405648596783990e+01 1.575123999932291774e+01
1.597092263010222624e+01 1.582679103717635982e+01
1.602382442346702618e+01 1.612856882057954877e+01
1.634284881393100264e+01 1.621911253615646942e+01
1.643218425622930923e+01 1.650936108300106753e+01
1.672735641674178808e+01 1.663241547141408461e+01
1.680695150200130428e+01 1.689456554862703186e+01
1.709705925211628497e+01 1.695752426377650579e+01
1.719334460838352285e+01 1.727558646745173476e+01
1.747623469797873952e+01 1.738510202938460836e+01
1.760871381002429814e+01 1.765643113603076486e+01
1.786855573933860342e+01 1.774995203354503559e+01
1.806466840578130117e+01 1.792759347816631177e+01
1.826047484344598359e+01 1.814840862419354295e+01
1.847477054662751073e+01 1.835673245877698889e+01
1.865024891063972490e+01 1.849846771556652669e+01
1.872602352120248526e+01 1.881969677486705805e+01
1.903128763001929258e+01 1.891939929044307789e+01
1.923366481607071421e+01 1.906334225660523884e+01
1.941787206854728964e+01 1.935783646149291215e+01
1.953843439975917562e+01 1.961080835698972180e+01
1.981391752173226095e+01 1.971847135824532771e+01
