0.000000000000000000e+00 0.000000000000000000e+00
6.722008686052621806e-02 1.453918196453145018e-01
3.588969281569373559e-01 3.894902136057633579e-01
5.490871653688457199e-01 5.789359542126188973e-01
7.758001226603457035e-01 7.721995112685082763e-01
9.711325311750368394e-01 9.790728928746337267e-01
1.149240262136415280e+00 1.185150385038070686e+00
1.342900821237559050e+00 1.379920724114653829e+00
1.573574563388223213e+00 1.538236364659567590e+00
1.771052466849616369e+00 1.732166489917368102e+00
1.937676664436176921e+00 1.972755693338688943e+00
2.130004457937492379e+00 2.174329633182077171e+00
2.324459036697160919e+00 2.372891487615758521e+00
2.529836681699315637e+00 2.577559540674308369e+00
2.723999850318895799e+00 2.755914416134370271e+00
2.952308048133832408e+00 2.922696857269677206e+00
3.118203622356597204e+00 3.148381479875131728e+00
3.342234791451823117e+00 3.296460829084661093e+00
3.488019047940865924e+00 3.527225634256837772e+00
3.720648422865297178e+00 3.693405723489284309e+00
3.911626483453819692e+00 3.927929226666821982e+00
4.128420885895792480e+00 4.095666862887624937e+00
4.329455673578581631e+00 4.294716636268717025e+00
4.531378368882743146e+00 4.501148947247235022e+00
4.738366336459475470e+00 4.701849624624616197e+00
4.935733110666793877e+00 4.892474559065812301e+00
5.094180156666850756e+00 5.130254307259781932e+00
5.298302669662273701e+00 5.326809527527008647e+00
5.515687639922199459e+00 5.478275868631969026e+00
5.699272323372143845e+00 5.666750078715958594e+00
5.873012961230564599e+00 5.903154563196432392e+00
6.100868867075601720e+00 6.052748100543883680e+00
6.245402651421357199e+00 6.294849024340245514e+00
6.510830116284846980e+00 6.440490087439846079e+00
6.655735902260539127e+00 6.708555417587967362e+00
6.905162969897935099e+00 6.818095299266521359e+00
7.003667178093288648e+00 7.110260593299225995e+00
7.309475138204575728e+00 7.226165971788978126e+00
7.429477801101413981e+00 7.510472243540887050e+00
7.633739684277917270e+00 7.712557839147282657e+00
7.913180670802514527e+00 7.816106784838259713e+00
8.010011270468583078e+00 8.107466457134920645e+00
8.301441530936072510e+00 8.200722660539787157e+00
8.497245120604743462e+00 8.404399819131548099e+00
8.605799677262748304e+00 8.694780867207605013e+00
8.898254596233957869e+00 8.811329224956502060e+00
9.101672556097254230e+00 9.007562792811201646e+00
9.291836536527922519e+00 9.178546452504233955e+00
9.478984696715258451e+00 9.415009726794806966e+00
9.671020104471802270e+00 9.566537812844497779e+00
9.875475849148566354e+00 9.766539751975557238e+00
9.963483619968076965e+00 1.006362226172270624e+01
1.026149179032905145e+01 1.016857418027811555e+01
1.045697456096565148e+01 1.036466750991852237e+01
1.064943141789492209e+01 1.055969133198649601e+01
1.084672206777136338e+01 1.077646298330509467e+01
1.093190009797066153e+01 1.104503851252680313e+01
1.118612854113606048e+01 1.123398099428233188e+01
1.141543785474689088e+01 1.137594270819875142e+01
1.153440738500251683e+01 1.162486286991515350e+01
1.173068428079743697e+01 1.180397019608228071e+01
1.200968728367356420e+01 1.195094748374435589e+01
1.220429581783121797e+01 1.214011158562451698e+01
1.234635398678918605e+01 1.239884434684702974e+01
1.261050818244709859e+01 1.252917257174388510e+01
1.280273844557586571e+01 1.273486685846353694e+01
1.293553959882087057e+01 1.302565907962944181e+01
1.313291805027700221e+01 1.322805450904117386e+01
1.341233050263852533e+01 1.333399732150831341e+01
1.352741672265480233e+01 1.361464372169003312e+01
1.370939689005953888e+01 1.381927798839913279e+01
1.393786416131498029e+01 1.402496789986472336e+01
1.421106195850914844e+01 1.411090112069697611e+01
1.430912814550297441e+01 1.440143662129254132e+01
1.459199841235904849e+01 1.448201396511366035e+01
1.478766582299150656e+01 1.468325209379672458e+01
1.492727545509697862e+01 1.498251977339027086e+01
1.518634118224438190e+01 1.510992010413005815e+01
1.527163504103604730e+01 1.537855049158043563e+01
1.557684900193202715e+01 1.545522103634413824e+01
1.567677575927145028e+01 1.577125393523847130e+01
1.591576304278988552e+01 1.597891246832809919e+01
1.615620145990046552e+01 1.602327171085197932e+01
1.635237386170076945e+01 1.628346169080151284e+01
1.656217112204330988e+01 1.648153865619589098e+01
1.665328491453184867e+01 1.674395423081913137e+01
1.694707757955132266e+01 1.681746275229429344e+01
1.703409475717944233e+01 1.713926517835522390e+01
1.722891265422287788e+01 1.733306223760617115e+01
1.745313679552890562e+01 1.753872398623427387e+01
1.762720662813220329e+01 1.772240275019722588e+01
1.783080085435714324e+01 1.793030904692610861e+01
1.814328701744305050e+01 1.801667030654769519e+01
1.833847459840119143e+01 1.817489981500243346e+01
1.851294292300099897e+01 1.844790928771998750e+01
1.872168163704390764e+01 1.863962105378257661e+01
1.891839594953413695e+01 1.880405446637049494e+01
1.912671679198156127e+01 1.900220872783940607e+01
1.921829365362208009e+01 1.930493510658841316e+01
1.939609140414335187e+01 1.951289054275964219e+01
1.971804808734189152e+01 1.959910191415706038e+01
