0.000000000000000000e+00 0.000000000000000000e+00
0.000000000000000000e+00 0.000000000000000000e+00
0.000000000000000000e+00 0.000000000000000000e+00
0.000000000000000000e+00 0.000000000000000000e+00
0.000000000000000000e+00 0.000000000000000000e+00
0.000000000000000000e+00 0.000000000000000000e+00
0.000000000000000000e+00 0.000000000000000000e+00
0.000000000000000000e+00 0.000000000000000000e+00
0.000000000000000000e+00 0.000000000000000000e+00
0.000000000000000000e+00 0.000000000000000000e+00
0.000000000000000000e+00 0.000000000000000000e+00
3.837784599111686984e-02 -4.512416752304277551e-02
1.478660087747636354e-01 0.000000000000000000e+00
4.186674108121839905e-02 0.000000000000000000e+00
1.709136702833930765e-01 0.000000000000000000e+00
1.025792523587264471e-01 0.000000000000000000e+00
0.000000000000000000e+00 6.138670454916285435e-02
2.112422262766446845e-01 0.000000000000000000e+00
4.238522388836042376e-01 0.000000000000000000e+00
1.900998912675871955e+00 6.454026658537961758e+00
3.843071830349802820e+00 6.531121062605757643e+00
6.431087161573344702e+00 6.647706540193344615e+00
6.718030407914445057e+00 6.695195970959160192e+00
6.836422860767629395e+00 6.907109619354555363e+00
6.915635758198610539e+00 7.052398642915636451e+00
7.142302462100419191e+00 7.237935201691667153e+00
7.289503843576290443e+00 7.371948048225684502e+00
7.471285639125683886e+00 7.440481298778177432e+00
7.591479503837748943e+00 7.762444652697745084e+00
7.732776497575596153e+00 7.909603420628603665e+00
7.906115188616618994e+00 8.070298614744878307e+00
8.083354792131688171e+00 8.218560872176333021e+00
8.231907466879198054e+00 8.357336506831892109e+00
8.487924577730272091e+00 8.406571763983766488e+00
8.625480675420973853e+00 8.549232890296098120e+00
8.693526600643693314e+00 8.787549748142408745e+00
8.929783423525080366e+00 8.830533416417749137e+00
8.994450240223370585e+00 9.088322900312746810e+00
9.168680529751483732e+00 9.243496549021568143e+00
9.390768269046853689e+00 9.315371574007293987e+00
9.550250129004128397e+00 9.467536918384331202e+00
9.707838373630687911e+00 9.632689621674510150e+00
9.876024530523229927e+00 9.757861504570998434e+00
1.003800243090402589e+01 9.914515590322398708e+00
1.020289671941520737e+01 1.009736711556153033e+01
1.035963025076773647e+01 1.027196813415542209e+01
1.052750107829790593e+01 1.040276874685083897e+01
1.068705049296694121e+01 1.056601678441415793e+01
1.085921850418757373e+01 1.074052516529061663e+01
1.101451342408630119e+01 1.094194154492114635e+01
1.118739772025274704e+01 1.109789922485108349e+01
1.136510496827084715e+01 1.126960186555222343e+01
1.153663691852787920e+01 1.142259591705134980e+01
1.171084209296527234e+01 1.162092480948641970e+01
1.187365745381273463e+01 1.170493133737704206e+01
1.204490259626122040e+01 1.198174081877879971e+01
1.222246835120225228e+01 1.212926641578092202e+01
1.238758363667525408e+01 1.229762407420148485e+01
1.256494252883871532e+01 1.244124864911272965e+01
1.273205522422090930e+01 1.262678612563932745e+01
1.290511646761952491e+01 1.280839649053724827e+01
1.309000820535137954e+01 1.293519886378113881e+01
1.326496304803827897e+01 1.318906872862231339e+01
1.345159405565164690e+01 1.331762319002780615e+01
1.362724980234223437e+01 1.348183737563161522e+01
1.381398825150456311e+01 1.365578825321762402e+01
1.398893285536003717e+01 1.384910937925452679e+01
1.417650985589786039e+01 1.401933310191582471e+01
1.435172391481352427e+01 1.415159464698965230e+01
1.453322584022101616e+01 1.436263929305355980e+01
1.471384957662404780e+01 1.446297565736665547e+01
1.490131900673993925e+01 1.472524778168540216e+01
1.508520003237817342e+01 1.492758320530314542e+01
1.527643284068565954e+01 1.508916251852606649e+01
1.545462159394595325e+01 1.522047772492087070e+01
1.563380620523843589e+01 1.546389585576760872e+01
1.582734906899943539e+01 1.565248608996465229e+01
1.601764455504569895e+01 1.572845293716684800e+01
1.621043933192759923e+01 1.592762814883985456e+01
1.639414042396969151e+01 1.621674589589900961e+01
1.660037146861309054e+01 1.641362334475050133e+01
1.678298039125566987e+01 1.650144453243038001e+01
1.697046444226908690e+01 1.670174576038521508e+01
1.716723090149070075e+01 1.691178154511601406e+01
1.736453774275980422e+01 1.711705259769085075e+01
1.754582336876244497e+01 1.726216918976468051e+01
1.772920161529162897e+01 1.750762992660474637e+01
1.791586325878201436e+01 1.756906596328137127e+01
1.810541595131982717e+01 1.776696415514724237e+01
1.829826771429147669e+01 1.796836987823140674e+01
1.848235519618342337e+01 1.810674502752052817e+01
1.866907426158875793e+01 1.832343253644357972e+01
1.885025936804180446e+01 1.851954188914421096e+01
1.903864258547496391e+01 1.864634777578084979e+01
1.923101968406494322e+01 1.902304795486370992e+01
1.941894489166395843e+01 1.906748549888905586e+01
1.960690246129427194e+01 1.925258570544560044e+01
1.979032593151750063e+01 1.945385275783207391e+01
1.998027617802835465e+01 1.964247029695703972e+01
2.017803911673483341e+01 1.973607201937089783e+01
2.036302258618657035e+01 2.001488287594896320e+01
