0.000000000000000000e+00 0.000000000000000000e+00
0.000000000000000000e+00 0.000000000000000000e+00
0.000000000000000000e+00 0.000000000000000000e+00
0.000000000000000000e+00 0.000000000000000000e+00
0.000000000000000000e+00 0.000000000000000000e+00
0.000000000000000000e+00 0.000000000000000000e+00
0.000000000000000000e+00 0.000000000000000000e+00
0.000000000000000000e+00 0.000000000000000000e+00
0.000000000000000000e+00 0.000000000000000000e+00
0.000000000000000000e+00 0.000000000000000000e+00
0.000000000000000000e+00 0.000000000000000000e+00
0.000000000000000000e+00 0.000000000000000000e+00
0.000000000000000000e+00 0.000000000000000000e+00
0.000000000000000000e+00 0.000000000000000000e+00
0.000000000000000000e+00 0.000000000000000000e+00
0.000000000000000000e+00 0.000000000000000000e+00
0.000000000000000000e+00 0.000000000000000000e+00
0.000000000000000000e+00 0.000000000000000000e+00
1.214547716742964134e-02 4.241909190128496654e-01
5.399853622457792546e-02 1.799572961735468102e+00
7.958757958587494574e-01 0.000000000000000000e+00
7.575398114630453872e-01 0.000000000000000000e+00
0.000000000000000000e+00 6.569186862416637851e+00
5.002936641392107475e+00 7.095122492426555461e+00
6.579294363587087524e+00 7.163453955205921098e+00
7.072161538208999509e+00 7.302687262255817657e+00
7.385039018908355679e+00 7.484260939212363795e+00
7.562491220138131354e+00 7.509125314759590886e+00
7.640179791519032371e+00 7.791500918818525356e+00
7.815461742166871062e+00 7.928724219981437393e+00
8.045700022123615014e+00 7.987433418618126169e+00
8.178051508373105349e+00 8.124824400744673270e+00
8.254061027843246023e+00 8.369592488593749380e+00
8.429687368677143411e+00 8.521247845839804214e+00
8.614494706822350523e+00 8.654299973686507386e+00
8.799069527147873160e+00 8.750846459704236580e+00
8.942549688294766597e+00 8.897239286225032018e+00
9.093356045290960310e+00 9.047558871440338990e+00
9.246671080062974113e+00 9.145344783507921349e+00
9.389813894436192854e+00 9.307246653452166285e+00
9.538002633559500509e+00 9.471919921860303404e+00
9.699089770167612201e+00 9.630408811654545431e+00
9.854856302206471241e+00 9.776465078253139040e+00
1.002166716866681284e+01 9.906299507089631362e+00
1.019438539222164231e+01 1.012218106518779237e+01
1.035240239527541384e+01 1.027710750824458508e+01
1.051825162812092351e+01 1.044149466148158645e+01
1.069278819910909206e+01 1.057383765760332039e+01
1.086702482734452602e+01 1.077822696815355030e+01
1.103024525452731908e+01 1.090624215831518562e+01
1.120241326924712588e+01 1.112518755754199162e+01
1.137075244412557851e+01 1.129657068453479063e+01
1.154420170174837779e+01 1.146615337519111755e+01
1.171807929787407865e+01 1.158093937828599707e+01
1.188478553054234865e+01 1.171739174183348453e+01
1.207261016698225298e+01 1.193433979740921203e+01
1.225028100157763866e+01 1.205452613531089590e+01
1.242511811279065270e+01 1.218507580471863605e+01
1.260830069434846301e+01 1.248998196406998495e+01
1.279111746706020014e+01 1.265514544374415884e+01
1.296188199897513549e+01 1.276620558645785408e+01
1.314378748787179063e+01 1.290790058153742415e+01
1.332124854088857191e+01 1.313252993067284891e+01
1.349620338598499281e+01 1.333004284825629604e+01
1.368549654557892126e+01 1.349523647524672754e+01
1.386602886070304663e+01 1.372784033284740524e+01
1.405190964616106086e+01 1.383270228725183593e+01
1.423497043857934941e+01 1.398095048054763367e+01
1.442554193345090674e+01 1.422432851071232385e+01
1.460375459795588426e+01 1.433135451387004622e+01
1.478193473653119483e+01 1.450361734338205011e+01
1.497034087919698564e+01 1.480379495604964113e+01
1.514441972837223638e+01 1.493418459682816746e+01
1.532406850975095836e+01 1.506721624042478780e+01
1.551021607860307938e+01 1.521493792599558326e+01
1.569330397261054522e+01 1.542528224446603780e+01
1.587943297859567338e+01 1.563295993502052283e+01
1.606732978696928171e+01 1.581892109276071245e+01
1.625374532103034042e+01 1.596817387511436870e+01
1.643639509725653625e+01 1.613554313916471727e+01
1.663366649510182071e+01 1.632259884496206936e+01
1.682608946095027136e+01 1.646286429965849152e+01
1.701415913677677594e+01 1.665149801055401113e+01
1.719261425962113066e+01 1.687000124745618024e+01
1.739739180723700684e+01 1.706188083616383011e+01
1.756466164214617720e+01 1.732413617261786598e+01
1.776726365229357896e+01 1.745813142202225876e+01
1.795548766388622752e+01 1.758915125948989910e+01
1.812982495571024444e+01 1.773574847079359884e+01
1.831709887042976703e+01 1.791190552275310210e+01
1.850352455846305233e+01 1.810914006679743693e+01
1.869851888969557407e+01 1.835149300779400150e+01
1.890151848190764383e+01 1.849602662112096496e+01
1.908506564062548350e+01 1.864264308316921159e+01
1.928506167891379874e+01 1.887139668373171730e+01
1.947757551254262154e+01 1.899101855759827018e+01
1.966621104224429573e+01 1.927607707465030273e+01
1.986106986606733571e+01 1.940509975904679152e+01
2.003785151278302479e+01 1.961966782595170855e+01
2.023703881561061024e+01 1.982644879542775485e+01
2.042721961516384965e+01 1.993272914606248136e+01
