0.000000000000000000e+00 0.000000000000000000e+00
0.000000000000000000e+00 0.000000000000000000e+00
0.000000000000000000e+00 0.000000000000000000e+00
2.965697616743738843e-02 -1.089857711531305035e-02
1.549459337901540223e+00 2.621043987145324827e+00
2.881912338382162098e+00 2.880757683622122922e+00
2.909528516370295748e+00 2.910492738308779082e+00
2.923259103085061650e+00 2.924299192839723727e+00
2.972088940027678650e+00 2.973356985726968826e+00
3.049826487195300473e+00 3.044127392500994400e+00
3.175430556445569596e+00 3.297818998554077563e+00
3.336352793638448055e+00 3.496183284022010174e+00
3.477428461063854392e+00 3.721260188671692060e+00
3.693412224856525317e+00 3.942044500612310820e+00
3.914349331372393159e+00 4.156823650600546038e+00
4.143303488241360633e+00 4.339693230516624034e+00
4.376282052518673638e+00 4.541746221461486321e+00
4.573570215252844129e+00 4.717548337442521778e+00
4.793069388348626170e+00 4.910756257287403947e+00
4.958794958926194596e+00 5.094575735021999563e+00
5.143463148440842403e+00 5.266623428102287896e+00
5.329101397995320788e+00 5.450297270823964979e+00
5.517748542614817175e+00 5.629709120066960004e+00
5.689114049138320972e+00 5.806846042634450811e+00
5.853219449512151229e+00 5.992280979170244493e+00
6.061436285411725855e+00 6.155285551636755947e+00
6.238085928235023836e+00 6.316334565061376694e+00
6.459072045616035318e+00 6.376923468095926140e+00
6.572122999993601056e+00 6.651096624666380741e+00
6.729238303922279840e+00 6.829714741837633163e+00
6.885503023862002081e+00 7.011166522834586523e+00
7.162625831920732544e+00 7.086033278650863743e+00
7.225513859259041105e+00 7.352265347039103283e+00
7.517856907660210197e+00 7.423236175230516487e+00
7.578045868417409459e+00 7.707300342621999256e+00
7.767463428526176550e+00 7.888630652551965383e+00
7.955701243619469842e+00 8.068792952771621785e+00
8.239789976714561703e+00 8.107822499526545101e+00
8.298187292431439488e+00 8.435510901299021924e+00
8.601648633187512161e+00 8.460489342465544738e+00
8.639326259470296421e+00 8.782182393216743321e+00
8.830763709950264939e+00 8.962383435972061108e+00
9.135566941852543366e+00 8.999856923155046928e+00
9.315535306519810987e+00 9.178438215246318421e+00
9.344654521685505699e+00 9.502483752446400089e+00
9.675705975075150178e+00 9.553568302039471050e+00
9.859308141037635309e+00 9.714559533922317414e+00
1.005887159614944615e+01 9.865484296895386862e+00
1.023776766119975257e+01 1.005412051073142798e+01
1.041386767664737256e+01 1.020323061246383389e+01
1.059113447330229896e+01 1.044065231093628832e+01
1.076412167566058464e+01 1.061787315039751078e+01
1.094941747869550674e+01 1.079228766730766331e+01
1.111313196869724074e+01 1.094010472447137872e+01
1.129970409935540587e+01 1.115763502693244114e+01
1.131454429826402652e+01 1.148218206683899467e+01
1.152128054890385833e+01 1.165680407292672527e+01
1.184212610333554849e+01 1.165654409112040035e+01
1.203752602432139440e+01 1.189974060046873561e+01
1.221609988290755489e+01 1.204000177789773218e+01
1.239781893868353002e+01 1.226506243577699884e+01
1.241352824763894169e+01 1.257467738904170851e+01
1.276698202923990344e+01 1.260895417302299393e+01
1.280574962840978159e+01 1.293691895845407558e+01
1.313913129884561037e+01 1.300606815337638444e+01
1.331789838820986027e+01 1.317095574223852061e+01
1.349863956181921587e+01 1.337527439600749979e+01
1.358259097271614557e+01 1.366987912002466743e+01
1.367273102652504946e+01 1.384428673702442758e+01
1.403881596885515215e+01 1.392735476921872007e+01
1.422913827190512670e+01 1.416462557380256548e+01
1.442543497210483494e+01 1.425069016381162790e+01
1.461756825038112417e+01 1.449449259661877676e+01
1.481139153539374220e+01 1.466830551162026808e+01
1.500146927843953470e+01 1.475926398491258773e+01
1.520201287376452370e+01 1.499376640219215417e+01
1.538649544510698242e+01 1.520566392085848761e+01
1.558845948298980133e+01 1.543238469250814937e+01
1.577762764133011864e+01 1.561587711900694408e+01
1.597049109598582639e+01 1.582465911666689884e+01
1.616779382810711851e+01 1.599331525450008762e+01
1.619365385740638530e+01 1.632157506258980817e+01
1.653965282316231011e+01 1.635273430879493262e+01
1.673842401544653669e+01 1.649447242190147378e+01
1.693261893891378378e+01 1.665731562130081045e+01
1.712239763947787807e+01 1.687365710231204119e+01
1.708952410516930343e+01 1.727368268089384173e+01
1.750877528415411533e+01 1.720877775417167399e+01
1.768349003243968909e+01 1.750455074715412707e+01
1.790518387528147670e+01 1.765496663761910412e+01
1.808569694646789827e+01 1.787786809200467886e+01
1.826317780951475456e+01 1.797151783517803381e+01
1.847779359374271024e+01 1.816359216856239200e+01
1.866623458593749874e+01 1.843169914093431316e+01
1.887712367610220809e+01 1.856201836866804555e+01
1.906967732907231650e+01 1.882004789634123654e+01
1.924430707274101238e+01 1.898252134275242398e+01
1.943829063583136829e+01 1.915415263994577089e+01
1.964851361312825517e+01 1.941166095527987423e+01
1.954312228233894899e+01 1.976171808897802151e+01
2.001527601997311834e+01 1.977276996429118228e+01
