0.000000000000000000e+00 0.000000000000000000e+00
0.000000000000000000e+00 0.000000000000000000e+00
0.000000000000000000e+00 0.000000000000000000e+00
0.000000000000000000e+00 0.000000000000000000e+00
0.000000000000000000e+00 0.000000000000000000e+00
0.000000000000000000e+00 0.000000000000000000e+00
0.000000000000000000e+00 0.000000000000000000e+00
0.000000000000000000e+00 0.000000000000000000e+00
0.000000000000000000e+00 0.000000000000000000e+00
0.000000000000000000e+00 0.000000000000000000e+00
0.000000000000000000e+00 0.000000000000000000e+00
0.000000000000000000e+00 0.000000000000000000e+00
0.000000000000000000e+00 0.000000000000000000e+00
0.000000000000000000e+00 0.000000000000000000e+00
0.000000000000000000e+00 0.000000000000000000e+00
0.000000000000000000e+00 0.000000000000000000e+00
0.000000000000000000e+00 0.000000000000000000e+00
0.000000000000000000e+00 0.000000000000000000e+00
0.000000000000000000e+00 0.000000000000000000e+00
0.000000000000000000e+00 0.000000000000000000e+00
0.000000000000000000e+00 0.000000000000000000e+00
5.344777943370780271e+00 8.433938293213060433e+00
5.481497353613682399e-01 5.481962323372904677e+00
4.125770369642403068e+00 7.044642356321688226e+00
3.633949692428708911e+00 7.273561643367657759e+00
7.254460348117688362e+00 7.420503983858189656e+00
7.404607427690038435e+00 7.546052155347668489e+00
7.602172192327416589e+00 7.708322258545287298e+00
7.807459380705088492e+00 7.739730221093394036e+00
7.934330792482739980e+00 7.854479629614467662e+00
8.024461013387231390e+00 8.126193184773313760e+00
8.196540731730660667e+00 8.250868039599703607e+00
8.378711821642770730e+00 8.345410976996927133e+00
8.519155027828572813e+00 8.461576749690031818e+00
8.630404071926191634e+00 8.686648119080903285e+00
8.820439022938797891e+00 8.783090375013481221e+00
8.932993723889637749e+00 8.967336812867291229e+00
9.119255804890210371e+00 9.086896756596059888e+00
9.271912404341524194e+00 9.219677151486706634e+00
9.420730154623184305e+00 9.388448307521203517e+00
9.570777701707461560e+00 9.499855954935148006e+00
9.737766505824597019e+00 9.669605755728648333e+00
9.893794356478869290e+00 9.851333243407239593e+00
1.004426399462036024e+01 9.982950980184615020e+00
1.020604083009552454e+01 1.015211511190985050e+01
1.036782197612508583e+01 1.033280672162705294e+01
1.053563339991023717e+01 1.050175161637599253e+01
1.070774440006051975e+01 1.060065189320122236e+01
1.086778817320959689e+01 1.077856985347940544e+01
1.103091549922861958e+01 1.094365912230808213e+01
1.121317303505503382e+01 1.111646966705617778e+01
1.137406437460663433e+01 1.128923994278984466e+01
1.155473565529147173e+01 1.143881991240004403e+01
1.172444205952383811e+01 1.162381162167046611e+01
1.190364755733152435e+01 1.178562883073531431e+01
1.209177911733567079e+01 1.199660007677031714e+01
1.226167046039269870e+01 1.211959768957641437e+01
1.243405569359014606e+01 1.232323276073549145e+01
1.262282010516656605e+01 1.248509412046441902e+01
1.280107348214397156e+01 1.265503245158332923e+01
1.297547032055888039e+01 1.285291259841167921e+01
1.315176411861070882e+01 1.297735767138641982e+01
1.333405214303683550e+01 1.314124536886586370e+01
1.350570583468809360e+01 1.336520560672474112e+01
1.369100722219684130e+01 1.353843810748146126e+01
1.386737233611483333e+01 1.355173790223624763e+01
1.404371380837984518e+01 1.386320326903306110e+01
1.423176682951245553e+01 1.400971933254740875e+01
1.440684399250006287e+01 1.419496573666834216e+01
1.460670253020962051e+01 1.430705255452059710e+01
1.477080991559246037e+01 1.456279556972780931e+01
1.495943780383437272e+01 1.468681932762483022e+01
1.515699045604451101e+01 1.492837832886904437e+01
1.532558649632178138e+01 1.502075752108446949e+01
1.553011189415023985e+01 1.522492824931217115e+01
1.570613376732351796e+01 1.548171785441664916e+01
1.588803416663403922e+01 1.566665079779068570e+01
1.606094266546698179e+01 1.577640698869211811e+01
1.624987916374537633e+01 1.601646151681847385e+01
1.643294180291596263e+01 1.617531887864607398e+01
1.661683459749286840e+01 1.630900657474400006e+01
1.680858452040063256e+01 1.654223422836290780e+01
1.699698826520442907e+01 1.670865301060521446e+01
1.716529232610737310e+01 1.684170732253047476e+01
1.736026902236995539e+01 1.704097418763743477e+01
1.754912092694050685e+01 1.720165066265512266e+01
1.772014843703150788e+01 1.744152788600140980e+01
1.792156785426114851e+01 1.758637133852755952e+01
1.810972644381041619e+01 1.777255782250415805e+01
1.829249837449174265e+01 1.792789777747236357e+01
1.848997543388786369e+01 1.811613718343053137e+01
1.866424987514754363e+01 1.823136073124104684e+01
1.883829150695083499e+01 1.848010109233538145e+01
1.905647523653992437e+01 1.876515533362387345e+01
1.922425820073825165e+01 1.880988775352295761e+01
1.941624752482756122e+01 1.893509197937405730e+01
1.960008533084062421e+01 1.912657875884282532e+01
1.978693653214042314e+01 1.930493311575346738e+01
1.998104373546769708e+01 1.957022420716828748e+01
2.018089560236776947e+01 1.966792064837227372e+01
2.037421721127945062e+01 1.995025644536875831e+01
