0.000000000000000000e+00 0.000000000000000000e+00
0.000000000000000000e+00 0.000000000000000000e+00
0.000000000000000000e+00 0.000000000000000000e+00
0.000000000000000000e+00 0.000000000000000000e+00
0.000000000000000000e+00 0.000000000000000000e+00
0.000000000000000000e+00 0.000000000000000000e+00
0.000000000000000000e+00 0.000000000000000000e+00
0.000000000000000000e+00 0.000000000000000000e+00
0.000000000000000000e+00 0.000000000000000000e+00
0.000000000000000000e+00 0.000000000000000000e+00
0.000000000000000000e+00 0.000000000000000000e+00
0.000000000000000000e+00 0.000000000000000000e+00
0.000000000000000000e+00 0.000000000000000000e+00
0.000000000000000000e+00 0.000000000000000000e+00
0.000000000000000000e+00 1.527354677173329955e+00
0.000000000000000000e+00 0.000000000000000000e+00
1.020893598775789723e-01 2.505277769925874642e-02
1.412440622916356636e+00 5.440127314884015242e+00
1.546080023739347276e+00 6.399864941784652039e+00
6.127121778740587388e+00 6.539631786750866205e+00
6.571131278805210307e+00 6.570682598034034427e+00
6.680299424004539688e+00 6.690604485844453109e+00
6.797522218792710014e+00 6.778127265670709889e+00
6.918956336881749714e+00 7.027259823811804473e+00
7.044408079715953619e+00 7.088506463461644813e+00
7.193809675961076344e+00 7.180311175973907112e+00
7.332579026211883289e+00 7.431935579562218841e+00
7.480669273265393215e+00 7.580299457547973851e+00
7.655900853391748306e+00 7.696647747533950756e+00
7.780968568762133053e+00 7.904253894506495293e+00
7.928940017057160894e+00 8.068354261695469987e+00
8.095912969890045829e+00 8.215533414300759674e+00
8.238930260823273954e+00 8.369770488259407060e+00
8.423144480650019972e+00 8.513015012426103922e+00
8.646481460084570969e+00 8.543639590393302896e+00
8.796028018849249008e+00 8.725016983081184563e+00
8.858677452664537100e+00 8.947110531170043402e+00
9.091839452378222219e+00 9.032910076333944716e+00
9.239897829648018757e+00 9.174343465046543855e+00
9.392767751936293763e+00 9.324415793122335927e+00
9.546474702160248071e+00 9.472837336438299616e+00
9.703413888645947338e+00 9.624581455180683420e+00
9.864553631749950924e+00 9.767100714966877817e+00
1.001314944827121778e+01 9.938643502770585059e+00
1.017653824851038102e+01 1.008600237130274202e+01
1.034244853209306214e+01 1.027024460984522136e+01
1.049419126520874812e+01 1.042881206045805165e+01
1.066583758676687488e+01 1.060548915561635397e+01
1.082846403007389036e+01 1.077400424355059272e+01
1.101345917173677513e+01 1.093813559334289565e+01
1.118343967773262904e+01 1.107285907034516725e+01
1.135088155088664585e+01 1.124040888866641730e+01
1.151497864604278831e+01 1.142017721038215683e+01
1.169364650264330763e+01 1.153965571443349525e+01
1.185515413345868652e+01 1.175255221038052511e+01
1.203398104171580130e+01 1.198204744933336841e+01
1.221197783917443225e+01 1.210837828302871166e+01
1.239353153478878156e+01 1.230992180044832729e+01
1.256794294849862936e+01 1.246281386537726377e+01
1.273920792103726285e+01 1.267466618824919067e+01
1.292220441135024522e+01 1.274720659068438522e+01
1.311222990772403740e+01 1.299477830140730461e+01
1.328177261449656221e+01 1.321599920022014096e+01
1.346466718192098710e+01 1.336648045872772705e+01
1.364636174045181960e+01 1.354148071034110856e+01
1.382546784432343401e+01 1.374173670458598195e+01
1.400890086867936724e+01 1.388200283894233067e+01
1.419464108208041964e+01 1.403516331910523540e+01
1.438957922065424988e+01 1.422655121815585133e+01
1.456650292157021021e+01 1.437846816867731725e+01
1.475571737568175124e+01 1.452258542563666666e+01
1.493865372346304277e+01 1.476786966038528881e+01
1.512022882035655513e+01 1.502641391495022027e+01
1.529768492280524050e+01 1.513728887347298091e+01
1.548161244795671720e+01 1.531887138578571772e+01
1.566928285936173637e+01 1.548887322112011233e+01
1.583825923807734171e+01 1.563345792334980899e+01
1.602976765053458763e+01 1.577156949317000389e+01
1.620622834508770183e+01 1.596173766243891912e+01
1.640061283569232486e+01 1.611532167073301380e+01
1.657861583506015180e+01 1.634460720016551605e+01
1.677958347434872977e+01 1.653535359857416509e+01
1.697570175234322321e+01 1.673398304962342209e+01
1.714551251287378619e+01 1.680672138742713884e+01
1.733512609957232087e+01 1.713888140508009172e+01
1.754362894858090627e+01 1.733773628316459536e+01
1.771565799637687988e+01 1.747968103104110327e+01
1.790266396677410299e+01 1.762545010162731529e+01
1.808186315144834566e+01 1.783261804113024240e+01
1.826414597520883731e+01 1.800929071702669404e+01
1.847576256303669595e+01 1.826004245127878889e+01
1.864524720334858898e+01 1.832873272623694660e+01
1.883354456898621976e+01 1.860069838593116742e+01
1.903442825524085436e+01 1.873549362572613575e+01
1.922961521683255270e+01 1.898240886989415088e+01
1.942228145560107322e+01 1.912016151933215014e+01
1.960759928565668631e+01 1.931549103878663587e+01
1.980780258356013590e+01 1.949547020378836848e+01
1.998742306914699540e+01 1.968849035102452305e+01
2.019893980726266847e+01 1.979169810400941998e+01
2.038011875709527132e+01 2.006747215463694189e+01
