0.000000000000000000e+00 0.000000000000000000e+00
0.000000000000000000e+00 0.000000000000000000e+00
0.000000000000000000e+00 0.000000000000000000e+00
0.000000000000000000e+00 0.000000000000000000e+00
0.000000000000000000e+00 0.000000000000000000e+00
0.000000000000000000e+00 0.000000000000000000e+00
0.000000000000000000e+00 0.000000000000000000e+00
0.000000000000000000e+00 0.000000000000000000e+00
0.000000000000000000e+00 0.000000000000000000e+00
0.000000000000000000e+00 0.000000000000000000e+00
0.000000000000000000e+00 0.000000000000000000e+00
1.176158898332638481e-01 1.860950577162154285e-02
3.867176374368057612e-01 5.805160369556076200e-02
5.120821644002933937e+00 4.521417643019972843e+00
3.959483023026927118e+00 5.102837393955311995e+00
5.528220812075964830e+00 5.471074666984852897e+00
5.554173349921060598e+00 5.610690477085792160e+00
5.700379967787237767e+00 5.794304962329308140e+00
5.827346113523907967e+00 5.914615401850229937e+00
5.997766839791612625e+00 6.084436989997541900e+00
6.160540452329719585e+00 6.227087716993934485e+00
6.310837249627339496e+00 6.368963610106249895e+00
6.445337226659892060e+00 6.513952378736648896e+00
6.620099880099480139e+00 6.743923006511911566e+00
6.740389768702788054e+00 6.927334249267504518e+00
6.912725806786246707e+00 7.113932303994679351e+00
7.084252994888386112e+00 7.283133448785778619e+00
7.294454533131006002e+00 7.445201114353432459e+00
7.482507279024162017e+00 7.602189342463738342e+00
7.714960628757052241e+00 7.634651798376550502e+00
7.790797990567800646e+00 7.936747562913133436e+00
7.928643077613948265e+00 8.110091353729135477e+00
8.092375627486331879e+00 8.261038806251841393e+00
8.234819399255732364e+00 8.424539560473096600e+00
8.408406179914170053e+00 8.570158915788981702e+00
8.590535753156503418e+00 8.712262802518832672e+00
8.863315756452262661e+00 8.744024513528005471e+00
9.011024566145449555e+00 8.888060869018307386e+00
9.165143058696159528e+00 9.004126558020086435e+00
9.323795417585076351e+00 9.138377621001605888e+00
9.328866272908342694e+00 9.486672815500321931e+00
9.466228459507508575e+00 9.636488943671441376e+00
9.801718522643795950e+00 9.618899517188365778e+00
9.956622690055382918e+00 9.796933966223633661e+00
9.949743579629553025e+00 1.010468418056790085e+01
1.028312349348744803e+01 1.014693194844890023e+01
1.030710348626910466e+01 1.041941712436878653e+01
1.059701925760762897e+01 1.046040824218970222e+01
1.076293552706216872e+01 1.060704697598628421e+01
1.093855812124396287e+01 1.080322597757088765e+01
1.110407056439164464e+01 1.096981693340463693e+01
1.126658760205551069e+01 1.111081264548210079e+01
1.144577232840342695e+01 1.125070132557513425e+01
1.161661132486469405e+01 1.146141640603561918e+01
1.179242647874918504e+01 1.164221788505972732e+01
1.182447397275065271e+01 1.192224488280087691e+01
1.212657519387342120e+01 1.198407973312796138e+01
1.230240074794359373e+01 1.212282321628799941e+01
1.231396081758601291e+01 1.241726444849572353e+01
1.262313710823143786e+01 1.250186509195755491e+01
1.279625533600030352e+01 1.266102588109591842e+01
1.297712715718008170e+01 1.285474388784893307e+01
1.316152459149069820e+01 1.305413457377966147e+01
1.333693646424191392e+01 1.321346892385415828e+01
1.352091888511800732e+01 1.344538684452949795e+01
1.370861671069396692e+01 1.355348315326000019e+01
1.389250959651532469e+01 1.378396334886216223e+01
1.407505276179044706e+01 1.390466264558610732e+01
1.425307723670062465e+01 1.413883972821377988e+01
1.444892848283201658e+01 1.431153470275585704e+01
1.463296470415600758e+01 1.449640178256345635e+01
1.482436449559967961e+01 1.464598520946473847e+01
1.499748269882318397e+01 1.484012127541377879e+01
1.518694853040093662e+01 1.494515541014635396e+01
1.536929456513559167e+01 1.523198354449641023e+01
1.555911804206761495e+01 1.542050842844602876e+01
1.574738352271374531e+01 1.551744318936824740e+01
1.592434942452897673e+01 1.582290944495775697e+01
1.611215454354733012e+01 1.596385822985534020e+01
1.630000680518609357e+01 1.612576698621420590e+01
1.649585356144716641e+01 1.635804916148027743e+01
1.666635459676036035e+01 1.648884133608333968e+01
1.687962156973658878e+01 1.673492652931111735e+01
1.705535866985838211e+01 1.689300663728086249e+01
1.723906789055653377e+01 1.711498197073235161e+01
1.743809844728512815e+01 1.726383458068293208e+01
1.760740542621332594e+01 1.745313137539204007e+01
1.780994902082623810e+01 1.764150165068444664e+01
1.799367797911252254e+01 1.776150166844296763e+01
1.817530791962125392e+01 1.799886050591411646e+01
1.836578257563349226e+01 1.811338956193376504e+01
1.855938940344863042e+01 1.840125737849169951e+01
1.873665795643693954e+01 1.859608914071434782e+01
1.894429001661958623e+01 1.869027078914634998e+01
1.912839700707429458e+01 1.901383242238077642e+01
1.930540838091973299e+01 1.907424513195519467e+01
1.951599996308118889e+01 1.933740773615298636e+01
1.969418035073423567e+01 1.960026295589409528e+01
1.988940518313308559e+01 1.963830334648759646e+01
2.006891763787069749e+01 1.985307079548407216e+01
2.026839842722885265e+01 2.004513332025790362e+01
