0.000000000000000000e+00 0.000000000000000000e+00
0.000000000000000000e+00 0.000000000000000000e+00
0.000000000000000000e+00 0.000000000000000000e+00
2.620192375433768456e-02 0.000000000000000000e+00
7.817991439347582450e-03 0.000000000000000000e+00
2.755704997441336263e-02 2.545031453716638525e-01
3.471936611479815582e-01 7.468467520233498802e-02
3.524457012566199476e-01 7.961771430561715990e-01
8.782875829985702376e-01 9.627496333917866522e-01
1.031873533237910534e+00 1.085141854605192302e+00
1.156317856903191110e+00 1.190459414447863518e+00
1.300495943894272033e+00 1.266912370128021825e+00
1.405974090701402002e+00 1.380635995259353654e+00
1.518297746658956893e+00 1.493381358368575773e+00
1.635719827134396454e+00 1.606992429443648396e+00
1.748943590643591284e+00 1.725293175538527235e+00
1.852910115184992490e+00 1.836742437358846569e+00
1.970274708755374693e+00 1.937829881977978452e+00
2.081893062726346333e+00 2.045498562799577869e+00
2.161755720804503955e+00 2.185769566485238791e+00
2.303003410341082802e+00 2.272931439741945780e+00
2.413191086776190097e+00 2.401916441443255223e+00
2.525719890563169923e+00 2.493711620891224889e+00
2.650544130799461051e+00 2.616128229436073038e+00
2.764365459383240520e+00 2.731538381078794764e+00
2.881599261124948352e+00 2.829165457759566848e+00
2.995739352541790801e+00 2.945195454003418423e+00
3.107328382090365881e+00 3.042266712989805555e+00
3.223413597442584155e+00 3.161976384429076692e+00
3.340884180593275854e+00 3.289758124751833712e+00
3.455910519659557867e+00 3.394559071631984892e+00
3.579287729549993191e+00 3.521849559409120811e+00
3.691390910619969823e+00 3.626441841751353756e+00
3.805139272188501121e+00 3.745745022126208745e+00
3.919170384102374172e+00 3.872719639015161697e+00
4.032480683012551026e+00 3.969362688433943909e+00
4.150514519035439776e+00 4.094725782769973677e+00
4.264434120524028593e+00 4.186084891262008334e+00
4.379763081420319892e+00 4.312733510804976689e+00
4.489315733462922786e+00 4.420718590577830120e+00
4.602567643869137193e+00 4.520062227024879142e+00
4.709228061777292140e+00 4.628787688184408999e+00
4.823359587078445365e+00 4.748175035002655697e+00
4.936901477600996735e+00 4.864796402740847014e+00
5.055883755293503867e+00 5.001928036263660005e+00
5.173171215347673879e+00 5.089837947341366409e+00
5.288177248378738149e+00 5.215234006042177128e+00
5.408564224341646742e+00 5.299106226382280127e+00
5.516213052200751754e+00 5.441263336838825460e+00
5.637673749354740416e+00 5.529242127469206736e+00
5.755624526644047556e+00 5.675370128541101344e+00
5.864910097871343986e+00 5.779419929712069859e+00
5.993985719992575234e+00 5.886404695704837486e+00
6.103678053472647136e+00 5.975116359815159761e+00
6.219569195172808485e+00 6.124069952038166065e+00
6.341955578709010055e+00 6.250089848770981504e+00
6.451546424833689564e+00 6.351983601635237342e+00
6.569727487332206906e+00 6.448815159889001336e+00
6.679072810970233753e+00 6.577667215623096197e+00
6.796984263571951956e+00 6.681280813481461855e+00
6.915028808694272833e+00 6.778023589255840697e+00
7.025727058682308623e+00 6.947457249109181276e+00
7.141054367701241468e+00 7.045025454396042441e+00
7.258625885460822325e+00 7.138638369389927796e+00
7.375618559233613425e+00 7.316161705347650646e+00
7.484997277026423035e+00 7.345910039008502146e+00
7.606580603824425246e+00 7.483916885168205191e+00
7.719677679233825529e+00 7.583195854602177377e+00
7.829660002875513669e+00 7.707840412888726789e+00
7.950139130612917882e+00 7.825387668846238043e+00
8.059210021845691685e+00 7.932177575593650332e+00
8.179079925996292744e+00 8.048388491155263225e+00
8.295975655623793799e+00 8.140770071504139338e+00
8.403088464614118180e+00 8.289801447006365009e+00
8.524835478960117285e+00 8.361646344663320463e+00
8.630860222310426266e+00 8.494525727804516535e+00
8.742505119504444977e+00 8.615765384146873984e+00
8.859175610612931351e+00 8.734918918228375517e+00
8.983939767272209664e+00 8.845350023030434272e+00
9.100280314832625450e+00 8.976010507134891014e+00
9.214734651167532320e+00 9.062536731188945538e+00
9.331710329138298121e+00 9.180281760255002865e+00
9.452226392801422961e+00 9.253687519475153778e+00
9.561873637522923630e+00 9.457382678207604698e+00
9.678222673222139250e+00 9.512535226329870142e+00
9.786898823055368624e+00 9.677950776415592316e+00
9.912802068459704685e+00 9.757802105510869239e+00
1.002067617681217193e+01 9.893859231011726152e+00
1.012980257219814995e+01 9.917776950385393420e+00
1.025062513535282172e+01 1.007652685458566744e+01
1.036347763669147959e+01 1.021881919002226802e+01
1.048196946016099140e+01 1.032241336597541626e+01
1.059372993651281725e+01 1.044837203434484607e+01
1.070662261428246431e+01 1.054378091970677289e+01
1.082899986874695486e+01 1.067678856061944437e+01
1.093847373142977730e+01 1.077846567560059299e+01
1.106149129396613162e+01 1.090105547932337693e+01
1.116489578279125894e+01 1.099516295696979817e+01
1.127909799437872351e+01 1.113619849923416361e+01
1.140670033968977215e+01 1.116989210546191025e+01
1.151450687861049005e+01 1.138508362995976952e+01
