0.000000000000000000e+00 0.000000000000000000e+00
2.798980598655490101e-05 0.000000000000000000e+00
9.827352992206352805e-03 -3.991696743616989472e-03
5.950239855435011244e-02 -4.203560303360328785e-04
8.600404387502859349e-02 2.584045989951694877e-01
2.309900587569079233e-01 3.816490963906577494e-01
4.890098701364429812e-01 4.623664746011941218e-01
5.862969614569772947e-01 5.582150975752053768e-01
6.796177289671343491e-01 6.618220236823514346e-01
7.738739822156012194e-01 7.469427986435948075e-01
8.665478377151586420e-01 8.406489794776292879e-01
9.539854185987013402e-01 9.176914985583267681e-01
1.042027009443751373e+00 1.014034126935585034e+00
1.130602804642251602e+00 1.090726475659434813e+00
1.222096969746752970e+00 1.177404388189816409e+00
1.306340610599369123e+00 1.281860319541482163e+00
1.394159281087820723e+00 1.337370700039132387e+00
1.477923766987454091e+00 1.443507510751275147e+00
1.565898488289124035e+00 1.526426137669271599e+00
1.657389929631559067e+00 1.614971054269121575e+00
1.743851802147639685e+00 1.709106821764663886e+00
1.831668645836757259e+00 1.785015173792877885e+00
1.919092666255358681e+00 1.862179647794749204e+00
2.004896372577486652e+00 1.979253351063269717e+00
2.092893036772406123e+00 2.044256130256037807e+00
2.180432946126781513e+00 2.142647696685709313e+00
2.270001394475670953e+00 2.212339077172183366e+00
2.355058753044687592e+00 2.300915205500602578e+00
2.444575343630837061e+00 2.407641486388282903e+00
2.536212947910480242e+00 2.485445998677711987e+00
2.621945356400788629e+00 2.568547958486713689e+00
2.708752208097077396e+00 2.650369626603512607e+00
2.796012774406947177e+00 2.743586293456348635e+00
2.883990995689018622e+00 2.833479183780883481e+00
2.969188839914709277e+00 2.909509472120813456e+00
3.053073790653559438e+00 2.997388447731684114e+00
3.138627952111090913e+00 3.083597729547346233e+00
3.223294415705269422e+00 3.184187919488901564e+00
3.312680843690309018e+00 3.248272293898567309e+00
3.399775310940841511e+00 3.356038774734982244e+00
3.486300447932197510e+00 3.446314140901149958e+00
3.573856822607656358e+00 3.521953124355372555e+00
3.665096291621461777e+00 3.612389118260995069e+00
3.753231086997856902e+00 3.682415002870756737e+00
3.837490339506600456e+00 3.795198055605050858e+00
3.927551863756252093e+00 3.853183791667232683e+00
4.012779876945757884e+00 3.943238203005476894e+00
4.100677546487347058e+00 4.026394876040381376e+00
4.187454507698146422e+00 4.117390743720835466e+00
4.272637388493967237e+00 4.207256547002136138e+00
4.357593564366118777e+00 4.281651970966524168e+00
4.445319576158223818e+00 4.360290685942720401e+00
4.534120859175522433e+00 4.455353460064154447e+00
4.621616067201216538e+00 4.549526994234214250e+00
4.705837845187037516e+00 4.628896522524778234e+00
4.793200193858117686e+00 4.736599440522081927e+00
4.879517021046795300e+00 4.793733296993473836e+00
4.965238906391777896e+00 4.840453254201614541e+00
5.054990955020398857e+00 4.969079831258138569e+00
5.149312765755023946e+00 5.067102973501564911e+00
5.234793675864279905e+00 5.149858196126041676e+00
5.322953463743248292e+00 5.245871009949117258e+00
5.408409569550389762e+00 5.291678292567040920e+00
5.491239362463930185e+00 5.404270835988850941e+00
5.583039023015538227e+00 5.494360068155962118e+00
5.671377646983360776e+00 5.566264831068862939e+00
5.760639609998685629e+00 5.659702686605100119e+00
5.852537732207765409e+00 5.760245463198860882e+00
5.937434182425455731e+00 5.869354853429926244e+00
6.026284623144379182e+00 5.929477095119402463e+00
6.112127882677580892e+00 6.026963772971667410e+00
6.196254826234810942e+00 6.086943765975501464e+00
6.286037428870883126e+00 6.187249859441423361e+00
6.371656958116327374e+00 6.265468031500524226e+00
6.462136921031384595e+00 6.355675303542232868e+00
6.542301361489852418e+00 6.418552588526362790e+00
6.635342401906714649e+00 6.532157574267166034e+00
6.719347432897454730e+00 6.615627547582251466e+00
6.810101016805966800e+00 6.697814415453565928e+00
6.896918381801976139e+00 6.753775469522911301e+00
6.982412477244458238e+00 6.878908609805117536e+00
7.061937435786192374e+00 6.966320608965172134e+00
7.152415000970587577e+00 7.079532542500821535e+00
7.232281383748366821e+00 7.143263741586997284e+00
7.317417701669024055e+00 7.256837426607813057e+00
7.408197381701865147e+00 7.285331518904919257e+00
7.496193760677476448e+00 7.376538745974712263e+00
7.583628818148260287e+00 7.512409231161774947e+00
7.673392268249187076e+00 7.560590809856509331e+00
7.764845965840687647e+00 7.697396432530207555e+00
7.844238407197613228e+00 7.737842054479047604e+00
7.940312981450347252e+00 7.852524203660085078e+00
8.026289739819231883e+00 7.919402659740638839e+00
8.107088768801833822e+00 8.024663505516915762e+00
8.201380580313315960e+00 8.067283939226392420e+00
8.282354296326904119e+00 8.156989383990902454e+00
8.368906337289118369e+00 8.247583706445233531e+00
8.455326008570500207e+00 8.351797436415063558e+00
8.548506050480481733e+00 8.437172406094187949e+00
8.630219316223881165e+00 8.547463099856347668e+00
8.716707953877106618e+00 8.627275357950580315e+00
