0.000000000000000000e+00 0.000000000000000000e+00
8.189156897725374026e-04 0.000000000000000000e+00
1.589397626040731440e-02 0.000000000000000000e+00
1.496386025550582588e-01 -1.816110206210887461e-03
2.025662026992184617e-01 1.078139664351194160e-03
3.229137717016931641e-01 1.201832859693394429e-01
4.158905925289926309e-01 5.637477199742884082e-01
6.626917139491090847e-01 6.840556551880863090e-01
7.924098263965070332e-01 7.753335086308187352e-01
8.945492859697141697e-01 8.856346405405105537e-01
1.002764173917342072e+00 9.890912432696439271e-01
1.108800382684450359e+00 1.091225804353157525e+00
1.217318864690639213e+00 1.184969530333271237e+00
1.321615618104293954e+00 1.294836369997317771e+00
1.423772802397356374e+00 1.407409772580252350e+00
1.523851372845450802e+00 1.503806749757223393e+00
1.624285579605560637e+00 1.597146384164538802e+00
1.728391475257581966e+00 1.696100475651494355e+00
1.831898950797058889e+00 1.799406715459462847e+00
1.936473816800692083e+00 1.899164250922164454e+00
2.039993417942933096e+00 1.989246982096712690e+00
2.141781822253858714e+00 2.098410953883387275e+00
2.243972707609122708e+00 2.202244791421785752e+00
2.342099411607974524e+00 2.300485727092232313e+00
2.446171151148244682e+00 2.423440834601294558e+00
2.549811249168864702e+00 2.518722554936177360e+00
2.647739181361085770e+00 2.611328556453519578e+00
2.753389662290213202e+00 2.698294141079585540e+00
2.850572839894761845e+00 2.814549796672757509e+00
2.957795044179275745e+00 2.910528865302061785e+00
3.058399747584713335e+00 3.021010697598135231e+00
3.166260908120207773e+00 3.107386852206404093e+00
3.269160084683937928e+00 3.209586663734488976e+00
3.370263341238240340e+00 3.301904061344233643e+00
3.475011707906706437e+00 3.415209412286273505e+00
3.574636740043326544e+00 3.517619612607560065e+00
3.678417169972983736e+00 3.600470860586562960e+00
3.776232754028347571e+00 3.712125149644426081e+00
3.879213503589634016e+00 3.827931662346045982e+00
3.982169913131800243e+00 3.905295814103418195e+00
4.084372110133025480e+00 4.028453893754939230e+00
4.181904187126527894e+00 4.119199622808609185e+00
4.285497155708896777e+00 4.184934519046193735e+00
4.383409866030369528e+00 4.303272525129913539e+00
4.491097707795701055e+00 4.434117832220544564e+00
4.594580981613295201e+00 4.523735100289534294e+00
4.699331410610446014e+00 4.614490940858333445e+00
4.799644176032268561e+00 4.717315880854110688e+00
4.899471485987737296e+00 4.787403574887072466e+00
5.003717615518315398e+00 4.902601917042569646e+00
5.102770526158456832e+00 5.023873111894813448e+00
5.211926250593653442e+00 5.132038660970571264e+00
5.311691995143129397e+00 5.218322248045523359e+00
5.409137270429226874e+00 5.313684361773147735e+00
5.511530385540640786e+00 5.418764654453887886e+00
5.616262691002260610e+00 5.506221756359680697e+00
5.713281066365616390e+00 5.613983114838906552e+00
5.816070705008247188e+00 5.741634383836163202e+00
5.912841982360253823e+00 5.799728852828358150e+00
6.017180485610692742e+00 5.941075471808808572e+00
6.121471198429911276e+00 6.054300436850075684e+00
6.232095570003964191e+00 6.112858443473824011e+00
6.329806161528158448e+00 6.224401725436624844e+00
6.433261980251251622e+00 6.313783966627271482e+00
6.532340822199558694e+00 6.471705238676703331e+00
6.634102657164696382e+00 6.545383714091663307e+00
6.738556960660472051e+00 6.600731010134998300e+00
6.843376453785777969e+00 6.743251725566341115e+00
6.948204103746031812e+00 6.849107095087893171e+00
7.049441230923195079e+00 6.927422091747186705e+00
7.157578348944296565e+00 7.017605948298850649e+00
7.260313972579070629e+00 7.131685010376088485e+00
7.358601446474290597e+00 7.258515398640493999e+00
7.454429365486932468e+00 7.335488669233274805e+00
7.556175296577024803e+00 7.448889544892026038e+00
7.658224898225178379e+00 7.516610186642125768e+00
7.762899723776403249e+00 7.618753790965020478e+00
7.866595853907783820e+00 7.749738583355334498e+00
7.967647389490047694e+00 7.828950310488661302e+00
8.077662830586254117e+00 7.988842052510809033e+00
8.178963368225774744e+00 8.090851529140524079e+00
8.276152017006781492e+00 8.182223182860738575e+00
8.371479501114194477e+00 8.260472273758530548e+00
8.479332027757751078e+00 8.372398725303494160e+00
8.575562570721819711e+00 8.447466156808467019e+00
8.682710444837008268e+00 8.548368082787812128e+00
8.781084466325449256e+00 8.655845089454105690e+00
8.882545847407509854e+00 8.740380955525202111e+00
8.988171476802328641e+00 8.870099373827020628e+00
9.086906723422542242e+00 8.944485485610654152e+00
9.187384871564596267e+00 9.057781720127396241e+00
9.280736603393938466e+00 9.118448225938298179e+00
9.384402804868923198e+00 9.256094953774878675e+00
9.484144837139709239e+00 9.311935139550968188e+00
9.588055909979388503e+00 9.438961782522138577e+00
9.687208883502357537e+00 9.554791729189936689e+00
9.799563065146903895e+00 9.661541164717183605e+00
9.899587445553374110e+00 9.778122311830983904e+00
9.998077446844854776e+00 9.850136090757791507e+00
1.010637287437107723e+01 9.942725051312505613e+00
1.019742090875953977e+01 1.008909796349991872e+01
