0.000000000000000000e+00 0.000000000000000000e+00
0.000000000000000000e+00 0.000000000000000000e+00
1.380531084038891937e-02 -1.619974079901217306e-02
0.000000000000000000e+00 0.000000000000000000e+00
1.514328379652504664e+00 2.873747707094655546e+00
1.700642142728403305e+00 2.440126005681479526e+00
2.577884662163014262e+00 2.609122718698930310e+00
2.692813343067734344e+00 2.695409460830497927e+00
2.817681114305453427e+00 2.876464403204317399e+00
2.919202529070608509e+00 3.090388005701947716e+00
3.049988274454591863e+00 3.267876913278388695e+00
3.317715489397820683e+00 3.470652416045135080e+00
3.486960041381321762e+00 3.642302141762005174e+00
3.655510645025304761e+00 3.906984002285670332e+00
3.833327656097858416e+00 4.092905120492145166e+00
4.025951930128843337e+00 4.260223686813570332e+00
4.251298540385241687e+00 4.418622065855817738e+00
4.415708690245636170e+00 4.581069064993920747e+00
4.604998236476324891e+00 4.756601648547784222e+00
4.779703660596654302e+00 4.898741574297155843e+00
4.937500276761117135e+00 5.056852672113142155e+00
5.092582011944835507e+00 5.204197914002983261e+00
5.235296827544425824e+00 5.354227186838976138e+00
5.394726607307142707e+00 5.491316605550954577e+00
5.546303094332561301e+00 5.640838524613817739e+00
5.671027885038259164e+00 5.786977111674201701e+00
5.810339112975584364e+00 5.925573816298588703e+00
6.057006447586696929e+00 5.951123311838360408e+00
6.096249642861325313e+00 6.208577701534599314e+00
6.338491662396670279e+00 6.241993634124051837e+00
6.370697411690934508e+00 6.499914146184777586e+00
6.634822434781762368e+00 6.451596619578884528e+00
6.642358860924793440e+00 6.784822281936538246e+00
6.924268629198857106e+00 6.773073769944634392e+00
7.070025787795731986e+00 6.888660752020871136e+00
7.215247653074626122e+00 7.075758151181323896e+00
7.233241070846530008e+00 7.344606329295127800e+00
7.417315440413485561e+00 7.501089564772791540e+00
7.573505536377092895e+00 7.654491422742151663e+00
7.804804478069171658e+00 7.694286299076454227e+00
7.957743146187063132e+00 7.870878952782864424e+00
8.112418408729560326e+00 7.975566851890093290e+00
8.271445538822964849e+00 8.133670755133673325e+00
8.301993291277087295e+00 8.407283600233455445e+00
8.485617613736927467e+00 8.563025304118518477e+00
8.734985800032744052e+00 8.629027944376128190e+00
8.878548134234183209e+00 8.766711573229921228e+00
9.047994366888596929e+00 8.935037783820746426e+00
9.208392668617676691e+00 9.070050252864906071e+00
9.371114135420761215e+00 9.239109447887091875e+00
9.532716975683729999e+00 9.399588847781108925e+00
9.521019508712310397e+00 9.681782339668119519e+00
9.850415965794628192e+00 9.695763412923076530e+00
1.001348352803943520e+01 9.838223303762635652e+00
1.018635728304352028e+01 1.004639819017229385e+01
1.034830454963041113e+01 1.013941846736302743e+01
1.049903169043025386e+01 1.031550961539098843e+01
1.044899376414500480e+01 1.063971538527326288e+01
1.082079981735093277e+01 1.067053813699468812e+01
1.098299435602387497e+01 1.086397820820110560e+01
1.114499388150751358e+01 1.098812013288256573e+01
1.130443192068811165e+01 1.112771911238188949e+01
1.147535175351248959e+01 1.129296848401219933e+01
1.164248534166086735e+01 1.150555152762090749e+01
1.179682135194796544e+01 1.163729908758340947e+01
1.197537308134471168e+01 1.181325148626756416e+01
1.213005973729997145e+01 1.194270241886969508e+01
1.229783036963078402e+01 1.211744811398941124e+01
1.246542213565161994e+01 1.226927609008729192e+01
1.261814281528387660e+01 1.250651211942221686e+01
1.280161694671890693e+01 1.262112673481516723e+01
1.296040988207909272e+01 1.273163382822013467e+01
1.313017794315550013e+01 1.294802794612791530e+01
1.329942021917677053e+01 1.305686462859879882e+01
1.346582962355030588e+01 1.328330046848520674e+01
1.363735029682809596e+01 1.343728820490666998e+01
1.379355942550954772e+01 1.363482945572218874e+01
1.396822326371061607e+01 1.372771926941143938e+01
1.414068309269544166e+01 1.390780616630889988e+01
1.431342587877969663e+01 1.409763175397102053e+01
1.449388128447493251e+01 1.424010882602199679e+01
1.465594360008959995e+01 1.447526884251525381e+01
1.482739571956236801e+01 1.463744531049763253e+01
1.498591684286882320e+01 1.479351429606837698e+01
1.517183611353300599e+01 1.494604212791717224e+01
1.532644177826566434e+01 1.507304948235834807e+01
1.549489881067244035e+01 1.526513360530856644e+01
1.566468478699238709e+01 1.540124306652850450e+01
1.583155868580607617e+01 1.561715967634748203e+01
1.600712769453052431e+01 1.581982732468404684e+01
1.614584411129406760e+01 1.596739402644615247e+01
1.633623764983645188e+01 1.611788747527509713e+01
1.649723387080873138e+01 1.625190613848832655e+01
1.668489210448081650e+01 1.642778338915845282e+01
1.682348929322022357e+01 1.655123678058715342e+01
1.699418852354501652e+01 1.672220361938749278e+01
1.717351738872319800e+01 1.682434550387025141e+01
1.733861752485047347e+01 1.704716279753387909e+01
1.751167629193299291e+01 1.728249120363217983e+01
1.767192215215269613e+01 1.746105362494652979e+01
1.785036006019298327e+01 1.759907223824577827e+01
