0.000000000000000000e+00 0.000000000000000000e+00
0.000000000000000000e+00 0.000000000000000000e+00
0.000000000000000000e+00 0.000000000000000000e+00
0.000000000000000000e+00 0.000000000000000000e+00
0.000000000000000000e+00 0.000000000000000000e+00
0.000000000000000000e+00 0.000000000000000000e+00
0.000000000000000000e+00 0.000000000000000000e+00
0.000000000000000000e+00 0.000000000000000000e+00
0.000000000000000000e+00 0.000000000000000000e+00
0.000000000000000000e+00 0.000000000000000000e+00
0.000000000000000000e+00 0.000000000000000000e+00
0.000000000000000000e+00 0.000000000000000000e+00
0.000000000000000000e+00 0.000000000000000000e+00
0.000000000000000000e+00 0.000000000000000000e+00
0.000000000000000000e+00 0.000000000000000000e+00
0.000000000000000000e+00 0.000000000000000000e+00
0.000000000000000000e+00 0.000000000000000000e+00
0.000000000000000000e+00 0.000000000000000000e+00
0.000000000000000000e+00 0.000000000000000000e+00
0.000000000000000000e+00 0.000000000000000000e+00
0.000000000000000000e+00 0.000000000000000000e+00
0.000000000000000000e+00 3.160902235063964283e-01
4.262655190555560969e-01 1.246550926778760976e-01
0.000000000000000000e+00 7.011605407563219483e-01
0.000000000000000000e+00 2.249729671803498421e-01
4.237923930654211024e-01 3.017802002067517364e+00
6.149614601786216994e+00 8.036505384651118078e+00
8.784166090987186593e+00 9.099969469743236061e+00
9.656485280835381602e+00 9.697418536889401253e+00
9.838920014094318489e+00 9.838084220174184935e+00
1.010014200111696958e+01 9.512263994838175307e+00
1.033856653464032860e+01 1.039034340600607820e+01
1.064824704382716014e+01 1.075135030518706891e+01
1.089415795682273469e+01 1.105170036690528867e+01
1.115034746826467682e+01 1.134350842944665949e+01
1.131734205277554040e+01 1.162301569149630431e+01
1.161610338916431928e+01 1.181664808052095594e+01
1.183818887078125925e+01 1.204015146716937323e+01
1.201409923196864149e+01 1.223768572539759703e+01
1.222688130650841920e+01 1.245930466339090437e+01
1.250976375399185514e+01 1.266904075104054428e+01
1.275619815929602652e+01 1.289418303659875598e+01
1.300044886171809644e+01 1.311833875161161878e+01
1.324058852272478148e+01 1.332610291926916268e+01
1.345326267336431414e+01 1.352763644606890026e+01
1.368167693244198979e+01 1.374715195032592696e+01
1.388059517195152814e+01 1.395229413027060517e+01
1.408244873804797770e+01 1.415493906916521993e+01
1.434458895540777768e+01 1.429309116941365509e+01
1.449598137639031492e+01 1.457138091996947082e+01
1.472386136133775558e+01 1.477083331563222579e+01
1.490788637190043886e+01 1.497845554564248616e+01
1.518891684325850733e+01 1.515473726782756536e+01
1.531983418693634924e+01 1.541529619302107612e+01
1.562143061516294829e+01 1.554387618875768240e+01
1.583978598153574779e+01 1.571084379127119313e+01
1.605668247750154620e+01 1.592786990477057252e+01
1.627655227515692360e+01 1.617497316275436603e+01
1.649666643863597670e+01 1.639043709102270086e+01
1.672463204395168290e+01 1.661779115063654899e+01
1.683806858556814845e+01 1.695502962362989763e+01
1.718381319236803506e+01 1.706156670512232765e+01
1.742247771462762529e+01 1.727652449516763156e+01
1.765816732003069944e+01 1.749056603589107795e+01
1.789414404523934365e+01 1.772994654366208778e+01
1.811609496695465182e+01 1.796652675497640672e+01
1.835211420662389870e+01 1.817403330366993330e+01
1.858915928128190487e+01 1.838743091554443865e+01
1.881152617464971399e+01 1.861114819898326189e+01
1.904084128325956726e+01 1.888325477302060307e+01
1.928700523201328210e+01 1.909484672580638431e+01
1.953016009116558038e+01 1.932990228935116050e+01
1.975846044298398141e+01 1.958855205656108112e+01
1.998502899029848479e+01 1.979628405076602959e+01
2.023124910506315288e+01 2.001176783502103262e+01
2.046854322811686799e+01 2.028487061443572159e+01
2.071351514990627507e+01 2.052254702470338898e+01
2.095859531659865382e+01 2.077707217646418059e+01
2.121157622641203133e+01 2.101200785761559331e+01
2.147016683016385841e+01 2.128668332882991265e+01
2.170850173988829823e+01 2.149565257826216680e+01
2.196739897187800139e+01 2.178470098107306541e+01
2.221966574462308941e+01 2.198477938433556389e+01
2.246812504609743755e+01 2.224390501286133670e+01
2.272486416569475409e+01 2.250296571988653227e+01
2.297388686932546875e+01 2.272583624666767221e+01
2.323013898058425752e+01 2.291461959556603034e+01
2.347409820197466956e+01 2.319583997418929400e+01
2.374979667570739394e+01 2.340901759117527448e+01
2.398770234199848872e+01 2.375103817242886350e+01
2.424995343101787881e+01 2.392040334550000580e+01
2.449364979499509687e+01 2.421855704287394317e+01
2.475450830019089565e+01 2.442377829994787675e+01
2.500547960158423777e+01 2.472460214428625136e+01
2.524478400178252713e+01 2.485216343838409969e+01
2.550865769410450667e+01 2.520956916325898334e+01
2.574176554010145779e+01 2.542902093339978009e+01
2.601176414019844430e+01 2.561776181567023869e+01
2.626538022222527857e+01 2.590064263832240954e+01
2.651503709795532515e+01 2.607514524359987362e+01
2.676721335521481393e+01 2.643123992435685565e+01
