0.000000000000000000e+00 0.000000000000000000e+00
0.000000000000000000e+00 0.000000000000000000e+00
0.000000000000000000e+00 0.000000000000000000e+00
0.000000000000000000e+00 0.000000000000000000e+00
0.000000000000000000e+00 0.000000000000000000e+00
0.000000000000000000e+00 0.000000000000000000e+00
0.000000000000000000e+00 0.000000000000000000e+00
0.000000000000000000e+00 0.000000000000000000e+00
0.000000000000000000e+00 0.000000000000000000e+00
0.000000000000000000e+00 0.000000000000000000e+00
0.000000000000000000e+00 0.000000000000000000e+00
0.000000000000000000e+00 0.000000000000000000e+00
0.000000000000000000e+00 0.000000000000000000e+00
0.000000000000000000e+00 0.000000000000000000e+00
0.000000000000000000e+00 0.000000000000000000e+00
0.000000000000000000e+00 0.000000000000000000e+00
0.000000000000000000e+00 0.000000000000000000e+00
0.000000000000000000e+00 0.000000000000000000e+00
0.000000000000000000e+00 0.000000000000000000e+00
0.000000000000000000e+00 0.000000000000000000e+00
0.000000000000000000e+00 0.000000000000000000e+00
0.000000000000000000e+00 0.000000000000000000e+00
0.000000000000000000e+00 0.000000000000000000e+00
0.000000000000000000e+00 0.000000000000000000e+00
0.000000000000000000e+00 0.000000000000000000e+00
0.000000000000000000e+00 0.000000000000000000e+00
0.000000000000000000e+00 0.000000000000000000e+00
0.000000000000000000e+00 0.000000000000000000e+00
0.000000000000000000e+00 0.000000000000000000e+00
0.000000000000000000e+00 0.000000000000000000e+00
1.146669860144365616e-01 0.000000000000000000e+00
6.328562862156845714e-01 0.000000000000000000e+00
3.471878003156487313e+00 8.178764587223144034e+00
8.306886609607387228e+00 9.983410843644978883e+00
8.964857296686318477e+00 1.098202448577850632e+01
1.141703275367106230e+01 1.172343504780102919e+01
1.177838898145179769e+01 1.220568666293041282e+01
1.233858913930553491e+01 1.248614041598104230e+01
1.269357185169162605e+01 1.281762562528440341e+01
1.293221648199646978e+01 1.314029500715910181e+01
1.317335025089474243e+01 1.345120793303831874e+01
1.342019621112600980e+01 1.371068053984815549e+01
1.361792021247494944e+01 1.396850619366835744e+01
1.393308108110070265e+01 1.421126447733304410e+01
1.421959546261943963e+01 1.445649664096659670e+01
1.448438890289461334e+01 1.470106960639103910e+01
1.478089761370473099e+01 1.493520956222069707e+01
1.502409889205594595e+01 1.515739927035959944e+01
1.528763724507063415e+01 1.536500396007402891e+01
1.551399924766018046e+01 1.556479950711349503e+01
1.576554042019138180e+01 1.571930482308045995e+01
1.596572052475958614e+01 1.587284103329013440e+01
1.618038942695631022e+01 1.611005171358268484e+01
1.639647452436495456e+01 1.629817301306260902e+01
1.652594421016311088e+01 1.662907751904139531e+01
1.684708480878076386e+01 1.676870764137450820e+01
1.708215382840688079e+01 1.701545463751334708e+01
1.730810205422088188e+01 1.717135322121946572e+01
1.746993095102850191e+01 1.755566589938702293e+01
1.778863219804855333e+01 1.770055928874117512e+01
1.802202265133074732e+01 1.796098544777729344e+01
1.827586839420095188e+01 1.815815408820734689e+01
1.843473497326186816e+01 1.850827984480005739e+01
1.875375564136408002e+01 1.867809564368200625e+01
1.901435112354525359e+01 1.892900717433760249e+01
1.926371137202456651e+01 1.918131593059614559e+01
1.951853575029501542e+01 1.940836796900404337e+01
1.977557383585384443e+01 1.965871477280934698e+01
2.002023405652151666e+01 1.989310023003648809e+01
2.028203005042303531e+01 2.013666866336883032e+01
2.053413684349898816e+01 2.039880348478005700e+01
2.079743198508926483e+01 2.067335041226908032e+01
2.104303817285982703e+01 2.090724066368198564e+01
2.128600900255818473e+01 2.119592741574830796e+01
2.155860261581083037e+01 2.139357109016159697e+01
2.180666144094389836e+01 2.165527614105771548e+01
2.208408335449851023e+01 2.194820050963126690e+01
2.235474318723358778e+01 2.226181975508885813e+01
2.261803328457289552e+01 2.243619189582202722e+01
2.289367044625380387e+01 2.268423247827698574e+01
2.316546414069605575e+01 2.300193457602383873e+01
2.341588635761400283e+01 2.322046282927813365e+01
2.368063050832675032e+01 2.351699408379140266e+01
2.395765874514610161e+01 2.377526325383941597e+01
2.422747212224551205e+01 2.408305734186288660e+01
2.450088923515600925e+01 2.427424703425223385e+01
2.477301116835932504e+01 2.456990087025070579e+01
2.503588981998182206e+01 2.489457922253779998e+01
2.529292847825445634e+01 2.507728743541700211e+01
2.557492176950133356e+01 2.539718580747489440e+01
2.584297876659811521e+01 2.564295575780124281e+01
2.611008041455623996e+01 2.583879271961900415e+01
2.639938304450542716e+01 2.618628111163017635e+01
2.667101007834840587e+01 2.635903936749968679e+01
2.695607321888823193e+01 2.666962239970638393e+01
2.721608794920659946e+01 2.701293120208854148e+01
2.749523551893945950e+01 2.713388729224883278e+01
2.775906696686730868e+01 2.747843843556095678e+01
2.804730374926289116e+01 2.771536321028313310e+01
2.830863571514014154e+01 2.792645570309179348e+01
2.858858684825368712e+01 2.833423628730302468e+01
