0.000000000000000000e+00 0.000000000000000000e+00
1.662766931163266459e+00 1.613990796936891847e+00
1.297461307095880700e+00 1.362514539028846894e+00
1.364743101547032600e+00 1.362199555058026812e+00
1.440948363865701909e+00 1.458745583341773289e+00
1.596173443714339779e+00 1.642159243564319748e+00
1.695678451235090423e+00 1.771247792738592786e+00
1.843597085722167961e+00 2.025492484353646372e+00
2.008333910897950769e+00 2.228722022078803988e+00
2.151334153429525831e+00 2.358029947695056361e+00
2.329155619741466676e+00 2.503800066916110900e+00
2.488309964548235609e+00 2.638016388733678941e+00
2.696263215420087622e+00 2.773984734045157552e+00
2.834091056318350343e+00 2.894022558291028613e+00
2.973453916290024424e+00 3.018530491922645442e+00
3.091377659331695060e+00 3.147175898562253771e+00
3.228480887241997888e+00 3.271426471112857115e+00
3.350323213775141529e+00 3.394979410113221796e+00
3.475165238232122533e+00 3.508338810617688264e+00
3.628208042020835133e+00 3.587020192706168675e+00
3.748779629947094350e+00 3.720792273175800080e+00
3.842969338783817079e+00 3.874069805144116252e+00
4.002299033606446343e+00 3.977326350799408772e+00
4.123473607649319916e+00 4.106876724771060694e+00
4.252661139965433712e+00 4.175111143090182608e+00
4.349970331135662782e+00 4.388375135343210331e+00
4.515661814208312030e+00 4.481730301779315973e+00
4.641499599082383298e+00 4.566396795855584223e+00
4.714552449713854898e+00 4.772362082722853671e+00
4.905127289172753535e+00 4.860238452649617180e+00
4.953891512936053232e+00 5.045387381113006775e+00
5.181833311965144517e+00 5.120039045269167310e+00
5.313615691829353338e+00 5.215252351062083847e+00
5.448930322898543288e+00 5.364676621312753468e+00
5.575260484830274699e+00 5.518238588431837677e+00
5.713712076087831271e+00 5.604693706646931339e+00
5.842342406986328562e+00 5.723851602731791388e+00
5.975842865985734775e+00 5.862956037917821384e+00
6.109276421720151617e+00 6.007685024102715765e+00
6.243793989003328271e+00 6.096432923464015552e+00
6.388413191233905941e+00 6.242337665095399224e+00
6.525313056511410359e+00 6.410257451137710838e+00
6.673136975756809974e+00 6.557838272964725768e+00
6.811540695816686863e+00 6.630111685938596899e+00
6.952556490803799782e+00 6.803266009702936046e+00
7.094190005205015304e+00 6.931642835303883032e+00
7.229870823970425242e+00 7.072085713645293481e+00
7.379340541513207619e+00 7.222678146444381220e+00
7.517180848670018456e+00 7.328515540148702101e+00
7.661105091263296529e+00 7.434252528780469937e+00
7.794871713436470451e+00 7.606668955066798965e+00
7.937761787951769676e+00 7.705405147843260139e+00
7.879276135000300663e+00 8.048676111471145589e+00
8.207469352746995739e+00 8.016593161268701806e+00
8.338856311087864626e+00 8.183673668586028072e+00
8.484273106098129347e+00 8.284313552611031639e+00
8.613714888401750258e+00 8.439548380226071345e+00
8.749417798139447200e+00 8.560573498409645765e+00
8.897125411452069699e+00 8.695140206083401324e+00
9.042876124879933641e+00 8.787436908633512900e+00
9.167628837800696928e+00 9.016299431676481291e+00
9.320582698092117369e+00 9.130481401947854181e+00
9.448273557266547940e+00 9.285648599895548472e+00
9.589590084506498968e+00 9.399609021233469974e+00
9.728622236944081791e+00 9.492864227812347622e+00
9.870891762945001702e+00 9.693979599419112247e+00
9.832712502293526668e+00 9.960851326669573069e+00
1.014952185508646743e+01 9.957890955963902613e+00
1.028672483784597702e+01 1.010307804980529056e+01
1.019006925008338627e+01 1.037838483962674019e+01
1.056261045097786599e+01 1.037654184579116468e+01
1.069724956616144596e+01 1.050879217772467733e+01
1.085189776579903764e+01 1.067329749425016594e+01
1.098654477732378787e+01 1.079773545346179731e+01
1.112412254251007759e+01 1.093866756415965291e+01
1.126859231876668943e+01 1.107253800924553211e+01
1.141630520596478249e+01 1.123269818309116275e+01
1.155831801049412277e+01 1.136674748286602110e+01
1.169290648895227847e+01 1.152723306244087986e+01
1.182872479733156723e+01 1.160791618637816391e+01
1.197345685092606438e+01 1.182587941819702237e+01
1.211114120933498484e+01 1.191254573957532159e+01
1.226826725422957409e+01 1.206137788225368546e+01
1.238120216377648042e+01 1.219813524975481300e+01
1.253486421694225861e+01 1.233819236817710596e+01
1.268975808783568304e+01 1.247594315909939588e+01
1.281239223246297243e+01 1.261685328112833915e+01
1.296980112641522531e+01 1.274667497492933954e+01
1.309702597978778194e+01 1.287023460056260404e+01
1.324553684766955364e+01 1.304484605031939104e+01
1.337123579886164393e+01 1.311883948883295581e+01
1.352122927175426703e+01 1.336067106791809955e+01
1.365732709531410549e+01 1.337425898938309743e+01
1.379994878162776928e+01 1.360668121739769632e+01
1.395076732148112164e+01 1.374165793613792630e+01
1.407482592790909948e+01 1.389708681682855307e+01
1.422220770788476152e+01 1.395189504704493899e+01
1.435872877595267028e+01 1.418778619160001142e+01
1.449743965540620216e+01 1.435295942895659493e+01
1.463900980448780409e+01 1.447365394843513009e+01
1.478932923422842372e+01 1.460247001225181940e+01
