0.000000000000000000e+00 0.000000000000000000e+00
0.000000000000000000e+00 0.000000000000000000e+00
0.000000000000000000e+00 0.000000000000000000e+00
0.000000000000000000e+00 0.000000000000000000e+00
0.000000000000000000e+00 0.000000000000000000e+00
0.000000000000000000e+00 0.000000000000000000e+00
0.000000000000000000e+00 0.000000000000000000e+00
0.000000000000000000e+00 0.000000000000000000e+00
0.000000000000000000e+00 0.000000000000000000e+00
0.000000000000000000e+00 0.000000000000000000e+00
0.000000000000000000e+00 0.000000000000000000e+00
0.000000000000000000e+00 0.000000000000000000e+00
0.000000000000000000e+00 0.000000000000000000e+00
0.000000000000000000e+00 0.000000000000000000e+00
0.000000000000000000e+00 0.000000000000000000e+00
2.196427673777843759e-01 0.000000000000000000e+00
2.017344446701777039e-01 0.000000000000000000e+00
1.510269485967010161e-01 1.422396303936579454e-01
0.000000000000000000e+00 0.000000000000000000e+00
1.581789947799295826e-01 0.000000000000000000e+00
6.580651194983000440e-01 3.051488466054781856e+00
2.349807368887431025e+00 6.621721217591844955e+00
5.364829567085072526e+00 6.856744179507185066e+00
7.244067574788450870e+00 7.635886455013953800e+00
7.814437208613751906e+00 8.114136371791452973e+00
8.088387057476646547e+00 8.271224046220554627e+00
8.365451037462676709e+00 8.515092578569342763e+00
8.590917699637824256e+00 8.882638678206198790e+00
8.838151959452890338e+00 9.194796365602190491e+00
9.203418436568156835e+00 9.453797304459923723e+00
9.500209180469427750e+00 9.697181477560615548e+00
9.744347835240981581e+00 9.955312484823709340e+00
1.001206876126003920e+01 1.019426612764880247e+01
1.022727322775018877e+01 1.041370203241499404e+01
1.040063038155167519e+01 1.061894353793826795e+01
1.065690475699275197e+01 1.081543642871706901e+01
1.086231555782469727e+01 1.100423591091641207e+01
1.105666741000247200e+01 1.118894836564828843e+01
1.126149462482371355e+01 1.137130215196397387e+01
1.145689030903242944e+01 1.156293155430339148e+01
1.171988025008199585e+01 1.162466157187889060e+01
1.189391056283118075e+01 1.179492308375220944e+01
1.200659974452066692e+01 1.212718158975526173e+01
1.220133906888927200e+01 1.234998836360177954e+01
1.238726228348571468e+01 1.257940941728237760e+01
1.261113742519335190e+01 1.277418788466016863e+01
1.282446809261429266e+01 1.297935461392589573e+01
1.301674221384803154e+01 1.318768013556218577e+01
1.320672799726554025e+01 1.338108256538219898e+01
1.357387159847117353e+01 1.341758289952533723e+01
1.376686179209866090e+01 1.359678109252127598e+01
1.396252770500243834e+01 1.379672585887337988e+01
1.397665232854985717e+01 1.416918359309894981e+01
1.436774335998216579e+01 1.422703716562821974e+01
1.458457382743017483e+01 1.442133353544802965e+01
1.480281522025805252e+01 1.463421673609938445e+01
1.479438600351036293e+01 1.498037883096817247e+01
1.520373335176571317e+01 1.504940982957178619e+01
1.540686960750212364e+01 1.524203400694792698e+01
1.562530999473362492e+01 1.542947289070532335e+01
1.582208858508383642e+01 1.564910864369049648e+01
1.603110935513628021e+01 1.588390679237171277e+01
1.624945650575795142e+01 1.603811162301308713e+01
1.645896270644842474e+01 1.630769070744405980e+01
1.668078403466137516e+01 1.648231500471933586e+01
1.689230818724927374e+01 1.675587140496445215e+01
1.712065454262137365e+01 1.694382332708080696e+01
1.735415771945254093e+01 1.718020929386847584e+01
1.757353602967306827e+01 1.738835822435775924e+01
1.779940107490369883e+01 1.764165137438653375e+01
1.803118759959198769e+01 1.787011848497195743e+01
1.825435862801192854e+01 1.810192364433103762e+01
1.849502240677893283e+01 1.826947839323269918e+01
1.870439790681884773e+01 1.851056574219660078e+01
1.893648786233722703e+01 1.874486840428350476e+01
1.917346827578158042e+01 1.894447272641554392e+01
1.940004291247745272e+01 1.920496742459235051e+01
1.962039326787152405e+01 1.944744708819838053e+01
1.985724233215335488e+01 1.963051731554713086e+01
2.008096999679895234e+01 1.986765093476859079e+01
2.030697403396365530e+01 2.015304643310873089e+01
2.054748183918713877e+01 2.039410629443375811e+01
2.078357200868366661e+01 2.060564341793598686e+01
2.103026375215126009e+01 2.084519757985316701e+01
2.126974579167868384e+01 2.108114644810825311e+01
2.151725460956067693e+01 2.129528200467479948e+01
2.174236257635518399e+01 2.151163779462891767e+01
2.198363982649332726e+01 2.170754895219324965e+01
2.221969711309285600e+01 2.197719428291913601e+01
2.244303231154831479e+01 2.222758721291106809e+01
2.269434634296703024e+01 2.247751910696412736e+01
2.294429525568166639e+01 2.269794259754971932e+01
2.317351942125573316e+01 2.295933611248482009e+01
2.341604147567787564e+01 2.315222459035800640e+01
2.365296005367924081e+01 2.333954099744066468e+01
2.388347821893972522e+01 2.357417936543528825e+01
2.411052690486056349e+01 2.383908339860547443e+01
2.435437156826414551e+01 2.408005020138845254e+01
2.458413231193386395e+01 2.430191484295500359e+01
2.481752934955902745e+01 2.448750726108733389e+01
2.506383329071668697e+01 2.481870590724740566e+01
