0.000000000000000000e+00 0.000000000000000000e+00
0.000000000000000000e+00 0.000000000000000000e+00
0.000000000000000000e+00 0.000000000000000000e+00
0.000000000000000000e+00 0.000000000000000000e+00
4.710302665221746676e-02 3.628788287859702200e-01
6.168159193869138246e-01 1.339672606459882509e+00
1.043318240931935814e-01 2.797871926973523493e+00
2.696130186469466228e+00 3.399203214148296848e+00
3.494092137053734781e+00 3.480895625027682350e+00
3.616509631707645944e+00 3.618867614020101264e+00
3.689850393928738814e+00 3.668209619040157410e+00
3.780710376965572550e+00 3.826283608586543483e+00
3.873427172427296394e+00 3.912425479448871091e+00
3.997825184922477515e+00 4.219223871172737006e+00
4.177098331548294574e+00 4.458058640848257426e+00
4.411036633531423945e+00 4.664202505473514115e+00
4.606882438376814548e+00 4.891063961296441498e+00
4.898040788464412820e+00 5.098685180959295238e+00
5.124141781001095630e+00 5.299094989798597055e+00
5.321415158553101321e+00 5.504529827360620686e+00
5.500445809909296102e+00 5.697648426466246363e+00
5.663454287509760654e+00 5.883753273091307356e+00
5.850490142074665556e+00 6.075912940933233308e+00
6.049482741013165743e+00 6.253870389751596370e+00
6.234964748259205436e+00 6.430520349388168633e+00
6.441444640090484341e+00 6.607853788074669055e+00
6.602527805054327459e+00 6.789803385813596215e+00
6.794314854370253620e+00 6.954527353081616070e+00
6.967814371862428580e+00 7.122986051610353364e+00
7.188655067211235483e+00 7.296725958134794077e+00
7.313542440502944331e+00 7.466309884726415547e+00
7.500836916793177878e+00 7.635906947530547662e+00
7.683030012158811317e+00 7.795517297987201388e+00
7.822329523711400334e+00 7.966123232973803425e+00
7.996035294446528496e+00 8.139108138590342989e+00
8.287771191594899278e+00 8.140355817172636677e+00
8.290730576828273968e+00 8.464604707503511349e+00
8.433696175234105752e+00 8.634465216936288101e+00
8.791779417154822696e+00 8.627550577170932655e+00
8.953989951758320132e+00 8.765744155487750433e+00
8.920842318073992416e+00 9.122040627475174190e+00
9.284674880377304262e+00 9.123635641008583264e+00
9.461283442123765042e+00 9.294986777966254721e+00
9.456623617110361479e+00 9.626963073694845718e+00
9.797044195929885291e+00 9.672504172021106683e+00
9.807181789897533974e+00 9.972352738815452255e+00
1.015062903370681013e+01 9.981831397746653067e+00
1.032073542571766112e+01 1.017407452552794034e+01
1.033125502842974797e+01 1.048179087167251033e+01
1.067014968519214868e+01 1.048308989914081657e+01
1.067158463468174645e+01 1.082465587902991189e+01
1.101376503716875632e+01 1.088559581168033752e+01
1.104500253368691709e+01 1.117803390673059205e+01
1.137280917341329811e+01 1.118772968114961763e+01
1.155033686710944352e+01 1.137948058632087012e+01
1.173014965748495619e+01 1.156900609073184150e+01
1.176768328024903632e+01 1.189784632196310987e+01
1.210255251922280628e+01 1.190442117863705818e+01
1.228151552513864431e+01 1.211995984907674462e+01
1.247057777822237945e+01 1.227664052857781307e+01
1.265582609527362834e+01 1.249534836116506042e+01
1.284105639636448437e+01 1.264772234202459877e+01
1.301906855947230923e+01 1.276398376740323570e+01
1.318811525586147049e+01 1.300341033869616858e+01
1.338399779935524592e+01 1.316819107520099230e+01
1.355883000320858933e+01 1.332261493787888362e+01
1.374373073754780528e+01 1.349871089802327973e+01
1.392536571819967861e+01 1.371821478684691620e+01
1.410128681986110877e+01 1.390654783849164566e+01
1.428652001358497259e+01 1.415506848347358826e+01
1.448197367132834934e+01 1.425708930708092481e+01
1.466887744141747518e+01 1.449292152529021926e+01
1.484250660215545103e+01 1.466832377253329334e+01
1.502678271426846024e+01 1.480603632255745694e+01
1.521763696307214886e+01 1.490612848366768084e+01
1.514269284035763086e+01 1.535007134732395606e+01
1.556262747511679301e+01 1.532904701725855112e+01
1.576088353651703144e+01 1.555366486839839801e+01
1.593240597942249970e+01 1.576271358034068193e+01
1.612039481805375374e+01 1.593690488887702728e+01
1.630409909076481867e+01 1.612255512852484074e+01
1.650670977666386108e+01 1.629832407794197024e+01
1.669737229338168660e+01 1.644991750635016814e+01
1.688261494026950515e+01 1.660577198705975732e+01
1.708190699512143240e+01 1.685771992842746769e+01
1.726562164974833991e+01 1.700382721205546588e+01
1.746432599498574589e+01 1.721238097911249199e+01
1.765322696427453408e+01 1.739914792976779978e+01
1.784309429956775617e+01 1.751766908200819373e+01
1.803868022994760523e+01 1.773345293991668470e+01
1.822603115132542584e+01 1.794021289132237484e+01
1.842444627226140597e+01 1.814785479066771501e+01
1.835291661436874122e+01 1.854828290846135985e+01
1.878559512210497928e+01 1.851455114108258471e+01
1.897151139182609825e+01 1.869917963464456889e+01
1.917039724332854078e+01 1.891821110180418941e+01
1.934315371216491641e+01 1.907352304113454622e+01
1.954638387995937165e+01 1.923241931992078690e+01
1.974383845106808621e+01 1.949530244211035779e+01
1.992414706953733017e+01 1.956840072337187664e+01
2.012594810794231392e+01 1.993129404989553066e+01
