0.000000000000000000e+00 0.000000000000000000e+00
1.781871965218266921e-02 0.000000000000000000e+00
2.239550930250699956e-02 0.000000000000000000e+00
7.308059669613262699e-01 1.091424604264461307e+00
1.222354039519654378e+00 1.361059551389837363e+00
1.569722023830357749e+00 1.667097746508790168e+00
1.743525159104317934e+00 1.951795069754535206e+00
1.995173031519348328e+00 2.144591435194350026e+00
2.213509358157178752e+00 2.352894897859946877e+00
2.454433228641626386e+00 2.559277292467971865e+00
2.641114941622657586e+00 2.758641441671978889e+00
2.831900265563325192e+00 2.957078993653388110e+00
3.026223704040500451e+00 3.149578821481204383e+00
3.214215554691474797e+00 3.327649030019471876e+00
3.392006680943628005e+00 3.498228697321916325e+00
3.647104849467819321e+00 3.566463825216139139e+00
3.734160060034355855e+00 3.849234800325586736e+00
3.925692079053304084e+00 4.043616105885775802e+00
4.104874643239734944e+00 4.232216111571430517e+00
4.304752861032771882e+00 4.412013338638264059e+00
4.575056406855340541e+00 4.495048111483818332e+00
4.671363241839864955e+00 4.772471834858537321e+00
4.934840487375242724e+00 4.868435230583071593e+00
5.058915804716481723e+00 5.140178782341348729e+00
5.235048838620556033e+00 5.329226200267693336e+00
5.429645591582534792e+00 5.533570299307345230e+00
5.635458163812956833e+00 5.729544217455598165e+00
5.831815466926267177e+00 5.916952066102532548e+00
6.008987439374953610e+00 6.102965339525331601e+00
6.224143951656032847e+00 6.305967073115043675e+00
6.379987120777927956e+00 6.490996877946883181e+00
6.653493932632657426e+00 6.561188744273918516e+00
6.758763614864829350e+00 6.841343509474807405e+00
7.020427590492468894e+00 6.939176090636891558e+00
7.197905010386069335e+00 7.106132153042208799e+00
7.379589977902443643e+00 7.305265654010178800e+00
7.458844639571241331e+00 7.566369937467531948e+00
7.742064382464267425e+00 7.682801562866353962e+00
7.932684309271705203e+00 7.858206778089924072e+00
8.019071005908507743e+00 8.128608996936558029e+00
8.197049410866476649e+00 8.317795911126635744e+00
8.393581534140350797e+00 8.506297123819289041e+00
8.697210068523192561e+00 8.581577908688450051e+00
8.791269587071660396e+00 8.894673746557497651e+00
9.079281375627966000e+00 8.958391612371636725e+00
9.263898136167865616e+00 9.147099772795261430e+00
9.341946326854225546e+00 9.461085974550160316e+00
9.536500368088866253e+00 9.640671394113406123e+00
9.756467526744176055e+00 9.826687078451644908e+00
1.002337310942126258e+01 9.940435862195778682e+00
1.013073706334637691e+01 1.020574952400279578e+01
1.039849168765978504e+01 1.030706358599693750e+01
1.048267797477232932e+01 1.058743107740987810e+01
1.069120793104126221e+01 1.078481483272982899e+01
1.089148029329908596e+01 1.097205724872799237e+01
1.116581995815231032e+01 1.105039255163435463e+01
1.135490827872864372e+01 1.126481116376696967e+01
1.142762630729630224e+01 1.155502833579456201e+01
1.173843680349177632e+01 1.165076439933862673e+01
1.193627578869410399e+01 1.183215513166984856e+01
1.199947896443594075e+01 1.211480244794984351e+01
1.220147847227184457e+01 1.230535626409104388e+01
1.238925449794407463e+01 1.250453101663631017e+01
1.270854552222064981e+01 1.260712980622448143e+01
1.290886290404819370e+01 1.277881425085957012e+01
1.296298332201245351e+01 1.309235420551401852e+01
1.329274547734119771e+01 1.314778992932112622e+01
1.348263324496342008e+01 1.336788743495662501e+01
1.355458116809241886e+01 1.365258897068085986e+01
1.384602672175489424e+01 1.374243780406376736e+01
1.404913118842937969e+01 1.389323236418718466e+01
1.423713428370949607e+01 1.415677969318639740e+01
1.442964993521155570e+01 1.432382683928165079e+01
1.461637604496370635e+01 1.449526773002588520e+01
1.481431230211710925e+01 1.469157261419534066e+01
1.501358704002549871e+01 1.490779926860304805e+01
1.519334016055105607e+01 1.508397551388273072e+01
1.528210227596337489e+01 1.537798262235530622e+01
1.549787938461607162e+01 1.555961468939983838e+01
1.567795927749569707e+01 1.574853905479139193e+01
1.585427808741236788e+01 1.592804200241362445e+01
1.613737799845958776e+01 1.604046460005423214e+01
1.633420473655340288e+01 1.623702885882973490e+01
1.652992904476029423e+01 1.644353247266649376e+01
1.674081382371454296e+01 1.662361177027126047e+01
1.683664402330122201e+01 1.690511091210437655e+01
1.700340626744210581e+01 1.710240728022431611e+01
1.730796622505889815e+01 1.718641530685203378e+01
1.737190154483490545e+01 1.747568291657298190e+01
1.757788140807034338e+01 1.766336444245968806e+01
1.780271508965018867e+01 1.784754711918365899e+01
1.800897073443787733e+01 1.803695549022180700e+01
1.823265383091708003e+01 1.815713500497099986e+01
1.834133514251374208e+01 1.842718268407769600e+01
1.852745059249917148e+01 1.859241979905198860e+01
1.873499947380153330e+01 1.880835102935245828e+01
1.894459801591184345e+01 1.899950769494337877e+01
1.921756799548869665e+01 1.909294529778994232e+01
1.939516931945699696e+01 1.931856945890594801e+01
1.950328660542744075e+01 1.958795738122973518e+01
1.979328475552573963e+01 1.970643800856642969e+01
