0.000000000000000000e+00 0.000000000000000000e+00
0.000000000000000000e+00 0.000000000000000000e+00
0.000000000000000000e+00 0.000000000000000000e+00
0.000000000000000000e+00 0.000000000000000000e+00
0.000000000000000000e+00 0.000000000000000000e+00
0.000000000000000000e+00 0.000000000000000000e+00
0.000000000000000000e+00 0.000000000000000000e+00
0.000000000000000000e+00 0.000000000000000000e+00
4.449951491858412933e-02 0.000000000000000000e+00
5.563883775949349936e-02 0.000000000000000000e+00
4.701073613012558827e-02 0.000000000000000000e+00
6.841698128903486720e-02 0.000000000000000000e+00
5.678544498083921283e-02 0.000000000000000000e+00
2.235369748131059431e-02 0.000000000000000000e+00
4.543774358627986065e-02 0.000000000000000000e+00
0.000000000000000000e+00 0.000000000000000000e+00
5.033215713565480226e-02 0.000000000000000000e+00
8.646395604342688168e-02 0.000000000000000000e+00
8.610957153298010036e-02 0.000000000000000000e+00
7.649154406604190271e-02 0.000000000000000000e+00
5.426496677272166780e-01 7.457956765265286059e+00
4.903001897331892067e+00 3.276115011327368709e+00
3.347704847964135588e+00 6.841083493767039947e+00
5.919579349460742712e+00 7.087263639477804134e+00
7.140311344051307962e+00 7.001819883835804781e+00
7.241834964827082999e+00 7.400684605458912380e+00
7.444767886335832863e+00 7.552609572142772620e+00
7.574679721006447153e+00 7.683289716612232034e+00
7.746581534111401268e+00 7.823138627866849326e+00
7.928069195702598826e+00 7.864479414986537797e+00
8.038959920779227275e+00 8.117696770317746058e+00
8.230851070429679339e+00 8.139701933771549491e+00
8.312212776498158817e+00 8.401700722137894317e+00
8.481671526998868060e+00 8.561702250730464314e+00
8.685245659231567217e+00 8.626282384935361591e+00
8.827826838208970628e+00 8.779962714100872034e+00
8.930950417262231156e+00 8.999064237340604677e+00
9.083668541768636473e+00 9.143372127675826633e+00
9.293342366141221333e+00 9.222965924704753959e+00
9.440906076072570485e+00 9.387083303291900549e+00
9.600768070891636086e+00 9.543286921639239750e+00
9.756071791736054877e+00 9.699340867733450722e+00
9.914975980808641509e+00 9.841196178365692049e+00
1.007103801456927350e+01 1.001483523600329129e+01
1.021981988004308839e+01 1.014667768698083705e+01
1.037435589930827184e+01 1.032156059719832086e+01
1.053694648879000262e+01 1.046588218991890251e+01
1.070712036295706504e+01 1.062246851618035848e+01
1.088071283807714806e+01 1.078289327740519177e+01
1.104252829158660987e+01 1.094430587199579108e+01
1.121633693518236008e+01 1.113659345686667024e+01
1.138892259160735421e+01 1.125512929904906301e+01
1.156213756346709154e+01 1.144981996103641819e+01
1.173264424622595925e+01 1.159717536595661080e+01
1.190240623668181641e+01 1.175968661346581001e+01
1.208773208056124915e+01 1.199119795129126054e+01
1.225719213760695681e+01 1.211464269370130786e+01
1.243880819235974400e+01 1.223383679878579322e+01
1.261139375662457951e+01 1.254063681385502527e+01
1.279481412930595674e+01 1.257200704211922115e+01
1.298591006113896107e+01 1.280084972896538353e+01
1.315726033759695035e+01 1.298209870368590302e+01
1.334591308502718299e+01 1.307091115678603188e+01
1.352364143402775554e+01 1.334259271706637051e+01
1.369548377947726969e+01 1.343222059579811223e+01
1.389049762047356218e+01 1.365852517516226605e+01
1.406322905914915822e+01 1.384437831873741764e+01
1.425810284359499036e+01 1.400897972625296184e+01
1.443222450355062847e+01 1.414905439898188355e+01
1.464633510540915573e+01 1.439751233517559825e+01
1.481980715752952094e+01 1.455107447038153978e+01
1.499274571950185120e+01 1.469846090497683022e+01
1.518315600685486544e+01 1.488959110082296888e+01
1.535159825648489296e+01 1.511176167237239021e+01
1.554473889944533838e+01 1.526872089671590516e+01
1.571467064943701786e+01 1.540416412804128043e+01
1.590450918597933416e+01 1.563278758098185683e+01
1.608240198581077962e+01 1.574457732393191556e+01
1.627808182685015836e+01 1.587022977932405432e+01
1.645772024838760572e+01 1.622563032099125735e+01
1.664844635937087247e+01 1.630425494236058981e+01
1.683172627223458306e+01 1.656817057469796239e+01
1.701667111499983065e+01 1.673474700989476815e+01
1.718896585533544297e+01 1.679090789469609390e+01
1.738578177052435336e+01 1.707381747436576092e+01
1.756280435274457830e+01 1.719260421793362070e+01
1.775825461242217784e+01 1.741748742107366965e+01
1.794615400460229537e+01 1.752876005285598282e+01
1.813526808011627622e+01 1.777526041121958755e+01
1.832133161256945542e+01 1.799492681049914822e+01
1.851472337315963657e+01 1.812062255045471915e+01
1.868383519138516391e+01 1.825948942833380073e+01
1.888819383770762528e+01 1.841971174443066062e+01
1.907326965521416895e+01 1.867116570976850554e+01
1.927072111222424411e+01 1.886994642031811509e+01
1.945429793673842411e+01 1.904359086121690225e+01
1.964525549533137294e+01 1.917839358448844322e+01
1.982794264762309311e+01 1.940004605656323022e+01
2.001703229847688448e+01 1.960858944137093118e+01
2.019416636925306818e+01 1.979264149736483702e+01
2.039556769538220493e+01 1.995571757156731607e+01
