0.000000000000000000e+00 0.000000000000000000e+00
0.000000000000000000e+00 0.000000000000000000e+00
0.000000000000000000e+00 0.000000000000000000e+00
0.000000000000000000e+00 0.000000000000000000e+00
0.000000000000000000e+00 0.000000000000000000e+00
0.000000000000000000e+00 0.000000000000000000e+00
9.044940670051482279e-02 -3.768350724150009660e-03
4.948221533362136965e-02 3.107485897840659206e+00
3.527475173955867405e+00 3.202954557705273597e+00
4.035146089257691138e+00 4.053569402155792645e+00
4.236923616746970822e+00 4.250334953188003695e+00
4.340530255635109746e+00 4.340636861799665347e+00
4.381172760541042877e+00 4.419081329284330728e+00
4.464537482616207420e+00 4.531119817326677790e+00
4.590025291001626151e+00 4.581300200527255839e+00
4.704984924082463493e+00 4.742440238421250953e+00
4.838002362394451694e+00 5.069724599986821900e+00
5.033328892741396388e+00 5.354971185630171604e+00
5.301986744221260928e+00 5.575022028166647381e+00
5.521933679024698449e+00 5.771207897109692730e+00
5.768918891411344951e+00 5.949217302525305229e+00
5.966975113467209546e+00 6.136802499623756901e+00
6.219507200965344040e+00 6.326344964370959723e+00
6.400754840402852253e+00 6.512150645203269583e+00
6.573862087631778373e+00 6.688737979562713321e+00
6.734786061150143333e+00 6.859811584308468824e+00
6.929209383909109121e+00 7.030723843740277701e+00
7.093858473634339745e+00 7.191342554418548083e+00
7.259835750749688899e+00 7.362594573713369783e+00
7.444283269326002817e+00 7.529815298094275633e+00
7.583894402774673082e+00 7.686018592575608821e+00
7.753953949315031124e+00 7.835543820489513145e+00
7.908304532557358435e+00 7.987672020871234402e+00
8.136384184501970651e+00 8.055959295038533696e+00
8.281579070885042526e+00 8.195964826047637430e+00
8.437778575159846639e+00 8.344240970256649348e+00
8.601847880810813862e+00 8.502585489373466032e+00
8.755422970906163727e+00 8.666701277263801018e+00
8.916206897693687239e+00 8.815116400586067158e+00
8.981747225558299519e+00 9.097819929666455252e+00
9.126561647504781050e+00 9.261109378245622636e+00
9.314864582426027440e+00 9.428267509009906178e+00
9.587743514111174647e+00 9.498390186115068801e+00
9.758789823282747022e+00 9.638290425918139448e+00
9.922272182076536495e+00 9.799264592258174034e+00
9.922843375305165026e+00 1.007956490994503795e+01
1.025158124127545278e+01 1.016745830154991737e+01
1.042695921111994473e+01 1.031583370794156629e+01
1.050275311630275610e+01 1.058044307482386692e+01
1.063553144709394083e+01 1.075444813949645528e+01
1.093132719075603987e+01 1.086917774854022767e+01
1.110263983293678969e+01 1.100814172598627216e+01
1.127591243580171110e+01 1.118095462804612517e+01
1.145046473308725332e+01 1.131365009132047383e+01
1.161838374908391636e+01 1.152848803648004683e+01
1.169996916830624301e+01 1.177877492088926203e+01
1.196391265666767900e+01 1.185135727747148060e+01
1.214459385254510337e+01 1.207027893482946190e+01
1.223124709759120776e+01 1.230905092923990729e+01
1.250635555290977230e+01 1.238625709403915565e+01
1.256733765585683571e+01 1.265905331834670733e+01
1.285147321453880842e+01 1.276732770761350189e+01
1.303323257824304804e+01 1.293429314956390819e+01
1.323020912561928064e+01 1.311825339969875692e+01
1.341333582631365395e+01 1.322198281854902824e+01
1.361308817844638241e+01 1.339558433649759550e+01
1.378679847059332886e+01 1.363901517744757363e+01
1.397289462546250682e+01 1.378183107029079224e+01
1.415931809375744344e+01 1.397559078335312144e+01
1.416990274236412084e+01 1.430098988600893151e+01
1.451243134521281952e+01 1.435957873220617564e+01
1.469715134684302171e+01 1.450508132710012177e+01
1.488577554138281833e+01 1.472393091241664820e+01
1.508534080378502829e+01 1.489809235720755787e+01
1.526831402545881389e+01 1.505439333380895306e+01
1.529086179100447218e+01 1.540658406625059129e+01
1.562475484338170162e+01 1.538680038441676245e+01
1.580663479089813350e+01 1.568188155490040714e+01
1.598918064911215886e+01 1.586924134527870045e+01
1.618576455569024475e+01 1.593885075470495671e+01
1.638026511378500061e+01 1.619682886555492729e+01
1.655269720956308177e+01 1.638939432963628207e+01
1.675956928913159061e+01 1.654532780059217245e+01
1.694428456637193037e+01 1.678254634615832330e+01
1.712056629296607113e+01 1.690493995376132830e+01
1.732039921378251535e+01 1.708961157191656000e+01
1.750961511811388505e+01 1.730760467535984048e+01
1.769368493829656330e+01 1.753667861817733709e+01
1.787896860378538832e+01 1.768043435545714814e+01
1.806332488908783773e+01 1.783692788683286423e+01
1.827524848370381250e+01 1.807268025441305426e+01
1.845184564783863834e+01 1.827864771946926581e+01
1.863158397997324300e+01 1.845153711162236476e+01
1.883283081915971735e+01 1.858469994484221388e+01
1.902546267041621775e+01 1.883145464021618665e+01
1.922036829844225281e+01 1.899693184800892354e+01
1.939346635072875458e+01 1.916637502170648943e+01
1.959639095300994427e+01 1.937280577266599835e+01
1.978760945326216003e+01 1.948554865415395199e+01
1.998431777980740165e+01 1.967214245795446104e+01
2.015714068837542428e+01 1.999768566466760333e+01
