0.000000000000000000e+00 0.000000000000000000e+00
0.000000000000000000e+00 0.000000000000000000e+00
0.000000000000000000e+00 0.000000000000000000e+00
0.000000000000000000e+00 0.000000000000000000e+00
0.000000000000000000e+00 0.000000000000000000e+00
0.000000000000000000e+00 0.000000000000000000e+00
0.000000000000000000e+00 0.000000000000000000e+00
0.000000000000000000e+00 0.000000000000000000e+00
0.000000000000000000e+00 0.000000000000000000e+00
0.000000000000000000e+00 0.000000000000000000e+00
0.000000000000000000e+00 0.000000000000000000e+00
0.000000000000000000e+00 0.000000000000000000e+00
0.000000000000000000e+00 0.000000000000000000e+00
0.000000000000000000e+00 0.000000000000000000e+00
0.000000000000000000e+00 0.000000000000000000e+00
0.000000000000000000e+00 0.000000000000000000e+00
0.000000000000000000e+00 0.000000000000000000e+00
0.000000000000000000e+00 0.000000000000000000e+00
0.000000000000000000e+00 0.000000000000000000e+00
0.000000000000000000e+00 0.000000000000000000e+00
1.426571163607221471e-01 2.085060105718731016e+00
2.122060270221850509e-01 0.000000000000000000e+00
0.000000000000000000e+00 2.114690448675485279e-01
6.138266991379456167e-02 6.020080641609451888e+00
8.539636365057765577e-01 6.667677285041615498e+00
2.677821835043135756e+00 7.308733694227568023e+00
6.802225114686782703e+00 7.493063455427829034e+00
7.461801631007829450e+00 7.619328427579432628e+00
7.705220052379090134e+00 7.649422872515075689e+00
7.800210892727382550e+00 7.962801482505837747e+00
7.946328666784958195e+00 8.107094783723777454e+00
8.102022028942164056e+00 8.279335678912483232e+00
8.370930665514061175e+00 8.421566839600091114e+00
8.545794995682136630e+00 8.512730442900199535e+00
8.689749752820846496e+00 8.656856957186475299e+00
8.834287946767235056e+00 8.801019364517022936e+00
8.952962193511915245e+00 9.009507708006349702e+00
9.106168155632680339e+00 9.177803929084664247e+00
9.313084712939335930e+00 9.232838222250025595e+00
9.397108405812206300e+00 9.466794501057217204e+00
9.566916939890550253e+00 9.628337741702218011e+00
9.773427889884013453e+00 9.713710570967917235e+00
9.935635981323038379e+00 9.872225260356625398e+00
1.009779457964500970e+01 1.004226051495319538e+01
1.026015730196842668e+01 1.019444352938573672e+01
1.042734935692820031e+01 1.036882358933047144e+01
1.057452856141341790e+01 1.044490109621101759e+01
1.074581381718213535e+01 1.069577201995127069e+01
1.090959867864173560e+01 1.073206552172231021e+01
1.108386257505583750e+01 1.097851974745912429e+01
1.124522850625934289e+01 1.107973801536541814e+01
1.141355964808434997e+01 1.123813986408497989e+01
1.159259227720257357e+01 1.143288845145784549e+01
1.175216128858459186e+01 1.157610975207495052e+01
1.193918023683355223e+01 1.170747184582519651e+01
1.211136063196881807e+01 1.189888265595994099e+01
1.228395588869943289e+01 1.211636674675921022e+01
1.245995533361767293e+01 1.230045368425519747e+01
1.263445567733592156e+01 1.245079853815255966e+01
1.280828885971909337e+01 1.258171313029250804e+01
1.298431404583292093e+01 1.277191076092018562e+01
1.316110136332523872e+01 1.294253395632256698e+01
1.334469208913000671e+01 1.312424884749859544e+01
1.351888776714146800e+01 1.324288010482107047e+01
1.370509546340421991e+01 1.352533455903881432e+01
1.388882718516192760e+01 1.361203621520431106e+01
1.406856804828892216e+01 1.387219158682131592e+01
1.424926804739665975e+01 1.402606770265983727e+01
1.443105643475071176e+01 1.406609565955613306e+01
1.461164626074270068e+01 1.432259179419470208e+01
1.479086793297807922e+01 1.460364362330982146e+01
1.496661749174415590e+01 1.474736978177195112e+01
1.516068879090209620e+01 1.493505224298048262e+01
1.533793171046422543e+01 1.501811047793439080e+01
1.552994437145431839e+01 1.519479533092012247e+01
1.571609962779011482e+01 1.543442726460718006e+01
1.590004622616487673e+01 1.567759681971353203e+01
1.607625213260675423e+01 1.580790999404991126e+01
1.628127808126268050e+01 1.595579702538609013e+01
1.647007221367332264e+01 1.610157071966083819e+01
1.667003138863990230e+01 1.634076350493618790e+01
1.684473504050110293e+01 1.654643607625505553e+01
1.703680071799297124e+01 1.668437015829323400e+01
1.722942273751547049e+01 1.683422706912228861e+01
1.741994669280516206e+01 1.701165716252185334e+01
1.759563799584926613e+01 1.713747604001617830e+01
1.780086868739932271e+01 1.742851767418285291e+01
1.798298143205145649e+01 1.757016463771009995e+01
1.817527126993831033e+01 1.775804889179241641e+01
1.836289533382476336e+01 1.796334782825555365e+01
1.855298087957962139e+01 1.811940800758774728e+01
1.874574631403978131e+01 1.825080896818100484e+01
1.891399534837568908e+01 1.840667791687498323e+01
1.910454039269760784e+01 1.868648671547586915e+01
1.929284551722595609e+01 1.885242152866753784e+01
1.949046480143457671e+01 1.897470363701683738e+01
1.967878769436753927e+01 1.915619729238425251e+01
1.986403826774798986e+01 1.940736404967162088e+01
2.003912714269101158e+01 1.946450724405006483e+01
2.023194364443987681e+01 1.976923557264199971e+01
2.043167092503842497e+01 1.987492177425992423e+01
