0.000000000000000000e+00 0.000000000000000000e+00
0.000000000000000000e+00 0.000000000000000000e+00
0.000000000000000000e+00 0.000000000000000000e+00
0.000000000000000000e+00 0.000000000000000000e+00
0.000000000000000000e+00 0.000000000000000000e+00
0.000000000000000000e+00 0.000000000000000000e+00
0.000000000000000000e+00 0.000000000000000000e+00
0.000000000000000000e+00 0.000000000000000000e+00
0.000000000000000000e+00 0.000000000000000000e+00
0.000000000000000000e+00 0.000000000000000000e+00
0.000000000000000000e+00 0.000000000000000000e+00
0.000000000000000000e+00 0.000000000000000000e+00
0.000000000000000000e+00 0.000000000000000000e+00
0.000000000000000000e+00 0.000000000000000000e+00
2.331205340574695750e-01 -1.172440851722614946e-02
7.967515946894133949e-02 0.000000000000000000e+00
8.512819398816511007e-02 0.000000000000000000e+00
0.000000000000000000e+00 0.000000000000000000e+00
1.189789965887360079e-01 2.020070401438571750e+00
6.348654548839135492e-01 0.000000000000000000e+00
0.000000000000000000e+00 5.936333421620293649e+00
3.846794159624963516e+00 6.706986110180015892e+00
6.740580491521220630e+00 6.871379675212444305e+00
6.866773604030993461e+00 6.952028299036526526e+00
7.055867952958880807e+00 7.104741050344825837e+00
7.139233284654562084e+00 7.297169452891522745e+00
7.361995002803367605e+00 7.308720282828826242e+00
7.423072657598608792e+00 7.662134732066448350e+00
7.601728651908198131e+00 7.770865394883744059e+00
7.823639769387356502e+00 7.912928635292366231e+00
8.000910811826257074e+00 8.047089242159662703e+00
8.179547999581886941e+00 8.145409971202502319e+00
8.309793631803284342e+00 8.291609332958595147e+00
8.444920076330133085e+00 8.425092270347759538e+00
8.579097029485739156e+00 8.678994841409343408e+00
8.726034853054351004e+00 8.826764969855917187e+00
8.879011624936728353e+00 8.978014735071671026e+00
9.119145967360918092e+00 9.022258584913378954e+00
9.188551813868034657e+00 9.277446169814369981e+00
9.429289341175534744e+00 9.351733116172102456e+00
9.508716593379462623e+00 9.583385733025059139e+00
9.741977482228351803e+00 9.668690936165216243e+00
9.900460852178898818e+00 9.779585303541635355e+00
1.006059486467854214e+01 9.941121181910311577e+00
1.022647896799066380e+01 1.011017712187388184e+01
1.039314975527581097e+01 1.028254433158463499e+01
1.055117828805794034e+01 1.043837039223624430e+01
1.071070570468696559e+01 1.061804823055610214e+01
1.087820937277057531e+01 1.076116768527318079e+01
1.104795641118235316e+01 1.091567813094459716e+01
1.121709401923727079e+01 1.104362412495970247e+01
1.137971049616968600e+01 1.126030834004148495e+01
1.155374532126053566e+01 1.146186278072487674e+01
1.172661659291584435e+01 1.156317492206454212e+01
1.189818083203840793e+01 1.176901179178143941e+01
1.208274563889911946e+01 1.196877908057075146e+01
1.225153990523199354e+01 1.212084624402131361e+01
1.243259232597500308e+01 1.226219807608594614e+01
1.261028330014860721e+01 1.247455575864842814e+01
1.278138461957499317e+01 1.264212986607944877e+01
1.295795256897564940e+01 1.278196517460069970e+01
1.314760803356412744e+01 1.298576036078602947e+01
1.331785489387306143e+01 1.311748274618286381e+01
1.349587457542313906e+01 1.330782355448440057e+01
1.367678715945714174e+01 1.348949220759489620e+01
1.386078510186459489e+01 1.364594113985414481e+01
1.403904096415799607e+01 1.381298536913663710e+01
1.420830438584752464e+01 1.405761438871006597e+01
1.438612325980251150e+01 1.421602731740342129e+01
1.457885101127906857e+01 1.442298390585667889e+01
1.476452061071479172e+01 1.453416472286570205e+01
1.494884219765623001e+01 1.479807017370154654e+01
1.512185254617302377e+01 1.489035256805346030e+01
1.530183680440889837e+01 1.506967142411932947e+01
1.549711954141107562e+01 1.528042104455618144e+01
1.567863905617907783e+01 1.547244968329194492e+01
1.586137759132930825e+01 1.564208688080223730e+01
1.605010235594415491e+01 1.578731904643616879e+01
1.623786287878768420e+01 1.599146235157742169e+01
1.641168481866868589e+01 1.616362557975190839e+01
1.659406539604522735e+01 1.633514527665760241e+01
1.678125973843953744e+01 1.655421515671264743e+01
1.698135020868190992e+01 1.667463687470132427e+01
1.715608178497603831e+01 1.686534222479354739e+01
1.734782952935951172e+01 1.711698751062756330e+01
1.753751136259183951e+01 1.728851258971636184e+01
1.773019971448258403e+01 1.735272019637047336e+01
1.791239956107073894e+01 1.763500579085999220e+01
1.810362971839364832e+01 1.777677475345607050e+01
1.829448266601714224e+01 1.809522769963838229e+01
1.848309052850699530e+01 1.825687776197246137e+01
1.866654924538806526e+01 1.839689099502854575e+01
1.885541951435379460e+01 1.852810420348628639e+01
1.904277321174597404e+01 1.878048697518343602e+01
1.922324374474740694e+01 1.895045074533491558e+01
1.943174471584286067e+01 1.916687107372167276e+01
1.960410999490889949e+01 1.926235487801852742e+01
1.980709219416046807e+01 1.942503955129815552e+01
1.999550562450862401e+01 1.962715557916194342e+01
2.018699215664428692e+01 1.974964248838521996e+01
2.038470726395758703e+01 1.997358115245085131e+01
