0.000000000000000000e+00 0.000000000000000000e+00
0.000000000000000000e+00 0.000000000000000000e+00
0.000000000000000000e+00 0.000000000000000000e+00
0.000000000000000000e+00 0.000000000000000000e+00
0.000000000000000000e+00 0.000000000000000000e+00
0.000000000000000000e+00 0.000000000000000000e+00
0.000000000000000000e+00 0.000000000000000000e+00
0.000000000000000000e+00 0.000000000000000000e+00
0.000000000000000000e+00 0.000000000000000000e+00
0.000000000000000000e+00 0.000000000000000000e+00
0.000000000000000000e+00 0.000000000000000000e+00
0.000000000000000000e+00 0.000000000000000000e+00
0.000000000000000000e+00 0.000000000000000000e+00
0.000000000000000000e+00 -2.245434937951172258e-02
7.337141735551658273e-02 0.000000000000000000e+00
7.901537253671016281e-02 0.000000000000000000e+00
8.465932771790374289e-02 0.000000000000000000e+00
9.030328289909732298e-02 3.337467970074959212e+00
1.961846265630642350e-01 6.044273747494239402e+00
5.517355472609229317e+00 6.228792833338389734e+00
6.498982036916494565e+00 6.542536185334063781e+00
6.564114241908255210e+00 6.710703611961194248e+00
6.713852684713174312e+00 6.843152938218096004e+00
6.856067653044547683e+00 6.960110985826105434e+00
7.032058445023644744e+00 6.993430766892980266e+00
7.123263945861169510e+00 7.222744758231163686e+00
7.299299528377480861e+00 7.395070895513902620e+00
7.461696342008446337e+00 7.632613067340019875e+00
7.627478372896765890e+00 7.783497089399702418e+00
7.742576957027582196e+00 7.934883940716159323e+00
7.912721569103777775e+00 8.090001811610079585e+00
8.200991600040685725e+00 8.092525034429932873e+00
8.245238707670438316e+00 8.373428304589124238e+00
8.433369250539756834e+00 8.509672986981177800e+00
8.619866263323224587e+00 8.668433718499334972e+00
8.805351435244585190e+00 8.768922897895453872e+00
8.945077244093880608e+00 8.926495221833123495e+00
9.067800190133917582e+00 9.112564283295112588e+00
9.250639396248690360e+00 9.222324150658039343e+00
9.403145611144227090e+00 9.374009682859224313e+00
9.559013375650248889e+00 9.536950273616696450e+00
9.720541195002249779e+00 9.660274228044098521e+00
9.877212615575283294e+00 9.850640946023789368e+00
1.003159493918775347e+01 1.002249407735558684e+01
1.019653370384134305e+01 1.013795323483974720e+01
1.036447306631229104e+01 1.027749424891689145e+01
1.053094869161255787e+01 1.046698970560835562e+01
1.070846478483845665e+01 1.061588318914572682e+01
1.086804809623377643e+01 1.073306509288264365e+01
1.102894651139103388e+01 1.094115283020870066e+01
1.120078103163542771e+01 1.114341248060568645e+01
1.137528593160132395e+01 1.128659374364356438e+01
1.155226523574164688e+01 1.147930228700764665e+01
1.172849871817500045e+01 1.157920234637475332e+01
1.191216452234203160e+01 1.178722300189865280e+01
1.207413325833530848e+01 1.192946402744272660e+01
1.226406578718570728e+01 1.214226038719397849e+01
1.244773430145362525e+01 1.233690743849043514e+01
1.261918676105669235e+01 1.245134293816059845e+01
1.279906593810848570e+01 1.263615123746136071e+01
1.297979235822585053e+01 1.274323951772051089e+01
1.317702251624644028e+01 1.297445499987336071e+01
1.335771121197787892e+01 1.307687445539824544e+01
1.353026619478082715e+01 1.334922727631126094e+01
1.371896957657566496e+01 1.353999722955077623e+01
1.390235476888124921e+01 1.366281620601095170e+01
1.407375695015682915e+01 1.387306656457279175e+01
1.427637337439666787e+01 1.406310039546013257e+01
1.445567437918114706e+01 1.421158555775672916e+01
1.463269986695217995e+01 1.432718187279850852e+01
1.481579425307200992e+01 1.457113253556307875e+01
1.499077378574721742e+01 1.476013994748058344e+01
1.516349685830424399e+01 1.491640627985351131e+01
1.535130871399543828e+01 1.514810074982559485e+01
1.552574822410797672e+01 1.528728215602821017e+01
1.571578317958034532e+01 1.546758276163847157e+01
1.589344218052394808e+01 1.562354087490151500e+01
1.607218409528275060e+01 1.579904054328023300e+01
1.625992156300913294e+01 1.609891166846707122e+01
1.643932956780530219e+01 1.618507845038417159e+01
1.661784259569963851e+01 1.630543272856009906e+01
1.679912088455064634e+01 1.655992798752255268e+01
1.699543485395976816e+01 1.677918279978210236e+01
1.718394655122038728e+01 1.691742870124117104e+01
1.737033678809541115e+01 1.700432636947635245e+01
1.755326645324762325e+01 1.720844239221593241e+01
1.774929508987014870e+01 1.744689761400515948e+01
1.793820194277228453e+01 1.764784982813338843e+01
1.813227819406669283e+01 1.778903513327403729e+01
1.832820886812658401e+01 1.801143828979701311e+01
1.850247055475479030e+01 1.819545535891949228e+01
1.869074291244562147e+01 1.842418131448604512e+01
1.888362958995721641e+01 1.852985530366535727e+01
1.908069334502026493e+01 1.876347097799528640e+01
1.927286958271338690e+01 1.887870711952490765e+01
1.946591615109447559e+01 1.904848270883814365e+01
1.965476712850863805e+01 1.929019058347526183e+01
1.984610432215125542e+01 1.947016232740027064e+01
2.003088899781666044e+01 1.972869971287314073e+01
2.023886453975066502e+01 1.989503774243959811e+01
2.042627586400901762e+01 2.006524462572643230e+01
