0.000000000000000000e+00 0.000000000000000000e+00
0.000000000000000000e+00 0.000000000000000000e+00
0.000000000000000000e+00 0.000000000000000000e+00
0.000000000000000000e+00 0.000000000000000000e+00
0.000000000000000000e+00 0.000000000000000000e+00
0.000000000000000000e+00 0.000000000000000000e+00
0.000000000000000000e+00 -3.050371054178983854e-02
0.000000000000000000e+00 1.061848515176217367e+00
1.470665371071691041e+00 3.195876622556710345e+00
3.696455248183805331e+00 4.085159045915769838e+00
4.089422064665404477e+00 4.103942494003459451e+00
4.191143733405948701e+00 4.188551046019454382e+00
4.297835226186860424e+00 4.338849440992173179e+00
4.396647313096313070e+00 4.460694137482380306e+00
4.534817911535555801e+00 4.515821009587429380e+00
4.632236874223814027e+00 4.837116561824365668e+00
4.784419774057377950e+00 5.207672833560017978e+00
5.028346776193177270e+00 5.394291954121178456e+00
5.304992497873653789e+00 5.602067819796058501e+00
5.660152861439547323e+00 5.789019671485077900e+00
5.843565333833661946e+00 5.978054794771670899e+00
6.014665769462729017e+00 6.155596665815684432e+00
6.169517317595176742e+00 6.314882792954472635e+00
6.345025025756646286e+00 6.482125863909219632e+00
6.530393981651237745e+00 6.650685080914121805e+00
6.690699316054805834e+00 6.820889893238037516e+00
6.863258518298970046e+00 6.981460215872822062e+00
7.029067424435519129e+00 7.137336837102777665e+00
7.208335026731734096e+00 7.298184264219566231e+00
7.362763775497724872e+00 7.455738711453225420e+00
7.532424607917065806e+00 7.609179703148470253e+00
7.740901021506467750e+00 7.689284363203655381e+00
7.791881531545481465e+00 7.922468584239118705e+00
8.062605704191566858e+00 7.923295475967046642e+00
8.104536405789817266e+00 8.238114178285112388e+00
8.246190842893001971e+00 8.398942334808928933e+00
8.557388448708675099e+00 8.400512779123360474e+00
8.711862818108723872e+00 8.545062810343130977e+00
8.869268948791519946e+00 8.730393595733934475e+00
8.920444644761229114e+00 9.041780620917323930e+00
9.206514307455622159e+00 9.084852561988251196e+00
9.367170684840830930e+00 9.260429556088610070e+00
9.426413066079577519e+00 9.528327177112386082e+00
9.692841080779874829e+00 9.569109527122312997e+00
9.735541732463595110e+00 9.868234537951542151e+00
1.003998139242510490e+01 9.920424249608432277e+00
1.020763927089196876e+01 1.007891491468551592e+01
1.039606195628749319e+01 1.024746129438779185e+01
1.056668810158284089e+01 1.044556067634467134e+01
1.061285170558767277e+01 1.072078871920788501e+01
1.090150194683769236e+01 1.077220522531565550e+01
1.108488746889858945e+01 1.098706040262240791e+01
1.124981576335425082e+01 1.114245675859498697e+01
1.143366282238620535e+01 1.130321996131840301e+01
1.162150460672533647e+01 1.142610022699402883e+01
1.181100767458476675e+01 1.164708052824895290e+01
1.198519994653349485e+01 1.184199586867431009e+01
1.216927720465849028e+01 1.197608127586759608e+01
1.235565247199596861e+01 1.222398910093958335e+01
1.255671575400563000e+01 1.238328852575240546e+01
1.272358398978919958e+01 1.256551500002976951e+01
1.289914582902434681e+01 1.274243402791784519e+01
1.308029570899195804e+01 1.288503124208308925e+01
1.326179271421192141e+01 1.304712454813341438e+01
1.344148726486428203e+01 1.328150106603633773e+01
1.364356664314294498e+01 1.347364127780512177e+01
1.382065491700113391e+01 1.363171501048128142e+01
1.383150238834850221e+01 1.395156395774138680e+01
1.416306796619027786e+01 1.398566540278357806e+01
1.434178053842103218e+01 1.411076067421881852e+01
1.451933999255465402e+01 1.435379244555002032e+01
1.453702254869324761e+01 1.465685866644999180e+01
1.487918431217365267e+01 1.470316345385768919e+01
1.506545834653453575e+01 1.488311914721557905e+01
1.524655084333399557e+01 1.504107776561013132e+01
1.544372309662809784e+01 1.523607213553240314e+01
1.562403705331088055e+01 1.546164503311230298e+01
1.581337411131639215e+01 1.558149552005791882e+01
1.599624512716154001e+01 1.573843984257804074e+01
1.619059725862759791e+01 1.603567126996109948e+01
1.638064486767283157e+01 1.623614894094314209e+01
1.631687951148194671e+01 1.649301084008674323e+01
1.673141629137780129e+01 1.650578187718271295e+01
1.691034661292987806e+01 1.672685398209476304e+01
1.710195647331696023e+01 1.688438890690154537e+01
1.729471297827537768e+01 1.709915831768111616e+01
1.748352515995964751e+01 1.733143970856568927e+01
1.768509405825638936e+01 1.744048076409380243e+01
1.786863994821293744e+01 1.769391027689500362e+01
1.806395176552873139e+01 1.788501798228684692e+01
1.825278838726104169e+01 1.802255552200015032e+01
1.843378868075988208e+01 1.825018411830353315e+01
1.862968023270007123e+01 1.839874674611451866e+01
1.881728907305842924e+01 1.859003308837395352e+01
1.900492164319739885e+01 1.883239179425250143e+01
1.920636423609690624e+01 1.901498956489335512e+01
1.941106457958448317e+01 1.918151547272485047e+01
1.960062753316721640e+01 1.939613770831222084e+01
1.978509642039053773e+01 1.955641081500719736e+01
1.997163115228174135e+01 1.975870542838610078e+01
2.019531125825542972e+01 1.994781553588268252e+01
